0 0.020982 0.258036 0.036607 0.051786
0 0.070089 0.258482 0.061607 0.050893
0 0.131696 0.258482 0.061607 0.050893
0 0.192411 0.257143 0.059821 0.053571
0 0.284821 0.256696 0.125000 0.052679
0 0.375893 0.258036 0.057143 0.050000
0 0.441964 0.258036 0.075000 0.050000
0 0.507589 0.259375 0.056250 0.047321
0 0.593304 0.259821 0.115179 0.048214
0 0.712054 0.260714 0.122321 0.046429
0 0.804464 0.260268 0.062500 0.045536
0 0.866071 0.259375 0.060714 0.047321
0 0.924554 0.258036 0.056250 0.044643
0 0.976339 0.259375 0.047321 0.050893
0 0.036161 0.429911 0.070536 0.118750
0 0.224107 0.455357 0.105357 0.098214
0 0.443750 0.456250 0.108929 0.100000
0 0.556696 0.456696 0.116964 0.099107
0 0.770089 0.456250 0.106250 0.098214
0 0.963393 0.429911 0.073214 0.118750
0 0.222768 0.528571 0.104464 0.046429
0 0.445982 0.526786 0.109821 0.050000
0 0.558036 0.529911 0.114286 0.043750
0 0.767411 0.528125 0.104464 0.047321
1 0.101339 0.420982 0.059821 0.211607
1 0.338393 0.427232 0.067857 0.220536
1 0.662946 0.420536 0.066964 0.214286
1 0.903571 0.423214 0.062500 0.217857
2 0.922768 0.665179 0.083036 0.246429
2 0.677679 0.650000 0.096429 0.205357
2 0.331250 0.642857 0.092857 0.200000
2 0.079464 0.664732 0.083929 0.243750
3 0.567857 0.813839 0.073214 0.216964
4 0.441071 0.734375 0.076786 0.134821
4 0.563393 0.734375 0.078571 0.136607
5 0.280804 0.835268 0.302679 0.202679
5 0.754911 0.843750 0.331250 0.207143
