0 0.087500 0.244643 0.071429 0.187500
0 0.145982 0.245089 0.049107 0.188393
0 0.272321 0.245089 0.067857 0.188393
0 0.334375 0.245982 0.056250 0.186607
0 0.448214 0.226786 0.055357 0.103571
0 0.503125 0.226339 0.054464 0.104464
0 0.558929 0.225893 0.057143 0.103571
0 0.674107 0.248214 0.053571 0.191071
0 0.732589 0.248214 0.063393 0.191071
0 0.675446 0.376339 0.050893 0.063393
0 0.733929 0.375000 0.066071 0.066071
0 0.863839 0.247321 0.050893 0.189286
0 0.924554 0.247321 0.070536 0.189286
0 0.865625 0.377679 0.054464 0.071429
0 0.929018 0.378571 0.072321 0.069643
0 0.868304 0.520536 0.049107 0.173214
0 0.929911 0.522321 0.074107 0.169643
0 0.869196 0.639732 0.049107 0.065179
0 0.930804 0.641071 0.074107 0.062500
0 0.675446 0.520089 0.050893 0.172321
0 0.733929 0.520089 0.066071 0.172321
0 0.677679 0.637500 0.051786 0.060714
0 0.736161 0.636161 0.065179 0.063393
0 0.083482 0.371875 0.070536 0.072321
0 0.141964 0.373214 0.046429 0.069643
0 0.270536 0.372768 0.067857 0.068750
0 0.332589 0.375446 0.056250 0.063393
0 0.076339 0.517857 0.075893 0.178571
0 0.137500 0.520089 0.046429 0.174107
0 0.266518 0.518750 0.066964 0.169643
0 0.329018 0.518750 0.058036 0.169643
0 0.073214 0.635714 0.076786 0.062500
0 0.134821 0.637946 0.046429 0.058036
0 0.263839 0.637946 0.072321 0.063393
0 0.328125 0.638393 0.056250 0.062500
1 0.183036 0.495089 0.067857 0.788393
1 0.379464 0.493304 0.055357 0.781250
1 0.628571 0.452232 0.060714 0.702679
1 0.819643 0.495982 0.073214 0.790179
3 0.520982 0.821429 0.058036 0.175000
2 0.502679 0.483929 0.203571 0.376786
5 0.282143 0.847768 0.233929 0.145536
5 0.700893 0.849554 0.237500 0.136607
5 0.466071 0.818750 0.069643 0.085714
