0 0.0438419307197502 0.43148086753140363 0.0876838614395004 0.35178129546166803
0 0.10236617609031087 0.46466771460220924 0.11061321541177606 0.3521715041256805
0 0.17424580751774907 0.4972305014777695 0.11250493666792456 0.35302848843220297
0 0.24591779934995367 0.5314680193700896 0.1110287324723278 0.3555228847162462
0 0.3164835444504969 0.5625506724710574 0.11029163206566972 0.3567704567545365
0 0.3881554384298644 0.5967891740919111 0.11448958356543681 0.36183532265323964
0 0.4616626183504289 0.6283194763761217 0.11395910172971169 0.3647572696831217
0 0.5347996749288124 0.6587981999264889 0.11333595207010527 0.35973121450394463
0 0.6077290327776745 0.6909516128053161 0.11354370010611292 0.36140682015700487
0 0.6819733348013398 0.7245856386831739 0.11638135048408493 0.3626923276457089
0 0.7530694445516106 0.7594481889779794 0.10724623365169017 0.3538093436127723
0 0.8244761570806366 0.7917967349483958 0.11575808888561534 0.35766536961615714
0 0.8975093906965471 0.8219446145773359 0.11049939759212446 0.35611077084532816
