0 0.3867898988107218 0.6313750143461891 0.03880621521434924 0.06563670672529642
0 0.423391168731057 0.633654735281772 0.03790244927097136 0.06558041539588433
0 0.46051892674090933 0.633267559463484 0.03963543261528574 0.06299790143480577
0 0.49883447188801194 0.6390292018667814 0.04065113452309965 0.06709672929142052
0 0.5381285332616497 0.6421510595807881 0.04151762939671233 0.06580558796056568
0 0.5756335691253627 0.6444870718457831 0.04061380527721958 0.06574929300763699
0 0.6145679572921915 0.6442124225218129 0.040539198558663614 0.06305419276421798
0 0.654481738078649 0.6413000125294499 0.04031541041755016 0.05497004853080378
0 0.6931560237390378 0.6504571191603846 0.04068840879432023 0.06844427760137184
0 0.7310943055763086 0.6534955743862783 0.03884357354828649 0.06698414482083825
0 0.7695777706773426 0.6531928391856248 0.041405719318878376 0.06176293759543694
0 0.808493521571082 0.6535914444989299 0.041293812442499744 0.05772040287999258
0 0.27337665626754704 0.5750459806119615 0.028911227508888915 0.03408260551039155
0 0.3004702684936308 0.5774079876624842 0.027066337288195907 0.03262258475602564
0 0.32671602792137444 0.5776928389880094 0.026991759382739122 0.029928525359765423
0 0.3533763669615289 0.5793533860999502 0.027895583502231758 0.029984820312694005
0 0.37999940264240534 0.5823614833336006 0.027066337288195852 0.03262258475602564
0 0.40620785871087095 0.5839938847808355 0.027066337288195852 0.03262258475602553
0 0.4319634137256386 0.5855980771518248 0.02616251316870316 0.03256628980309706
0 0.4572680456746115 0.587174183646131 0.026162513168703216 0.03256628980309706
0 0.48392841380282337 0.5888347325698301 0.02887392735106631 0.03273517103836632
0 0.5101368407832315 0.5904671322053067 0.02525868904921058 0.03250999485016837
0 0.5367785444259825 0.5928019187885978 0.02981499345226679 0.034138896839803534
0 0.5647945905573186 0.5945469065181732 0.028007461565511038 0.034026314180979456
0 0.5905501455720863 0.5961510988891626 0.02529598920703302 0.0338574293221936
0 0.6163066895808055 0.5977553528599331 0.028007461565511038 0.034026314180979456
0 0.6434189697687637 0.5994440492600965 0.028007461565511038 0.034026314180979456
0 0.6700792797208608 0.6011045945602791 0.02710363744601829 0.03397001922805076
0 0.695854488215041 0.6020346108714576 0.026162513168703216 0.03256628980309706
0 0.7229667684029992 0.6037233072716209 0.02977769329444413 0.0327914623677783
0 0.3868946489281202 0.7420603397926244 0.03486680219378885 0.1514774182878038
0 0.4186368819325243 0.7399878513820883 0.03689818039777282 0.15967414880355868
0 0.45350508151933083 0.7394609230155538 0.041715579502675904 0.17073486079800215
0 0.49334425371154644 0.739242628432535 0.04562921266420106 0.18173928146303342
0 0.5337701631907947 0.75053405130227 0.04296368320548549 0.15063650824838548
0 0.5731751279028308 0.749613311795172 0.04232106693861393 0.1600119148976139
0 0.616629540272588 0.749621178234426 0.05173114298801451 0.17404902102713726
0 0.6668614972286158 0.750050201327997 0.05647393857581706 0.18241474842784577
0 0.7295219820180165 0.7593514219021356 0.0531656764980003 0.16068737461539317
0 0.7815605710067066 0.7598939563240994 0.05783400733112021 0.16635893421719017
0 0.8394749166261923 0.7608014792705307 0.06724405776887699 0.18039511514923923
4 0.29247230646800204 0.7355047428416742 0.06683372346835792 0.16557425753091937
3 0.6233047369021917 0.5738958789111563 0.016864343995681264 0.022571718389017947
3 0.3487597994628808 0.7788277837568574 0.03518239234666831 0.09769285698850261
3 0.6623324114630184 0.7828369384050495 0.03124102938564155 0.05305962135013875
3 0.7279511298026196 0.799746080910577 0.0238241555392249 0.045871641261912566
3 0.7644547633784027 0.7891976593352029 0.021979203940961534 0.04441150123434556
3 0.8976063738261106 0.802889440545238 0.024541378524652546 0.03919133485610349
3 0.9624288407458059 0.7995032596142575 0.03293583993041149 0.04912961856428688
