0 0.11456821637839196 0.7670080580144825 0.12193911501909505 0.37758141786861554
0 0.037429960867513226 0.7830773793983907 0.07485992173502645 0.3709058937449392
0 0.07324539787157928 0.36793729414845894 0.10774204815061497 0.258159916394176
0 0.013390378469907632 0.38594458305167423 0.026780756939815263 0.255360356849024
0 0.5272468659635373 0.31118331880255096 0.11175621591137763 0.17590865348061724
0 0.22952206831027155 0.738183591466008 0.13217674445956873 0.3786793961698963
0 0.3382775653966086 0.7153250601658891 0.12831094643857294 0.3833869883814296
0 0.4528613135126095 0.6865803544483833 0.12677315530524114 0.37529821918117345
0 0.5635792977649219 0.6644553654522052 0.1295611163081093 0.3814397586422026
0 0.9039221640058257 0.5893725259712401 0.12404352922786444 0.376926612281987
0 0.6761736333850907 0.6384544626462891 0.12700136975779142 0.37756405455741715
0 0.7883130453078107 0.6154448742088716 0.1294471302817667 0.38030790743035203
