0 0.42663906940251217 0.3263302165995357 0.08265204593005004 0.09167332159970276
0 0.5000440378844189 0.3344971914285192 0.08953825163669799 0.09435011816261735
0 0.5766690447056027 0.3440009363174972 0.08953825396635195 0.09435013342103654
0 0.41339354621382507 0.3996277108158177 0.08376190479800788 0.09045866325195473
0 0.4873535720460398 0.4086444688930839 0.0895382516366981 0.09435011816261735
0 0.5639784192859323 0.4181492589837742 0.08998367214138903 0.0972674668715372
0 0.40059551781816005 0.46550864478461995 0.08397800591691001 0.07490014349584878
0 0.47577656428323256 0.4754989849221154 0.08642035469693887 0.07392898236856155
0 0.5528450254350472 0.4865836791912447 0.08553328528955872 0.07660283385702066
0 0.37321749944959964 0.6089417385682024 0.09020629386688683 0.09872556140606914
0 0.44972927498417736 0.6236728371738414 0.08909662391552875 0.09994126289986893
0 0.5274610129654922 0.6393772617318085 0.09264865196553124 0.09775446131245868
0 0.3625293630276335 0.6744598781560939 0.08308342126137286 0.06055708027273998
0 0.4398187036996113 0.6885836170710206 0.08619384277172581 0.063961367962454
0 0.5172164904554484 0.7064753054981389 0.08819450283031471 0.06858134042531971
0 0.9741705543106898 0.3777936153919325 0.05165889137862045 0.11063347407099444
0 0.9684877761083028 0.4713908980401042 0.06302444778339444 0.10722913092115316
0 0.961830561995763 0.5665690614055408 0.07377753366116957 0.10990298240961238
0 0.9454653117633744 0.6647848929544308 0.07310948677167295 0.10552750864932214
0 0.9314329013817267 0.7611776994091963 0.07533281303381845 0.11160567277078437
0 0.9148430714035689 0.865349870177222 0.07511376721939589 0.11865484543534188
