0 0.42837943944707 0.5887780744652671 0.052893803720502675 0.06563633935886182
0 0.3868484025790353 0.5859524816444256 0.044580379354273225 0.06558347991598934
0 0.34325732510131535 0.5818334286346634 0.0446170234209779 0.0681448864644244
0 0.298617905694868 0.5783483201830323 0.04667705010876766 0.06687688286165816
0 0.25293925940496664 0.5748556880151736 0.046732008838409556 0.07071847749504412
0 0.20415222975771757 0.5707035974597774 0.0529304477872074 0.06819774590729699
0 0.15225675399354996 0.5658921053662569 0.052948762450144515 0.06947793399224778
0 0.09826462139678332 0.5623466133616871 0.057160555606302565 0.07334584464824334
0 0.04323329765127755 0.5587954298187883 0.06749750285358919 0.0695704395926291
0 0.010451132832290063 0.5546102870131064 0.020902265664580127 0.06698263115670644
0 0.4213016275460929 0.6476415639397313 0.03200007922097231 0.05782111439605819
0 0.38494821508168986 0.6461301126415042 0.04242862762673538 0.06044859603576114
0 0.3423871648697603 0.6426573031585614 0.044525422262501335 0.061741999769107214
0 0.2967085665985992 0.6391656445198233 0.048663819782679085 0.060488241405592724
0 0.24789399646482851 0.6369342936440295 0.04664042078289346 0.06431650669175681
0 0.20011872743917292 0.6347096082295238 0.046658735445830574 0.06559669477670749
0 0.15029245780550934 0.63055090984993 0.05081544762894531 0.06562312449814378
0 0.09628199662391013 0.6282865790655927 0.05918395460608816 0.06951757936207936
0 0.03919973339209712 0.6228014401946961 0.057142240943365445 0.07206565656329267
0 0.006866457477614879 0.620537052167107 0.013732914955229759 0.06822417641641054
0 0.4287999107131748 0.7046768181534584 0.04864549037891147 0.059207022942108445
0 0.3841330119419065 0.7031125070185202 0.04244694228967255 0.06172878412071192
0 0.34052361980124946 0.7002736420937087 0.04244694228967255 0.06172878412071192
0 0.29272081028907226 0.6999696963588056 0.04660377835405871 0.06175521462982536
0 0.24805391151780393 0.6984053852238675 0.04871877687445078 0.06432972155247496
0 0.19614928579258306 0.6942334719835555 0.057105598514530787 0.06950436450136144
0 0.140023763331021 0.6945172752498449 0.052930447787207444 0.0681977459072971
0 0.08702500164931462 0.6941802919693079 0.06328570805956112 0.06570241445012981
0 0.0323424683109438 0.6918828663960848 0.0646849366218876 0.0696100849624608
0 0.002224220307906659 0.6877373832710476 0.004448440615813318 0.06689009772237642
0 0.42702795288124507 0.7558912435285702 0.050504016465511614 0.043854202728794256
0 0.38025517063485825 0.7562335413204864 0.04428727595673704 0.045095662123620595
0 0.33662744990936855 0.7546758376159075 0.044323905282611265 0.04765603829352205
0 0.2909213730923216 0.7531049190506103 0.04844398813985179 0.04512209184505689
0 0.2420793855343657 0.7527943658853482 0.05052234423140914 0.045135306705775036
0 0.19011980189843797 0.7524639900351702 0.05467918029579541 0.045161737214888364
0 0.13506095076937097 0.7508326302798436 0.06091424857046754 0.045201381797042806
0 0.07789625108096528 0.751109768872522 0.06301091932496206 0.04649478474271174
0 0.023534299686016516 0.7513803572780933 0.04706859937203303 0.050283519933224885
0 0.48568068875435055 0.7242478614536078 0.07103142611556268 0.02605982757473102
0 0.48625272496858896 0.75690750807848 0.07334792851288446 0.04271938008093579
0 0.5476199618381853 0.7534558140025135 0.05055897355728334 0.04769568287567627
0 0.5470479248050119 0.7207962246208932 0.052289269159532914 0.023379599797143324
0 0.7769565562613315 0.7049695960005231 0.029518703910465183 0.029637006962703105
0 0.7405573505881055 0.7066590728606879 0.03985565115775169 0.025861601907089082
0 0.6937388231516358 0.7102032723401164 0.058597733070185454 0.02854091339880782
0 0.6417150867517347 0.7143549856716435 0.041915741424047415 0.024593713184664967
0 0.5980324081155383 0.7166388193571984 0.04607245360716217 0.02462014290610115
0 0.7776568237788555 0.7286659225169245 0.03146881641471133 0.0206860430661725
0 0.7433635146837085 0.7284478745582053 0.0376673792447807 0.01816531226610285
0 0.6924156297287387 0.7300449034550791 0.056317874739568397 0.014442767441038451
0 0.6435461636248967 0.7316550903632579 0.04175092881362763 0.013069044164849664
0 0.6050777657430622 0.7326908003742143 0.027202188410182848 0.012976538564468343
0 0.5832363884936983 0.7338332035877135 0.02093036692836514 0.010376517024735299
0 0.779203916245217 0.7658142659507802 0.03201839388390937 0.059101302481008755
0 0.743880593806175 0.7649490013299595 0.03615691528535858 0.057847544905171855
0 0.6939993972321226 0.7646318405374188 0.061060855658391255 0.055444833141050975
0 0.6431065011581774 0.7623873322410781 0.038107042530435176 0.048897611387174744
0 0.607792266739553 0.7608824883732104 0.029793494282934097 0.0488447511566249
0 0.5828791624835716 0.7588031680019587 0.021388344876956844 0.042389004230757865
0 0.934039327976696 0.6944427186140949 0.09052460247708449 0.08124035995687195
0 0.872708658492338 0.6953340361263212 0.05934882751927362 0.08104213428922946
0 0.8196641345721265 0.6981979812010952 0.06140893088852972 0.07977516145883556
0 0.9797912289728837 0.6928127092179194 0.028301344986449095 0.08980717188064458
0 0.9671418491857174 0.7778942291441368 0.0386016629078616 0.08347139065512876
0 0.92766175180399 0.777002591651293 0.0386199775707986 0.08475157874007988
0 0.8809164659708466 0.7754250654587175 0.05309538264102864 0.07972230122828572
0 0.8351920435205444 0.7751343347814518 0.044745253905328686 0.07710814932964305
0 0.8029496429413869 0.7768502419538108 0.026094696469905254 0.08083069376086927
