0 0.35678375140130214 0.22572058817115748 0.7135675028026043 0.2970785414697982
0 0.6707691599146357 0.3707679550977364 0.1644535658243882 0.14848143289074933
0 0.5424214620616078 0.3863339980317628 0.1667172725699399 0.15001923482931917
0 0.4169227777441974 0.40153955704721156 0.15875755546147635 0.14776072433481063
0 0.29481897994959805 0.41833273419230976 0.1599259724222436 0.14540479904314202
0 0.1604103029155699 0.4333218497701644 0.17971612430028883 0.14415352953363864
0 0.19615122635477936 0.5638813144352188 0.1803731146715239 0.15299925176690543
0 0.32847855865073783 0.5484831697923589 0.15875751485533068 0.14776077515338681
0 0.45474496869204994 0.5325080905910713 0.1682508951861909 0.14896186658082033
0 0.5819606256842818 0.5164129137706499 0.16065623646258587 0.14800099920067833
0 0.7072767641003044 0.5005580618291043 0.1644535658243883 0.14848143289074933
0 0.7583898222721425 0.6473179261247437 0.16138646786251143 0.15059708331655008
0 0.6305897611514025 0.6648307964612171 0.1701495598670919 0.14920208342585584
0 0.499759312538652 0.6820556708873904 0.16671727256994 0.15001923482931923
0 0.37290858375836267 0.699448432801346 0.1621898590788367 0.14694363095217944
0 0.24288161175146808 0.7125394247742056 0.16795915107658493 0.14141465057214708
0 0.27800172649902133 0.8478820794245745 0.16810423321776793 0.1614601128451426
0 0.4082113379569388 0.835440398584844 0.16971109686270947 0.15415310647924874
0 0.5388591186554896 0.81756621662667 0.16898112658611641 0.1515579506966921
0 0.6670241649145259 0.8013509241814747 0.1632851325434127 0.15083730016158559
0 0.7976354841235747 0.786842245894819 0.17387367248614105 0.15593204639391323
