0 0.5478941191086276 0.2006617953926629 0.7482751396008556 0.2517626205654114
0 0.2328613466322148 0.3657115554837056 0.1519774174453071 0.1405134834556166
0 0.36998627312941645 0.3724385115702 0.15416396464681653 0.1419282515781164
0 0.5040647711046868 0.37900138421380375 0.14588667691871027 0.14018543129968208
0 0.6348643312015609 0.3873599298791036 0.147604242901348 0.1376828989691642
0 0.7782362761714983 0.39310944302463485 0.16946794816524735 0.1349683002156553
0 0.7635400162754169 0.5243934368339908 0.16853204508815078 0.1439999387650603
0 0.6222765737972473 0.5181000728193076 0.14588665347165286 0.1401854880329037
0 0.4872600813116356 0.510829262175916 0.1560379115432592 0.14073214625125957
0 0.3512285299772593 0.503503789316484 0.14791695378298947 0.1402948222989714
0 0.21722819963216555 0.49628770030280356 0.15197741744530704 0.14051348345561654
0 0.1892541303600524 0.6445981457213008 0.1482296506874764 0.1429066288843398
0 0.32614453930647225 0.6532837220286953 0.1580681509833266 0.1408414772393315
0 0.46615844342963875 0.6614810460969858 0.1541639950824511 0.14192825321711433
0 0.6020337174382077 0.6701119560908453 0.14979083980816288 0.13909871369411875
0 0.7404863259159664 0.6742827038122698 0.15713021898121804 0.13300687797229405
0 0.7272731068428328 0.8102465150174343 0.15354070752823845 0.15357076603537456
0 0.5887422891960655 0.8067290108034488 0.15666319353499558 0.14595482546648542
0 0.44880663989535924 0.7978784456862162 0.15635060844774606 0.1433439528366277
0 0.3117599384053147 0.7904983056937505 0.15025989012754376 0.14301595987241156
0 0.17244850275114684 0.784967456163361 0.16088007677599253 0.14747985771306893
