0 0.6952561915725897 0.022752749350396825 0.01976534103665717 0.04550549870079365
0 0.6763397051986035 0.021535065573915338 0.025738507771071895 0.043070131147830676
0 0.6538878037260122 0.020625124240878367 0.02683811600616326 0.041250248481756735
0 0.6304388553167763 0.01887471542456928 0.02773053586705787 0.03774943084913856
0 0.6919696150644123 0.07188229543354897 0.020657701316944888 0.057624328571436595
0 0.6725037803830031 0.06967853489580449 0.025531199182065256 0.05685672146659854
0 0.6496051828527404 0.06617779158243783 0.027523227014651708 0.05716126317950266
0 0.6261054100653521 0.06412949486341786 0.02631983260137516 0.05395092043196926
0 0.6871178260373959 0.13601509374194573 0.01966168634705512 0.05747204217844863
0 0.6677038188324872 0.13304707546840666 0.02663086699776307 0.05853749225810387
0 0.6448052213022244 0.12954633215504002 0.02663086699776329 0.05853749225810384
0 0.6213053784506539 0.1274990686156552 0.02741950147066996 0.055631706760010474
0 0.6828880661219243 0.19097578622266168 0.020864949403447852 0.06068133468817255
0 0.6629236069982608 0.18869684759543623 0.026734461184861447 0.06006599843978655
0 0.6400769075354793 0.184430805598372 0.026630927763666268 0.05853750154801032
0 0.6171783100052165 0.1809300622850053 0.026630806231860094 0.05853748296819744
0 0.6785337268080515 0.2551856943562039 0.01866573319666487 0.0573197806119031
0 0.6596172100511138 0.25229373254668613 0.02663086699776307 0.05853749225810387
0 0.6361692647402263 0.24948117809187162 0.027730536920654414 0.060218294122680927
0 0.6127203157383422 0.2466684858901367 0.026630806231860094 0.05853748296819744
0 0.6742511074493249 0.3109104711077691 0.019558033501247074 0.05594355777993121
0 0.6553874805185939 0.3072544296723553 0.025634853081469844 0.05838522140165192
0 0.6324369957995242 0.30451791926834093 0.027730537974250957 0.06021830965921676
0 0.6094347433162601 0.3025456914265634 0.0255312002356618 0.05685673700313437
0 0.6689536234874913 0.3742029738762006 0.019661686347054896 0.057472042178448646
0 0.6495396162825827 0.37123495560266156 0.02663086699776307 0.058537492258103896
0 0.6270866415157612 0.368575572081967 0.025738505927277888 0.05991370580016925
0 0.6041362175625945 0.365839070967859 0.027626880914056295 0.05868976311455587
0 0.6652213540199909 0.4292397228209378 0.01945430901086187 0.05441401689697495
0 0.6458591753451797 0.4255074312750683 0.026527214151955025 0.05700900785958646
0 0.6229605778149169 0.4220066879617016 0.026527214151955247 0.057009007859586514
0 0.6000101517545567 0.4192702179206654 0.026423489661570043 0.0554794669766302
0 0.6599228282663253 0.49253310236223347 0.017566977923108906 0.05563916470553015
0 0.6410591426768849 0.48887702056384147 0.02741950357786327 0.055631737833082284
0 0.6181605451466221 0.48537627725047483 0.025427475745276595 0.05532719612017806
0 0.5952619476163593 0.48187553393710814 0.02741950357786327 0.05563173783308217
0 0.6558485888811915 0.5452000071157811 0.018458290880181805 0.054261683894379464
0 0.6369839310373029 0.5415437766788862 0.026527209937568408 0.05700894571344295
0 0.6145319980623135 0.5388835163853274 0.025634853081469844 0.05838522140165181
0 0.591581504571763 0.5361480406825867 0.027523223853861634 0.057161216569895035
0 0.6520435999819353 0.6087216875494315 0.019558029286860235 0.055943495633787754
0 0.6326295927770267 0.6057536692758925 0.026527209937568408 0.05700894571344295
0 0.6096791667166664 0.6030171992348563 0.02663086699776307 0.058537492258103785
0 0.5862830483554813 0.5994403948125151 0.027626880914056517 0.05868976311455587
0 0.6478138096835123 0.6636823753851943 0.01856201537056701 0.05579122477733578
0 0.6288973233095261 0.6607904182206297 0.026527209937568408 0.05700894571344317
0 0.6054493764182435 0.657977887070619 0.027626880914056295 0.05868976311455587
0 0.5815029406559771 0.6550890840269872 0.027523223853861634 0.057161216569895035
0 0.642515323084279 0.7269747248701695 0.018458230114278606 0.054261674604472954
0 0.6235998697306442 0.7240829256340144 0.026423424681280228 0.055479395540580345
0 0.6001508636504457 0.7212701697644975 0.02752322385386141 0.057161216569894924
0 0.5773040904358936 0.717005215324944 0.025634853081469844 0.0583852214016517
0 0.6372894884866115 0.781783137204527 0.01767063076891673 0.05716764910404748
0 0.6183740351329765 0.778891337968372 0.027626880914056517 0.05868976311455587
0 0.5954754376027138 0.7753905946550053 0.025634853081470066 0.05838522140165181
0 0.5729707080575657 0.7734943968491306 0.026423485447183204 0.055479404830486634
0 0.6060675455888689 0.012845923380270104 0.01976534156345533 0.025691846760540208
0 0.5865498838260577 0.012392530615074985 0.026734521950764645 0.02478506123014997
0 0.5637030527429934 0.009877900461777823 0.026630867524561452 0.019755800923555646
0 0.5432422374290411 0.008127570609673472 0.021549088025788588 0.016255141219346944
0 0.6017341002057449 0.05268077124287314 0.020554046363943757 0.05609581309984743
0 0.582371920477337 0.048948495233539516 0.025634853081470066 0.05838522140165182
0 0.5599189555355931 0.046288061475035495 0.026734521950764423 0.06006600772969302
0 0.5395099674347424 0.04316793027345387 0.02175639687819486 0.05930495072443885
0 0.5964874429268068 0.11520883580311606 0.018562079824058664 0.055791288445117715
0 0.5775719591902204 0.11231703192200777 0.026527213625156865 0.05700900009131857
0 0.5555646476582683 0.11049795871699508 0.02474352713852923 0.05976162394519839
0 0.5345544837734937 0.1088302818780281 0.024536217232526414 0.05670459300202012
0 0.5927033451926081 0.17100985413604974 0.016674556086720527 0.05701536895768913
0 0.5742335548104436 0.16895836909971051 0.027523225961055164 0.05716124764296679
0 0.5513349572801808 0.16545762578634388 0.02553119812846849 0.05685670593006267
0 0.5304274153280564 0.16226127554737824 0.023540142550330212 0.056552312855661646
0 0.5874058220763422 0.23430338696080164 0.018354638034373982 0.052733199495862026
0 0.5689350301103747 0.23225173310447028 0.02522016583927411 0.05227016517699978
0 0.5469806200735012 0.22966750284681436 0.025323818685082045 0.05379864957551728
0 0.5265197730596016 0.22731164027260997 0.022234129365193755 0.05181365917455627
0 0.5832798170342076 0.2877345432035145 0.01976533919286294 0.059000526576966084
0 0.5642595454039331 0.28637211763199977 0.02553120023566202 0.05685673700313443
0 0.54230413272966 0.28378773409088764 0.025634792315566757 0.058385212111745355
0 0.5218433160987119 0.28143187616163645 0.022545163761581666 0.05640023100069086
0 0.5787699973980259 0.35423719347136867 0.019868996253057825 0.06052907312162692
0 0.5598015521906555 0.3521105257005953 0.025738510141664728 0.05991376794631276
0 0.5375042020888939 0.34715627154017514 0.026527214151955247 0.05700900785958646
0 0.5175927044360144 0.34411219680261473 0.020554108183443498 0.056095837926289804
0 0.5735441324174068 0.40904560116077293 0.018458295094568866 0.05426174604052292
0 0.5556236903426653 0.40630591949761363 0.024432373317528677 0.05517506461232269
0 0.5337201040912961 0.40295729375724276 0.026423489661570043 0.0554794669766302
0 0.5133628816474465 0.399072911066496 0.021549089079385464 0.05624795085433232
0 0.5708389416371352 0.4711900363943614 0.019558031394053765 0.05594352670685959
0 0.5513211774516963 0.4697515854318972 0.026319895474471666 0.05395096079494749
0 0.5289718999530988 0.46556260977368547 0.025220165839274 0.05227016517699984
0 0.5085618484489454 0.4624423159987412 0.022234129365193755 0.051813659174556215
0 0.566058700473554 0.5268397883399019 0.019661686347054896 0.0574720421784487
0 0.5471422140995678 0.5239478311753373 0.025634853081469844 0.058385221401651755
0 0.5246902811245784 0.5212875708817786 0.026734524057957842 0.060066038802764676
0 0.5037827695554055 0.5180912252877662 0.022752473667584316 0.05945726194386908
0 0.5613623901884509 0.5886798678187906 0.018769329490956776 0.05884831786665756
0 0.5428916003296768 0.5866281828893873 0.025634853081469844 0.05838522140165192
0 0.5204914958847847 0.5832036493234982 0.02663086699776307 0.058537492258103785
0 0.4995321557855144 0.5807715770018163 0.022545159547194715 0.05640016885454735
0 0.5571316276355797 0.6436404070160502 0.017566973708721845 0.055639102559386644
0 0.5386618100312539 0.64158887072515 0.026423485447183204 0.055479404830486856
0 0.5162607029489621 0.6381641838758048 0.025427410764987002 0.05532712468412815
0 0.4958517148481114 0.6350440526742231 0.022441435056809456 0.054870627971591035
0 0.5532240255751542 0.7086897261484256 0.020657700263348233 0.05762431303490079
0 0.5338100183702454 0.7057217078748865 0.025634853081469955 0.05838522140165192
0 0.5119064321188762 0.7023730821345157 0.02563479231556698 0.05838521211174541
0 0.4909480684884411 0.6999410963051933 0.023540140443136848 0.056552281782589975
0 0.5494917561076537 0.7637264750931627 0.020450318712768256 0.054566225607283525
0 0.5296310539645201 0.7599179691548625 0.02652714917166532 0.05700893642353666
0 0.5071791513724824 0.757257713506257 0.025634853081469844 0.05838522140165192
0 0.4861678849299727 0.7555909041502478 0.023436415952751588 0.05502274089963366
0 0.5445870354660063 0.8286244219251155 0.01976534340724978 0.05900058872310965
0 0.5256197577966609 0.8264968338151475 0.025634853081469844 0.05838522140165192
0 0.5032705054130312 0.8223079404845683 0.02652720993756824 0.05700894571344295
0 0.48286145654627755 0.8191877999930803 0.021549084864998513 0.056247888708188865
0 0.5392586418087849 0.8849614858763064 0.018562076136469985 0.05579123406724218
0 0.5209432987285777 0.8806171007772456 0.025738510141664728 0.05991376794631276
0 0.4980965297284124 0.8763520841915486 0.027626880914056406 0.05868976311455587
0 0.47768751124461023 0.8732319483450138 0.02065776102925132 0.05762432232480719
0 0.5355055184868649 0.9477178940543778 0.01976534340724978 0.059000588723109426
0 0.5160396153216684 0.9455151433914646 0.02663086699776307 0.058537492258103785
0 0.49484192987481457 0.9391847067620507 0.027626880914056462 0.05868976311455587
0 0.4732814160988138 0.9382050577299117 0.022337786425388473 0.053342205719216995
0 0.5328617619398562 0.9865516042923993 0.019579229855249958 0.026896791415201404
0 0.5124517104357029 0.9835829325593579 0.024557294161916876 0.027961083214355087
0 0.49010353654843697 0.9793930738816528 0.023457683951331798 0.026280275103148565
0 0.4701910362581576 0.9763488458606362 0.01947557279505524 0.025671488954346455
0 0.6338793963784339 0.8469095832202223 0.01976534340724978 0.05900058872310954
0 0.6144653891735253 0.8439415649466833 0.026734524057957954 0.06006603880276484
0 0.5916186201733601 0.839676548360986 0.02663086699776307 0.058537492258103785
0 0.5707628763683815 0.8357159202047368 0.022752352135778198 0.05945724336405622
0 0.6293066660151229 0.8995002471532206 0.01945430479647503 0.05441395475083155
0 0.6098418371319035 0.8972965932893249 0.026319776049859245 0.053950973288206305
0 0.5873370013448397 0.8954015094690793 0.02553119602127496 0.056856674856991085
0 0.5659319385617927 0.8921290981211392 0.024536154359430018 0.05670455263904184
0 0.6244029783938269 0.964398351913583 0.02055404320315346 0.05609576649023973
0 0.6054874946572404 0.9615065480324747 0.024536215125332994 0.05670456192894835
0 0.5819867208128474 0.9594580747251946 0.02972159355238957 0.06052270273361782
0 0.5615776719460939 0.9563379342337066 0.018769329490956554 0.05884831786665756
0 0.6212617726604729 0.9964581367500585 0.017173487034915835 0.007083726499883092
0 0.6029474668150038 0.9933312347340384 0.022359045995194782 0.013337530531923214
0 0.5800488692847411 0.9914286711851078 0.02634103561966561 0.017142657629784397
0 0.558590914568294 0.9908229866211522 0.01926826710343943 0.018354026757695485
0 0.5139965279749964 0.0023265861727153696 0.029721591313496498 0.004653172345430739
0 0.4906004399967626 0.00034792435518447027 0.024743527006829635 0.0006958487103689405
0 0.46809560763388813 0.00020290146090487084 0.02594588787295654 0.0004058029218097417
0 0.5111047193374568 0.03187467241370067 0.02762688170425398 0.058689774766957796
0 0.4877075983388718 0.028783235654054676 0.026630928553863675 0.05756647130810935
0 0.46436333744204006 0.026268647305336505 0.027523227014651763 0.05253729461067301
0 0.4410191476629871 0.02444165766692065 0.026630928027065348 0.0488833153338413
0 0.4186180405806954 0.02269124420565834 0.025634853344869035 0.04538248841131668
0 0.396269793863556 0.021017049781780008 0.02673458271666751 0.042034099563560016
0 0.3728208453884704 0.02003089405631227 0.027834190820059057 0.04006178811262454
0 0.34926914415064936 0.018204944604980188 0.026527273864261514 0.036409889209960376
0 0.32681627101625793 0.01721878575619774 0.025634853344869035 0.03443757151239548
0 0.30451985124882086 0.015544595216453377 0.026838237669668863 0.031089190432906755
0 0.2816212537185581 0.013794223559770048 0.026838237669668863 0.027588447119540095
0 0.2581732774979207 0.012043884417759254 0.02773053586705776 0.024087768835518508
0 0.23472432954963338 0.01098159402488474 0.026838237669668863 0.02196318804976948
0 0.21222060066639115 0.009231259527827166 0.025634853344869063 0.018462519055654332
0 0.1893738304809295 0.006792769447709255 0.027523227014651763 0.01358553889541851
0 0.1655310466425738 0.004966258478665936 0.027626881177455598 0.009932516957331872
0 0.14218672471643976 0.0023755385858557077 0.026527273864261514 0.004751077171711415
0 0.11918447289167362 0.0006249028080626545 0.02631989363067741 0.001249805616125309
0 0.5063037552812408 0.09524305776077964 0.026734582716667454 0.06006601701959943
0 0.4834569852274787 0.09097805671161843 0.026838237669668807 0.061594532491188604
0 0.4601127247257457 0.0866369991984359 0.027730535867057704 0.06021827858614505
0 0.43711047250588075 0.0846647674725244 0.02553119865526693 0.056856713698330626
0 0.4146057102071885 0.08276859997890212 0.026734582716667454 0.06006601701959943
0 0.3916562476297958 0.08003331327764254 0.026630927763666212 0.058537501548010296
0 0.3682591266312108 0.07645635557184512 0.027626880914056406 0.05868976311455592
0 0.3449148759545553 0.07211424782085313 0.026734582716667454 0.06006601701959944
0 0.3215706154528223 0.06777319030767062 0.02762688091405635 0.05868976311455592
0 0.299117681157429 0.06511275730998584 0.024536217759324963 0.056704600770288036
0 0.2771632599784821 0.06252959671080924 0.0266309277636661 0.05853750154801034
0 0.25421283628871466 0.05979309171256734 0.026527273337463214 0.05700899384468912
0 0.23126241101855205 0.05705661001912919 0.026630927763666157 0.0585375015480103
0 0.208964957835665 0.05210342323473055 0.025842162987472578 0.061442252344830105
0 0.18611825837288348 0.047837381237666274 0.027730535867057787 0.060218278586145035
0 0.1626183854017607 0.045790109169194224 0.026527273337463186 0.057008993844689104
0 0.13927412358303176 0.04144907107668155 0.02741950147066982 0.05563170676001048
0 0.11548323768045768 0.03626650048737067 0.027626880914056406 0.05868976311455591
0 0.091485872944368 0.03414319137554718 0.0278341908200591 0.0617467940577342
0 0.06808978496613424 0.03068182892187677 0.026838237669668863 0.06136365784375354
0 0.04817722390995184 0.02893141546061445 0.020865070935253978 0.0578628309212289
0 0.04428947306654612 0.08485166090282124 0.020761415982252632 0.05915283779639629
0 0.06420203412272853 0.08789589821374429 0.026734582716667517 0.06006601701959946
0 0.08660210818466901 0.0913204271346802 0.025738508034471252 0.05991373687324096
0 0.1095525321378357 0.09405692824878814 0.0278341908200591 0.0617467940577342
0 0.13310520615690324 0.09534007179929882 0.026527272810664776 0.05700898607642116
0 0.15694695710660733 0.09975718577650264 0.028414482366611843 0.05578381968805303
0 0.17979371733529184 0.10402323706347331 0.024536219339719945 0.05670462407509183
0 0.20264048738905388 0.10828823811263455 0.028414482366611843 0.055783819688053016
0 0.22648223939235468 0.1127053365533025 0.026527272810664804 0.0570089860764212
0 0.24898700037405103 0.11460152346759458 0.02573850803447128 0.05991373687324096
0 0.27248681389626667 0.11664876682549039 0.02851820685699702 0.057313360571009345
0 0.2958829626404035 0.12022557589278475 0.025531198128468546 0.05685670593006273
0 0.31828400895679215 0.12365025345222369 0.026527272810664804 0.0570089860764212
0 0.3411826064870549 0.12715099676559033 0.026527272810664804 0.05700898607642116
0 0.36413303149381826 0.12988748234316244 0.026423548320279655 0.05547944519346487
0 0.38697986231348336 0.1341524926822301 0.026319893367278246 0.05395092972187569
0 0.4098784598437461 0.13765323599559678 0.026319893367278246 0.05395092972187571
0 0.4318846365912172 0.1394731992275517 0.024536219339719945 0.05670462407509187
0 0.45473140769857595 0.14373818474017708 0.028621861809998483 0.05884187604259847
0 0.4785742524345343 0.14815546593569676 0.026527272810664804 0.057008986076421186
0 0.5020221678892687 0.15096800797729015 0.027419501470669905 0.055631706760010474
0 0.49711851065092405 0.21586611738260564 0.028518208964190495 0.057313391644081085
0 0.47377321818243645 0.2115248864044778 0.025634853081469955 0.05838522140165184
0 0.451870634568467 0.2081764139475632 0.0256348530814699 0.05838522140165184
0 0.42897203703820425 0.2046756706341965 0.027626880914056406 0.0586897631145559
0 0.4056277754828745 0.2003346286575499 0.026527274917858223 0.05700901714949291
0 0.38267735100290945 0.19759813531170986 0.02642354937387631 0.05547946073000071
0 0.3597786927067437 0.19409738270843677 0.026423549373876365 0.05547946073000076
0 0.336880095176481 0.1905966393950701 0.02642354937387631 0.05547946073000071
0 0.3138778432200152 0.18862440378502462 0.026630927763666157 0.058537501548010296
0 0.29097924568975253 0.18512366047165799 0.026630927763666212 0.058537501548010296
0 0.2680806481594898 0.18162291715829132 0.026630927763666157 0.05853750154801032
0 0.24612629888851936 0.17903869619054186 0.02453621933972 0.05670462407509183
0 0.22367336327613024 0.1763782826135269 0.02762688091405638 0.0586897631145559
0 0.20022538810908952 0.17356571574549123 0.02652727491785825 0.057009017149492885
0 0.17748227195473212 0.16777221476127668 0.026216240521470313 0.0524224453233583
0 0.15364051995143133 0.16335511632060876 0.028310827413610518 0.05425530421646391
0 0.13008791757694102 0.16207091628565923 0.025634853081469886 0.05838522140165184
0 0.1071893200466783 0.15857017297229253 0.027626880914056406 0.058689763114555926
0 0.08374134435283924 0.1557576138725248 0.026734583770264247 0.060066032556135324
0 0.0603452563746055 0.15218081409513684 0.027730536920654476 0.06021829412268097
0 0.03894022397451005 0.14890840739214994 0.022752472613987648 0.059457246407333186
0 0.03465850575245272 0.2046343814983891 0.0216527419251933 0.0577764352528497
0 0.055565075450128926 0.2078305830988517 0.0276268809140564 0.058689763114555926
0 0.07990534881455853 0.21232392700502212 0.028725514655806333 0.06037036044111588
0 0.10330149755869528 0.21590073607231647 0.025738505927277805 0.05991370580016922
0 0.1257543724051814 0.21856114035942498 0.02663092776366617 0.05853750154801032
0 0.149597216087543 0.22297843709148057 0.028518208964190522 0.057313391644081085
0 0.1724958136178057 0.2264791804048472 0.024536219339719972 0.05670462407509183
0 0.19439839723177518 0.22982765286176188 0.026527274917858223 0.05700901714949294
0 0.21839570014836512 0.23195096822021477 0.028310827413610518 0.054255304216463934
0 0.24194830463004888 0.23323513718209266 0.0256348530814699 0.05838522140165184
0 0.2642965501618919 0.237423939375359 0.026734584823860985 0.06006604809267124
0 0.28764087248312475 0.24176499064191204 0.02762688091405635 0.05868976311455587
0 0.31059129643629146 0.24450149175602004 0.025531200235661966 0.056856737003134455
0 0.33314782412858546 0.2456334116446111 0.026838237669668863 0.0615945324911886
0 0.3560982501889456 0.24836988168564733 0.026734584823860985 0.06006604809267116
0 0.3789969084851113 0.2518706342889204 0.02673458482386093 0.06006604809267113
0 0.40144985286898127 0.2545300131646618 0.025634853081469844 0.05838522140165184
0 0.4242965523317627 0.258796055161726 0.027523228068248473 0.057161278716038544
0 0.44709052265457594 0.2638251653081788 0.025738505927277833 0.05991370580016922
0 0.4694915689709646 0.2672498428676177 0.02673458060947409 0.06006598594652768
0 0.4919963310062577 0.269146014245374 0.025531200235662077 0.056856737003134455
0 0.48813955273133625 0.33343093789503453 0.026319893367278302 0.05395092972187571
0 0.4657385064149476 0.33000626033559555 0.025323818685082045 0.05379864957551728
0 0.4433384323530071 0.3265817314146596 0.026319893367278246 0.05395092972187571
0 0.42098915380081275 0.3223927712929838 0.025427475745276817 0.05532719612017811
0 0.39898291523384194 0.3205728143076584 0.025634853081469844 0.058385221401651866
0 0.37553499872551077 0.3177602878026008 0.0287255188701932 0.06037042258725939
0 0.35208598176663797 0.3149485977074293 0.025842162987472606 0.06144225234483003
0 0.32923928019666315 0.31068258678343674 0.02594588747785781 0.0629717932277864
0 0.307388525112791 0.30656984105419166 0.025842162987472606 0.06144225234483014
0 0.2843343745620457 0.30536291189611176 0.027523228068248473 0.057161278716038544
0 0.260886460160908 0.30255035431798255 0.02663092776366613 0.058537501548010296
0 0.23798786263064525 0.2990496110046158 0.02663092776366613 0.05853750154801035
0 0.21459171388650852 0.2954728019373215 0.027626880914056406 0.058689763114555926
0 0.1916412878261484 0.29273633189628523 0.025531200235661966 0.05685673700313448
0 0.16829702837801208 0.2883952588465669 0.028414484473805318 0.055783850761124854
0 0.144454182588457 0.283977993187583 0.02652727491785825 0.05700901714949286
0 0.12095443965722193 0.28192970888178426 0.027730533759864312 0.06021824751307331
0 0.09750652525608422 0.279117151303655 0.026630927763666157 0.058537501548010296
0 0.07460792772582149 0.2756164079902883 0.02663092776366615 0.058537501548010296
0 0.051709330195558775 0.27211566467692166 0.026630927763666164 0.05853750154801032
0 0.03085361466633829 0.2681550722386974 0.022545163761581662 0.05640023100069086
0 0.026571967562059894 0.3238799976287655 0.021860051831196006 0.06083346619602792
0 0.04687733109286073 0.3285286489468895 0.026630927763666157 0.05853750154801035
0 0.06982775504602741 0.33126515006099744 0.02652727491785825 0.05700901714949297
0 0.09327573232026157 0.3340776858559614 0.027626880914056406 0.058689763114555926
0 0.11732582514272284 0.33543794235493224 0.02731584651766847 0.05410319128842134
0 0.1407219131209566 0.3390147421323203 0.02631989336727822 0.05395092972187571
0 0.16461658533341558 0.34266776559204537 0.028310827413610518 0.05425530421646391
0 0.1875141498433271 0.3461683509770026 0.02432883778913994 0.05364653664747471
0 0.2103609188434924 0.3504333675626997 0.028414484473805318 0.05578385076112474
0 0.2338098683721748 0.35324605199616665 0.025531200235661966 0.05685673700313443
0 0.2561581139040179 0.357434854189433 0.026630927763666157 0.05853750154801035
0 0.2790567114342806 0.3609355975027997 0.026630927763666157 0.058537501548010296
0 0.3015096470466697 0.36359601107981454 0.025531200235661966 0.05685673700313437
0 0.3239107541289614 0.36702069792916 0.026527274917858223 0.0570090171494928
0 0.34725501357709776 0.37136177097887835 0.027626880914056406 0.05868976311455587
0 0.3711486527692055 0.375014636510194 0.027626880914056462 0.05868976311455587
0 0.3926574117668796 0.37675747125715287 0.022441439271196406 0.05487069011773449
0 0.41511034527207524 0.3794179159072395 0.029514283646386807 0.05746567179043954
0 0.4384546068274051 0.38375895788388614 0.024639872185527822 0.05823310847360924
0 0.4608557139096968 0.3871836447332316 0.02762688091405635 0.05868976311455587
0 0.4848011795247085 0.3900722680652885 0.027523228068248473 0.05716127871603843
0 0.47955545455558857 0.4526015229727568 0.025531200235662077 0.05685673700313443
0 0.4576000701570735 0.45001717514966955 0.025427475745276817 0.05532719612017817
0 0.43420392141293673 0.44644036608237514 0.028414484473805346 0.05578385076112474
0 0.41140897883567534 0.4414111072974194 0.024639872185527878 0.05823310847360924
0 0.38900890477373484 0.43798657837648347 0.027626880914056462 0.05868976311455587
0 0.3660066522904708 0.43601435053470594 0.025427475745276762 0.05532719612017811
0 0.34305622939090086 0.43327783388406216 0.027523225961055053 0.05716124764296676
0 0.32065512230860915 0.4298531470347168 0.024536217232526525 0.05670459300202019
0 0.2982540759922204 0.4264284694752778 0.02752322596105511 0.05716124764296682
0 0.274806099771583 0.42361591814377797 0.026423550427473075 0.0554794762665366
0 0.25185567371122286 0.42087944810274175 0.026527274917858223 0.05700901714949291
0 0.2285114132094898 0.4165383905895592 0.027626883021249826 0.05868979418762771
0 0.2050634977547554 0.41372584854796585 0.026734580609474062 0.06006598594652779
0 0.18305622722103004 0.41190571809769505 0.024536217232526497 0.05670459300202019
0 0.16021049124121595 0.4076408594404074 0.028414482366611843 0.055783819688053016
0 0.13542345795827163 0.40230708072571286 0.02862186391719186 0.05884190711567017
0 0.1119755425035372 0.3994945386841195 0.02573850592727779 0.05991370580016919
0 0.08902511855037051 0.3967580375700115 0.027626880914056406 0.05868976311455587
0 0.0661265210201078 0.39325729425664485 0.025634853081469886 0.05838522140165192
0 0.044275763829042275 0.3891445796004715 0.027730533759864305 0.06021824751307325
0 0.024312409370307146 0.38686474241721663 0.023643797503331593 0.05808082832725081
0 0.47542941702330893 0.5060327056435882 0.0285182047498036 0.057313329497937604
0 0.4524789951773357 0.5032961734564084 0.024639872185527878 0.058233108473609185
0 0.4301297124107545 0.4991072754808761 0.027523223853861634 0.05716121656989509
0 0.4076767810127523 0.4964467997577177 0.024432490634947845 0.055175021045992145
0 0.3857223579900111 0.4938636663474788 0.02652727070347133 0.05700895500334946
0 0.3633731510823941 0.4896736497413641 0.0256348530814699 0.05838522140165192
0 0.33953133620599685 0.4852565730838615 0.029514279431999857 0.05746560964429609
0 0.31613524822776307 0.4816797733064736 0.02453621512533305 0.056704561928948405
0 0.29357859233937567 0.4805488384662714 0.027834186605672162 0.06174673191159069
0 0.27013067583104455 0.4777363119612139 0.026734584823860985 0.06006604809267113
0 0.24628783214868294 0.47331901522915837 0.0286218618099984 0.058841876042598495
0 0.2233374060883228 0.47058254518812215 0.024536215125333077 0.05670456192894835
0 0.20133123039444845 0.4687625664196313 0.026734584823860957 0.06006604809267119
0 0.1784326328641857 0.46526182310626474 0.02673458482386093 0.06006604809267119
0 0.15458978496743722 0.4608445885203526 0.028621861809998428 0.05884187604259855
0 0.13218971090549672 0.4574200595994167 0.023643797503331607 0.05808082832725081
0 0.11023433072136853 0.45483564963018597 0.027730537974251207 0.06021830965921682
0 0.08584320108128975 0.45110672763484905 0.02872551887019323 0.06037042258725939
0 0.06179297584834814 0.4497475183304106 0.026838233455281968 0.061594470345045116
0 0.03889437831808541 0.446246775017044 0.026838233455281968 0.061594470345045116
0 0.018485359834283226 0.44312663917050915 0.021860047616809108 0.060833404049884576
0 0.4720700596589747 0.5703947111686372 0.02673458482386104 0.06006604809267124
0 0.44917146212871195 0.5668939678552705 0.026734584823860985 0.06006604809267124
0 0.4258272026805756 0.562552894805552 0.027626880914056462 0.05868976311455598
0 0.402327461856534 0.5605045794266814 0.026423546213086124 0.055479414120393034
0 0.3803720166921159 0.5579202223136879 0.024536215125333105 0.05670456192894824
0 0.35747341916185316 0.5544194790003212 0.02851820474980371 0.05731332949793755
0 0.3330822895217744 0.5506905570049843 0.027523223853861634 0.057161216569895035
0 0.31013186346141425 0.547954086963948 0.025427471530889867 0.05532713397403466
0 0.2886750067456083 0.545445891387148 0.02453621512533305 0.05670456192894835
0 0.2663257239790271 0.5412569934116157 0.02762688091405635 0.05868976311455598
0 0.24353078350895918 0.5362277035535882 0.025427471530889895 0.05532713397403466
0 0.22058035744859902 0.5334912335125519 0.02731585073205539 0.05410325343456479
0 0.19603264176768642 0.5320559677440923 0.0286218618099984 0.058841876042598384
0 0.17313404423742368 0.5285552244307257 0.024639872185527878 0.058233108473609296
0 0.15112786854354932 0.5267352456622348 0.026838233455281996 0.06159447034504506
0 0.12817738171728615 0.5239987663312923 0.026734584823860957 0.06006604809267119
0 0.10438745613688932 0.5188174256913656 0.0285182047498036 0.05731332949793766
0 0.08104216366840175 0.5144761947132377 0.0256348530814699 0.05838522140165181
0 0.05903592720862438 0.5126562066548405 0.025842158773085697 0.06144219019868663
0 0.03553618217019583 0.5106079534221134 0.028621861809998428 0.05884187604259844
0 0.01452498737226349 0.5089400875816652 0.020865066720867083 0.06068129112184201
0 0.4677884754277928 0.62611961477554 0.025427471530889922 0.05532713397403466
0 0.4449935307433379 0.6210903870636559 0.027626880914056406 0.05868976311455587
0 0.4225924236610462 0.6176657002143104 0.024639872185527878 0.058233108473609296
0 0.4582084307659422 0.7451369346585148 0.024639872185527822 0.058233108473609185
0 0.43536160099987387 0.7408719087829112 0.0287255188701932 0.06037042258725933
0 0.412359278979226 0.738900706352501 0.024950910796302683 0.06281974244588728
0 0.38995823266283725 0.735476028793062 0.027937919524831212 0.06327639708683397
0 0.36716433187740793 0.730445893235242 0.025738510141664672 0.059913767946312535
0 0.34426573434714525 0.7269451499218753 0.027730537974251235 0.06021830965921693
0 0.32136713681688245 0.7234444066085086 0.025738510141664672 0.05991376794631276
0 0.2989142619703964 0.7207840023214002 0.026630927763666212 0.058537501548010296
0 0.27551811322625963 0.7172071932541058 0.027626880914056517 0.05868976311455609
0 0.2521738537781233 0.7128661202043876 0.026734584823860957 0.06006604809267102
0 0.22972091816573417 0.7102057066273724 0.02584215877308571 0.061442190198686686
0 0.2066667676149888 0.7089987774692925 0.027523223853861606 0.057161216569895035
0 0.1832188553210446 0.7061861888180916 0.026630927763666157 0.058537501548010296
0 0.16026842926068446 0.7034497187770554 0.026527270703471356 0.05700895500334935
0 0.1368722805165477 0.699872909709761 0.02752322385386162 0.057161216569895146
0 0.11347515951796273 0.6962959520039635 0.026527270703471356 0.05700895500334935
0 0.0905765619877 0.6927952086905969 0.026527270703471342 0.05700895500334957
0 0.06718047400946628 0.689218408913209 0.027523223853861592 0.057161216569895035
0 0.043235006287261096 0.6863298166542238 0.027626880914056403 0.05868976311455587
0 0.020180855736515763 0.6851228874961437 0.02532382289946887 0.05379871172166084
0 0.005470091786140361 0.6831474123142183 0.010940183572280722 0.05410956167643044
0 0.4528580178234697 0.8091945471091626 0.026630927763666157 0.05853750154801041
0 0.4304579437615292 0.8057700181882268 0.025634853081469844 0.05838522140165192
0 0.4076111747613639 0.8015050016025298 0.027523223853861578 0.057161216569895035
0 0.38466074870100375 0.7987685315614934 0.025427471530889867 0.05532713397403455
0 0.3622078130886146 0.7961081179844786 0.02652727070347133 0.05700895500334946
0 0.33985956755677155 0.7919193157912121 0.025634853081469844 0.0583852214016517
0 0.3169609700265088 0.7884185724778454 0.02762688091405635 0.05868976311455587
0 0.29351202049782643 0.7856058880443786 0.02652727070347133 0.05700895500334935
0 0.26996038371349707 0.784322840276134 0.027834186605672218 0.06174673191159086
0 0.24700995765313688 0.7815863702350976 0.025738510141664728 0.05991376794631276
0 0.22510737403916742 0.778237897778183 0.0257385101416647 0.05991376794631276
0 0.20220877650890468 0.7747371544648164 0.027730537974251235 0.06021830965921682
0 0.17881268853067095 0.7711603546874284 0.02673458482386093 0.06006604809267124
0 0.15541556753208596 0.767583396981631 0.027730537974251207 0.06021830965921671
0 0.1315219283399782 0.7639305314503153 0.02773053797425122 0.06021830965921682
0 0.10797035898583915 0.7626464893437752 0.026423546213086138 0.055479414120393034
0 0.08546559484335263 0.7607503490390908 0.0256348530814699 0.05838522140165192
0 0.06296076327067571 0.7588552030727017 0.02642354621308613 0.055479414120393145
0 0.03956467529244197 0.7552784032953137 0.02741949936347639 0.05563167568693883
0 0.0157228646304316 0.7508612644916677 0.027523223853861592 0.057161216569895035
0 0.002794932555403206 0.7494217974077426 0.005589865110806412 0.05884830857675116
0 0.4485246050621904 0.8656837239883961 0.02762688091405635 0.05868976311455587
0 0.42633080367151444 0.8592020683420158 0.025054559427723666 0.06434816469826121
0 0.4029347156932807 0.855625268564628 0.03003262373439053 0.06510921241360912
0 0.3793830855732387 0.8543412171681813 0.02474352924572265 0.05976165501827024
0 0.35648448804297594 0.8508404738548148 0.028725518870193256 0.06037042258725933
0 0.33413527025668466 0.8466515230230454 0.023851103194947376 0.061137797124285576
0 0.3127820056207836 0.8426148337578214 0.02652727070347133 0.05700895500334935
0 0.28977975103032605 0.8406426369891158 0.02631989758166514 0.053950991868019216
0 0.26518124405405413 0.8399717402752525 0.029721593552389458 0.06052270273361782
0 0.24228264652379145 0.836470996961886 0.02374745456352645 0.05960937487191165
0 0.2194359449538165 0.8322049860378933 0.029617936492194685 0.05899415618895709
0 0.19648545146326596 0.8294695103351526 0.023540140443136792 0.05655228178258975
0 0.17353502540290583 0.8267330402941162 0.029617936492194685 0.05899415618895698
0 0.14969224248644725 0.8223157528519671 0.0257385101416647 0.059913767946312646
0 0.12679364495618453 0.8188150095386004 0.027730537974251235 0.06021830965921671
0 0.10428991383404923 0.8169190271623255 0.02453621512533305 0.05670456192894846
0 0.08029158877578232 0.8147944881011178 0.03071657444833152 0.06067481566166044
0 0.05644983887967498 0.8103773585873781 0.024847177877143675 0.06129007727064406
0 0.03349941281931485 0.8076408885463418 0.028932900420773247 0.0634285100148766
0 0.011434433150101267 0.805592563877565 0.022868866300202535 0.05991376794631276
0 0.00048265521589242397 0.8028527289309494 0.0009653104317848479 0.05869619564870843
0 0.4431233966099717 0.9305057676397839 0.027523223853861578 0.05716121656989526
0 0.4203284519255168 0.9254765399278998 0.025738510141664672 0.059913767946312646
0 0.39742985439525413 0.921975796614533 0.02773053797425118 0.06021830965921693
0 0.37408456192676653 0.9176345656364052 0.026838233455281912 0.06159447034504528
0 0.35123889337714287 0.9133687126408223 0.02673458482386093 0.06006604809267124
0 0.32923155225243694 0.9115496231384544 0.02453621512533305 0.05670456192894835
0 0.3061774733462689 0.9103416374959357 0.028829167501614184 0.06189884483963337
0 0.28228389492006417 0.9066887812545263 0.026838233455282023 0.06159447034504528
0 0.25943712591989887 0.9024237646688293 0.026734584823860985 0.06006604809267124
0 0.2369841903075097 0.8997633510918143 0.0256348530814699 0.05838522140165181
0 0.2140337642471496 0.897026881050778 0.027730537974251207 0.06021830965921671
0 0.19103151387107895 0.8950546221359288 0.02553119602127507 0.05685667485699086
0 0.16813291634081623 0.8915538788225621 0.027523223853861606 0.05716121656989526
0 0.14423927714870846 0.8879010132912466 0.027523223853861578 0.057161216569895035
0 0.12168261704593412 0.8867701405971878 0.02484717787714366 0.06129007727064395
0 0.09978009419786767 0.8834216774301797 0.026838233455281968 0.06159447034504495
0 0.07543976006753506 0.8789283242341028 0.0297215935523895 0.06052270273361782
0 0.050892116031199745 0.8774920019812043 0.026423546213086138 0.055479414120393145
0 0.027392370992771194 0.8754437487484772 0.0276268809140564 0.05868976311455587
0 0.008655873448185266 0.8718669489710892 0.017311746896370533 0.058537501548010296
