0 0.11640600115060806 0.7377139925956726 0.09062500298023224 0.3622859716415405
0 0.029296998865902424 0.7360000014305115 0.05234399996697903 0.3634289503097534
0 0.11523400247097015 0.3348569795489311 0.08828100562095642 0.24228598177433014
0 0.02695300057530403 0.3348569869995117 0.052344001829624176 0.24685698747634888
0 0.590624988079071 0.3754290044307709 0.1015620231628418 0.15657097101211548
0 0.2382809966802597 0.7337139844894409 0.10156199336051941 0.36114299297332764
0 0.3531250059604645 0.7342860102653503 0.09687501192092896 0.3668569326400757
0 0.47460897266864777 0.7302860021591187 0.09609398245811462 0.35885703563690186
0 0.591405987739563 0.7319999933242798 0.09843695163726807 0.3645709753036499
0 0.9511719942092896 0.7302860021591187 0.09296894073486328 0.36114299297332764
0 0.7105469703674316 0.7302860021591187 0.09609401226043701 0.36114299297332764
0 0.8289059996604919 0.7314289808273315 0.09843695163726807 0.36342906951904297
