3 0.7832191169493655 0.4042099330909493 0.03479314148769164 0.09770849692384292
3 0.7180825069959157 0.4235772563080358 0.046821632376093936 0.10449684496586481
3 0.5831836801873764 0.43695077186660536 0.03805855292358695 0.10496612562052393
3 0.49340312489927074 0.44561781212204676 0.0504867443871686 0.0993455720649713
3 0.3869809101703653 0.4567192248003504 0.04924834173048659 0.09368188881890227
3 0.3144683576073228 0.5082879347613285 0.03963306230721464 0.09683002906042798
3 0.20689097430118603 0.5369714078250856 0.048137987994307435 0.09079926330981775
0 0.8047102861722235 0.019138724143644252 0.047776981289798015 0.038277448287288504
0 0.7526927911409356 0.022750084145949957 0.05581784128737288 0.045500168291899915
0 0.698288071402279 0.02890143707664475 0.05673459863128605 0.04465698134381609
0 0.6496713259054888 0.03257603445784299 0.043853819866148225 0.04054559866645242
0 0.6089986286417586 0.037517224808943844 0.040846458006985054 0.03884849375075545
0 0.5688160869880101 0.042407282895493545 0.04287350864618433 0.040443341211942846
0 0.5280778900689295 0.04595845683917168 0.04195681100445836 0.04173110334200643
0 0.48044244358678034 0.04953068664965753 0.05654101876796691 0.04048566881102086
0 0.42551531236936385 0.055260399684038265 0.05654101876796691 0.04048566881102085
0 0.3775500022778764 0.062359166518401635 0.04300257636155552 0.043224528105436644
0 0.3358314940567534 0.0660126032225339 0.04404733978104475 0.04471690318565341
0 0.29506205870946944 0.06886860641383002 0.04097548189248862 0.041628736186117406
0 0.2500395984933542 0.07566039043450151 0.05255238782733462 0.038686206521677285
0 0.19897111667475728 0.07959074021435163 0.05242336394183106 0.03590596408631535
0 0.20175163536599655 0.12889363437979712 0.055146646628349866 0.0735444295350694
0 0.20420326377133025 0.1817220025663679 0.05372725231612871 0.042958927603044206
0 0.8084586012693338 0.08795661643252323 0.05166155007663764 0.1036183098938186
0 0.7578802310256552 0.09183488506806987 0.05865658517908512 0.10711478071701844
0 0.7014816748705526 0.09771808950929656 0.0635610156842038 0.10762638543345926
0 0.6524392855423755 0.10283393683543056 0.043943293663728844 0.10557996656769605
0 0.6122244879788101 0.1070289356396259 0.04590583215498045 0.10578468838958198
0 0.5720096904152446 0.11122393444382127 0.043943293663728955 0.10557996656769605
0 0.5317303813603586 0.11402882175790066 0.045776808515711975 0.1030044512601646
0 0.48415839924201853 0.1189912838412718 0.058527561539816475 0.10433454358760107
0 0.4292958693154387 0.1261110989983494 0.0606181059424874 0.10731939637482131
0 0.38123373150503825 0.13112469157762352 0.044924503043010544 0.10568232123369295
0 0.34101893394147287 0.13531969038181885 0.044924503043010544 0.10568232123369292
0 0.30028175487335884 0.13887076081438615 0.0459703882969526 0.10717576202431164
0 0.25464014513596933 0.1429334324260979 0.05473348378593612 0.10670554315646666
0 0.7020176331983421 0.07740690438902352 0.059005235873551 0.07256354145631974
0 0.6122692729687685 0.08676898894798712 0.042072316285754585 0.06526362760811727
0 0.4288827847846397 0.10659734603708765 0.05599787467101486 0.07086645068980829
0 0.3397223656223486 0.11799337001448001 0.04207231628575464 0.06526362760811723
0 0.8119820388241656 0.15324674380701148 0.05176561182003825 0.04275429945534928
0 0.7600613112760937 0.16005968897424971 0.05555974976857647 0.040383313206022425
0 0.7050041689530453 0.16300927499541584 0.05726334232950281 0.035027452945697146
0 0.6564206828278729 0.16737786995536363 0.042615461121412346 0.034882861647163504
0 0.6152568563024146 0.17237124849917512 0.04267997212026242 0.036272962525390334
0 0.5750743142382742 0.1772612977424839 0.04065292263016085 0.034678139825277565
0 0.5354141846788738 0.1827952952273741 0.04176321518674131 0.03756073079104516
0 0.4867974387306524 0.1864698828810073 0.0585671119560533 0.04208042519631214
0 0.4313146083769966 0.19085976643006053 0.05549529732281577 0.038993190274370676
0 0.38380822956917954 0.19721318224971607 0.042615461121412235 0.034882861647163504
0 0.3446069574072922 0.20200088473126737 0.03875585431251888 0.035863647099126456
0 0.3048823454689592 0.20614474991708673 0.043660224951293514 0.03637524557062122
0 0.25829166252941693 0.2110048479670419 0.05248787658224929 0.03729610033750588
0 0.20526160028626952 0.21513982407126137 0.05654101901420211 0.04048567411696544
0 0.8161882100788473 0.22265620514210083 0.05460440044448045 0.10392530331939956
0 0.764138458891507 0.22668891317992165 0.058656585671555406 0.10711479132890761
0 0.7082300284952927 0.23252099024771838 0.06257968706470429 0.10752402888945933
0 0.6591554126159218 0.2369417627884877 0.044989118394699656 0.10707338696418317
0 0.6184827155163484 0.2418829566768849 0.04603489995243004 0.10856587705172399
0 0.5778423048343129 0.2475192191057008 0.04492462326816915 0.10568234433547419
0 0.5380208642331652 0.24957788969697672 0.043749757876512474 0.10140960379897718
0 0.4903844303256918 0.25315023050798946 0.06055365333256996 0.10592926990587315
0 0.4350316550716924 0.26032118906568547 0.059702409910055765 0.10860820111350561
0 0.3870018336120019 0.2660298470629052 0.04590583264745074 0.10578469900147108
0 0.34675477956407064 0.26952977420420887 0.0438787825007218 0.10418986215217282
0 0.30703010775939354 0.2736736456349743 0.0448599918800035 0.10429221681816978
0 0.2608983723451941 0.2777874463887642 0.0565660402839438 0.1041299173179091
0 0.20851971532794208 0.2853465897626773 0.057352756178660924 0.10006181283334648
0 0.706933415771752 0.21519371304171042 0.05998650495501989 0.07266589882996635
0 0.6191476538176957 0.22435106776519378 0.04135005218017085 0.07072184087514605
0 0.4333084105168915 0.24443526042460287 0.060051016610497276 0.07405601385737864
0 0.34549042365320937 0.2528975757356853 0.039259508762440776 0.0677370093117041
0 0.20915242773472265 0.267119640214807 0.051158973056752294 0.07174505655297378
0 0.8202340883479448 0.28859024049408555 0.04986864801939217 0.043940775118757935
0 0.7673643184337544 0.29620062843222417 0.059482909714814736 0.040792528713149256
0 0.7104433504305393 0.3014398987810549 0.05745681939947267 0.03919783423054446
0 0.6633302855760563 0.30565605961614106 0.03986614555584511 0.0387462097665231
0 0.6240312870845071 0.3083586682519327 0.04169870418789112 0.03617062991281833
0 0.5832940789860834 0.3119097612621031 0.04274448574562151 0.03766312000035915
0 0.5421947793317947 0.31829228644376717 0.04293802005542646 0.041833450933410565
0 0.4936425456956779 0.3233570032739982 0.05765035370927757 0.043368165163595984
0 0.4391088030154193 0.32695042034595023 0.05451396952410037 0.03889085141685261
0 0.39166689186905523 0.3346930031975899 0.04346668801497966 0.03220485804082779
0 0.35197447622043043 0.3395319392166542 0.038626829688309605 0.033083388745930864
0 0.3111405282737675 0.34099780704108384 0.04575082757874038 0.03936006922982377
0 0.2640597195753369 0.3459090324644689 0.051636647062173024 0.03997404734709964
0 0.213120261929518 0.35261963086994963 0.05346920569421912 0.03739846749339493
0 0.8225109485331575 0.35890032528893845 0.05499151634125088 0.11226698392685819
0 0.7700355536375478 0.36437428592466736 0.05989594684636956 0.1127785886432991
0 0.7150116851984009 0.36801883037004934 0.059702469776399925 0.10860820735845172
0 0.6669818334772248 0.3737274844151493 0.045905833304077936 0.10578471315065663
0 0.626276880221599 0.3779736137152476 0.04492456405845224 0.10568235223971362
0 0.586552238350094 0.38211748202354 0.04394329481282644 0.10557999132877072
0 0.5458795711836926 0.38705867278946426 0.046950758890790145 0.10727801511187823
0 0.49680393790478605 0.3914795585689093 0.06074723360628109 0.1101005912819093
0 0.44194134761939174 0.3985993693590439 0.05891473746708792 0.11267623397730209
0 0.3943703532957288 0.40356172840080495 0.04616392457663926 0.11134613540491961
0 0.3531420316437398 0.4071640518260154 0.04609941226453468 0.1099560062283218
0 0.31243710832128607 0.41141017800364066 0.045118083152564825 0.10985363907243273
0 0.26728562409654966 0.41542171693597796 0.054862551583385766 0.10948673181860863
0 0.21686854705241693 0.4227762242579566 0.05564922414070575 0.10541769348780333
0 0.7151532238569583 0.3498431104075723 0.055933363836321526 0.06947635334887786
0 0.6255026484280581 0.36129025250033037 0.042989073875903006 0.0639758734916479
0 0.4415604757430911 0.3797797436025419 0.055546247939550986 0.06113467274141915
0 0.35073506551233347 0.3871588904972935 0.03932401910466371 0.0691270960407454
0 0.21553967850113742 0.40475388953824243 0.05102994843254305 0.06896479819977813
0 0.8277565664243017 0.49316063541318467 0.054797979404937136 0.10809659639706481
0 0.7743321558126097 0.49943196495141334 0.0615994362035549 0.10742178829178506
0 0.7193717533378006 0.5044667761583203 0.05761080477045233 0.10562231539055222
0 0.6722920222335632 0.5093778891726762 0.04584132099197347 0.10439458397405882
0 0.6311281490875714 0.5143702631243174 0.04590583330407805 0.10578471315065652
0 0.5904232257651176 0.5186163893019428 0.04492462392479635 0.10568235848465973
0 0.5502074104737031 0.5228114942702212 0.04492462392479635 0.10568235848465957
0 0.5021785764803761 0.5285200421512382 0.060553654645824406 0.10592929820424418
0 0.4472182013122302 0.53355479363893 0.058527621570317434 0.10433455336984343
0 0.4002341610819566 0.5405512128272119 0.04460194263158501 0.09873170011177851
0 0.3589745990318827 0.5434583230524836 0.04643449995037663 0.09615609195970276
0 0.2725947352586948 0.5510722341025339 0.05675961990102757 0.10830122454475982
0 0.717978401094334 0.48505428084116425 0.054953052452200724 0.06937409235707193
0 0.628327872285967 0.4965024275260925 0.046189971686439346 0.06984334471336001
0 0.4443533668912424 0.5142958525703081 0.058811641533245085 0.06839320074102578
0 0.3569609928177167 0.5213168971821772 0.042924458360057094 0.06258480422386126
0 0.8299043885810801 0.5606895248861261 0.051636587195828865 0.039974041102153635
0 0.7764477244398447 0.5662658464327979 0.058502598330694044 0.04069026772134332
0 0.7214883370663758 0.5713004948788798 0.05464299152180063 0.04167105317330633
0 0.67447204068005 0.5776018494788626 0.04104003590042227 0.04301976383599426
0 0.6347473988085448 0.581745717787155 0.04202130514604807 0.04312212474693722
0 0.593945677084762 0.5839066533223567 0.0428089954312173 0.03905319258021489
0 0.5522271984274583 0.5875600789450991 0.04385381912744246 0.04054558274861875
0 0.5046562939033113 0.592522428619441 0.05464299152180074 0.041671053173306216
0 0.45077392651577614 0.5995400160835598 0.05647650538884308 0.03909551664199651
0 0.4032342304866604 0.6051975396327567 0.04182766631924745 0.03895082542432604
0 0.3614844834679814 0.6081557976255901 0.04489960068517296 0.04203807283615957
0 0.32032067281484256 0.6131482219290274 0.04104003590042232 0.04301976383599426
0 0.2752982552384581 0.6199409247624319 0.05261689857994961 0.040076302093959515
0 0.22478441103942284 0.6252102666178849 0.051636647062173024 0.03997404734709964
0 0.8340793334985294 0.6294047241391783 0.052836458641534634 0.10789198073926198
0 0.78108053896013 0.6342348537241211 0.06270881423602748 0.11030521318465836
0 0.7250430718487357 0.6372857637683775 0.05852756170397344 0.10433454712489754
0 0.677536664421001 0.6436392110088771 0.0456477840556595 0.10022419644426528
0 0.6373863765430313 0.6492242823929283 0.04381427018861728 0.10279973297557499
0 0.5971070692938701 0.6520292086172679 0.04590583330407805 0.10578471315065652
0 0.5564011282435672 0.6562754409589762 0.04492462392479635 0.10568235848465968
0 0.5083077819381357 0.6605938596633953 0.06068272129417651 0.10871046210531154
0 0.4530185591648542 0.6691550048692697 0.059960459158474255 0.1141687178198969
0 0.40495743908230286 0.6741684912844608 0.04622843688874384 0.11273626458151742
0 0.7247267243755103 0.6198571758588183 0.052010202576828535 0.06906710954338002
0 0.6355018535061643 0.6298630803325005 0.04030427324894925 0.06922940738434724
0 0.45159292345867225 0.6490475046830297 0.056979205260396015 0.07096884968136463
0 0.8391699755975079 0.6966266339209009 0.051636587195828976 0.039974041102153524
0 0.7851586460786164 0.7008640133836199 0.05961193433902401 0.04357278706634482
0 0.7297081451515822 0.7059498922447417 0.05464299152180074 0.041671053173306216
0 0.6817115373811355 0.7123535078365305 0.044706063748859104 0.03786768530636597
0 0.6406122364135924 0.7187360047198237 0.040975481564175076 0.0416287291115246
0 0.6003329265379223 0.7215408743474212 0.04306708670377846 0.04461461483447804
0 0.5600536192887613 0.7243458005717607 0.040975481564174854 0.0416287291115246
0 0.5120560510303006 0.7307494594859445 0.058502598330694155 0.04069026772134321
0 0.456115397037715 0.7358865254397113 0.056476505388843024 0.03909551664199651
0 0.4081510427968117 0.742985149023057 0.04255095143581655 0.03349278906730768
0 0.36803301370140323 0.7492653415921492 0.04078194462786111 0.037458341581731336
0 0.3271980480268911 0.7507313155806619 0.04398282590945052 0.04332674040474005
0 0.28158869419931865 0.7554890464747279 0.05071983026230775 0.04126180936780843
0 0.2310748500002834 0.760758388330181 0.0536627400040241 0.04156879842644645
0 0.181639103381375 0.7680105567946416 0.048951828593017915 0.04522848054272466
0 0.8419379805827127 0.7668855134766117 0.055778290789057716 0.1081988573888707
0 0.7874354902330951 0.771173104613015 0.06277332654813217 0.11169534236125611
0 0.7323793370179783 0.7741226158909421 0.056630493386331526 0.10552005439874645
0 0.684776116471435 0.7783899072219311 0.04786741393382454 0.10598933505340546
0 0.6441992273520045 0.7854163381976202 0.043221074701267015 0.11103915259122787
0 0.6040812429072477 0.7916974929113261 0.04695069902444615 0.10727800886693217
0 0.5634085458076743 0.7966386867997233 0.04407236146117843 0.10836115522983791
0 0.5152496547448093 0.799566117224541 0.06192203978822086 0.11437333972264585
0 0.4602580138417972 0.8039057576790658 0.05786889604301343 0.11118373764481515
0 0.4132417148289623 0.8102070556823068 0.045970387640325405 0.10717574787512629
0 0.37253577377865943 0.8144532880240151 0.04498905852835555 0.10707338071923722
0 0.33137298085336975 0.8194456061633693 0.04688608482185469 0.10588696789751662
0 0.2843244729616431 0.8250528583196669 0.05675961990102757 0.10830122454475988
0 0.23377832795590392 0.8296261734422072 0.05388122247141594 0.10938436466271972
0 0.1847359386277268 0.8347420207683411 0.053881222471415885 0.10938436466271961
0 0.7325531751699854 0.7566428943630068 0.056850060903498645 0.068188578838277
0 0.6432637174047109 0.7652577106379505 0.039130424928514596 0.06495675886274777
0 0.4588313577812571 0.7837983070601671 0.05279799475248448 0.06499908916947572
0 0.3716970769501744 0.7963808163738557 0.043311575570082084 0.07092651312969078
0 0.23241623148462903 0.8109098707412621 0.05115897568326122 0.07174511314971566
0 0.8451638404532738 0.836397235803507 0.052552386267844975 0.03868617291736187
0 0.7916104078438814 0.8398883635852822 0.057650353709277624 0.043368165163595984
0 0.7360953946047425 0.8435841132698061 0.05647650538884297 0.03909551664199662
0 0.6875431609686258 0.8486488301000372 0.0437247945032333 0.03776532439542313
0 0.6482773764946339 0.8520464034049906 0.03777554030188923 0.03576132951057864
0 0.6080626088642405 0.8562413990867128 0.04562192268721921 0.036579823366520325
0 0.5663763564298169 0.8605898924202274 0.04071743231575642 0.03606821240513347
0 0.5183142784857606 0.8656034787545553 0.05837357370648488 0.0379100093681477
0 0.46198026457593455 0.8728768092499067 0.0575212692187243 0.04058790056545436
0 0.4148349435653994 0.876397905496694 0.03999523004639832 0.041526474364665056
0 0.3745555916655866 0.8792018695764201 0.04378924694899389 0.03915544732707488
0 0.332411469628327 0.884296554871663 0.04372473463688925 0.037765318150477234
0 0.2863109124476731 0.8891055255481883 0.05157213475006839 0.038583918170501774
0 0.23690746400895968 0.8970536641488196 0.05033276164269784 0.032921147501705494
0 0.18789733083683494 0.9028645760632523 0.05039727395480248 0.03431127667830325
0 0.18995462854592615 0.9575033639936066 0.05180413557543237 0.08499327201278695
0 0.23948816136084067 0.952663245758607 0.05474596772295545 0.08595407391969068
0 0.29150565672044226 0.9479354802070801 0.05677210268894933 0.08754973054690895
0 0.33711507041435884 0.9431777430680678 0.042059828901442275 0.08601502256167004
0 0.37671065772848256 0.9362536195290527 0.04474452763790926 0.08076057687615257
0 0.4170222237602049 0.9341438144897543 0.042588457463361595 0.07638558071795687
0 0.46567023806980146 0.9311643944660299 0.06141838205516276 0.08249990676414043
0 0.5219730135514242 0.9231958932182964 0.05867008684395347 0.08636341764432531
0 0.5700663897900278 0.9188774713914043 0.04500261891047053 0.0863219991304156
0 0.6107723308403308 0.9146312390496959 0.044021409531188715 0.08621964446441854
0 0.649973573069046 0.9098435396906177 0.041995214698850925 0.08462398159225393
0 0.6902528829447161 0.9070386700630202 0.04578935133413453 0.08225296704455609
0 0.7393274984957734 0.9026178904476582 0.059585945782313576 0.08507555570447956
0 0.7942878736639193 0.8975831389599662 0.05755979297411851 0.08348079838018674
0 0.8482346934972151 0.8919556869173915 0.057559792974118396 0.08348079838018674
0 0.7379601011480542 0.8943784677095326 0.05685012076984264 0.06818858508322279
0 0.6491608137923197 0.9029431187556598 0.038278180307098286 0.06763465630500043
0 0.4648252525701949 0.9235689058203002 0.0597284583331103 0.06710543872031716
0 0.37654933492407827 0.9327773910396865 0.044550995954613204 0.07659030253984311
0 0.23873892660154195 0.9471530570418569 0.05312055631300769 0.07194973505246471
0 0.14885069028942471 0.08272376883571736 0.04634504243550777 0.031120791151217922
0 0.15155416791673154 0.15159154687315093 0.048912220444475685 0.10748263867392048
0 0.15484458376510807 0.2224943392974795 0.04594440916570591 0.043531418904230956
0 0.15852831323850514 0.29125986966264594 0.04799648058217648 0.10877049895447291
0 0.1636512414267081 0.3591768409101944 0.04856471532275636 0.03688685653200802
0 0.16625799556482326 0.4259603944019378 0.052771904305287276 0.10650094601479237
0 0.16892915749804735 0.4941331211706112 0.048693737320456676 0.03966705828846162
0 0.17209050374324936 0.5622546860225377 0.05179057519331742 0.10639857885890325
0 0.11046216293301922 0.0944109322910843 0.03179922339693453 0.07526006513806327
0 0.0752610926431261 0.07922449736758466 0.04182766738626667 0.03895084841675236
0 0.07729969634296562 0.11253910546362353 0.04071743444979495 0.036068258389986244
0 0.037259680978295115 0.09925333700878977 0.04233036389260506 0.07082410894154477
0 0.009202051120085021 0.10558464457077447 0.018404102240170042 0.07509778144628146
0 0.007414316906818964 0.0882584224086019 0.014828633813637929 0.0400339939500116
0 0.11330719369012796 0.14510395032718304 0.028947950507159315 0.0348405234361964
0 0.07940376951874842 0.14724372778361355 0.0418276676325019 0.03895085372269691
0 0.039679097714071326 0.15138759921437897 0.04084645825322016 0.038848499056700014
0 0.010434399261370894 0.15563372539200426 0.020868798522741788 0.03915547562544583
0 0.11695866667915909 0.21317440902945783 0.031192480609123302 0.10424986445801712
0 0.08302298668004086 0.21461912897218216 0.046099412264534595 0.10995600622832177
0 0.04372398900927557 0.21732175529445563 0.04204626950426818 0.1067664253742695
0 0.013737816339321616 0.22285563558855026 0.02747563267864323 0.10449683164632592
0 0.0837202550646369 0.19778324952174514 0.04122108873556003 0.0679416170652675
0 0.011885559307915253 0.20274822387991162 0.023771118615830505 0.06943400098872521
0 0.12110138800023706 0.28119459716847994 0.02796662073856221 0.03473814213112186
0 0.08713339165040884 0.28194425169325876 0.04280899608784451 0.039053206729400436
0 0.04694989238139065 0.28683441500489004 0.040910969908697546 0.04023861408411239
0 0.014086163974276183 0.2923683023735774 0.028172327948552366 0.037560724546099156
0 0.12164968918008033 0.3460966370475933 0.028057112838540815 0.09977262857698582
0 0.0892489579794485 0.3487780836524941 0.04577680867986875 0.10300445479746095
0 0.04900190425983079 0.3522780178683905 0.04374975787651257 0.10140960379897723
0 0.01582162809670095 0.35577798038265795 0.0316432561934019 0.10300445479746106
0 0.08847472749916194 0.33209475073594785 0.04435741436764762 0.07241895286543582
0 0.01504692919169754 0.3396874227642337 0.03009385838339508 0.06804390011049838
0 0.12575909196660517 0.4134209046177859 0.027244417155949635 0.040196375792282246
0 0.09293268745284558 0.41754361401766055 0.04189217863135203 0.040340954600923684
0 0.05222776413039187 0.4217897401952858 0.042873507743321895 0.0404433217568127
0 0.016234476881097235 0.4246457654946843 0.03246895376219447 0.04312217509873306
0 0.12937831044115206 0.48079633410472555 0.03308955024001961 0.10306438548253921
0 0.09553939825356356 0.4843262336631611 0.0438787825007218 0.1041898621521728
0 0.05483447493110985 0.4885723598407864 0.04682157250975 0.1044968387209187
0 0.018033961908956717 0.49351362847242275 0.03606792381791343 0.10279973297557499
0 0.09519082455745788 0.4662025780428297 0.043053526321663566 0.06536599642329971
0 0.018111530607322873 0.4738463774445456 0.036223061214645746 0.06387351258070484
0 0.13244288887482436 0.5468327193409408 0.029928201368308704 0.034942764033870755
0 0.09811385092834754 0.5504137462728063 0.041698643008292624 0.03617059536950129
0 0.057504723653480486 0.5567461486732106 0.04287350774332191 0.040443321756812756
0 0.018873214221899706 0.560889913939893 0.03774642844379941 0.04013634518806697
0 0.13691441118050462 0.6113255091696101 0.033812830103570946 0.09760623593203699
0 0.10108166483362625 0.6143650226392379 0.046628035573436116 0.10032645119112515
0 0.06138924655849255 0.6192039020615601 0.04178817724676609 0.10120498189622829
0 0.022505424348292925 0.6233477734923256 0.04501084869658585 0.10171658036772302
0 0.09932614857876704 0.5977849907248233 0.041285602360919105 0.0693317745402362
0 0.02271228641278942 0.6079020090693008 0.04542457282557884 0.06567298548193756
0 0.1381142227598663 0.6796526863672703 0.03123213275168993 0.04199665432224964
0 0.10375191092948798 0.68253875487492 0.04110454821252693 0.04440989301259202
0 0.06396374716706434 0.6852924475617465 0.041956690943456665 0.04173108377752155
0 0.02378120313304233 0.6901824543574988 0.04189217863135205 0.040340954600923795
0 0.14173343992115872 0.7470280875558388 0.032766988679496456 0.09611373959955005
0 0.10727537997698156 0.7478289127312508 0.04479547956789891 0.10290208764157205
0 0.06663395123878332 0.7534652742495571 0.04590583330407802 0.10578471315065674
0 0.025928968049985544 0.7577114066721283 0.04492450419210816 0.10568234599476756
0 0.10705578625443349 0.7324845533195015 0.044228392369947286 0.0696387511089821
0 0.026626191127302693 0.7408745509278922 0.04409936774573805 0.06685849275578659
0 0.14568258228178005 0.810876982617196 0.0300572246792635 0.03772299408869528
0 0.11037221522333338 0.8145603767049504 0.043789246948993873 0.039155447327074766
0 0.06969853032908284 0.8195016736349579 0.04091096925207033 0.040238599934926955
0 0.02951598892156975 0.824391737027452 0.04280899543121726 0.039053192580215
0 0.14881167368418421 0.8783035111791946 0.03308955024001964 0.10306438548253927
0 0.11448155814351417 0.8818846505200891 0.04485999188000353 0.10429221681816991
0 0.07426676057994876 0.8860796493242845 0.04485999188000353 0.10429221681816991
0 0.03405196301638336 0.8902746481284799 0.04485999188000353 0.10429221681816991
0 0.1131526882789802 0.8638622875020041 0.04207231694238184 0.06526364175730281
0 0.03321321891073772 0.8722011577369648 0.04122109004881448 0.06794164536363845
0 0.1518439966184314 0.9436448459762963 0.032083317621114577 0.039317745168041984
0 0.11659814187208936 0.9487183692406485 0.043853759261098524 0.04054557650367274
0 0.0765446697394372 0.9563896531309524 0.04182766631924742 0.03895082542432593
0 0.0368199979347601 0.9605335245617177 0.040846456939965706 0.0388484707583292
0 0.15322483351429528 0.980168508373904 0.029528601370362006 0.039662983252192086
0 0.11895929015207392 0.9830422712443527 0.04116906052463157 0.033915457511294655
0 0.07831887914172485 0.9864787193675768 0.04398282590945049 0.0270425612648465
0 0.0351612317027872 0.9887297101765204 0.043982825909450504 0.022540579646959213
