0 0.42773398756980896 0.29629600048065186 0.06901001930236816 0.07692301273345947
0 0.49869799613952637 0.29131099581718445 0.07552099227905273 0.07834798097610474
0 0.5729169845581055 0.2870369777083397 0.07552099227905273 0.07834799587726593
0 0.4257810115814209 0.3682340085506439 0.0703120231628418 0.07549899816513062
0 0.49739599227905273 0.36395999789237976 0.07552099227905273 0.07834798097610474
0 0.5716149806976318 0.3596870005130768 0.07552099227905273 0.08119702339172363
0 0.42317700386047363 0.4330480098724365 0.07291698455810547 0.059828996658325195
0 0.4960939884185791 0.4294869899749756 0.07552099227905273 0.05840498208999634
0 0.570963978767395 0.42663800716400146 0.0742189884185791 0.061254024505615234
0 0.4179689884185791 0.5740739703178406 0.07552099227905273 0.08262097835540771
0 0.4928390234708786 0.5747860074043274 0.07421901822090149 0.08404600620269775
0 0.5690100193023682 0.5762109756469727 0.078125 0.08119702339172363
0 0.4173179864883423 0.6381769776344299 0.0742189884185791 0.04558396339416504
0 0.4928390234708786 0.6381769776344299 0.07682302594184875 0.04843294620513916
0 0.5690100193023682 0.6417379975318909 0.078125 0.05270695686340332
0 0.9680989980697632 0.24786299467086792 0.06119799613952637 0.09686601161956787
0 0.9694010019302368 0.33903101086616516 0.0585939884185791 0.09401696920394897
0 0.9713540077209473 0.43162399530410767 0.05729198455810547 0.09686601161956787
0 0.9700520038604736 0.5277780145406723 0.05729198455810547 0.0925929844379425
0 0.9707030057907104 0.6217949986457825 0.0585939884185791 0.09829103946685791
0 0.9700520038604736 0.7236469984054565 0.05729198455810547 0.10541296005249023
