0 0.49463705285116377 0.26576559709349434 0.08099743232218376 0.09363516184005982
0 0.5619637970698417 0.2778230744439567 0.08738309783819898 0.09662698201032899
0 0.632176295086814 0.29137484003511466 0.08738310104780833 0.09662699693680768
0 0.4773187664042587 0.33735657640992 0.08190627854405419 0.09252156817749824
0 0.545100124163433 0.35028266877499215 0.08738309783819898 0.09662698201032899
0 0.6153124023221672 0.3638354568299387 0.08799676230088527 0.09948086502532644
0 0.46092713033022426 0.40165501776674173 0.08096309524321449 0.07745085275281877
0 0.5297704840293673 0.41560815262768047 0.08308751079158166 0.07665009943491968
0 0.6002838237467236 0.43074379486218234 0.0824856059277711 0.07919114210525469
0 0.42568881517829266 0.5416692237178151 0.08830347256707438 0.10090723932663592
0 0.4954351770356764 0.5603719468591457 0.0873948724225097 0.10202185515053097
0 0.5662425738359409 0.5801014021629776 0.09042790095387876 0.1001065457146516
0 0.41127367639288315 0.6057247235885679 0.07911038077159177 0.0634944571402376
0 0.48178119088504706 0.6238706200456604 0.08215519887270639 0.06697396829942992
0 0.5521284966091533 0.6457397562132857 0.08429133335763983 0.0715680738001645
0 0.9852809270037526 0.347087072583672 0.029438145992494946 0.11173500234749378
0 0.9768314254753603 0.438722826025175 0.04633714904927955 0.10825543864317116
0 0.9679216274558133 0.5319423889408679 0.06415674508837343 0.11079648131350617
0 0.9510932080341605 0.6279469360870354 0.0734325142822364 0.10651619414424185
0 0.9314503703416477 0.7222800777388114 0.07587540611488708 0.11253677066594214
0 0.9089043539541579 0.8241487066019546 0.07619385030307735 0.11935795124075488
