0 0.546999990940094 0.5566669702529907 0.04999995231628418 0.0679999589920044
0 0.5870000123977661 0.5540000200271606 0.04200005531311035 0.0679999589920044
0 0.6290000081062317 0.550000011920929 0.04200005531311035 0.07066702842712402
0 0.671999990940094 0.5466669797897339 0.04400002956390381 0.06933295726776123
0 0.7160000205039978 0.5433329939842224 0.04400002956390381 0.0733330249786377
0 0.7630000114440918 0.5393329858779907 0.04999995231628418 0.07066702842712402
0 0.8130000233650208 0.5346670150756836 0.04999995231628418 0.07200002670288086
0 0.8650000095367432 0.5313330292701721 0.054000020027160645 0.07599997520446777
0 0.9179999828338623 0.527999997138977 0.06400001049041748 0.07200002670288086
0 0.9700000286102295 0.5239999741315842 0.059999942779541016 0.06933298707008362
0 0.5529999732971191 0.6179999709129333 0.029999971389770508 0.059999942779541016
0 0.5879999995231628 0.6166669726371765 0.039999961853027344 0.06266701221466064
0 0.6290000081062317 0.613332986831665 0.04200005531311035 0.06400001049041748
0 0.6729999780654907 0.6100000143051147 0.046000003814697266 0.06266701221466064
0 0.7200000286102295 0.6079999804496765 0.04400002956390381 0.06666696071624756
0 0.765999972820282 0.6060000061988831 0.04400002956390381 0.0679999589920044
0 0.8140000104904175 0.6019999980926514 0.04799997806549072 0.0679999589920044
0 0.8659999966621399 0.6000000238418579 0.0559999942779541 0.07200002670288086
0 0.9210000038146973 0.5946670174598694 0.054000020027160645 0.07466697692871094
0 0.9729999899864197 0.5926669836044312 0.054000020027160645 0.07066702842712402
0 0.5450000166893005 0.6773329973220825 0.046000003814697266 0.06133294105529785
0 0.5879999995231628 0.6759999990463257 0.039999961853027344 0.06400001049041748
0 0.6299999952316284 0.6733329892158508 0.039999961853027344 0.06400001049041748
0 0.6759999990463257 0.6733329892158508 0.04400002956390381 0.06400001049041748
0 0.718999981880188 0.671999990940094 0.046000003814697266 0.06666696071624756
0 0.7689999938011169 0.6679999828338623 0.054000020027160645 0.07200002670288086
0 0.8230000138282776 0.6686670184135437 0.04999995231628418 0.07066702842712402
0 0.8740000128746033 0.6686670184135437 0.059999942779541016 0.0679999589920044
0 0.9309999942779541 0.6666669845581055 0.0700000524520874 0.07200002670288086
0 0.9769999980926514 0.6626669764518738 0.046000003814697266 0.06933295726776123
0 0.5460000038146973 0.730666995048523 0.04799997806549072 0.045333027839660645
0 0.5910000205039978 0.7313330173492432 0.04200005531311035 0.04666697978973389
0 0.6330000162124634 0.7300000190734863 0.04200005531311035 0.04933297634124756
0 0.6769999861717224 0.7286670207977295 0.046000003814697266 0.04666697978973389
0 0.7239999771118164 0.7286670207977295 0.04799997806549072 0.04666697978973389
0 0.7739999890327454 0.7286670207977295 0.05200004577636719 0.04666697978973389
0 0.8270000219345093 0.7273330092430115 0.05799996852874756 0.04666697978973389
0 0.8820000290870667 0.7279999852180481 0.059999942779541016 0.04799997806549072
0 0.9380000233650208 0.7286670207977295 0.05200004577636719 0.05200004577636719
0 0.9819999933242798 0.7273330092430115 0.03600001335144043 0.054666996002197266
0 0.48999999463558197 0.6973329782485962 0.06799998879432678 0.026666998863220215
0 0.48899999260902405 0.7313330173492432 0.06999999284744263 0.04400002956390381
0 0.4300000071525574 0.7273330092430115 0.04799997806549072 0.04933297634124756
0 0.4309999942779541 0.6933330297470093 0.050000011920928955 0.024000048637390137
0 0.20999999344348907 0.6753330230712891 0.02799999713897705 0.03066694736480713
0 0.24500000476837158 0.6773329973220825 0.03799998760223389 0.026666998863220215
0 0.28999999165534973 0.6813330054283142 0.0559999942779541 0.029332995414733887
0 0.3400000035762787 0.6859999895095825 0.04000002145767212 0.025333046913146973
0 0.38199999928474426 0.6886669993400574 0.04399996995925903 0.025333046913146973
0 0.20900000631809235 0.699999988079071 0.030000001192092896 0.021332979202270508
0 0.24199999868869781 0.699999988079071 0.03599998354911804 0.018666982650756836
0 0.29100000858306885 0.7020000219345093 0.054000020027160645 0.014667034149169922
0 0.33799999952316284 0.7039999961853027 0.04000002145767212 0.013332962989807129
0 0.375 0.7053329944610596 0.026000022888183594 0.013332962989807129
0 0.3959999978542328 0.7066670060157776 0.019999980926513672 0.010666966438293457
0 0.2070000022649765 0.7386670112609863 0.030000001192092896 0.06133294105529785
0 0.2409999892115593 0.7379999756813049 0.03399999439716339 0.059999942779541016
0 0.289000004529953 0.7379999756813049 0.058000028133392334 0.05733299255371094
0 0.33799999952316284 0.7360000014305115 0.03600001335144043 0.05066704750061035
0 0.3720000088214874 0.7346670031547546 0.02799999713897705 0.05066704750061035
0 0.3959999978542328 0.7326670289039612 0.019999980926513672 0.04400002956390381
0 0.05899999849498272 0.663332998752594 0.0859999991953373 0.08399999141693115
0 0.11800000071525574 0.664667010307312 0.0559999942779541 0.08399999141693115
0 0.16899999976158142 0.6679999828338623 0.057999998331069946 0.08266699314117432
0 0.01500000013038516 0.6613330245018005 0.026000001467764378 0.09333300590515137
0 0.026000000536441803 0.75 0.035999998450279236 0.08666706085205078
0 0.06400000303983688 0.7493330240249634 0.035999998450279236 0.08800005912780762
0 0.10900000110268593 0.7480000257492065 0.05000000447034836 0.08266699314117432
0 0.15299999713897705 0.7480000257492065 0.041999995708465576 0.08000004291534424
0 0.18400000035762787 0.75 0.02399998903274536 0.08399999141693115
