0 0.4580574616931353 0.17273147052480098 0.7538814783971637 0.27941518551798783
0 0.21082950980138748 0.378350581911858 0.1623639317493024 0.1434967532903753
0 0.3447520824335784 0.364127292072747 0.16463712464070057 0.14497231990582338
0 0.4756944706709593 0.3502059718901187 0.15640564711994454 0.1428929112167714
0 0.6040897022476914 0.33849932128869176 0.15781735955649423 0.14054459894261667
0 0.743683446859098 0.3223979431984889 0.17880287858537236 0.13893465470346833
0 0.7735364960824708 0.45039705254625545 0.17882702185180666 0.14765636386477088
0 0.6357852477708132 0.4656595556101192 0.15640563018348141 0.1428929651797763
0 0.5037051044475056 0.47904397721145114 0.16633611790632413 0.1438992771888724
0 0.3706319778540935 0.4925290233759896 0.15839177536599885 0.14309423240901603
0 0.2395458970981692 0.5058127110428694 0.16236393174930241 0.14349675329037526
0 0.26235120797152595 0.6521262905844722 0.15896616550099343 0.14564375191513002
0 0.39670449952565456 0.639814914717229 0.16832220354140548 0.1441005383838364
0 0.5338935207062928 0.6265649464170173 0.16463715441441856 0.14497232292296125
0 0.6672537545560218 0.6143542026558251 0.1600907090841862 0.14202118365778948
0 0.8015951629365492 0.5974816766582551 0.1665992724054266 0.1364527836217686
0 0.8344394420194791 0.7297410130063287 0.16523551219348653 0.15624264292523182
0 0.700241695358975 0.7472512037811406 0.16748469278023437 0.1489974045188165
0 0.5629090571188904 0.7598635027784036 0.16691050804131868 0.14644879669498612
0 0.4288428579342196 0.7734491825575619 0.1609522511360748 0.14584501311009412
0 0.2932213143666937 0.7891480352406988 0.1717441618159338 0.15067514250294356
