0 0.4711729884147644 0.1900000013411045 0.70775306224823 0.21733301132917404
0 0.7584490180015564 0.3746669888496399 0.133201003074646 0.13600003719329834
0 0.6242539882659912 0.37400001287460327 0.13518905639648438 0.13733303546905518
0 0.4930420219898224 0.37333300709724426 0.12723702192306519 0.13599997758865356
0 0.3648110032081604 0.3746669888496399 0.1292250156402588 0.1333329677581787
0 0.2246519923210144 0.37266701459884644 0.1510930061340332 0.1293330192565918
0 0.22365802526474 0.5066670179367065 0.14910495281219482 0.13866698741912842
0 0.3618289828300476 0.5080000162124634 0.1272369623184204 0.13600003719329834
0 0.4940360188484192 0.5080000162124634 0.1371769905090332 0.13600003719329834
0 0.6272369623184204 0.5080000162124634 0.1292250156402588 0.13600003719329834
0 0.7584490180015564 0.5080000162124634 0.133201003074646 0.13600003719329834
0 0.7683899998664856 0.6600000262260437 0.1292250156402588 0.13866698741912842
0 0.6341949999332428 0.6613330245018005 0.1391649842262268 0.13600003719329834
0 0.4970179796218872 0.6620000004768372 0.13518905639648438 0.13733303546905518
0 0.3638169765472412 0.663332998752594 0.13121294975280762 0.1346670389175415
0 0.2286279797554016 0.6600000262260437 0.13916504383087158 0.12800002098083496
0 0.2256460189819336 0.7986670136451721 0.133201003074646 0.14933300018310547
0 0.3608350157737732 0.8026670217514038 0.1371769905090332 0.1413329839706421
0 0.4980120062828064 0.8013330101966858 0.1371769905090332 0.13866698741912842
0 0.6322070062160492 0.8013330101966858 0.1312130093574524 0.13866698741912842
0 0.7683899998664856 0.8033329844474792 0.1411529779434204 0.14266693592071533
