0 0.8835940062999725 0.7377139925956726 0.09062498807907104 0.3622859716415405
0 0.9707030057907104 0.7360000014305115 0.05234396457672119 0.3634289503097534
0 0.884766012430191 0.3348569795489311 0.08828097581863403 0.24228598177433014
0 0.9730469882488251 0.3348569869995117 0.05234402418136597 0.24685698747634888
0 0.40937501192092896 0.3754290044307709 0.1015620231628418 0.15657097101211548
0 0.7617189884185791 0.7337139844894409 0.1015620231628418 0.36114299297332764
0 0.6468749940395355 0.7342860102653503 0.09687501192092896 0.3668569326400757
0 0.5253910422325134 0.7302860021591187 0.09609401226043701 0.35885703563690186
0 0.408594012260437 0.7319999933242798 0.09843695163726807 0.3645709753036499
0 0.04882800579071045 0.7302860021591187 0.09296894073486328 0.36114299297332764
0 0.28945302963256836 0.7302860021591187 0.09609401226043701 0.36114299297332764
0 0.17109400033950806 0.7314289808273315 0.09843695163726807 0.36342906951904297
