3 0.38608351560741755 0.4783023512178023 0.15311668488129848 0.4339295307095039
0 0.017672570593104356 0.17241423661428687 0.03534514118620871 0.15691801249856246
0 0.09471681604154128 0.129991023529178 0.17852325408701303 0.16977715382711928
0 0.02344412629978633 0.31196044413140855 0.04688825259957266 0.17388837545504976
0 0.10960525043268829 0.2713636058021691 0.1912286125616906 0.19401305119815582
0 0.030404178991420103 0.4577411409376652 0.060808357982840205 0.1724124932281269
0 0.12200022243345428 0.4159694264363033 0.19806615312315953 0.20347054263757042
0 0.07348351572019597 0.6591543057845616 0.14696703144039194 0.2959217237984737
0 0.22496129766486672 0.5880843060564386 0.2407893654065483 0.3117346646296948
0 0.28387802085118397 0.08538084664768782 0.1796799144589752 0.17076169329537563
0 0.44314651894558343 0.0617987181088701 0.1763343736112531 0.1235974362177402
0 0.3059100716301454 0.20840846813544378 0.18437031525875663 0.19020657122605186
0 0.47060520124652194 0.16041796876782463 0.18018523160887062 0.16894255424759175
0 0.49569769291499466 0.29035194706801115 0.19289063400818707 0.19317847053348608
0 0.6129329485526348 0.03474950396928995 0.1519508317862639 0.0694990079385799
0 0.7404750653768384 0.014276436078237337 0.16762527100433455 0.028552872156474673
0 0.6458515228652263 0.10323235731273595 0.1486271100209524 0.17915365835286456
0 0.7758974530452998 0.07792179382050683 0.179152964053785 0.15584358764101366
0 0.6772229290696912 0.22861164145584123 0.15550612543068565 0.17730914213353965
0 0.8082159743205755 0.1852848391916701 0.18317087173688373 0.19403115744120733
