0 0.4384646751542769 0.5702172917564869 0.04003983933636701 0.0718782983533448
0 0.4741121056369499 0.565492616976412 0.03915962578887833 0.07176163573018823
0 0.5100314462584483 0.5578542820437219 0.04075190930013767 0.06913957838117968
0 0.5476495971764115 0.5564660078827363 0.04188444432560556 0.07353920738874908
0 0.5859798133681023 0.5521046244871597 0.042680593298890734 0.07222830124214163
0 0.6225074573982641 0.5472632870839282 0.04180032309137327 0.0721116311093214
0 0.6601863468842932 0.53939174330471 0.04163212284762652 0.06925624100433614
0 0.6985783309046547 0.5285490531105281 0.041127594292940994 0.06069129596834777
0 0.7368468122877325 0.5306700217555107 0.04196851611746444 0.07496689868640993
0 0.7738566739620395 0.5264847481876506 0.04012398890061375 0.07330587838760416
0 0.8110963915647997 0.5186714118105621 0.04242829293327044 0.0679452160846637
0 0.8488172986323158 0.511513164182055 0.04217599978530595 0.0636622534550827
0 0.32361174510877166 0.5329277461655006 0.029304119229445258 0.037877334096915516
0 0.35005946447338726 0.5301413187562571 0.027459542570221096 0.036216428816343016
0 0.3755008206483117 0.5253305052578501 0.027291407285373936 0.03336214146242833
0 0.4014663837188539 0.5218890555003572 0.0281716774928914 0.03347881159524835
0 0.42751604691126943 0.5198753007953572 0.02745954257022115 0.036216428816343016
0 0.4530415032080673 0.5164921823494426 0.027459542570221096 0.036216428816343016
0 0.47812586118061673 0.5131675266342184 0.026579272362703688 0.03609975868352294
0 0.502771047269897 0.509901078321124 0.026579272362703743 0.03609975868352289
0 0.5287366386704536 0.5064596248087995 0.029220026325227355 0.03644976157231966
0 0.5542620666372371 0.5030765101177167 0.025699002155186057 0.0359830885507027
0 0.5802697369693524 0.5003493942432253 0.030184332776933886 0.03799399672007209
0 0.6075556770211563 0.4967329430413341 0.02842390568195652 0.037760671473759055
0 0.6326400349937058 0.49340828732611 0.025783095059404015 0.03741066107529872
0 0.6577253561867449 0.49008350394660544 0.028423905681956407 0.037760671473758944
0 0.6841310826910603 0.4865837153678709 0.02842390568195652 0.037760671473758944
0 0.710096617431588 0.4831422693652099 0.027543635474438943 0.03764400134093898
0 0.7351398596930683 0.4791031483478722 0.026579272362703743 0.03609975868352289
0 0.7615455861973837 0.4756033597691376 0.03010023987271615 0.03656642419547623
0 0.4484410993633893 0.6868684917473309 0.03925999877487729 0.16242516877566127
0 0.4789948319379668 0.6785024675397417 0.041525011084568964 0.17122344656762623
0 0.5127135867207575 0.6711568456713923 0.04659897760053111 0.1832271173533736
0 0.5512736813047796 0.6631685078499054 0.050792730569004574 0.1951141255159643
0 0.5914288218874679 0.6671981151652886 0.04709810388054636 0.16204747487989524
0 0.6295057675456972 0.6585538986818271 0.04680657566964508 0.17192345985488333
0 0.6715869759798467 0.6500999255710136 0.056449066368767675 0.18736561370787597
0 0.7202690164197294 0.6407700351701981 0.061354839858638544 0.1965140169165348
0 0.7817781784589379 0.6383718656488238 0.0573685716392216 0.17332333623612683
0 0.8322198574434378 0.6288098041337703 0.06210631594664706 0.17961734458230127
0 0.8883840813271618 0.6184882326233108 0.07174874890452565 0.19505851821211995
4 0.3564192555017729 0.6983460480273374 0.07082372803934395 0.17935619315507545
3 0.6623734800875263 0.46357082891320744 0.017189074811545857 0.024940567460111474
3 0.4147922382851524 0.7330507947325232 0.03765678079647827 0.10555584560359565
3 0.7188082539677159 0.6762119899886208 0.03224192529646863 0.05809704978092489
3 0.7838608727064342 0.6812571238876537 0.024779496884732244 0.05002536602245178
3 0.8182692685323547 0.6630295266034232 0.022934856347823773 0.04836433070431889
3 0.9484325375743855 0.6515320104106959 0.025239225339380056 0.04300477115244894
3 0.9970143820670626 0.6353392355434523 0.00597123586587478 0.05404730726236728
