0 0.14791615765745514 0.8851214497053377 0.11506883439807311 0.22975710058932453
0 0.17653118850230418 0.19117949736785841 0.1041819308484432 0.1442035483075484
0 0.1934522962752498 0.28611913419336593 0.11295494316486449 0.18824376285744351
0 0.21136698254356556 0.41105743318551013 0.11486216427378892 0.19213282296068773
0 0.22821109781143387 0.5418308698838431 0.11247447850752018 0.178167846845729
0 0.2469613101377628 0.6756961043748764 0.11569306840561852 0.18245550649279352
0 0.26675739574895324 0.8156725557296336 0.11098215123106203 0.1694395482304838
0 0.2816997125291134 0.9369724132404313 0.12135161070020922 0.1260551735191373
0 0.25881413421450344 0.18453288980405858 0.09573409138830555 0.17473464389713037
0 0.3322863467961017 0.19892821976950664 0.08738936465939129 0.16226835882704882
0 0.39416911913054326 0.21409135930152695 0.07743575293467186 0.14765791688245467
0 0.4510164951672295 0.22803116411370455 0.07171280987214385 0.13598854095192622
0 0.502024375358765 0.24007274998150663 0.0639651150364084 0.1270140056721506
0 0.5499050367417931 0.253983184102683 0.05902114517272805 0.1271663773377462
0 0.5909921214907561 0.2644497989583593 0.05562038830749416 0.11454772060206905
0 0.6300216501692139 0.270950370059445 0.05168830538958735 0.11335253701200601
0 0.6660720985417583 0.28019199963582797 0.05049446973305882 0.1063700511511031
0 0.6983996316498162 0.28781241997762497 0.04828874713075659 0.10073512054585873
0 0.730576765812542 0.2945592365295468 0.04578332442867361 0.09335307916908445
0 0.7588227420628995 0.3025009555097496 0.04185124151076669 0.09215789557902143
0 0.7850113202179243 0.30647755469788696 0.03702382442970931 0.08572609663005565
0 0.8114981766732221 0.3121990746873672 0.03743981111633443 0.08088812099001957
0 0.8353635040300234 0.3187184591676665 0.03904852332679498 0.0830312672805203
0 0.2762484041218337 0.2985986956463103 0.09322872649906849 0.16735262009296745
0 0.34751486766306866 0.30815571984858825 0.08488515043715938 0.15488761546746227
0 0.41046837619973586 0.31748464344036853 0.08005652487625065 0.1484545185013087
0 0.4686848125669176 0.327335154371105 0.0709984729761487 0.13908169119841174
0 0.5190052510927311 0.3313220541899241 0.06426361406142417 0.12875986173723614
0 0.2926120718324117 0.4184996790514619 0.09525364612089693 0.1646587611523977
0 0.3656038416149634 0.4220225390902377 0.08750592237873828 0.15568421708631625
0 0.428019172451628 0.42416970027242495 0.07874613890546117 0.14805621769188176
0 0.4850416366884456 0.42703674928268426 0.06849424888046873 0.13170089009116726
0 0.535570147545158 0.4282065412915389 0.06658680704680142 0.12781085957895771
0 0.5666451434149753 0.33979589585510656 0.06003302718177761 0.12581879320825862
0 0.31129882989767876 0.535856938765012 0.09525364612089687 0.16465876115239758
0 0.38208487707792815 0.5345414698173974 0.08690891939198264 0.152192476082316
0 0.44652398427450224 0.5324003316874739 0.07755231065401874 0.14107377514172226
0 0.503306925700104 0.5298324748934761 0.07242636564152244 0.13289611134136492
0 0.5521350464659469 0.5250910428300681 0.06628830802178576 0.12606500351387206
0 0.6000994009898164 0.5233660516155166 0.05985108587610888 0.11748879540244056
0 0.3304652182605906 0.664087963286725 0.097278412704277 0.16196400712313141
0 0.4012185736476792 0.6545188229469813 0.0860135802921077 0.14695583184958427
0 0.4657752139768987 0.6449965994123342 0.07987557132569051 0.14012484830371275
0 0.5221690977892955 0.6361188844778161 0.07171283384184274 0.13598852086440305
0 0.571054917501546 0.6276868013875306 0.06569147288365074 0.1225742442200548
0 0.6168135469547511 0.6211234667496743 0.06247278775995013 0.11828570705690544
0 0.3493658307664327 0.7988268087860908 0.0996006708106677 0.16101466605541315
0 0.4217550072708722 0.7786601782751347 0.08792177928269251 0.15084516181339302
0 0.4835079465977353 0.760808226795234 0.0811859572964801 0.1405231491131398
0 0.5411216655547796 0.7469683433012366 0.0740352696703026 0.13504021925452547
0 0.5921816469962801 0.7351214852856862 0.06890907502664056 0.12686157625889716
0 0.6374598361188007 0.7176856951580721 0.06509448470706736 0.11908258983754128
0 0.36847434052794714 0.925020470375999 0.10091199624020702 0.149959059248002
0 0.44181672979693476 0.9121278181557506 0.09435814410912541 0.15942116408331186
0 0.5066063078427794 0.8878430684440899 0.08559853835791731 0.15179420414671785
0 0.5627278624352621 0.8652758391712013 0.0752291077951932 0.1420227195523429
0 0.6140544636100191 0.8469198709471162 0.07302321981263216 0.13638682167382998
0 0.6577816630812252 0.8244467564462039 0.06670336476614858 0.12122671783822503
0 0.6077899605965322 0.34657178875678907 0.05854069496859515 0.11709046571918452
0 0.6457170705360491 0.3506525824483719 0.04978107934393883 0.10946344803493291
0 0.6810225258779288 0.35553121802833865 0.05210335719722625 0.10851422246253017
0 0.7150165073315841 0.36080748274316027 0.04858708324387595 0.10248002377459042
0 0.7452864203853855 0.36446184081069183 0.04405805449886613 0.09779407461931633
0 0.7740378800742227 0.37133163637144384 0.04697733040218488 0.10033656117708484
0 0.7994214978840914 0.37463463052216867 0.04518649422726273 0.08986234874909627
0 0.8264148156595295 0.3792838994839758 0.04054085553997744 0.09175959476959455
0 0.8493847510403337 0.38056668617798356 0.03833513540603706 0.0861246786012646
0 0.5826718671041237 0.42949864942095733 0.060448078989416176 0.12098047865878281
0 0.624024646580805 0.4334564352298811 0.057943864767184494 0.11359973529919626
0 0.6642741345359353 0.4349957416464897 0.052401851285517775 0.11026004965378694
0 0.6973727793580777 0.435035376565494 0.054128051157587564 0.10581936423916605
0 0.7313677485668418 0.4403113714197512 0.04918408623063142 0.10597176477859055
0 0.7611899155514815 0.4413469598265688 0.04316255742381858 0.09255650642405949
0 0.7879425743019102 0.4405606356151764 0.04709475103069338 0.09375169628551627
0 0.8147868104134608 0.44433795825462363 0.042149740535782576 0.09390375164410708
0 0.839067016792556 0.4452214159825812 0.04196871929892809 0.085574006126242
0 0.8631989110064919 0.4452317367007862 0.04006057812118935 0.08168469373504467
0 0.6423736935942763 0.5206166702284375 0.059552581914369074 0.11574291046352597
0 0.6800600817592136 0.5192618594456032 0.05472505414434359 0.10931110524316612
0 0.7149765062829102 0.5178307046764687 0.05222083004866329 0.10193030413592175
0 0.7475687550028449 0.5189426163612783 0.052934227842869386 0.09883695056283548
0 0.7773003274447472 0.5154142591828628 0.04769175895417321 0.09724346616334523
0 0.8069732424485172 0.515576905120223 0.04638033235215311 0.0968448490469136
0 0.8316107780761052 0.5145162263815024 0.03964553125027481 0.08652303715834947
0 0.8566053551943427 0.5115093724354682 0.0406574033858762 0.0851753952812041
0 0.878920454993471 0.512990198544333 0.03833514527948534 0.08612473634892231
0 0.6604570557534778 0.6142857920214042 0.06348465989555163 0.11693806517976013
0 0.6975465012128674 0.6094392370988728 0.05543947282288364 0.1062179524817688
0 0.7330270666131762 0.6032451557945118 0.0538295521325719 0.10407350817408023
0 0.7652303219276839 0.5980482073641391 0.052934227842869386 0.09883695056283537
0 0.7957668547147421 0.5951934552231362 0.04810680088836394 0.09240509386621165
0 0.8340176069493961 0.5890766676057324 0.06836427693069258 0.10187181252696054
0 0.8716135186656501 0.5831578905293568 0.04298060624470179 0.08422645087058345
0 0.8961016295270233 0.5812232587371668 0.03451949458178527 0.07834531812524637
0 0.7178036968091639 0.6996916638569519 0.0526357140076813 0.0970910078762629
0 0.7513760533454394 0.6904053939287651 0.04638033235215333 0.0968448490469137
0 0.6806555939116417 0.708229221895259 0.05150634927374631 0.10502245258470122
0 0.6985308713981339 0.8047153793136179 0.05764536080544458 0.11185385036028161
0 0.7357378573952552 0.7924877822971066 0.05663346892294663 0.11320137674211139
0 0.7705300102963069 0.7782392948480886 0.053414668173554 0.1089128044337393
