0 0.6460538677808518 0.6237709521366441 0.04759983163765902 0.0755006906979877
0 0.6075168709691054 0.6120750489151917 0.04664820708236128 0.07521187450516686
0 0.5688695245795737 0.5975255954605141 0.048185955025947136 0.07308027874124001
0 0.527972538544593 0.5886390740034966 0.049685723771032975 0.07743279301809469
0 0.4864894092812619 0.5767535107404181 0.05045458279781634 0.0763671020961989
0 0.4470008491670857 0.5647688099162707 0.04950295824251866 0.07607828590337806
0 0.40645132559214653 0.5496420494031509 0.04913751832837676 0.07336907634393519
0 0.3653144427851903 0.5315179352742392 0.04804135540019533 0.06524261021691091
0 0.3234849950262449 0.5258719296357284 0.04986838247523606 0.07878737920769041
0 0.2834291920894747 0.514420646253118 0.04778253591330556 0.07685517922257867
0 0.24335443949343044 0.4994379778042719 0.049906422926603494 0.0723032877570347
0 0.20271362650636565 0.4849879965329259 0.049358278736815225 0.06823958967300076
0 0.7735671665991901 0.6110093683673067 0.03388245893358599 0.041459394816187656
0 0.7449297665607415 0.6030225193274242 0.03179662805307981 0.03952731108620622
0 0.7175179470346316 0.5932930257411766 0.031431329271757735 0.03681914782293727
0 0.6894475952738017 0.58477372883824 0.03238295382705525 0.03710796401575811
0 0.6611945235559009 0.5776090367150247 0.03179662805307981 0.03952731108620622
0 0.63359998407272 0.5692341479084986 0.03179662805307992 0.03952731108620633
0 0.6064823594188096 0.5610040018206452 0.030845003497782297 0.03923849489338538
0 0.5798394444909263 0.5529179292069399 0.030845003497782186 0.03923849489338538
0 0.5517690621036625 0.5443986230089404 0.033699815910807285 0.04010492488172235
0 0.5241745532469155 0.536023743497477 0.02989337894248456 0.03894967870056454
0 0.4960127787818527 0.5281822140049227 0.034834083488883616 0.041748211009008385
0 0.4665150514409443 0.5192297114028804 0.03293095688402403 0.04117061580361808
0 0.439397365534166 0.5109995467249014 0.030076083218131044 0.04030416722515545
0 0.4122786383286339 0.5027690660147857 0.032930956884023976 0.04117061580361808
0 0.3837324742901552 0.4941053610154385 0.03293095688402403 0.04117061580361814
0 0.3556621837821933 0.4855860827026276 0.03197933232872635 0.04088179961079713
0 0.3286348792808942 0.47667783458212937 0.030845003497782242 0.03923849489338538
0 0.30008871524241554 0.4680141295827822 0.034651379213236966 0.04039372248441747
0 0.627741672823545 0.7338268361343587 0.05263151476486816 0.16016523380614311
0 0.5949866712171343 0.7196556378766337 0.05563086555077701 0.1688693137286833
0 0.5587182222973054 0.705829203777554 0.0618504686638528 0.18114903319900355
0 0.5172160634947487 0.6904133203345393 0.06711850847449868 0.1931399550666285
0 0.47320929305748416 0.686222014963051 0.061013170794004534 0.16140990040130676
0 0.4322753799091291 0.6702730789431386 0.06134055162969504 0.1706021922954829
0 0.3869666202197084 0.653702928192512 0.07268259920035464 0.18703475141195736
0 0.3345220347150202 0.6349660396296339 0.07853677808071297 0.19660537757796515
0 0.2676598288182089 0.6203125808869276 0.07275869873017352 0.17406757762656822
0 0.21331290220957183 0.6009993641391536 0.07824768565352092 0.18092996145442786
0 0.15277963049058937 0.5798075751175495 0.0895896077727854 0.1973615905298588
4 0.7272686400541073 0.7633285302811357 0.08757992493920119 0.18246312821027555
3 0.40890602670536214 0.476366887040479 0.020051100116910858 0.02686963386094471
3 0.6614560664963185 0.7849470147324717 0.04722656295958405 0.1065635391282801
3 0.33385224829285226 0.6693060221530105 0.03834361494750549 0.06100021531149469
3 0.2626544829364434 0.6610913936206816 0.029817279412665654 0.05191685248595368
3 0.22632896402602132 0.6366729155053681 0.027731310344999455 0.0499846153205904
3 0.08524757691874224 0.5994940803080939 0.02985533849111703 0.04543377015122019
3 0.019033298096678225 0.5713959875993488 0.03806659619335645 0.057513852171091284
