3 0.22096305691998114 0.36570760769025534 0.04109886992228948 0.10179493370532894
3 0.28304769674283325 0.3959150443653704 0.05318091072415049 0.1104900829719559
3 0.41371192268972823 0.4318109650968299 0.0448054415120514 0.1094710996810847
3 0.5006924546158453 0.45546821120512526 0.05629352846001273 0.10605196659511967
3 0.6037310073128264 0.48433615230814486 0.054658466291408025 0.10028284501966289
3 0.6705045603362795 0.5478912296353731 0.045675949558799056 0.1017497898846042
3 0.7732991041881336 0.594486797826242 0.05336543434006824 0.0972654972512752
0 0.23013016302497794 0.0004431795340837117 0.04909186380653513 0.0008863590681674234
0 0.2805482869122244 0.008714085272319023 0.05720414055166756 0.017428170544638046
0 0.33316870858566333 0.016163874840058618 0.057982774270339044 0.032327749680117236
0 0.3803486966786461 0.020508424845769896 0.04529346681429813 0.04101684969153979
0 0.41967372275527787 0.029142054934556367 0.04227273288009625 0.04503445353659672
0 0.45852417770951615 0.04073844786997284 0.044344324569511206 0.04694238238533366
0 0.49802161092483055 0.05109250217337004 0.04356570490529427 0.04805176931452243
0 0.5442514931396173 0.06262095653399873 0.0574682898429526 0.04929173813492907
0 0.5974322328832579 0.07752041331547403 0.0574682898429526 0.04929173813492909
0 0.6437090153501501 0.0926210175775394 0.04468734299205357 0.04969445501157059
0 0.6841555910283882 0.10324099152585836 0.04580787856990809 0.0513359248195141
0 0.7237377648493961 0.11290698131028112 0.04261563481764474 0.04778559159156215
0 0.7671652644599292 0.12720931223163767 0.05349748625737494 0.046851720668977484
0 0.8167190294167878 0.13966901050026662 0.053154584319826226 0.04410058261401205
0 0.8101573957320657 0.1883734290666965 0.05873423700065916 0.08150993615648033
0 0.8036417949418988 0.24064877464492446 0.05496196601450709 0.05124461208791262
0 0.22099651822047295 0.05065618084715108 0.05775795309001 0.10131236169430216
0 0.2700758290852739 0.058415728055533814 0.06474856363947387 0.11505846890783389
0 0.32468119576636617 0.07371431744754835 0.06949705926454286 0.11638883786629127
0 0.37216429720387756 0.08701748737577801 0.05050307676426702 0.11106736203246179
0 0.41110047747890044 0.0979260971100532 0.0524032169395659 0.11159971747838232
0 0.4500366577539233 0.10883470684432843 0.05050307676426696 0.11106736203246179
0 0.4891442877979687 0.11836775717685497 0.05206031565642749 0.10884858467381729
0 0.5352037186860734 0.1312720624423478 0.06440569133779128 0.11230734422289926
0 0.5882129362070518 0.1475470583264958 0.06664771844527184 0.11559054828632166
0 0.6347469529264147 0.16058432659919797 0.05145308888900457 0.1113335235161613
0 0.6736831332014376 0.17149293633347318 0.051453088889004794 0.11133352351616135
0 0.713179580720046 0.1818467171946378 0.052574785374949196 0.11297622895273715
0 0.7574245242999966 0.1935308635139929 0.0609501960649661 0.11399429391159754
0 0.32574270883425777 0.05336850362055701 0.06236115306105072 0.08119853774990025
0 0.4126375180572306 0.07771351192839186 0.04553065041458387 0.07117306614738259
0 0.5901388219325807 0.12815522229390372 0.059340420871942356 0.0790247085077097
0 0.6763009276827612 0.15443035155983237 0.04553065041458382 0.0711730661473826
0 0.21246209681302292 0.11061404812969058 0.05306272426434133 0.05071250835053366
0 0.26262304539232567 0.12609105836045986 0.056518220409713354 0.049025565662369236
0 0.316147641934603 0.13823965728570636 0.05773162886705269 0.044055381669919944
0 0.36324102955854526 0.15072086567602908 0.04365852134882431 0.04144011152580318
0 0.4030414660062115 0.162584387775975 0.04382996980902659 0.04281566042675106
0 0.4418919220511332 0.17418077196072412 0.04175838117352537 0.040907756079882646
0 0.4801820790352366 0.18633199965068853 0.04305135167176649 0.04392505960687407
0 0.5273620610826072 0.19812663372844075 0.059538955216461964 0.051199415906161394
0 0.5811898956813862 0.21178281643155855 0.05634682642223576 0.04765000499854663
0 0.6270767595826989 0.22606334254335744 0.04365852134882431 0.04144011152580318
0 0.6649771437948776 0.23739356300621406 0.04003062035520499 0.04175123736521738
0 0.7034387237479145 0.24816920567346473 0.04477905801736215 0.04308159008441395
0 0.7485480700576418 0.2608073291561821 0.05332603714276263 0.04547616651762923
0 0.8000010472378686 0.27379912741789325 0.057468290497362906 0.04929174338532949
0 0.2029397364191526 0.17913219190589708 0.06060726623664525 0.11124315648766908
0 0.25344357179086574 0.1918580652722861 0.06474856494829401 0.1150584794086347
0 0.30757439611288384 0.20702370383653687 0.06854699048571355 0.11612267064413179
0 0.3551431954166807 0.21963907019306061 0.05162471354220627 0.11271003722870918
0 0.3944682210570391 0.2313684273262716 0.05274623558024505 0.11435179185475272
0 0.4337074908682001 0.24378557179192778 0.05145314816073654 0.11133355025622285
0 0.47242630758227955 0.2524978583432804 0.04998872396701265 0.10694065582508039
0 0.5186571596942242 0.2640265925871273 0.06647629504006497 0.1142149760026018
0 0.5721410060823713 0.2804345671581971 0.0658702004174132 0.11670114410408125
0 0.6185892379910809 0.29415961464371404 0.05240321824838601 0.11159972797918316
0 0.6576111451138452 0.3043804289259137 0.05033162786779122 0.10969180963124703
0 0.6960727830297938 0.31515608783242516 0.05128163999252888 0.10995797111494654
0 0.740792268750682 0.32697318672967746 0.06250650624171739 0.11177524622398033
0 0.7913420771860482 0.3432709484191977 0.06294123859888501 0.10791444517239335
0 0.31019230136079423 0.18996017021078276 0.06331123720315462 0.08146471603240876
0 0.39518694889051287 0.2137728152328408 0.0452673102998003 0.0764094138617244
0 0.5750629960989251 0.26487982535956267 0.06348267291772247 0.08284027487460915
0 0.6601433298868313 0.2880046997826765 0.04302525682850433 0.07312622268027319
0 0.792146501140714 0.3249875467551287 0.05476435951285019 0.0790701680178999
0 0.19384502053175473 0.2442111173569625 0.05133508211238183 0.05155694170847458
0 0.24487032596914665 0.26064211182311664 0.06031664245694571 0.050089728895730906
0 0.3000359899659638 0.2753858717109836 0.05824598471822079 0.04818211237916992
0 0.34570560460996 0.2874691575699231 0.04132358736325897 0.044768512890073386
0 0.383864094154312 0.2967362725063267 0.04287990321156415 0.04254951070592622
0 0.42336056825487267 0.30709008073858984 0.04400142524960299 0.04419126533196982
0 0.462989644182148 0.32032820554831487 0.04451577412039687 0.04831794003694884
0 0.5099981887698573 0.3334984205889656 0.058760304607558766 0.05230877896451852
0 0.5629615171176368 0.34620157701074206 0.05539670186186163 0.04738383903846122
0 0.6086770477349209 0.3618567279530181 0.04426470216619394 0.038954859375164075
0 0.6470529596756749 0.3733201753110712 0.03968771645442626 0.03900008355905077
0 0.6868065862105507 0.38161058206694354 0.04702116770647646 0.04636478350405826
0 0.7323904748793524 0.3943816563774246 0.0527198493450185 0.04796136266399742
0 0.7816013371351841 0.4095924988264862 0.0542761651933239 0.04574236047985025
0 0.18613603175522567 0.3139500692729299 0.06163608962496814 0.1194975139745042
0 0.23694297289889843 0.3281844674294473 0.06638458525003707 0.1208278829329616
0 0.2903808508511162 0.34102057670889513 0.0658702149081411 0.11670114816389643
0 0.33682911985919245 0.3547456273434162 0.05240321999347952 0.11159974198025091
0 0.37623987147474547 0.36578719602508547 0.05145314990583011 0.11133356425729063
0 0.41470148040923827 0.3765628468119666 0.05050307981818064 0.11106738653433029
0 0.45402647706814064 0.3882921958255472 0.05352392631091596 0.11324213284645768
0 0.5015962753596197 0.4009078493098528 0.06699076606740689 0.11834263078232249
0 0.5546055231708742 0.41718284281283036 0.06543454414384353 0.12056171332963167
0 0.6006640121616619 0.430086884190336 0.053089139481023784 0.11710294566091933
0 0.6406359850093418 0.4405739111981653 0.052917687530634305 0.11572736875783607
0 0.680046707643439 0.4516154717602043 0.05196755948007303 0.11546117479561502
0 0.7238171095187256 0.4631666620013952 0.061293214705645305 0.11674636828796792
0 0.7724677069304755 0.47893231407209913 0.061727831886638995 0.11288464316591024
0 0.2916608468790878 0.32287040711893433 0.059168958357285584 0.07764915904721359
0 0.37829751825139124 0.34927848105141523 0.04630927029693749 0.07006368096832732
0 0.5564457985336557 0.3984778676610423 0.058140149459690704 0.06939480562019373
0 0.6445469285814094 0.421025426758907 0.04319670354361316 0.07450175758015326
0 0.7751713445263978 0.46118100102524484 0.05442145561207146 0.07631901421173326
0 0.17053872691228683 0.4469696229942959 0.06112173377380006 0.11537078326525418
0 0.22221004813024445 0.46215793944067474 0.06759787853120264 0.1158567748700417
0 0.27547747050211463 0.4763699337525893 0.06362703016462079 0.11341673472384378
0 0.3210603665560513 0.48914072996573 0.05223176804309021 0.11022416507716754
0 0.3608609269053591 0.5010032579898666 0.05240321999347958 0.11159974198025097
0 0.40027164953945615 0.5120448185519055 0.05145314990583011 0.11133356425729063
0 0.43920881518398003 0.5229537043536135 0.05145314990583011 0.11133356425729063
0 0.48565609157719136 0.5366784768907942 0.06647632751170796 0.11421501212436769
0 0.5389235136840718 0.5508904131685303 0.06440572075552053 0.11230735584279655
0 0.5842502244272892 0.5657248528336363 0.05059583219097141 0.10445566350261326
0 0.6243069431159436 0.575523773319288 0.05215214454908956 0.1022366333163307
0 0.7080493705665413 0.5975620488107721 0.06302097552396568 0.11590288700263307
0 0.2783525562932494 0.4572430137706085 0.058219830166953174 0.07738324521224055
0 0.36498911100927534 0.4836520838088064 0.04984435746466698 0.07636423391923391
0 0.5432232701498318 0.5321626960107129 0.06184674579107163 0.07707184330539352
0 0.6280005152741468 0.553779028701912 0.04613764520746244 0.06868716375551254
0 0.16317274272198234 0.5139564929738107 0.05271979138210667 0.04796134642473665
0 0.2149297829347605 0.5284570769729188 0.05936752875734133 0.049823819120572876
0 0.26819624140823184 0.5426687432729449 0.05573958429153819 0.0501349327805416
0 0.3136086708812801 0.5568153924566017 0.042787197581474146 0.04916205756244674
0 0.3520702798157729 0.5675910432434828 0.04373726766912356 0.049428235285407074
0 0.39173820935690995 0.5765692465705271 0.04417287021961824 0.04556678623078225
0 0.4321847570353071 0.5871892045236151 0.04529346485106783 0.04720828102865382
0 0.478243173572455 0.6000932256020448 0.055739569800810185 0.050134928720726446
0 0.5303033621568298 0.6161023535712606 0.05729683505678629 0.04791613848011067
0 0.576277052579012 0.6296944432284801 0.04322274216905697 0.04530059226856131
0 0.6168083698445589 0.6396263447822239 0.04641498688910661 0.048850035654697366
0 0.6566088942320364 0.6514889206910011 0.0427871975814742 0.04916205756244685
0 0.7000362805205574 0.6657921608066939 0.053668934063167084 0.04822726431952484
0 0.7489440523677044 0.6794944755249083 0.0527198493450185 0.04796136266399742
0 0.153735025738547 0.5817874723591931 0.05922252100509029 0.11483868764750571
0 0.2051032350767176 0.5954673130191808 0.06889000781757254 0.11887473451970154
0 0.2595770460040452 0.6078808935892992 0.06440566279260884 0.11230733960353567
0 0.30546393539662675 0.6221614558228639 0.05171741219192211 0.10609743436791763
0 0.34422867070163443 0.6344455864559516 0.050160175917401906 0.10831623272816371
0 0.3833362959466725 0.6439786752914144 0.05240321999347958 0.11159974198025102
0 0.42274800395027057 0.6550205119208861 0.05145314990583011 0.11133356425729057
0 0.46936673229387127 0.6673697075549836 0.06681934309847343 0.11696706199886953
0 0.5226800738642267 0.6851534809139206 0.06655600821897045 0.12220345171641445
0 0.5692131052140885 0.6981904731191899 0.05326059143141304 0.1184785225640026
0 0.2612457577304505 0.5905523914089297 0.05537054731059399 0.07658497187153179
0 0.3475792844863342 0.6154519514033459 0.04414579524213569 0.07476771523995174
0 0.5256408858955459 0.6653388305145769 0.06029055284896412 0.07929093397233322
0 0.14351974420115537 0.647976064938184 0.0527198203635626 0.04796135454436701
0 0.19592280072447882 0.6612340869858739 0.06065954635772444 0.05284088270189746
0 0.24966477243579743 0.6755789761212813 0.05573958429153822 0.0501349327805416
0 0.2960263156084501 0.689991535080096 0.04590063103793862 0.04472330494544752
0 0.3356554240073685 0.7032296400073159 0.04261563394509804 0.04778558459102844
0 0.3747630562327807 0.7127626728385078 0.044858789707162394 0.05106998991145062
0 0.4138706814778188 0.7222957616739707 0.0426156339450981 0.04778558459102833
0 0.46023319526425466 0.7367085346062244 0.05936749977588546 0.049823811000942575
0 0.5144497240903654 0.7511864366633891 0.05729683505678629 0.04791613848011067
0 0.5607255844950173 0.7662867382190126 0.04348707637880911 0.04006459062699086
0 0.5994045868444562 0.7792587133079129 0.04210127809392983 0.04365885388177837
0 0.6391591987488331 0.787549396131218 0.0456364224749215 0.049960314663894945
0 0.683318417007999 0.7999213256517143 0.051941173244846484 0.04907074560485958
0 0.732226188855146 0.8136236403699286 0.05479051406411761 0.049869035184829325
0 0.7799266547261476 0.8291231264805472 0.05055642801329174 0.052666276764696374
0 0.13533520971513607 0.7175818139012753 0.06207084747340447 0.11563669304041213
0 0.18821391961376982 0.7309720547672844 0.06906145976796188 0.12025031142278475
0 0.24173754178708706 0.743120409687049 0.06267790197428846 0.11315082088887063
0 0.28788169879015757 0.7553366463737522 0.05430243276218932 0.11213183759799938
0 0.32695050987335117 0.7691295808051195 0.05023985662466457 0.11630467232021058
0 0.3656293935564291 0.7821025079666258 0.05352392631091596 0.11324213284645768
0 0.40495441919678743 0.7938318650998369 0.05084609540494617 0.1138194364088323
0 0.45174567454518344 0.8048047997060471 0.06845522098768037 0.12273554733416292
0 0.5050978592588393 0.8183287355887101 0.06431296414289284 0.11891994246432724
0 0.5505103029576257 0.8324753307980035 0.05257478362985557 0.11297621495166921
0 0.5899220109612238 0.8435171674274753 0.0516246555792943 0.11271002098944849
0 0.6297215499792005 0.8553794672688197 0.053352304711627996 0.11186564363577844
0 0.6752195940064464 0.8688392821034485 0.06302097552396568 0.11590288700263318
0 0.724213210495149 0.8818528562975152 0.060343086655084255 0.11648017432574698
0 0.7716963119326603 0.895156026225745 0.06034308665508403 0.11648017432574687
0 0.24293168217296224 0.7256589485592853 0.05994759098527361 0.07653976392690576
0 0.32943677954559614 0.7491819795780119 0.04268229670990725 0.07037506663591342
0 0.5080596636400337 0.7985143052525281 0.05580631950998721 0.07272443512450277
0 0.5921509840415238 0.8256338836275988 0.047166472085972355 0.07694154924448315
0 0.7270034372792189 0.8634150109412936 0.05476436649322425 0.07907022402217079
0 0.12676196302087014 0.7863658674526396 0.05349748211277765 0.046851687416441745
0 0.17877619564996028 0.7988030901569378 0.05876033358901467 0.05230878708414899
0 0.23268960482094025 0.8117723983294467 0.05729684954751421 0.04791614253992582
0 0.2796981421632855 0.8249426113401899 0.04495056095028915 0.04445712722248718
0 0.31776997832585363 0.8348972548999631 0.03908147069377049 0.04148526346615822
0 0.35670612961942055 0.845805856514608 0.04667832176860953 0.043613645937152334
0 0.39706698030407894 0.857113611038868 0.04192982614354063 0.04228327697869516
0 0.44360093906053 0.8701508630723094 0.05902459587510672 0.047072657194776046
0 0.49803483930050507 0.886825025307592 0.058417371725324074 0.049557617038721524
0 0.543790179919696 0.8982205227149898 0.041666549226949456 0.047519682935500795
0 0.582897923831095 0.9077526594778466 0.045121954937766606 0.045832687886309786
0 0.623647590899633 0.919881153281412 0.04495050298737735 0.044457110983226356
0 0.6682823948502861 0.9323863259363654 0.05254839739462902 0.0465857857609141
0 0.7158970230601063 0.9485744965668608 0.050912475503258836 0.04081739619490177
0 0.7632943985224229 0.962565454946632 0.05108392745364809 0.042192973097984976
0 0.756997029741433 0.9853124746451776 0.05647898372235627 0.029375050709644746
0 0.7090384005753464 0.9783947769151455 0.05932728120921449 0.04321044616970893
0 0.6586202903062812 0.9712108073591554 0.061398057614300505 0.05757838528168924
0 0.6144610140842033 0.9660225421812616 0.04715355610859451 0.0679549156374768
0 0.5763423380319452 0.9604353805893581 0.049316861514497656 0.07912923882128386
0 0.5371489798313382 0.9554442995931063 0.04690237944877884 0.08217859144145201
0 0.4898842281968181 0.944337721914698 0.06546057578891334 0.09136049201376861
0 0.43553506856253676 0.926975495160441 0.06312663415322306 0.09468922544974268
0 0.38891631123748016 0.9146262914067133 0.05000278100204175 0.09234076926874923
0 0.3495046032338821 0.9035844547772416 0.04905271091439234 0.0920745915457889
0 0.3116042480031592 0.8922542424340153 0.04698193450930649 0.0901660229566219
0 0.272496615777747 0.8827212096028234 0.0504374561459473 0.08847906038595232
0 0.22492781734649686 0.8701058362457659 0.06390432488389408 0.09357956644144749
0 0.17166039523961646 0.8558938999680298 0.061833660164794996 0.09167189392061559
0 0.11942878368630822 0.8412603570215276 0.06183366016479497 0.09167189392061559
0 0.22690575443442415 0.8621173885340885 0.059947590985273635 0.07653976392690576
0 0.31293619078162294 0.8855084207976577 0.042075130523036575 0.07286004271911994
0 0.4913018679690204 0.9369041037071685 0.06262542189124337 0.07596246036453125
0 0.5767710795939053 0.9597471161015133 0.048802519624078 0.08050576779697338
0 0.7101998477914658 0.979215402208948 0.056663579261934105 0.041569195582104035
0 0.8654093771224391 0.1511750067978993 0.04694247673144858 0.03837665498211351
0 0.8573963996349889 0.219404215724952 0.055423082861807416 0.11377422622601321
0 0.848651584941613 0.2895647772504042 0.047535642224005414 0.05049246628591436
0 0.8396895218634676 0.3575280915224632 0.054645448348954906 0.11488388747250133
0 0.8293885143508813 0.4244044725529957 0.049527611605342914 0.04441197528213203
0 0.8216325952501075 0.49057127519856336 0.059050986350170254 0.1134622227957176
0 0.813705400828217 0.5581127189138689 0.04987050852574759 0.04716307308402801
0 0.8053036095745275 0.6255211675600145 0.05810085829960898 0.11319602883349666
0 0.9019779075866492 0.16925009395527746 0.03645618275566154 0.07925188088755206
0 0.9375312112638883 0.15999132319628012 0.04322274500483392 0.045300615020296225
0 0.9329414383454069 0.19287481562758854 0.04192983181509469 0.04228332248216515
0 0.9730709188851171 0.1863207634651597 0.046216453853407335 0.07667533875704655
0 0.9941919984179901 0.19942567713088938 0.011616003164019784 0.08106915152019978
0 0.9972853801792061 0.18236336054908076 0.005429239641587813 0.04587792782139766
0 0.8952448226059477 0.2193300841743902 0.03053455476656275 0.03909074527540693
0 0.9281792879241088 0.2271336102576738 0.043222745659244 0.045300620270696645
0 0.9666409258400573 0.23790926916418526 0.042272733534506335 0.04503445878699716
0 0.9917453346300888 0.24895082972622423 0.016509330739822303 0.0458327158884452
0 0.8863684863755437 0.28660560299437365 0.0381576716651737 0.1076085908634826
0 0.9193886767963526 0.2937213476266495 0.05291768753063453 0.1157273687578361
0 0.9575471641593376 0.3029884800643878 0.048775433303487326 0.11191178488960193
0 0.9846229702780718 0.31513942580548204 0.030754059443856452 0.1104900597321613
0 0.9200215327519085 0.2768144539366683 0.04492446785212034 0.07365830429695397
0 0.9878878319111737 0.2953250339722363 0.024224336177652628 0.07529978285556488
0 0.877016444914745 0.3537488377530399 0.029584424970907852 0.0388245373121181
0 0.9101224201462071 0.3601768031725009 0.04417287196471187 0.04556680023185
0 0.9489738018526245 0.3717734611864898 0.04244418373980241 0.046410021689012704
0 0.9828686782334011 0.3839244139281179 0.034262643533197856 0.04392504336761327
0 0.871417091392444 0.4183834488294534 0.03479502181733474 0.10268389088309204
0 0.9028421465678227 0.42647588764119276 0.0520603160927009 0.10884858817408427
0 0.9418640528180402 0.4366967089239263 0.04998872396701248 0.10694065582508033
0 0.9774278987658601 0.44691755820879536 0.04514420246827977 0.10884858817408427
0 0.9048997898542813 0.40996720066965797 0.04828804510654883 0.07858326410551658
0 0.9794859778341167 0.43083071379187843 0.041028044331766544 0.07392423395461695
0 0.8621518799427018 0.48483821913140457 0.02932114456412971 0.0440609152667884
0 0.8938800834896771 0.49443920191325175 0.04339419411944623 0.046676169171644466
0 0.9332908061237742 0.5054807624752907 0.0443443221700075 0.04694236313386546
0 0.9728729772180736 0.5151467741363818 0.04373721668658592 0.0494282750504173
0 0.8533612653247588 0.5514259845025156 0.03988543597368133 0.10676513758028328
0 0.8861242795650771 0.5606050804883487 0.05033162786779122 0.10969180963124714
0 0.9255350021991742 0.5716466410503876 0.05318085276123874 0.11049006673269512
0 0.9648609877177647 0.5833762381292655 0.05016017591740196 0.10831623272816371
0 0.8878787172666771 0.5425887898564375 0.046480664284414885 0.07143924163214987
0 0.9653622034699315 0.5635852538064218 0.045359200209287964 0.06979750324536704
0 0.8452166502515597 0.616771081795104 0.03148363773961771 0.039356632929866686
0 0.8784542068509523 0.6260831286087007 0.04287984175846549 0.04254946646452995
0 0.917608616517512 0.6391892966664714 0.0443443221700075 0.04694236313386546
0 0.9560692690639597 0.64996467950555 0.0414950972765602 0.046144106032417365
0 0.8358188132289274 0.6803414853967598 0.04014975622268513 0.10152902393017105
0 0.8705667592327762 0.6893649445530705 0.05266649691007075 0.10636333602344517
0 0.9089426781539043 0.7008283359068528 0.04808951119830285 0.1064085602073318
0 0.947404316069853 0.7116039948133643 0.052837948860460004 0.10773891292652837
0 0.8735744153936223 0.6731233756142274 0.04509592329269707 0.07503390920217268
0 0.9478657218201129 0.6960726640253987 0.049330005103686014 0.07223753121211951
0 0.8293161125873998 0.7482830097353955 0.03329113373792536 0.046501579473704036
0 0.8626403805314881 0.7569075441648834 0.04295864953186368 0.05053763446553028
0 0.901272478047951 0.7663074061051497 0.043565646069835706 0.04805174607472784
0 0.9401229393281533 0.7779037482866955 0.04339419411944623 0.04667616917164452
0 0.8205255014596436 0.814870747104371 0.03902817622173438 0.09988725306486668
0 0.8541059549794408 0.8214316961160723 0.051110188042139626 0.10858239421186333
0 0.8933462110326496 0.8338491096486272 0.05240321999347941 0.11159974198025102
0 0.9327569916296585 0.8448906864499269 0.05145309194291814 0.11133354801802997
0 0.8555176074466232 0.8061656072177215 0.04794514818614437 0.07583216630362088
0 0.9333899679966688 0.827982826686272 0.047602244285365636 0.07308101249745413
0 0.8116879275359997 0.8778863550854522 0.031826538150209194 0.04210775873389783
0 0.8458756121859536 0.8874645958612699 0.045121954937766606 0.045832687886309675
0 0.8852015942143571 0.8991942209422834 0.04244418199470856 0.0464100076879449
0 0.9240520485141854 0.9107906191281003 0.04417287021961824 0.04556678623078214
0 0.8033718587673179 0.9446070432821916 0.03988543597368133 0.10676513758028316
0 0.8366104586991233 0.9494701984225042 0.05128163999252888 0.1010596031549914
0 0.8755466389741462 0.954924503289642 0.051281639992529104 0.09015099342071609
0 0.9144828192491691 0.9603788081567796 0.05128163999252888 0.07924238368644088
0 0.8393140997852327 0.9361680413534921 0.04553065215967744 0.07117308014845047
0 0.9167119179762043 0.9578523099942786 0.04492447134230759 0.07365833229908947
0 0.79531296792422 0.9936283252484706 0.03389720286930831 0.012743349503058887
0 0.8293292006237847 0.9983070257042552 0.045293406888156085 0.0033859485914894405
