0 0.3748584415264796 0.5649930959771408 0.04174532629408395 0.07324150957863029
0 0.41051159686524274 0.5718296308559137 0.040864971387293336 0.07307270047972192
0 0.4468454589033847 0.5759282106932188 0.04238520346322261 0.07058790939642923
0 0.4839586289281632 0.5866308761232337 0.04362637799315444 0.07499023303662666
0 0.5221928893383108 0.5946789227759005 0.044386504352712075 0.07374795860810024
0 0.5587263995838644 0.6016842667535817 0.043506092776793404 0.07357913864281951
0 0.5968200930641003 0.6061202963599273 0.043265558370013335 0.07075671849533738
0 0.636035608168673 0.6079039399739263 0.042544058365604265 0.062290669184090874
0 0.6732884978162894 0.6222174136935943 0.043746616861980336 0.07640143767718144
0 0.7102020338009385 0.6300133176998263 0.04186563984500913 0.0746526094056239
0 0.7478564848683946 0.6343651220518663 0.04402570274254203 0.06951432838687732
0 0.7858900911941047 0.6395062116860428 0.04366491145396478 0.06528081927877427
0 0.26744615998047416 0.4920514176428663 0.03017641499294449 0.03909823893274994
0 0.2937960065047674 0.49782067536484687 0.028295391628438082 0.03734952090793975
0 0.31944582930641835 0.5013047878966013 0.028054950115996236 0.034528190778537415
0 0.3454155623580746 0.5062845150515507 0.028935361691915074 0.03469701074381831
0 0.37126502820634066 0.512675452280241 0.028295391628438138 0.03734952090793969
0 0.3967945838046016 0.5175707748857364 0.028295391628438193 0.037349520907939804
0 0.4218829702397235 0.5223815027802565 0.0274149800525193 0.037180700942658906
0 0.4465321142620655 0.5271080054204709 0.0274149800525193 0.037180700942658795
0 0.47250187564828583 0.5320877380086066 0.03005615811114759 0.037687149972128964
0 0.49803140291198267 0.5369830551809156 0.026534568476600517 0.03701188097737795
0 0.5239409894101353 0.5426688772584017 0.03105676989973505 0.03926704803165815
0 0.5512313114911056 0.5479018289280861 0.02929606008615382 0.03892942983384173
0 0.5763196979262275 0.5527125568226063 0.02665482535839725 0.038422969937999096
0 0.601409047736529 0.5575234694454612 0.02929606008615393 0.03892942983384173
0 0.6278190149107087 0.5625876120162374 0.02929606008615382 0.03892942983384173
0 0.6537887196278008 0.5675673337380005 0.028415648510234925 0.03876060986856089
0 0.67893824432617 0.5716721568715051 0.0274149800525193 0.037180700942658906
0 0.7053482115003495 0.5767362994422813 0.030936513017938094 0.037855959071037115
0 0.36807887976404075 0.6812918569592978 0.04327896281070165 0.1623684058824495
0 0.3992506528883163 0.6829663286639216 0.04576122929781995 0.17117208425788488
0 0.4333834265876835 0.6866438934827304 0.051125208250346776 0.18330463181027257
0 0.4723584666844537 0.6912489223495055 0.05560883229608299 0.1952683702637521
0 0.5111916858841185 0.708017264139894 0.051082173114067986 0.16247653203074597
0 0.5497857600403815 0.7118316142395298 0.05104364208420464 0.1721849931831977
0 0.5922823303727212 0.7171129469957618 0.06104918295720474 0.18798374400164453
0 0.6413809418754295 0.723659182702628 0.06617263782454452 0.19729399251967006
0 0.7020826253848998 0.7410347190408482 0.0616073342744099 0.1742105937063707
0 0.7529410089307244 0.747919439411461 0.06649045064597114 0.1806994127146192
0 0.8095230054904863 0.7559006230904699 0.07649590894622593 0.19649719462810622
4 0.2761443777613859 0.6629466636593897 0.0751731091500768 0.18097617409986155
3 0.6097364134980661 0.5333058889613032 0.017770230468096337 0.025615459232315008
3 0.3284981232037545 0.7152921946062814 0.04022947466472043 0.10626271874803661
3 0.634913079280044 0.7575553510168528 0.03362080878559026 0.0591914767849937
3 0.6980347904553472 0.7832827465169718 0.02597641715939525 0.05078503127265199
3 0.7343900669453312 0.7766301815429915 0.024095326804167594 0.04903618126834919
3 0.8637568830736995 0.8071723386092873 0.026255482596038937 0.04389899026768218
3 0.927361773343316 0.811480835874329 0.03501993394279945 0.055295433745490286
