0 0.5402253448869521 0.6037424684547517 0.07494849966750616 0.07377663629364994
0 0.5803526599417465 0.6081523479307469 0.06712761343096751 0.07238423975410291
0 0.6229462163291142 0.6116346275262434 0.06815001856319525 0.0749365504244559
0 0.6662617022411967 0.61592923399668 0.06959383191445612 0.07400798086440141
0 0.710555222789091 0.6203969877692743 0.07112723397103804 0.07783593351016593
0 0.7580368913451888 0.6247495255762838 0.07597090479973412 0.07632894696400283
0 0.8087067433312993 0.6289869148319784 0.0764819017240882 0.07760458893941435
0 0.8608212083866258 0.6348470755184159 0.08192581774255758 0.08212864652359708
0 0.9139129186361689 0.6408821984118784 0.09016868572160508 0.08004132438080636
0 0.9618324485836149 0.6461049905447038 0.07633510283277001 0.07679282321207459
0 0.5225794284966024 0.6634807382160319 0.05232929257759028 0.06263981223601645
0 0.5573072688729616 0.6682969140955077 0.06312792204727868 0.0669326393293953
0 0.5986678988112604 0.6722425087914757 0.06559425707255417 0.06855640118828621
0 0.6429609726538257 0.6767112218693294 0.06899370326646981 0.06797695748264798
0 0.6896760213016104 0.6829776893335435 0.06857183806574818 0.07145669691357803
0 0.7354133197789566 0.6890701435216957 0.06908283499010204 0.07273233888898978
0 0.7838726573855153 0.6935967412704448 0.07299327810837164 0.0734285371587633
0 0.8354757370820525 0.7007335136118495 0.08234768294327921 0.07864890709266692
0 0.8912894053408301 0.7052028267315866 0.0814148208182035 0.08085300454818545
0 0.9428925078864516 0.7123395420330175 0.0798814644597905 0.07702516598236864
0 0.49201352282972927 0.7188683740016044 0.06848229505859582 0.06670028878770684
0 0.5345623077135209 0.7250769567949231 0.06363891897163276 0.06820828130480716
0 0.5766448671765345 0.7298348783658313 0.06363891897163276 0.06820828130480694
0 0.6216155457455674 0.7378412622111881 0.06754947863168903 0.06890450032317275
0 0.664164330629359 0.744049845004507 0.07052705962488293 0.07180479604846479
0 0.7145788897950525 0.7489245418881427 0.08039246138414458 0.07830080795778038
0 0.7671148670384742 0.7589616773691092 0.07597090479973423 0.07632894696400272
0 0.8169736577762374 0.767838319425979 0.08472472400496667 0.07551715271667603
0 0.8734648724905894 0.775845292938923 0.09603446694079598 0.08108564253405892
0 0.9199689302671198 0.7800237811784891 0.07154905347359075 0.07435607999928806
0 0.4725458642512088 0.7700815640193459 0.06430404548590962 0.05173691957937865
0 0.516283616371173 0.7785512629651743 0.05894974331821051 0.05196917678971191
0 0.5578547904753972 0.7845857961910497 0.059971737166918504 0.054520460740535404
0 0.601381186138756 0.7909684285518119 0.06286018643647995 0.05266537505948532
0 0.6473294754873564 0.7991488619646121 0.06481540799561447 0.05301347419437208
0 0.6962106554455523 0.8078514544540385 0.06872596765567096 0.053709693212738
0 0.7485361113721332 0.8157995943651238 0.0745916323330752 0.05475399061739816
0 0.8020497222442069 0.82601072237356 0.07705785081656369 0.056377731727696445
0 0.8565409210467636 0.8363959569894133 0.07077036663660696 0.05881328783391415
0 0.9000677051445578 0.84277761967062 0.056150720514014374 0.05858064984804068
0 0.4305773429466768 0.7284349416960703 0.07670101261757939 0.03735509123859282
0 0.4165660057601997 0.7607979736642867 0.08530077706650474 0.05429041995920192
0 0.3604196205870549 0.7467010239006349 0.06583740184432263 0.05556475814519557
0 0.3744309203567241 0.7143380463788185 0.05808145520318081 0.03166996612417039
0 0.16527635064637192 0.6586470948951202 0.039129442490703686 0.03422085892515725
0 0.1987265013514472 0.6666528294393421 0.0473723104697511 0.032133536782366634
0 0.24118616079796867 0.6783130541358979 0.06599153143424544 0.03781775444435531
0 0.28827828029381464 0.6914818195386119 0.04881622779007433 0.03120509167655594
0 0.3283160751905413 0.7013442483702779 0.05272667090834371 0.03190128994632968
0 0.15484280621605162 0.6820786392299438 0.03750657226058515 0.02563661742061729
0 0.18710436983802864 0.6878223475756482 0.04235030136017473 0.02412964124875039
0 0.23424122342064285 0.6982648642269396 0.05841420125299476 0.02343474158124703
0 0.2794228345900367 0.708359216922648 0.04421606731849742 0.0197213478192102
0 0.3150839026768226 0.7160747758878339 0.030529341591873982 0.01728462275211451
0 0.33510260590796825 0.7210064751434446 0.023641566523974922 0.013689020648038563
0 0.13806478321993385 0.71873379195043 0.05284031863739108 0.06391545939857635
0 0.17155966900927683 0.7240132168128943 0.05623980853447655 0.0633360234736603
0 0.218485605556753 0.7323677062770729 0.07868044286767154 0.06496107615409907
0 0.2671558237791414 0.7389823247289995 0.05461736415560128 0.05475281128222376
0 0.30090602424048646 0.7436244458538837 0.04679636137727561 0.05336039399408454
0 0.32513565248377685 0.7458877680610971 0.03641959710830883 0.04558782746977552
0 0.040196808341206834 0.6208815859049771 0.08039361668241367 0.09535409197468492
0 0.0794237603397322 0.6324272546355761 0.08694779771668722 0.09013253687006517
0 0.12800487597393492 0.6444934579507661 0.08839205148691469 0.08920499921668834
0 0.005302523075472862 0.6113093873418942 0.010605046150945725 0.0938424170597173
0 0.014320129314787792 0.7040514586620383 0.028640258629575584 0.09047945407620339
0 0.039482736074257826 0.7106081477225726 0.07896547214851565 0.08781258581891005
0 0.08169536110094942 0.718266426597501 0.07172771563165084 0.08386797323715267
0 0.11123501041686185 0.725575952497653 0.05566384487427761 0.08456287809180418
