0 0.21060550464504382 0.3069463272034988 0.18083986636551924 0.4119770725752056
0 0.3412464263778574 0.34020235040514324 0.1602361061627498 0.39245580203261393
0 0.4627134307340742 0.37278249078844905 0.15312768130358617 0.370611437458646
0 0.23836823012202427 0.07072104023462884 0.16342705612290837 0.14144208046925769
0 0.36980340234634423 0.09028792213523018 0.14747747020167395 0.18057584427046036
0 0.46962036089280534 0.10437317080508945 0.09840478995325569 0.2087463416101789
0 0.5276288736799231 0.11135419464429734 0.06871026870373054 0.22270838928859468
0 0.60815144011899 0.12747514650268155 0.14254072235985438 0.2549502930053631
0 0.6883116867087414 0.14174208812477357 0.06051238317816199 0.24975060277106867
0 0.7352932658736594 0.15949217709675484 0.07696219993369113 0.2669784922826173
0 0.8068518042105893 0.17789201773273933 0.11251043150477491 0.2791127319031831
0 0.8923931491064795 0.20018026277921375 0.10804976415151879 0.283491493122608
0 0.5712864501277466 0.4059577794530051 0.14889143060085308 0.3480715384239773
0 0.6586112617400379 0.425827677304513 0.07606515406696623 0.32610688324575693
0 0.7070149359433135 0.43966560524229364 0.08883490591074172 0.3263160747526118
0 0.7792003118695723 0.45185492224674306 0.11883708849696561 0.3223542768162957
0 0.8675583470114743 0.48184302529397377 0.11827988631575015 0.3168336804562616
0 0.9649245539432488 0.22084505319330894 0.07015089211350234 0.28325336151183167
0 0.9488063939888531 0.5032024735407745 0.10238721202229373 0.3188995817492354
3 0.46374381080033866 0.5304387916189144 0.12779559846428773 0.2070759619298002
