0 0.9074125595684353 0.4663213774266939 0.10907815809752841 0.3441535949389936
0 0.8364263620564054 0.4966616168715291 0.1064412098107207 0.34463169538553756
0 0.7648766141919725 0.5263714313702337 0.10832423427124083 0.3454135892298678
0 0.693514377627829 0.5577312545466742 0.10681644722258732 0.34793360297636267
0 0.6232820417586702 0.5860295919575158 0.10606354418600505 0.3491939416751942
0 0.5519198838777044 0.6173903867327954 0.11020385769717012 0.35405920652115375
0 0.4787692657277103 0.6460360906452582 0.10963744833016137 0.35696923728734264
0 0.40599662437583933 0.6736613916554323 0.10907470593598445 0.352017376613939
0 0.333411553348685 0.7029366622798062 0.10926231516494905 0.3536682470166155
0 0.2595079794556604 0.7336238629574834 0.11208694276161232 0.3548411255302307
0 0.18870937034760288 0.7656150687801047 0.10305130736037707 0.3463701927589027
0 0.11763036344731952 0.7951294161089133 0.1115240992797705 0.34988837533430805
0 0.04903853541557334 0.8235792376331597 0.09807707083114668 0.3508449510657642
