0 0.5331268077025608 0.5194079080301366 0.05981526964768302 0.07048244686622918
0 0.5723275197317971 0.5140718987274633 0.051894369502088145 0.0699415996077975
0 0.6133063601298148 0.5072852209619959 0.052298707417992474 0.07257345398650233
0 0.6553764291520294 0.5010891067456611 0.05407668216981221 0.0713922092529457
0 0.6984365251278384 0.49482444151001165 0.0546831077170421 0.07533946146219084
0 0.7443659871329176 0.48769973017834656 0.06021960756358735 0.07311430124493407
0 0.7931648832196236 0.4797150275386336 0.060421695194912806 0.07442969907547431
0 0.8441459383570921 0.47290951101487444 0.06498867077448556 0.07864726533799965
0 0.8961172505934297 0.46603732966614414 0.07428350651396265 0.07537619789644168
0 0.9469973909625622 0.45857456603419183 0.06991860501127745 0.0724739412379879
0 0.5483658590506313 0.5795254496258739 0.03879995019756144 0.061235925818239445
0 0.5828181816848012 0.5758438128022713 0.04910553132758855 0.06454384732933982
0 0.6229078810899472 0.5697819693182116 0.051287962027442235 0.0659944650338441
0 0.6659680716666532 0.5635183080122186 0.05504632446891422 0.06494949083251955
0 0.71220079642512 0.5583671599378524 0.05367250690716152 0.06876141359186516
0 0.7574432996695499 0.5532836846477918 0.053874594538486975 0.0700768114224054
0 0.8043629332088933 0.5460913633791447 0.057835044611284414 0.07034723505162122
0 0.8555462295946488 0.5406022445859044 0.06636248833623826 0.07483534257865398
0 0.9091946221461269 0.5316212801059114 0.06478658314316033 0.07733186750745946
0 0.9603779094955907 0.5261321024950252 0.0641801756685143 0.07338473293350589
0 0.5494400133744581 0.6386159146962456 0.054844074184335345 0.06363303428435496
0 0.5918132951702877 0.6343934265845333 0.049307618958914 0.06585924515988006
0 0.6329942231996307 0.6289221466496062 0.04930761895891389 0.06585924515988018
0 0.6785399891974484 0.6258122346168444 0.053268187063840844 0.06612967684845183
0 0.720913270993278 0.6215897465051323 0.05565273194356024 0.06889662540647301
0 0.7698131295690199 0.6142622134218773 0.06438226329983965 0.07470013076404602
0 0.8233810388868514 0.6112696743454101 0.06021960756358735 0.07311430124493401
0 0.8738774264917306 0.6078217287464505 0.06971651286180613 0.07115851399862472
0 0.9300113354482559 0.6019945175693666 0.08022429965528843 0.0757818413996213
0 0.9734611156660151 0.5949374121450055 0.05307776866796987 0.07152742106755361
0 0.558515763710553 0.6911781029749604 0.05439865124956622 0.04797959016785702
0 0.603172388715499 0.6887930252236064 0.04866020835236551 0.048890293636906446
0 0.6445555579931292 0.684638143019198 0.049064383615016194 0.05152108929798671
0 0.687918952307158 0.6803480490001819 0.052620658425162836 0.049160717266122256
0 0.7344548308231751 0.6771705310601159 0.054600883461561556 0.04929592908072988
0 0.783961105909855 0.6737901913684605 0.05856145156648851 0.049566360769301876
0 0.8362355363189105 0.6688906321946961 0.06450212667568456 0.049971996213125425
0 0.8907935491186496 0.6658304283932792 0.06668443934340862 0.05142260585827374
0 0.9463416834728797 0.6627026775022042 0.059369964745043524 0.05482901080908731
0 0.9838694000267445 0.6584115835832094 0.03226119994651089 0.05637903691692514
0 0.498015175445098 0.6620701971018694 0.07137132587944262 0.030912157220009173
0 0.5021795839977083 0.6956889184363644 0.07597933409895052 0.048151542446393525
0 0.4431557912121993 0.6957305239466733 0.0550050587242123 0.05192672474181059
0 0.43899137694186474 0.6621118624372435 0.05314477415230706 0.027063500041251687
0 0.21744482262164164 0.6592906195151673 0.032372730989564114 0.032155021249541504
0 0.25240242187044376 0.6588979488165014 0.04166756672904107 0.028883953807983587
0 0.29756446235296763 0.6598028380974819 0.059894003383539174 0.032731671919247196
0 0.3477782700565829 0.661027861253862 0.04344561856950929 0.0277028307393965
0 0.38976785584515095 0.6608201724410532 0.04740606864230673 0.02797325436861231
0 0.22019431623877522 0.6836994964108583 0.032937920300124185 0.02307950938291692
0 0.25286844245180706 0.6814684732620817 0.038474479162734304 0.020854353195338127
0 0.30168780303988624 0.6801293665897721 0.05569036258796811 0.01812414308640653
0 0.3485268852932263 0.6789254159366831 0.04162636000040393 0.015861191746952774
0 0.38536360822644566 0.6777393629595532 0.02776460769741873 0.014914696955663276
0 0.40635847792921054 0.6776360185031379 0.021419639293442427 0.011878257791402946
0 0.2240761301361054 0.7219911875081124 0.03900206733691905 0.06255132566361865
0 0.25763925110205527 0.7190343296742401 0.04276047404043959 0.06150635448455255
0 0.30516527902131213 0.7157892033083215 0.06611919397627586 0.06049718268708271
0 0.35337820834443723 0.7105029042518322 0.04332584075826956 0.05243190234297179
0 0.38684038895237544 0.7068888753503726 0.035404822580545225 0.05189104702518421
0 0.4103001807321607 0.7032927461397108 0.026473059012270594 0.044771202754738226
0 0.06611666297436954 0.6576576624337287 0.09788549167166556 0.08870506759968677
0 0.12473629709549602 0.6549852601289923 0.0681817288327601 0.0866768639358062
0 0.17573797606902353 0.6548262796475498 0.06995989574586578 0.085496679934713
0 0.022247949166848947 0.6586587932556212 0.03989289863469382 0.09385844570419322
0 0.046581579729013445 0.7454113662919954 0.048783565566402204 0.08795658304230047
0 0.08410522619712538 0.7421841391131652 0.048985653197727574 0.08927198087284072
0 0.12845877360289812 0.7378264364164414 0.06203889969916575 0.08495582612805475
0 0.1720242813677807 0.7348517384649813 0.053713569055128946 0.08178323457056347
0 0.20302137152772065 0.734729495425209 0.03649771513792757 0.0845134466943337
