0 0.9166669845581055 0.6088500022888184 0.07222199440002441 0.33628296852111816
0 0.8467589914798737 0.6097350120544434 0.06944400072097778 0.33805298805236816
0 0.7763890027999878 0.6097350120544434 0.07129597663879395 0.33805298805236816
0 0.7060190141201019 0.6115040183067322 0.06944400072097778 0.34159302711486816
0 0.6370369791984558 0.610618993639946 0.0685189962387085 0.343362957239151
0 0.5666669607162476 0.6123890280723572 0.07222199440002441 0.3469029664993286
0 0.494907021522522 0.6106190234422684 0.07129597663879395 0.3504420220851898
0 0.42361098527908325 0.6079650074243546 0.07129597663879395 0.3451330363750458
0 0.3523150086402893 0.6070799827575684 0.07129597663879395 0.3469029664993286
0 0.27963000535964966 0.6070799827575684 0.07407402992248535 0.3469029664993286
0 0.20972198247909546 0.6097350120544434 0.06574094295501709 0.34159302711486816
0 0.13981497287750244 0.6097350120544434 0.07407402992248535 0.34159302711486816
0 0.0685189962387085 0.6079650074243546 0.0685189962387085 0.3451330363750458
