0 0.18818244359777722 0.49821397163849557 0.1911940752798052 0.42039726508466124
0 0.3075313067832214 0.45698869271472575 0.17142177124512242 0.39902845278777516
0 0.4189124201864213 0.420191930568942 0.16349185929588123 0.37703616067582185
0 0.1407605776646852 0.21932221096231402 0.1630389397232902 0.251369360388933
0 0.2613569375530695 0.17978324769197962 0.14936666692549025 0.2563769614785406
0 0.3532807702380995 0.15101133600982297 0.10565711866847483 0.2501041910419084
0 0.40641245623373895 0.13321522194986612 0.07902582230379818 0.2439067262721236
0 0.48013620484455477 0.12276872987025515 0.14637358487383517 0.2455374597405103
0 0.5531798888798196 0.10344132221526668 0.07218513890448486 0.20688264443053336
0 0.5975424390110917 0.10336659958888808 0.08809160195108567 0.20673319917777616
0 0.6629615373338963 0.09616595651851802 0.12062477573690544 0.19233191303703603
0 0.7412367335835119 0.08383111983011224 0.11697533850560793 0.16766223966022448
0 0.5194795662719012 0.39104739065532695 0.15806757739810473 0.3547165736064809
0 0.5986688366078976 0.3613104202909193 0.09163044166457246 0.32469781223062705
0 0.6432662596585144 0.3474373376465191 0.10301271424656055 0.3264372475119677
0 0.7076718112273155 0.318941340087883 0.12942838306461135 0.32621498461024656
0 0.7902590169309529 0.29798607165907104 0.12852743125235777 0.32080616685650654
0 0.8262311274881922 0.06760273102484747 0.12130051935344466 0.13520546204969494
0 0.8727476377199903 0.26772839081629923 0.13148281708094867 0.3231842728383193
3 0.45904608803602764 0.5653236745143853 0.12894655713893738 0.21574952129619696
