0 0.6161757699901805 0.32503468388063095 0.0697459408610519 0.08084204620181573
0 0.54546041717933 0.31888199289487607 0.0762566087812161 0.0824115178865496
0 0.4714902238812685 0.31342301678462875 0.07625660895938374 0.08241153336318363
0 0.6172634383994473 0.3997777276093735 0.07102745025976476 0.07938092894188131
0 0.5458903166063293 0.3943545428424662 0.07625660878121598 0.0824115178865496
0 0.4719201111037944 0.3888966268816557 0.07629067369320702 0.08537058842256112
0 0.6190855537349427 0.4671305860957362 0.07343811276490286 0.06314155912457392
0 0.5464053711866059 0.46243003551539197 0.0760181579606295 0.06169833366715094
0 0.4717688713872636 0.45844218271577164 0.07475368707560681 0.06463951240065102
0 0.6225935033778704 0.6136744424086016 0.07630769937883775 0.08684953557847053
0 0.5479143961007817 0.6133851333134117 0.07502626154139402 0.0883117060685964
0 0.47192923936110015 0.6138184104224675 0.07888774528723419 0.08540637202758394
0 0.622476316101606 0.680262011071094 0.07456632613997172 0.048364283966637056
0 0.547156454481496 0.6792242205901573 0.07719752137919977 0.0513590770202067
0 0.4711457577880283 0.6818760422461501 0.07854710044334479 0.055816038106687116
0 0.07782921948867245 0.2673056709244623 0.062193176899556675 0.10144787960614565
0 0.07544062254302339 0.36197664337725044 0.059562040393538455 0.09845302546511114
0 0.07238571989784728 0.45811866949581215 0.05829756950851576 0.10139420419861139
0 0.07253457881223146 0.5580039847112528 0.05824647855455911 0.09695615555342207
0 0.07076118574393576 0.6556428962181376 0.05961314381921961 0.10289215747468838
0 0.07019264818300372 0.761437298267907 0.05839976210647862 0.11027123008703676
