3 0.578673158394422 0.4904038158946279 0.11337847123852962 0.39535714990665444
0 0.8965539697175241 0.04855210773074131 0.12015289508952787 0.09710421546148262
0 0.7733713511668224 0.05901334198788699 0.16446101161857607 0.11802668397577398
0 0.9104595412900003 0.16354974823958102 0.11030013936592287 0.14549865964522615
0 0.7882949614351618 0.18398573973598217 0.1749989664070053 0.15198348374616127
0 0.9233838496818481 0.3001897438358574 0.10204909639002735 0.14572211775368246
0 0.806135482461249 0.31704801230514673 0.18101422362153707 0.15989366241846578
0 0.9138380754312552 0.5024912445497509 0.15306934274310868 0.2545143718293049
0 0.7472031871875693 0.5149689280326569 0.21387949972066245 0.2576214187347033
0 0.5918226892625338 0.09526477531976747 0.1649145081112814 0.13785087696565593
0 0.43684399030555465 0.121853813563599 0.16082425532933847 0.14571787018111892
0 0.5972148057135795 0.21648300185160824 0.1684201636749576 0.14962871216728882
0 0.43787468737037233 0.24800395461047237 0.16622394413566066 0.12958503179049122
0 0.44122218749475944 0.37382197892496216 0.17676189915453688 0.1508281224327866
0 0.27493328924198224 0.06906716360744083 0.10774874535369647 0.04790200686026658
0 0.1570750982660195 0.09103638903256465 0.13711707960143318 0.06198862615202556
0 0.27236094242253633 0.153397740624917 0.13681603893836816 0.14367477667042253
0 0.14907798364180408 0.17829936314595596 0.15351983332069485 0.13198593997544367
0 0.2670945220627853 0.2761474923480229 0.13329035018943816 0.14598651281730077
0 0.1402500113073366 0.29653793986501603 0.16304062615460826 0.15167295207646314
0 0.26381877390778236 0.4007644112133847 0.14043258713979412 0.14278588994064434
0 0.13604700239335935 0.4212881972263298 0.1668385499084244 0.15362789612285727
