0 0.46751822676757976 0.021232307714451566 0.022042201294230734 0.04246461542890313
0 0.4855216241413991 0.024398871747953306 0.027727046363959673 0.04879774349590661
0 0.5067474792985854 0.028399235232398096 0.028860941539077922 0.05679847046479619
0 0.5289222544531686 0.03472039170576714 0.029622920517306528 0.05797439462505183
0 0.46025600975997233 0.06486058842443318 0.022804182398893813 0.054579418101579076
0 0.4786399338426559 0.07116396946413545 0.027355132529775006 0.05463863103522411
0 0.5004332279296277 0.07778494782139202 0.029251006210580743 0.0552146127366876
0 0.5225140706213236 0.08592967198771789 0.027931026532311498 0.05216588623510369
0 0.45291791163017237 0.12297027718978244 0.021856243668327002 0.05429141322492834
0 0.47139481476207834 0.12858370925091395 0.028489025578458838 0.05630650581717847
0 0.4931881088490503 0.1352046876081705 0.028489025578458893 0.0563065058171785
0 0.515268825844851 0.14335034449810588 0.029064921471159133 0.05383377504297698
0 0.44669565698039 0.17279965072956166 0.023176096705619376 0.057339199989943274
0 0.46555394333717726 0.17924812506173732 0.028674983676903576 0.057686403774320105
0 0.4874403431143485 0.1851782147038541 0.028489025578458727 0.0563065058171785
0 0.5092336372013204 0.19179919306111065 0.028489025578458893 0.0563065058171785
0 0.4388839255064445 0.23076643137955222 0.02090830682792405 0.05400342237419664
0 0.45688735179664597 0.2362360173608264 0.028489025578458838 0.056306505817178526
0 0.4790611735375641 0.2436907925485815 0.02962292240747033 0.05797440865097081
0 0.5012359476289301 0.25114587166824276 0.028489025578458838 0.05630650581717847
0 0.43256967685459746 0.2812860385630005 0.02167028935020987 0.05291154331962472
0 0.45066509714686354 0.2860653909006057 0.027541088738055886 0.056018514966446775
0 0.4723654429911591 0.29337631299554395 0.02962292429763419 0.05797442267688968
0 0.4939727789796863 0.3013771893099422 0.02735513441993881 0.054638645061143076
0 0.4257980606968608 0.3388496542535445 0.021856243668326947 0.05429141322492842
0 0.4442749638287668 0.34446308631467604 0.028489025578458782 0.0563065058171785
0 0.4655016464674527 0.3516310985221852 0.027727043056173017 0.057398384871750474
0 0.48720196339536603 0.3589420118320936 0.029436962418861734 0.05659449666791028
0 0.41910232920537394 0.3885351817134665 0.021484206500952008 0.05153071965183298
0 0.43767221327666606 0.3934586507701082 0.02830307126034176 0.0549266359118748
0 0.459465507363638 0.40007962912736483 0.02830307126034176 0.0549266359118748
0 0.4811658205112237 0.4073905704891111 0.0281169884110839 0.053545812244083224
0 0.4123315136210537 0.44610000423561796 0.019775340993633594 0.05233584273911851
0 0.4304269376936475 0.4508793285213853 0.029064925251486795 0.05383380309481489
0 0.4522202317806194 0.45750030687864185 0.027169051570680947 0.05325782139335139
0 0.47401352586759127 0.4641212852358984 0.029064925251486795 0.05383380309481489
0 0.4063883478959699 0.49385862793998364 0.020536262099893787 0.05124267269742544
0 0.4244847262091754 0.4986382421317382 0.028303063699686493 0.05492657980819915
0 0.4457105793580627 0.5058050387226101 0.02754108873805594 0.056018514966446775
0 0.4674107715351629 0.5131168777431685 0.029251000540089334 0.05521457065893076
0 0.3981960934934877 0.5509915766946782 0.021670281789554602 0.05291148721594896
0 0.4166729966253937 0.5566050087558098 0.028303063699686493 0.05492657980819904
0 0.4383733097729794 0.5639159501175561 0.028489025578458838 0.05630650581717844
0 0.46064010961803803 0.5706807833396998 0.02943696241886179 0.05659449666791028
0 0.39197386776008747 0.6008209590194875 0.02072234494915165 0.052623496365217126
0 0.40997726513390675 0.6062905362157317 0.028303063699686437 0.05492657980819904
0 0.43215108403957914 0.6137453324423652 0.02943696241886179 0.05659449666791028
0 0.45479937050460534 0.6213442173361974 0.029251000540089334 0.05521457065893065
0 0.38520320584296264 0.6583848646160188 0.020536262099893732 0.05124267269742555
0 0.403205620059788 0.6638541431212459 0.028116980850428575 0.053545756140407574
0 0.4253804296831096 0.6713091819352208 0.029251000540089334 0.05521457065893076
0 0.4472666971488124 0.6772402533916634 0.027541088738055886 0.05601851496644694
0 0.3799289169499653 0.7085022377915597 0.019961295311750726 0.05371571264442221
0 0.39793136008317287 0.7139715250818166 0.02943696241886179 0.05659449666791028
0 0.41972465417014476 0.7205925034390733 0.02754108873805594 0.05601851496644672
0 0.4408584881809129 0.7284494968367463 0.02811698085042852 0.053545756140407574
0 0.5535404104858603 0.0350166674198509 0.022042202239312747 0.05567131468854967
0 0.571831356228133 0.042009992178404384 0.028674983676903576 0.05768640377432011
0 0.5937176722663595 0.04794103824111475 0.028489055439922972 0.0563065216151679
0 0.6130485649631843 0.05453211232656683 0.023565235816622288 0.05348722987421185
0 0.547132226417745 0.08622594945504153 0.02261822430044902 0.05319952014443745
0 0.5657021085988732 0.09114943253760222 0.02754108873805594 0.05601851496644679
0 0.5869289612531093 0.09831651818608725 0.028675012593285754 0.05768641255935003
0 0.6063528325266154 0.10421764679944823 0.023937150123348072 0.05624701176257607
0 0.5404545468576291 0.14309988152764394 0.020722351564725017 0.052623545455933465
0 0.5584569899908366 0.14856916881790097 0.028303070315259804 0.05492662889891532
0 0.5791172316693276 0.15628328481015882 0.026780064236709422 0.057110711978843876
0 0.5988286216860935 0.1637081574605187 0.026408176956202123 0.05435092484959059
0 0.5336658348992969 0.19347536848557587 0.019013358471347774 0.053427721793690486
0 0.5511017932251954 0.1994907498895165 0.02925100432041694 0.055214598710768614
0 0.5728950873121673 0.2061117282467731 0.027355130639611147 0.05463861700930514
0 0.5927934330425629 0.2121570060235235 0.025460182283034927 0.05406291642879901
0 0.526894065074365 0.25103990110174007 0.0203503077817766 0.04986280279212174
0 0.5443310084474212 0.25705556717077893 0.02679713537379147 0.05049802547906823
0 0.5650833596185495 0.26407848084492574 0.026983089691908546 0.05187789538437196
0 0.5844142644108605 0.2706695768552914 0.023955233333806114 0.049634632738847495
0 0.5208578932738405 0.29948845097372767 0.022042197986444023 0.05567128313023201
0 0.538675236714784 0.30633886062279353 0.027355134419938754 0.05463864506114313
0 0.559428556584715 0.3133620685954425 0.027541059821673763 0.056018506181416905
0 0.578759446918835 0.31995316021329323 0.02451323237995351 0.05377525232092234
0 0.5127672284325555 0.35952505050759276 0.022228159865216424 0.057051209139211634
0 0.5306775490325576 0.3656855252040067 0.02772705061682834 0.057398440975426235
0 0.5521834239910284 0.3707817969767465 0.028303071260341817 0.0549266359118748
0 0.5711338039646389 0.3765390751177353 0.022618284023377067 0.053199551740416184
0 0.5074929684559404 0.4096424324681635 0.020536269660549 0.051242728801101256
0 0.5245484000729745 0.4148240100286462 0.026222040054507456 0.05297011166357707
0 0.5453947115601552 0.4211572874411582 0.028116988411083788 0.053545812244083224
0 0.5649116033672932 0.42636849427941226 0.023565237706786202 0.053487243900130765
0 0.49853882925576715 0.46510657194522387 0.021670285569882153 0.05291151526778681
0 0.5168296457580877 0.4721008557259848 0.027931030312639105 0.05216591428694156
0 0.5382424458329049 0.4778880109729754 0.02679713537379136 0.05049802547906829
0 0.557667314721596 0.4837894426698686 0.023955233333806003 0.049634632738847606
0 0.4926979597210298 0.5157709737301283 0.021856243668326947 0.054291413224928364
0 0.5107013570948491 0.5212405509263726 0.02754108873805583 0.056018514966446775
0 0.5319272247019275 0.5284073519097593 0.02867501637361347 0.05768644061118783
0 0.5518255559741321 0.5344526252939947 0.024885148576842986 0.0565350482352055
0 0.4856387921233236 0.5718108646504814 0.02109426870669645 0.055383348383176156
0 0.5030757103603254 0.5778264938826525 0.02754108873805594 0.05601851496644683
0 0.52439455890679 0.5843033318615496 0.02848905449484096 0.05630651460220837
0 0.5441999092396081 0.5910385682502748 0.024513224819298185 0.05377519621724658
0 0.4794175206305351 0.6216405368812778 0.01977533343297827 0.052335786635442694
0 0.4968534846269251 0.6276558762074617 0.028116980850428575 0.05354575614040735
0 0.5181732874140014 0.6341330040923461 0.027169015093643445 0.053257756504645815
0 0.5375971586875075 0.6400341327057071 0.024327141970040267 0.052394372549455004
0 0.4710384786398096 0.6801521679764768 0.0228041805087299 0.05457940407566009
0 0.48951538177171555 0.6857656000376082 0.02754108873805594 0.05601851496644672
0 0.5103616788007052 0.6920988730576054 0.02754105982167382 0.05601850618141668
0 0.5301661113699493 0.6988337722216975 0.02546017850270732 0.05406288837696105
0 0.4643427471483227 0.7298376954363988 0.02243213578069958 0.05181865439888911
0 0.48338709121831325 0.7349053092639151 0.02830306369968638 0.05492657980819915
0 0.5046129443672005 0.7420721058547868 0.02754108873805583 0.05601851496644672
0 0.5243252072483382 0.7494982072993288 0.02527409565344918 0.052682064709169585
0 0.45691249662385325 0.7886385698358345 0.022042205547099403 0.055671339233907546
0 0.4748219663783299 0.7947977640269056 0.02754108873805594 0.05601851496644694
0 0.49623472808594593 0.8005849806184611 0.02830306369968638 0.05492657980819915
0 0.5156586427340253 0.8064861224093667 0.023565230146130767 0.053487187796455005
0 0.45145127025574494 0.8401355142256619 0.02072234494915165 0.05262349636521735
0 0.46916714510597674 0.8440813754367452 0.02772705061682834 0.05739844097542646
0 0.4910534201323349 0.8500123907895121 0.02943696241886179 0.05659449666791028
0 0.5104773058640321 0.855913523795388 0.0228042383414942 0.05457942164571983
0 0.4433521466795166 0.8965776111020847 0.022042205547099403 0.05567133923390788
0 0.4617359479015509 0.902881903826518 0.028489025578458838 0.056306505817178554
0 0.48247983655740817 0.9063103428950603 0.029436962418861734 0.05659449666791028
0 0.5025727238720049 0.9145692996614614 0.02414119521257846 0.0510145587478269
0 0.4386092190528343 0.9317724006684767 0.020031289111784867 0.027263656502377942
0 0.45803408794152534 0.9376738323653697 0.024769122665340426 0.02870304851412253
0 0.47944603150032594 0.9434597491847742 0.023635223946165074 0.027035131654411293
0 0.4983973657145481 0.9492173172317502 0.019845327233012466 0.02588373049339887
0 0.3710762406700123 0.7668709677843593 0.022042205547099403 0.05567133923390766
0 0.3895531438019183 0.7724843998454908 0.028674987457231238 0.05768643182615785
0 0.4114394188282764 0.7784154151982576 0.028489025578458893 0.056306505817178665
0 0.4314307744144404 0.7837707387555484 0.02488509074407863 0.05653503066514565
0 0.3656075387239546 0.8147737082077615 0.021484198940296628 0.05153066354815705
0 0.3839904853201358 0.8210767484786898 0.027931034092966767 0.05216594233877958
0 0.40512421215549 0.8289347605275565 0.027355126859283485 0.05463858895746743
0 0.4254960636439723 0.8351238931691941 0.026408115343110106 0.05435087922769277
0 0.3581763050424912 0.8735742839161802 0.0226182186299575 0.05319947806668057
0 0.37617874817569874 0.8790435712064373 0.026408115343110106 0.054350879227693105
0 0.39826054794325205 0.887188564239872 0.03151787265421052 0.058550123257395836
0 0.4176844625913314 0.8930897060307779 0.02109426870669645 0.055383348383175934
0 0.35390701170503636 0.9089119745849713 0.01739238739094412 0.02116746643449341
0 0.3716219109589297 0.9128574810013618 0.022502250551219294 0.025367495915657123
0 0.3934152050459016 0.9194784593586183 0.0262921472643719 0.0265188970766691
0 0.41369505875199153 0.926357853695763 0.019473418596778258 0.023123990682791362
0 0.6425906389344476 0.05488694498854383 0.03151786863761252 0.05855009345231811
0 0.664857409863124 0.06165176942565767 0.026780092916821152 0.05711071901063394
0 0.6859911428415106 0.06950973589028779 0.02809908849301479 0.060159139808241176
0 0.7079705211953633 0.07474988006031352 0.02962292028103608 0.05797439287181198
0 0.7302372921240396 0.08151470449742734 0.028675041273397373 0.05768641959114007
0 0.7520305862110117 0.08813568285468393 0.028675041273397373 0.057686419591140056
0 0.7733504034562789 0.0946128151320832 0.027727046600230176 0.05739841117034848
0 0.7950505918530516 0.10192468220447952 0.029808878379480985 0.059354290828953576
0 0.8177908974561969 0.10883337029151047 0.029808878379480763 0.059354290828953604
0 0.8392038203916636 0.11461961385377001 0.02678009291682093 0.05711071901063393
0 0.8609971144786355 0.12124059221102655 0.030569873964445105 0.058262085031526495
0 0.8826973028754082 0.12855245928342285 0.026966051015266057 0.05849061696777556
0 0.90449059696238 0.13517343764067943 0.030755832062889787 0.059641982988668185
0 0.9267573678910564 0.14193826207779325 0.02791300469867486 0.05877830912749009
0 0.9485506619780284 0.1485592404350498 0.029808878379480763 0.059354290828953604
0 0.9707245121627878 0.15601402791431454 0.029047083166181986 0.0604471482290328
0 0.9889969010022769 0.16277885235142842 0.02200619799544623 0.0607351215097047
0 0.6346679066957784 0.10635526914663536 0.029436963836484642 0.05659450718734946
0 0.6569356607814487 0.11312039227476636 0.028489084828846156 0.056306533906677544
0 0.6792954100505361 0.11919527299302901 0.029251006210580632 0.05521461273668758
0 0.7016552869056824 0.1252692069617632 0.028489083883764144 0.05630652689371804
0 0.7229751041509498 0.13174633923916246 0.027541089210596947 0.056018518472926465
0 0.7443869170521751 0.13753322560021367 0.02867504150966793 0.057686421344379915
0 0.7665616920886231 0.1449882977069155 0.029808878615751322 0.05935429258219338
0 0.7885494580065017 0.15382391937341103 0.02830312720294237 0.05492663945601567
0 0.8097762395511348 0.16099097429312192 0.027541089210596947 0.05601851847292652
0 0.8312810305565006 0.1660879186885618 0.028860999608112614 0.05906631930152151
0 0.8530743246434725 0.17270889704581835 0.028860999608112836 0.05906631930152151
0 0.8752481743556909 0.1801636880315628 0.029622920517306417 0.057974394625051856
0 0.8974229503372207 0.18761875312530515 0.028860999608112836 0.059066319301521564
0 0.91855582656332 0.19547548291558897 0.027541089210596947 0.05601851847292652
0 0.9404420994632439 0.2014065140475146 0.029251006210580854 0.05521461273668754
0 0.9632763096761114 0.20762553252369226 0.02943696289140263 0.05659450017439002
0 0.9856361163054222 0.21370043431849448 0.02830312720294237 0.05492663945601567
0 0.9966389555282468 0.2217013018666933 0.006722088943506455 0.05216590731164325
0 0.6274237420920831 0.1637752970861612 0.028675041509668153 0.05768642134437996
0 0.6493100152282774 0.16970632646484698 0.028860999608112614 0.05906631930152151
0 0.6716697652061762 0.17578120192339003 0.029622920517306417 0.05797439462505183
0 0.6932771016672442 0.18378207473130842 0.02735513158469316 0.05463862402226466
0 0.714410960341526 0.19163910847232904 0.02867504150966771 0.0576864213443799
0 0.7361101655813046 0.1989506768537082 0.028489083411223026 0.05630652338723838
0 0.758377919666975 0.20571579998183923 0.029436962418861734 0.05659449666791022
0 0.7807378541186151 0.21178975327387312 0.02867504150966771 0.05768642134437993
0 0.8030976040965139 0.21786462873241616 0.029436962418861956 0.05659449666791028
0 0.8243244427650999 0.2250317064819065 0.026408177901284136 0.054350931862550106
0 0.8450766360161641 0.232055568639991 0.02848908341122325 0.05630652338723838
0 0.8667769534166185 0.23936647844341968 0.028303126257860356 0.054926632443056206
0 0.8884772679818271 0.24667740928572673 0.02848908341122325 0.056306523387238294
0 0.9099830414353755 0.2517746576319034 0.027913004934945418 0.058778310880729934
0 0.9318694412125467 0.25770474727402015 0.029622920517306417 0.057974394625051884
0 0.9539501875972705 0.26585040944250576 0.028303126257860356 0.05492663244305618
0 0.9763099352124646 0.2719253024334475 0.029064921471159133 0.05383377504297698
0 0.992259384834915 0.2774534339477252 0.015481230330169904 0.05659449666791028
0 0.9895799927993042 0.33047539763900546 0.020840014401391604 0.059354292582193435
0 0.9720757346094577 0.3216394878385931 0.028303125312778565 0.05492662543009663
0 0.9492425077898544 0.3154207663001928 0.030011875154568157 0.054121467202691564
0 0.9273560501799188 0.3094906590880161 0.02640818073652995 0.054350952901428495
0 0.9054697770437246 0.30355962970933037 0.03001187515456838 0.05412146720269162
0 0.882636552114285 0.2973408941450111 0.028303125312778343 0.05492662543009674
0 0.8615026910772986 0.28948387793638913 0.027727046836500735 0.05739841292358838
0 0.8394220048880439 0.28133821580556473 0.030197958003826297 0.05550229087048314
0 0.817155176126603 0.2745733737983911 0.02735513063961137 0.05463861700930517
0 0.7958354167141 0.26809625909105167 0.028303125312778565 0.05492662543009677
0 0.7740421226271281 0.26147528073379506 0.028303125312778565 0.05492662543009666
0 0.7523418075893786 0.2541643533979677 0.028117042463520647 0.05354580176230511
0 0.73045547662042 0.24823330644922215 0.027931084365075742 0.052165903805163616
0 0.708662182533448 0.24161232809196553 0.02793108436507552 0.05216590380516348
0 0.6880028393279243 0.23389947422427793 0.02640818073652973 0.05435095290142847
0 0.6661165680818938 0.22796843081967322 0.030383916102270758 0.056882188827624774
0 0.6432823002725323 0.2217493930201959 0.028303125312778565 0.05492662543009674
0 0.6211085083930783 0.21429461960451127 0.029064921471159022 0.05383377504297704
0 0.6136772747116149 0.27309519531292986 0.030197961784153682 0.055502318922321076
0 0.6360380097366715 0.27917035543657115 0.027541088738056052 0.05601851496644683
0 0.6568833669832405 0.285503342943096 0.027541088738056052 0.056018514966446775
0 0.6786766610702123 0.29212432130035254 0.029436962418861734 0.05659449666791028
0 0.7010364091579473 0.2981992107848145 0.028303129093106172 0.05492665348193465
0 0.7227367251407788 0.30551013110768244 0.02811704435368423 0.053545815788224094
0 0.7445300770605151 0.3121311270349988 0.02811704435368445 0.05354581578822404
0 0.7663233711474869 0.31875210539225535 0.02811704435368445 0.05354581578822404
0 0.787930708081096 0.326752974693694 0.02848908341122325 0.056306523387238294
0 0.8097240021680678 0.3333739530509505 0.02848908341122325 0.05630652338723835
0 0.8315172962550398 0.33999493140820713 0.028489083411223026 0.05630652338723835
0 0.8522696185097859 0.34701783629732397 0.02640818073652995 0.054350952901428495
0 0.8734964548156671 0.354184931579213 0.029436962418861734 0.05659449666791028
0 0.8956703064180493 0.36163970853903854 0.028303129093106172 0.054926653481934595
0 0.9177425357625245 0.36619085398650164 0.027745130046958666 0.050786033899859806
0 0.9405757606919641 0.37240958955082093 0.029825917056123474 0.05274156924554996
0 0.9625645795201311 0.3812445455887453 0.027541088738056052 0.056018514966446775
0 0.984357873607103 0.3878655239460019 0.029436962418861956 0.05659449666791028
0 0.9960971012822437 0.3953203079187869 0.007805797435512574 0.05768643537029883
0 0.9921824859391094 0.44638668008537896 0.01563502812178119 0.0582620587329285
0 0.977383078326972 0.4396218380782052 0.02772704305617313 0.057398384871750585
0 0.9561562998538551 0.43245476036637603 0.02848908341122325 0.056306523387238294
0 0.9333220301543298 0.42623573659281766 0.030197961784153682 0.05550231892232105
0 0.9115287360673578 0.41961475823556105 0.02640818073652973 0.054350952901428495
0 0.8906833788207889 0.41328177072903627 0.028303129093106172 0.05492665348193454
0 0.8681292138996658 0.4049922765442735 0.029825917056123474 0.05274156924555001
0 0.8461403988518263 0.3961572924545112 0.02754108873805583 0.05601851496644672
0 0.8247285838241667 0.39037042187261883 0.028675045289995538 0.05768644939621781
0 0.8023687779036673 0.384295514818097 0.029436962418861734 0.05659449666791028
0 0.780668460975754 0.3769846015081886 0.027355134419938976 0.05463864506114302
0 0.7596276368207542 0.3684376538910557 0.028860999608112614 0.05906631930152151
0 0.7379273236731686 0.3611267125293094 0.02867504528999576 0.05768644939621781
0 0.7161339717534323 0.35450571660199304 0.028675045289995538 0.057686449396217865
0 0.6949073180311286 0.3473377131795138 0.027541088738056052 0.056018514966446775
0 0.6730209182539574 0.341407623537397 0.029251008100744658 0.05521462676260658
0 0.6510425913927702 0.3361668242582394 0.027727043056172906 0.05739838487175053
0 0.6297228319802671 0.32968970955089993 0.028675037729340103 0.05768639329254199
0 0.6085889728334445 0.32183267931635906 0.027355134419938976 0.05463864506114313
0 0.6003038911587714 0.3796546741499233 0.027931084365075742 0.052165903805163505
0 0.6216236505712744 0.38613178885726274 0.026983089691908546 0.05187789538437193
0 0.642942484659548 0.39260862244364486 0.027931084365075964 0.052165903805163505
0 0.6643552828442015 0.3983957917165544 0.027169051570681058 0.053257821393351445
0 0.6850146819923258 0.4061086771802208 0.027541088738056052 0.05601851496644672
0 0.7071884719816162 0.41356346462182436 0.03056987798104327 0.05826211483660432
0 0.7293631241574147 0.42101944841325734 0.027913004934945418 0.058778310880730045
0 0.7512495201542583 0.426949566107212 0.028099087784203336 0.060159134548521565
0 0.7721878583402134 0.4325925906092471 0.027913004934945418 0.058778310880729934
0 0.7937020886385412 0.441284355638785 0.029251008100744658 0.05521462676260658
0 0.8158758824081591 0.4487391150285507 0.02848908341122325 0.056306523387238405
0 0.8376691764951311 0.45536009338580724 0.028489083411223026 0.056306523387238405
0 0.8599360052565718 0.46212493539298094 0.029436962418861734 0.056594496667910166
0 0.8816363184041576 0.4694358767547272 0.027355134419938754 0.05463864506114313
0 0.9039960702722202 0.47551073818735135 0.030011878934895764 0.05412149525452947
0 0.9268303361914179 0.4817297900127476 0.028303129093106172 0.05492665348193465
0 0.9489111490216496 0.4898745124070031 0.02962291673697881 0.05797436657321403
0 0.9710849427912676 0.4973292717967688 0.02848908341122325 0.05630652338723846
0 0.9893168475863139 0.5039502501540253 0.02136630482737223 0.056306523387238405
0 0.9972466471714176 0.561924662349137 0.005506705657164712 0.056306523387238294
0 0.9864429772869903 0.5546137490392286 0.027114045426019473 0.054926653481934595
0 0.9648636712984789 0.5471589440275652 0.029436962418861734 0.056594496667910166
0 0.9424013756286075 0.5381801419097834 0.02887896337271445 0.052453877085835376
0 0.920134604699931 0.5314153174726695 0.027931084365075964 0.052165903805163505
0 0.8973933159397919 0.5245063306946214 0.029825917056123474 0.0527415692455499
0 0.8756010050098137 0.517885651028382 0.026036136008499522 0.05159020322465735
0 0.8537147299834557 0.5119546356756153 0.030011878934895764 0.054121495254529584
0 0.8315399568371715 0.5044995495429945 0.027355134419938754 0.05463864506114302
0 0.8101281418095119 0.49871267896110205 0.02848908341122325 0.05630652338723835
0 0.78833484772254 0.4920917006038455 0.02848908341122325 0.056306523387238294
0 0.7671080114166589 0.4849246053219565 0.027355134419938754 0.05463864506114302
0 0.7457881941713914 0.47844747304455726 0.02830312909310595 0.05492665348193465
0 0.7234284423033287 0.4723726116119331 0.029436962418861734 0.056594496667910166
0 0.7006881367001835 0.4654639235249022 0.029436962418861734 0.05659449666791028
0 0.6805024007576689 0.45789394794866495 0.02432714953069559 0.05239442865313071
0 0.65927556067146 0.45072688071861383 0.031145956457320878 0.05579032734311273
0 0.6369158125837251 0.4446519912341519 0.026594135054646806 0.05573082280673214
0 0.6155959953384577 0.43817485895675257 0.029436962418861734 0.056594496667910166
0 0.5929486668943709 0.4305762359170697 0.02925100810074477 0.05521462676260652
0 0.5862699069252073 0.48745081431377413 0.027355134419938865 0.054638645061143076
0 0.6070232085566197 0.49447404594574607 0.027169051570681058 0.053257821393351445
0 0.6292900373180604 0.5012388879529197 0.030011878934895764 0.05412149525452947
0 0.6512692895034771 0.5064799683530347 0.026594135054646806 0.05573082280673214
0 0.6725881235917506 0.5129568019394168 0.029436962418861956 0.05659449666791022
0 0.6941954595802778 0.5209576782538149 0.027169051570681058 0.053257821393351445
0 0.7158957783983549 0.5282685775378044 0.02925100432041705 0.055214598710768614
0 0.7372155956436224 0.5347457098152038 0.026408176956202123 0.05435092484959059
0 0.7585353550561255 0.5412228245225431 0.02925100432041705 0.055214598710768614
0 0.7807092047683439 0.5486776155082875 0.028117046243848254 0.05354582981414302
0 0.8024095179159295 0.555988556870034 0.02830312909310595 0.054926653481934706
0 0.8247692678938283 0.5620634323285769 0.029436966199189563 0.05659452471974813
0 0.8469430597732823 0.5695182057442616 0.028675037729340325 0.057686393292542104
0 0.8676034439685643 0.5772313758730262 0.026408176956202123 0.05435092484959059
0 0.8894887358379285 0.5831620925347758 0.030011875154568157 0.05412146720269162
0 0.9133639157565878 0.588979200258252 0.030383919882598587 0.05688221687946271
0 0.9355377076360418 0.5964339736739367 0.027727043056172906 0.05739838487175053
0 0.9572380245639552 0.6037448869838451 0.029436962418861734 0.056594496667910166
0 0.9790313186509271 0.6103658653411017 0.027541088738056052 0.05601851496644683
0 0.9925790973440326 0.6160089178949746 0.014841805311934797 0.057974366573213976
0 0.5802337313443552 0.5358993922375996 0.03019795422349847 0.05550226281864534
0 0.6019340520525962 0.5432102774956702 0.026594135054646806 0.05573082280673225
0 0.6233468426765945 0.5489975028722555 0.029251000540089223 0.05521457065893065
0 0.6445736865431311 0.5561645420504687 0.0262220903266166 0.05297007312996116
0 0.6653258764864086 0.5631884287539113 0.028303121532450737 0.05492659737825878
0 0.686738803202203 0.568974644264333 0.02754108873805583 0.05601851496644672
0 0.7095720821840792 0.57519342545055 0.031145948896665665 0.05579027123943692
0 0.7318388531127555 0.5819582498876639 0.026408173175874516 0.054350896797752735
0 0.7528796141300343 0.5905061127336687 0.029808871055095887 0.059354236478517786
0 0.7750534041193244 0.5979609001752723 0.028675045289995538 0.05768644939621792
0 0.79788767381885 0.6041799239488306 0.030383916102270758 0.05688218882762486
0 0.8195879869664356 0.6114908653105771 0.026408173175874294 0.054350896797752735
0 0.8402473320621231 0.6192037051523457 0.028675045289995538 0.05768644939621792
0 0.862040626149095 0.6258246835096022 0.02867504528999576 0.05768644939621781
0 0.884874888287965 0.6320437633868363 0.030383916102270758 0.05688218882762475
0 0.9061937223762385 0.6385205969732184 0.02564614038147961 0.055442814385940564
0 0.9269470315683062 0.6455437725015146 0.029622924297634246 0.05797442267688968
0 0.9501608140131561 0.6525963066684028 0.03056987798104327 0.058262114836604484
0 0.9726230389846513 0.6615760801187323 0.0288609920474574 0.05906626319784569
0 0.9899929185239472 0.6681970584759889 0.020014162952105563 0.0590662631978458
0 0.5714750480771644 0.5935784667019567 0.028675045289995538 0.05768644939621792
0 0.5932683421641364 0.6001994450592132 0.028675045289995538 0.05768644939621792
0 0.6156280940321991 0.6062743064918372 0.029436962418861734 0.05659449666791028
0 0.6377089106427584 0.6144190008342549 0.02811703868319282 0.05354577371046709
0 0.658462270106935 0.6214422500362866 0.026408173175874294 0.054350896797752846
0 0.680255564193907 0.6280632283935432 0.030197954223498247 0.055502262818645454
0 0.7034693466387567 0.6351157625604313 0.029251000540089223 0.05521457065893076
0 0.7251696597863424 0.6424267039221776 0.027169044010025623 0.05325776528967563
0 0.7454485089797117 0.6493057346795994 0.026408173175874294 0.054350896797752735
0 0.76686129960371 0.6550929600561848 0.029436962418861734 0.056594496667910055
0 0.7888405555694542 0.6603340124044618 0.027169044010025623 0.05325776528967574
0 0.81054086871704 0.667644953766208 0.028878970933369663 0.05245393318951108
0 0.8334765705302396 0.6767685732963948 0.03038391610227098 0.05688218882762475
0 0.8552698646172116 0.6833895516536515 0.026594135054647028 0.05573082280673203
0 0.8759292097128991 0.69110239149542 0.02886099204745718 0.05906626319784569
0 0.8976295806932492 0.6984133504272263 0.02867504528999576 0.05768644939621781
0 0.9205557827817471 0.7039421510388936 0.03019795422349847 0.05550226281864523
0 0.9429165178068037 0.710017311162535 0.02754108873805583 0.05601851496644672
0 0.9635759207352557 0.7177301685743634 0.027912997374289983 0.05877825477705434
0 0.9852323858670121 0.7258749190204568 0.029535228265975766 0.056882188827624636
0 0.996890523854287 0.7333000667025109 0.006218952291425994 0.05733916145632734
0 0.5651598200486512 0.6440977471425499 0.027169044010025623 0.05325776528967552
0 0.5871390684537402 0.6493388555945028 0.029436962418861734 0.05659449666791028
0 0.6084588856990076 0.6558159878719019 0.026594135054646806 0.05573082280673225
0 0.5520738936259755 0.7521809804983202 0.026594135054646806 0.05573082280673225
0 0.5739602264850979 0.7581120134211468 0.030569877981043048 0.05826211483660415
0 0.595567437722812 0.7661138154461951 0.027152141661449747 0.059871498492482744
0 0.616887197135315 0.7725909301535345 0.029994969025664675 0.06073517235366077
0 0.6388656487473153 0.7778308037220422 0.02772705061682834 0.057398440975426235
0 0.6606589428342872 0.7844517820792987 0.029622924297634023 0.05797442267688979
0 0.682452236921259 0.7910727604365553 0.02772705061682834 0.057398440975426124
0 0.7036790153943759 0.7982398381483846 0.02848908341122325 0.056306523387238294
0 0.7259458441558168 0.8050046801555579 0.029436962418861734 0.05659449666791028
0 0.7483055960238794 0.8110795415881822 0.028675045289995538 0.05768644939621781
0 0.7695324323297605 0.8182466368700713 0.027912997374289983 0.05877825477705434
0 0.7910466626280883 0.8269384018996091 0.029251000540089223 0.05521457065893054
0 0.813220460178034 0.8343931332375368 0.02848908341122325 0.056306523387238405
0 0.8349207733256196 0.8417040745992832 0.028303121532450515 0.05492659737825878
0 0.8571876020870604 0.848468916606457 0.029251000540089223 0.05521457065893076
0 0.8794553561727307 0.8552340397345879 0.028303121532450515 0.05492659737825878
0 0.9012486502597027 0.8618550180918445 0.028303121532450737 0.05492659737825889
0 0.9235154211883791 0.8686198425289582 0.029251000540089223 0.05521457065893076
0 0.9461627458521381 0.8762184936204789 0.029436962418861734 0.05659449666791028
0 0.967676976150466 0.8849102586500169 0.02698309725256376 0.051877951488047636
0 0.9846394633051514 0.8907817518963435 0.019589250583720297 0.05095496296765101
0 0.545210158715361 0.8104357555431834 0.02848908341122325 0.056306523387238294
0 0.5665289928036346 0.8169125891295654 0.02754108873805594 0.05601851496644694
0 0.5884152678299928 0.8228436044823322 0.029251000540089223 0.05521457065893076
0 0.6101155809775785 0.8301545458440787 0.027169044010025623 0.05325776528967585
0 0.6313424172834595 0.8373216411259676 0.028303121532450737 0.05492659737825878
0 0.6527542323111194 0.8431085117078599 0.027541088738056052 0.05601851496644694
0 0.6745475263980912 0.8497294900651164 0.029436962418861734 0.05659449666791028
0 0.6967222995443753 0.8571845761977374 0.028303121532450737 0.05492659737825889
0 0.718710014245063 0.8660201312034568 0.029808871055095887 0.05935423647851734
0 0.7404103273926487 0.873331072565203 0.02772705061682834 0.05739844097542646
0 0.7612556846392177 0.8796640600717279 0.02772705061682834 0.05739844097542646
0 0.7830489787261896 0.8862850384289844 0.029622924297634246 0.05797442267688979
0 0.8053157496548661 0.8930498628660981 0.02867504528999576 0.05768644939621781
0 0.8275835037405364 0.8998149859942293 0.029622924297634246 0.05797442267688968
0 0.8503238093436817 0.9067236740812602 0.029622924297634023 0.05797442267688968
0 0.8723116450148548 0.9155583314281677 0.02811703868319282 0.053545773710467204
0 0.8934455003813498 0.9234153897145463 0.027541088738056052 0.05601851496644661
0 0.9145792347773594 0.9312733456597373 0.02811703868319304 0.053545773710467315
0 0.9368460057060358 0.938038170096851 0.029064917690831527 0.053833746991139186
0 0.9596792922485672 0.9442568951793924 0.029251000540089445 0.05521457065893076
0 0.9779702045853186 0.9512502444644733 0.02109421087393204 0.055383330813116194
0 0.5388019497474617 0.8616449989882664 0.029436962418861956 0.05659449666791028
0 0.5604936756289631 0.8653623914550583 0.027338088418911277 0.06125131229411085
0 0.5827604465576396 0.872127215892172 0.03207586413970254 0.06269068673579481
0 0.6047483400615771 0.8809618908091392 0.026780096933419317 0.05711074881571143
0 0.626541634148549 0.8875828691663958 0.03056987798104327 0.05826211483660415
0 0.6479543745004382 0.8933700208692454 0.026018049017713762 0.05820255419654796
0 0.6684192358446889 0.8988691992914233 0.028303121532450737 0.05492659737825878
0 0.6900265680528883 0.9068701036576594 0.027931091925731177 0.05216595990883932
0 0.7128683133303633 0.9166833313976428 0.03151787265421069 0.058550123257395836
0 0.7346616074173352 0.9233043097548994 0.0258321022602519 0.05682274039492008
0 0.7565480034141788 0.929234427448854 0.031331910775438176 0.05717019724841632
0 0.778248195591279 0.9365462664694126 0.025460178502707098 0.05406288837696105
0 0.7999485087388647 0.9438572078311587 0.031331910775437954 0.05717019724841632
0 0.8227827206056259 0.9500762140346574 0.02772705061682834 0.05739844097542646
0 0.8445760146925977 0.9566971923919139 0.029622924297634023 0.05797442267688979
0 0.8657088869020988 0.9645539519872757 0.026408173175874516 0.054350896797752735
0 0.8882642213441209 0.9717119504810361 0.03246482633761949 0.05657609903792793
0 0.911097450053888 0.9749081174372194 0.02696604369088096 0.05018376512556111
0 0.9327977632014737 0.9779305126440836 0.030941922709073477 0.0441389747118327
0 0.9548786376447974 0.9829089744848097 0.02772705061682834 0.03418205103038052
0 0.9719350235024433 0.9860756087985508 0.020147257190523238 0.027848782402898342
0 0.5318442507404672 0.9205894383466022 0.029251000540089445 0.05521457065893087
0 0.5538234991455562 0.9258305467985549 0.02772705061682834 0.05739844097542646
0 0.575616793232528 0.9324515251558114 0.029622924297634134 0.05797442267688979
0 0.5979775282575845 0.9385266852794526 0.0288609920474574 0.0590662631978458
0 0.6198629410974342 0.94445650428239 0.02867504528999576 0.05768644939621781
0 0.6405231986517392 0.9521706141477237 0.026408173175874516 0.054350896797752735
0 0.6620375574812079 0.960861425414774 0.030755824738505133 0.059641928638232033
0 0.6847778052515887 0.9677700959317452 0.0288609920474574 0.05906626319784569
0 0.7066640802779469 0.9724289432932014 0.028675045289995538 0.055142113413597094
0 0.7278909165838281 0.9764294745415887 0.02754108873805583 0.047141050916822524
0 0.7495912297314138 0.9795959682948512 0.029622924297634246 0.040808063410297635
0 0.7711985695002685 0.984430350855987 0.02735512685928354 0.031139298288026085
0 0.7929918635872405 0.9875968446092492 0.029251000540089445 0.024806310781501528
0 0.8157321691903858 0.9910511886527646 0.029251000540089223 0.017897622694470594
0 0.8367729226470091 0.9945061501380028 0.02696604369088096 0.01098769972399427
0 0.8576182220608138 0.9975287099611088 0.02886099204745718 0.004942580077782366
