0 0.5743424928381409 0.6004460095904265 0.05893318445563667 0.06900989139200953
0 0.6158884870895103 0.5998697715645168 0.0506818410554537 0.06860374406268477
0 0.6596416339951667 0.5980919772712108 0.05097057790868753 0.07121086249954611
0 0.7043539920277482 0.5970169349302183 0.05288898725694324 0.0700083157299054
0 0.7500979327081945 0.5959917317940573 0.05332203446162154 0.07391846900165622
0 0.7990082307170556 0.5944677826076518 0.059221921308870384 0.07161700982887087
0 0.8510849410796255 0.5924451486619118 0.05936623166031463 0.07292004466376034
0 0.9050802866383454 0.5918260958811481 0.06392506061567127 0.07703316112264247
0 0.9601069468773364 0.5912587437539565 0.07380632852299684 0.07363081459436827
0 0.989739279480374 0.5899886281343142 0.02052144103925202 0.07082064557311885
0 0.5738911531423019 0.6607049665223996 0.03743849853905479 0.06017432095058217
0 0.6101355826942708 0.6611788504618854 0.04804153759869845 0.06328912960124422
0 0.6527852081215579 0.6600013390511553 0.05024880675636956 0.06469370732060975
0 0.6985289776263652 0.6589771233911664 0.054230168105016574 0.0635937461503826
0 0.7472228199637749 0.6594081956018707 0.05260036655405509 0.06740224606012635
0 0.7948851149671837 0.6597885516091024 0.05274467690549933 0.06870528089501582
0 0.8448268923791585 0.6583153738649348 0.056870348605590815 0.06890835455967836
0 0.8986778178888857 0.659000346421305 0.06555486216663275 0.07322466121289883
0 0.955983892605555 0.6565795157814796 0.06378075026422714 0.07573012628775289
0 0.9890804832927538 0.6572644300730117 0.021839033414492337 0.07182008954567787
0 0.5592163566895038 0.7182981412048719 0.05408574160322699 0.06228966254841073
0 0.6037121911197461 0.719178175499755 0.04818584795014269 0.06459216443613369
0 0.6473210276739583 0.7187034160413385 0.04818584795014258 0.06459216443613358
0 0.6947668670059155 0.7210387934456802 0.052311642606415076 0.06479524415294091
0 0.7392627014361579 0.7219188277405632 0.05466320240410094 0.06750378289245784
0 0.7912673146981783 0.7205471868287268 0.06349202631658712 0.07312312438056756
0 0.846892407135605 0.7239407594155238 0.059221921308870384 0.07161700982887076
0 0.899495397570767 0.726529981926766 0.06924748666204628 0.06951758160581023
0 0.958503480636496 0.7274687413251986 0.0799949590293153 0.07393543114350665
0 0.9894532245834198 0.7258940237226275 0.021093550833160335 0.07010985256223679
0 0.5544738376966736 0.7704840535183632 0.054416427351342334 0.046750935882766576
0 0.6008161555502617 0.773419713805281 0.04837233339740088 0.0477502924580685
0 0.6442805720554812 0.7742489796839983 0.048660954100289255 0.050356362127847776
0 0.6898078244107464 0.7751797823950469 0.05249800509749236 0.047953366122730934
0 0.7382850816677266 0.7775659282155541 0.05456084094753799 0.048054902955062095
0 0.7898566541778659 0.7801043823106306 0.05868663560381071 0.048257982671869204
0 0.8446669619901571 0.7814911193431424 0.06487514315394782 0.04856259316886313
0 0.9013234788054034 0.7849354020812672 0.0670822893554377 0.04996716483608399
0 0.9590114070928757 0.7884305115003957 0.059263993159932915 0.053471170778510047
0 0.9915069384741335 0.7893603237091997 0.01698612305173297 0.05526586592275606
0 0.5003224204000284 0.7350562580161037 0.07302427879279433 0.029519868125973514
0 0.49561014394089203 0.7682412672697605 0.07696361874085389 0.046564821333881734
0 0.4351887586402923 0.7613357978831721 0.054849461650426534 0.05066097262484137
0 0.43990101327710895 0.728150846137835 0.054169817021425926 0.025999024136553972
0 0.21390339642529843 0.6993354832715909 0.032200073527194145 0.03139914249980902
0 0.2497869831067584 0.7030674196604856 0.0420813414345198 0.027996795971534816
0 0.29576833302276645 0.7092621221425384 0.06093573070018188 0.03151670923658423
0 0.3468346579829268 0.7163626547806756 0.04399982516646034 0.026794368757642406
0 0.38986603373626527 0.7211020156663059 0.04812549686655182 0.02699744242230495
0 0.21020153364368804 0.7233972101682127 0.033252445016327264 0.022376523759054745
0 0.2442387555160765 0.7250725890841844 0.039152393341666564 0.020075067612342012
0 0.29456237112933126 0.7295153506424527 0.05728515834440151 0.017078875978573382
0 0.34282311123676934 0.7338565148339975 0.04270069645802005 0.015064025472065867
0 0.38084175593589564 0.7370380052755933 0.02826066107342834 0.014353258567530558
0 0.40235738896379053 0.7394081809695305 0.02178340986422167 0.0114425723486129
0 0.20395257634002728 0.7610935287922468 0.03758283962954431 0.06147735729850767
0 0.23909343707309472 0.7621676347016572 0.04156424708675946 0.06037739839783507
0 0.2886021506789043 0.7646045508296255 0.06602990683868892 0.05898885587854019
0 0.33935879167451755 0.7651372166244625 0.0426167500957606 0.051355829180681156
0 0.37457177256241825 0.7655603306347465 0.03436528373939668 0.05094967579921128
0 0.39954262730296186 0.7648237693820454 0.025392046230714616 0.044026367238805486
0 0.05945641204335585 0.6799390689679286 0.09779691917013439 0.08647796031236765
0 0.12016643533755704 0.6842384695358209 0.0668539779694792 0.08495488796879958
0 0.17240859827173294 0.6900857452529898 0.06877253420712601 0.0837533914792773
0 0.01637533922340406 0.6757502116088405 0.03275067844680812 0.09255504108861778
0 0.019646832548016434 0.7629825702909432 0.03929366509603287 0.0865466252215411
0 0.05530321271906119 0.7642598115341852 0.046658405391815115 0.08784966005643036
0 0.10186192526553653 0.7652413847418242 0.06052109090504591 0.0833472392325848
0 0.14724489416602216 0.7674752236116691 0.05198090828580329 0.08033408432218891
0 0.17900274766930013 0.7710040833098288 0.033848174022113625 0.08333027746899335
