0 0.08333299867808819 0.6088500022888184 0.07222199812531471 0.33628296852111816
0 0.15324099361896515 0.6097350120544434 0.06944400072097778 0.33805298805236816
0 0.2236109897494316 0.6097350120544434 0.07129599153995514 0.33805298805236816
0 0.29398098587989807 0.6115040183067322 0.06944400072097778 0.34159302711486816
0 0.3629629909992218 0.610618993639946 0.0685189962387085 0.343362957239151
0 0.43333300948143005 0.6123890280723572 0.07222199440002441 0.3469029664993286
0 0.505092978477478 0.6106190234422684 0.07129597663879395 0.3504420220851898
0 0.5763890147209167 0.6079650074243546 0.07129597663879395 0.3451330363750458
0 0.6476849913597107 0.6070799827575684 0.07129597663879395 0.3469029664993286
0 0.7203699946403503 0.6070799827575684 0.07407402992248535 0.3469029664993286
0 0.7902780175209045 0.6097350120544434 0.06574094295501709 0.34159302711486816
0 0.8601850271224976 0.6097350120544434 0.07407402992248535 0.34159302711486816
0 0.9314810037612915 0.6079650074243546 0.0685189962387085 0.3451330363750458
