0 0.5073377657929713 0.5757864913250467 0.07096192285578312 0.07402180712224826
0 0.5472187444151404 0.5789256124020428 0.06315996080566655 0.07286984835750931
0 0.5894853999425287 0.5810427581786417 0.0640306449249296 0.07549071549425501
0 0.632509561592079 0.5839593205873657 0.06554561825251837 0.07446774446817683
0 0.6765093379616719 0.5870189492709718 0.06685146930610375 0.07839851802440556
0 0.7236522779002785 0.5898560778584047 0.07183260697504601 0.07664267425899385
0 0.7739384200794264 0.5924707735046355 0.07226777390936856 0.07795258067847677
0 0.8257402166290313 0.5966823695358526 0.07747468333106788 0.0824592336386214
0 0.8785169471010181 0.6010388975662445 0.08592144001665425 0.0799685428482586
0 0.9305362344453303 0.6045960029043589 0.08114966834172599 0.07677170844944858
0 0.49316669351459896 0.6369209830187039 0.04884512202047442 0.06328044591065296
0 0.5277359094573446 0.6406509648579308 0.05946837496217383 0.06734127866906647
0 0.5688098919282484 0.6432786004218878 0.061854148668816444 0.06893919194547837
0 0.6128092793756956 0.646339216248303 0.06531996275955199 0.06820526490836498
0 0.6592993713757724 0.6511416816246235 0.06467528438387327 0.0718479316292111
0 0.7048140824014262 0.6558001935617063 0.06511045131819582 0.07315783804869413
0 0.7529323257261928 0.6587813255776036 0.06901143234325402 0.07373381743106344
0 0.804298624549225 0.6643038237539849 0.07811936170674694 0.07881656691777517
0 0.8596788097320613 0.6669830218524182 0.07703951639674556 0.08114932721913859
0 0.911045128013461 0.6725054614567005 0.07573370425989534 0.07721867080710765
0 0.4659949774571569 0.694074201502308 0.0648844455746117 0.0668943041911022
0 0.5083662135799145 0.6989561506891464 0.05990354189649644 0.0686511850885495
0 0.5501977021729803 0.7023832028852282 0.05990354189649649 0.0686511850885494
0 0.5950595652601043 0.7090070516111986 0.06380463918134549 0.06922718163666308
0 0.6374308013828619 0.7138890007980366 0.06662577489640231 0.07213592132039581
0 0.6874995352201576 0.7171581225051188 0.07616887119421778 0.07852857722659068
0 0.7399457180247189 0.7255894275202037 0.07183260697504612 0.07664267425899385
0 0.7896838655230614 0.732933259057008 0.08071449167821954 0.07546177274391619
0 0.8459264682156793 0.7391756814721244 0.09177302781403252 0.080832529087557
0 0.8920941628980212 0.741868815213965 0.06749610876504752 0.07475573415936154
0 0.4495589531657517 0.7466282761425529 0.06161164862300467 0.051459551089965916
0 0.4932281431963913 0.7537626146558813 0.05619565535362242 0.05190642558947667
0 0.5346241340628843 0.758500568997127 0.05706598922226758 0.0545262384284424
0 0.5779706154419064 0.7635265130295575 0.0600966363786809 0.0524824049718462
0 0.6238077237852951 0.7702943566011202 0.062047126891209725 0.05277039466303102
0 0.6725706260273729 0.777494193292332 0.06594822417605883 0.053346391211144706
0 0.7246948198947127 0.7838151209580293 0.0717996957136462 0.05421036028469883
0 0.7781162674139062 0.7923903622466077 0.0741853531604979 0.05580825639536646
0 0.8325129407309967 0.8011096569528773 0.06768924216396677 0.05858707118685602
0 0.8758597529022689 0.8061346052596268 0.05295573074668003 0.05890386931843772
0 0.40582663775366534 0.7058078962030939 0.07502315508330876 0.03599681384925324
0 0.3937518191347589 0.7390749472908367 0.08263216797597961 0.05331757418787586
0 0.33751745398667476 0.7266484291308555 0.06291746075985488 0.05539020750199675
0 0.34959223861473965 0.6933814344694936 0.05659789181338498 0.03078412659599028
0 0.1399364937270613 0.6438699756189016 0.03731866286546534 0.03416760348317616
0 0.17341762213458542 0.6508751899379088 0.04576541955105162 0.03167691269281325
0 0.21599837930527943 0.6612857545109805 0.06419040055204059 0.03688866708393013
0 0.2632377108180368 0.6730717279728546 0.04728048992527112 0.03065406739380505
0 0.30332787008931195 0.6817403972982302 0.05118147095032932 0.03123004677617458
0 0.13090853922375464 0.6679656338925211 0.036222040984301374 0.025283323924472523
0 0.16309203958975318 0.6727175238771743 0.04120323678313903 0.02352748874193311
0 0.2102267565162998 0.6817387503551899 0.057452100843580406 0.02218877817348952
0 0.2554109587912634 0.6904719221327681 0.04336297568124989 0.018861863869316986
0 0.2910603313778931 0.6971097065021457 0.029709367703859735 0.01684591028240756
0 0.3111052456174056 0.701444539027674 0.022987446037836368 0.013362111204143212
0 0.11633489008678934 0.7056748247596156 0.04928031801974472 0.06459035662157186
0 0.1497114015677596 0.7099152303040888 0.05274617570790198 0.06385643602161262
0 0.1965237914985975 0.7168270740855389 0.07528175090262257 0.06469161167479609
0 0.2449643254878881 0.7219175834337068 0.051649918609829676 0.054973212906406776
0 0.27855826710942155 0.7255035661359055 0.04384784029992239 0.05382123697592367
0 0.30261734997767326 0.7269941571384675 0.03386926573390181 0.04611773749666381
0 0.026118675939154776 0.6103343297705056 0.05223735187830955 0.09492855499093489
0 0.053694779144367696 0.6201410375054539 0.0820368370340328 0.09060865329806556
0 0.1023448536399624 0.6307601036677564 0.08355218967718712 0.08958674086120344
0 0.002654897288245266 0.695564539650955 0.005309794576490532 0.09165949346524016
0 0.02779392990196993 0.7007344844297025 0.05558785980393986 0.0884347681492973
0 0.060624133097473415 0.7070703386366225 0.06707741691979247 0.08466204329912519
0 0.09020422235004391 0.7134995649903881 0.05082858192429883 0.08600075815900476
