0 0.17213471269076114 0.5071004167026356 0.18358574801482686 0.4486040844490834
0 0.2932459178828122 0.47620980674010904 0.1639289634171756 0.4271256207061982
0 0.4062268087526053 0.44920142926832995 0.15645296194445346 0.4033848526005228
0 0.1319232837050988 0.19879745369396237 0.1598038705271359 0.26181900523001594
0 0.2542436836403711 0.16988262897773176 0.14561071426054156 0.269263175820753
0 0.3474450472702114 0.14932600373955288 0.10091254652725384 0.2679503768026064
0 0.4013463816850318 0.13617836970863617 0.07375104374023217 0.2644732344593568
0 0.47614123569835026 0.13135836602945838 0.14199362097311974 0.26271673205891677
0 0.5502839211831397 0.11679947269715658 0.06657288840731179 0.23359894539431317
0 0.5951448323197357 0.11896448775023832 0.08234211612514164 0.23792897550047665
0 0.6615249532261404 0.11404163351329036 0.11526643335270403 0.22808326702658072
0 0.7409421070197816 0.1053556262980655 0.11140619389837592 0.210711252596131
0 0.5081291121776712 0.4292445467797729 0.1515601207070248 0.37894523322464624
0 0.5885515736623703 0.4061604714990821 0.08424235006017844 0.3538641207466633
0 0.6337665004244215 0.39628043876670827 0.09587884839980931 0.35432540105358523
0 0.6992905059452912 0.37282590133557814 0.12301385081197957 0.3505959589550991
0 0.7828943607607418 0.3596709417769812 0.12225284131236913 0.3446189195163598
0 0.8272793369918058 0.09253567899898636 0.11583721561263549 0.18507135799797272
0 0.866648309655051 0.33640489738075846 0.1252157366170551 0.3469098008532451
3 0.4426934518557189 0.6114342843205562 0.12587346366738228 0.22616570595294921
