0 0.8553737837038697 0.6560965015339633 0.13427356345903085 0.36560004919921946
0 0.9400015538605531 0.6299244419165095 0.09713243436757468 0.355878248275462
0 0.8053600477167071 0.2776403131062704 0.11675271327953318 0.2523058620359404
0 0.8913469853116146 0.2527465522297136 0.0823300389604189 0.24646263156234313
0 0.34747428115751067 0.4497739902620427 0.11880444473870627 0.17559791312337564
0 0.7361578422251921 0.6867087824870313 0.14478125563985667 0.36761129987120367
0 0.6243707810565373 0.7196297893177582 0.14094160266186762 0.3716528026652117
0 0.5055357435433024 0.7501317961377316 0.13916506087580216 0.36392378880401066
0 0.39199140588659886 0.7846753869085196 0.14217268063005067 0.36994762082825217
0 0.05478112291299668 0.8509602773860541 0.10956224582599336 0.29807944522789176
0 0.27572873524561525 0.8166623941838955 0.13945533459401213 0.3660694116801013
0 0.16059047996656495 0.8333362882208402 0.14202768000704624 0.3333274235583197
