3 0.23082496725069554 0.4313544930123384 0.03852656562271323 0.10491957763850979
3 0.295902042116564 0.4563707296363245 0.05083688354389032 0.11289165568691234
3 0.4316672824325214 0.4799708747840956 0.042070910268074746 0.11276121655704147
3 0.5220331672647861 0.49543129208413006 0.05431798937732174 0.10775085942795931
3 0.6291185252318637 0.5146308796982864 0.05286499184058635 0.10172447724476569
3 0.70045389132676 0.5741406822420412 0.04334496631524232 0.10434230580182013
3 0.8080551967346764 0.6119718143523069 0.05164429701443862 0.09862314998953692
0 0.22342162973074992 0.022660650092680618 0.04941924757217478 0.045321300185361235
0 0.2757891290331059 0.030801238660418333 0.057665409796055944 0.052138397630157485
0 0.3305069802420949 0.04135324993181108 0.05853618397125632 0.05085329697058691
0 0.37947838701684383 0.04865040680505612 0.0454716699439206 0.04562749695926098
0 0.4203786705353259 0.056725038335808345 0.04239385762953074 0.043634443036451864
0 0.4607857442283358 0.06471123922120711 0.04448525029297634 0.04545064310963701
0 0.5018036462850293 0.07132391615247427 0.04361449088085967 0.046735742748781686
0 0.5497876319290397 0.07844403217732661 0.05818621509462418 0.04646589223306712
0 0.6050570277361549 0.08835341313589272 0.05818621509462396 0.0464658922330671
0 0.6532436554249895 0.09921747328698288 0.044718579002086534 0.04837590582898059
0 0.6952479772810088 0.1060070096486862 0.045821563372938856 0.05001488633593214
0 0.7363231679703576 0.1118884314527932 0.04262710710297468 0.04655871237121943
0 0.7815486081557149 0.12222157327859343 0.05412101929911217 0.04429581165323722
0 0.8329870210999863 0.1299610455345911 0.05388776982566812 0.04137154231846968
0 0.8283532672477236 0.1817833655791346 0.05802431877371417 0.081029191298366
0 0.8239212116450575 0.23734843973558556 0.055458336710451084 0.04885924660192406
0 0.2170383318900047 0.09590998128110158 0.055655248478233166 0.1123143077597035
0 0.26798361461542375 0.10356002485649288 0.06279729305472004 0.11647727317548713
0 0.32473358911443106 0.1137348622775884 0.06773228428378958 0.11736207944850482
0 0.3740815737447698 0.1225825793929714 0.04799231936751175 0.11382285435643419
0 0.41454695969485456 0.12983771433988134 0.049967086923281834 0.1141769151115587
0 0.4550123456449394 0.13709284928679127 0.04799231936751175 0.11382285435643416
0 0.49559435551564845 0.1428858597978065 0.04973383789498215 0.11125265135760336
0 0.5434627554039659 0.15146829865828806 0.06256407414611331 0.11355301482176298
0 0.5986154519912243 0.16283979055217102 0.0647710365409262 0.11683115032275257
0 0.6469770769132419 0.17151066089785086 0.048979642906010756 0.11399987393353413
0 0.6874424628633268 0.1787657958447608 0.048979642906010534 0.11399987393353413
0 0.7284593406278842 0.18537829195857494 0.05008379156338649 0.11564005153473683
0 0.774411209918274 0.19287559062486526 0.0588497458429218 0.115769508080494
0 0.3249441325760152 0.09226746588958865 0.061855240877837 0.08027481707529843
0 0.4152517069317818 0.108458926804863 0.044609965111674366 0.07141797908006561
0 0.5997550963514046 0.14228050518180718 0.058777429750498156 0.07828177803465525
0 0.6893935301606032 0.16057655505956664 0.044609965111674255 0.07141797908006561
0 0.21106229044568625 0.164547657451937 0.05348450286516607 0.04850535325396518
0 0.26325485342196164 0.17538842374916172 0.057198831761883256 0.04628886743631705
0 0.31875849161372194 0.18237372660248344 0.05870613624382498 0.04079421299396818
0 0.36767063443529124 0.19040076270050602 0.04401875179123277 0.03960211002091413
0 0.40906504204830596 0.19856500204962793 0.04413537482156865 0.04106422329518439
0 0.4494721164832228 0.20655119363367297 0.042043984235462684 0.03924804926578962
0 0.48932766705501585 0.2151800428341023 0.04326461644812185 0.04234933595622423
0 0.5382990671159391 0.22247718812580047 0.06027664466979887 0.048281928800209095
0 0.5941793705965952 0.23101205081552356 0.05708226659683113 0.04482673519817723
0 0.6419300276056858 0.24105742862958415 0.04401875179123271 0.03960211002091413
0 0.6813497170756665 0.24886660471823288 0.040186805914308676 0.0403563043566641
0 0.7213218629322047 0.25603330547982894 0.045121736903992016 0.04124109982921942
0 0.7682028639827907 0.2644387112626327 0.054004395823632034 0.04283369279815477
0 0.8216150802817007 0.2725320761170349 0.05818621553976855 0.04646589781387933
0 0.20424418881272177 0.23748349337783553 0.05861646699169187 0.11284524264684903
0 0.2566699857574503 0.24539999322098938 0.06279729394500846 0.1164772843371116
0 0.3129267804022971 0.25548640725723326 0.06674490139619282 0.117185060232567
0 0.36233304820868745 0.26360304001200113 0.04909640659845016 0.11546300627500863
0 0.40323333143040674 0.27167767526329484 0.050200415780773444 0.11710217969117301
0 0.4440752712366882 0.2804833840747414 0.04897970403568519 0.11399989589562085
0 0.4842224160327955 0.28545687363781364 0.04764244523153671 0.10943645128441826
0 0.5322074100188069 0.2925771789416278 0.06465444095941808 0.11536900896384006
0 0.5878533765225422 0.3040371141415973 0.0639013802856585 0.11811742509406156
0 0.636156627909429 0.31343905264719885 0.049967087813570066 0.11417692627318315
0 0.6766803271552585 0.3199631086337248 0.047875696040412974 0.1123607373616225
0 0.7166525332511828 0.3271298201957832 0.04886301957891215 0.11253775693872242
0 0.7630975822473516 0.3347155441071958 0.06059029964992613 0.11319912111264196
0 0.815725057555108 0.3463758134089199 0.06122678551903471 0.10898956853087066
0 0.31487792044398655 0.23729615871551013 0.06284263941880586 0.08045184643243478
0 0.4032107048025947 0.2531335529652159 0.04409004322056659 0.07708964901781085
0 0.5901821038004924 0.2873976020990788 0.06295924857634638 0.0819139718887554
0 0.6785731608376009 0.3025039478435264 0.041883052486637595 0.07381153043983896
0 0.8157607129162964 0.3271006216323916 0.05396008591809154 0.0788592723643084
0 0.1977166266212888 0.30676378809936966 0.05162740526349241 0.04961462033212305
0 0.2508382745460255 0.31851267387573917 0.06114643683896534 0.04699661356744056
0 0.3081397717211055 0.3280448685626164 0.059056012457139706 0.045180642109774516
0 0.35557226532807107 0.3358076262109706 0.041407435752865485 0.04345756128276684
0 0.39516785673488697 0.34142376054911294 0.04314799341778597 0.04088722268195394
0 0.4361847629869421 0.34803628252613644 0.0442520026001092 0.04252639609811826
0 0.477462596982357 0.35766163264417994 0.044601874065219094 0.046912765685260926
0 0.5263173866986885 0.3664209236745958 0.059405853802556474 0.04956700629668592
0 0.5812684932046587 0.3740486883543923 0.05609482495366236 0.04464972378448456
0 0.6289026055287916 0.38555519721977155 0.04477186069067729 0.036854670713413085
0 0.6688164989224968 0.39345298030113096 0.03995355510543219 0.0374320182794598
0 0.7100083155356186 0.39787225255568825 0.047328786690256086 0.04451921432548761
0 0.757382496440365 0.40636608172334354 0.05325128217598252 0.04558107257699212
0 0.8085876593918576 0.4170298298250564 0.054991839840903056 0.04301073397617927
0 0.19281393766631946 0.3807855657152485 0.05931629538959676 0.12161905333708145
0 0.2456163047141424 0.39025262724088866 0.06425128661866625 0.12250385961009913
0 0.3010605986041963 0.39796881665559447 0.06390139534550504 0.11811742779417717
0 0.349363888234225 0.40737075447040205 0.04996708900062141 0.11417694115534893
0 0.3903224841581634 0.4147143182023947 0.048979705222736314 0.11399991077778682
0 0.43029466013439466 0.4218810243642219 0.04799232144485127 0.11382288040022454
0 0.4711949132364208 0.4299556542152845 0.05107021032404235 0.11581689422273639
0 0.5206022195786961 0.43807248071911 0.06500439551811082 0.11975642030259809
0 0.5757549471759358 0.4494439668515996 0.06326393296047417 0.122326834632768
0 0.623622368174229 0.4580262302045688 0.05043366658964965 0.12002646576837722
0 0.6651334482303156 0.46472735377407176 0.05031704118521163 0.11856432272977513
0 0.7060920140345609 0.4720709121058333 0.04932959716794039 0.1183872815517506
0 0.7515507039159343 0.4794797818064598 0.05908307470041341 0.11869477266010842
0 0.8022043766851498 0.49078614827829026 0.05971948222414425 0.11448423785538542
0 0.3015905036621744 0.3787822325310407 0.05866079195707874 0.0768196657808109
0 0.39172214095397323 0.3971666968219299 0.045480724672172346 0.07013288130119177
0 0.5768363574760378 0.42961476705704377 0.05796097861902039 0.06804585779069416
0 0.6683052900345503 0.4437898691243097 0.04199967432992224 0.07527362883194333
0 0.8042138363654558 0.47186483700840676 0.053726835109215276 0.07593498628710432
0 0.18254508805176178 0.5220703529704048 0.05896641917628212 0.11723262422127517
0 0.23627656104314845 0.5324454622644756 0.06575851275522998 0.11700822294479868
0 0.29160526628407224 0.5416240107900901 0.061693270889889795 0.11483812310299757
0 0.33897841558933145 0.5501176549998286 0.04985046359618317 0.1127147981167469
0 0.38037290748298 0.5582808377151692 0.049967089000621356 0.11417694115534904
0 0.4213314732872253 0.5656243960469307 0.048979705222736314 0.11399991077778682
0 0.46179788330687416 0.5728797146016997 0.048979705222736314 0.11399991077778682
0 0.5101001413374155 0.5822814674585904 0.06465447345321351 0.11536904412840321
0 0.565428843796621 0.5914599551054833 0.06256410456256911 0.11355302394253564
0 0.61262808659471 0.602146998831042 0.04839651796115918 0.106689184784314
0 0.6541964588446052 0.6081168226268869 0.05013707325197725 0.10411881641916931
0 0.7411662854602978 0.6222268713439766 0.06094025302156725 0.11758651756923388
0 0.2937313462129958 0.5212405253672149 0.05767438706921818 0.07664281091076103
0 0.383862906754084 0.5396260476419432 0.048908411419300135 0.07651234201655821
0 0.5690355503786947 0.5713419951242058 0.061505308876578235 0.07588843296715198
0 0.6570500541531321 0.5848977595630338 0.045363960682970106 0.06866974523917557
0 0.17787571319120027 0.5931668595860123 0.05325122193659654 0.04558106177652976
0 0.23166549413660134 0.6028109568894457 0.06016004701095129 0.04681976139750632
0 0.2869931951160124 0.6119892649786531 0.05632805595448759 0.04757394763290945
0 0.3342507430863974 0.6219452358348527 0.042743807885162854 0.04802180042735815
0 0.3742229190626286 0.6291119419966799 0.0437311916630479 0.0481988308049206
0 0.41535645309322433 0.6342622911707694 0.044368623256342665 0.04398847960805674
0 0.4573607454972669 0.6410518137610233 0.04547166860848806 0.04562748021682428
0 0.5052280911963274 0.6496340636134146 0.05632804089464105 0.04757394493279399
0 0.5593944868308368 0.660828738140764 0.058069587761227615 0.045003725010945406
0 0.6072045589570887 0.670142245820431 0.0433811792390717 0.0438114384300321
0 0.6492661701134794 0.6762005186837559 0.04657567779081129 0.04726665363298854
0 0.6906606271392302 0.684363755527529 0.042743807885162965 0.04802180042735815
0 0.7358859902404514 0.6946978637639796 0.0542376418843038 0.045757919346695264
0 0.7867145987422218 0.7038110454422388 0.05325128217598274 0.045581072576991954
0 0.1711148392794618 0.6653723955434859 0.0569926154506899 0.11687873627354728
0 0.2244697380130749 0.6741969952426512 0.06697822936339604 0.12011031365055691
0 0.2809598293183807 0.6813581653428401 0.06256404432318324 0.11355301314207322
0 0.3287105140730622 0.6914035783214637 0.0495005873828685 0.10832836900094067
0 0.3690592793669135 0.700120796778312 0.0477590706359749 0.1108985943230203
0 0.40964128597323185 0.7059138482152836 0.04996708900062141 0.11417694115534893
0 0.4506008758470412 0.7132575901549041 0.04897970522273637 0.11399991077778682
0 0.4990197592820208 0.7211971999731928 0.06488780023336566 0.11829428266422715
0 0.5545500828324958 0.7341194090727788 0.06436788190341147 0.12396599724847013
0 0.6029106836849495 0.7427900958105995 0.050550291994088115 0.1214886088069792
0 0.28192453824276886 0.662992061045506 0.05471319956574089 0.07611189258547102
0 0.37167956600128016 0.6798259792268689 0.04298603878644808 0.0754505351303103
0 0.556734478245357 0.713004913009324 0.059764876438634706 0.07845885269755315
0 0.16348426185557652 0.7359379811336879 0.05325125205628958 0.0455810671767608
0 0.21788387343106463 0.7442084237122657 0.06137968764784177 0.049920899644644856
0 0.27370576327435375 0.7534753360940681 0.05632805595448756 0.04757394763290956
0 0.32194970107275284 0.763608159120202 0.04622580157749667 0.04288022451718232
0 0.36322756756196317 0.7732334848741449 0.042627106509449064 0.046558704930136474
0 0.40380957891648617 0.7790264767824526 0.04483520084537118 0.049838004221084975
0 0.44439158552280444 0.7848195282194241 0.042627106509449064 0.046558704930136474
0 0.4926365295492025 0.7949524712745801 0.06016001689125827 0.04681975599727517
0 0.5489516170882172 0.8043078706200713 0.05806958776122784 0.045003725010945295
0 0.5971372845822182 0.8151717123871314 0.04390213113499919 0.0381400265109757
0 0.6374277324256457 0.8246200618919444 0.042277230296134505 0.04217227581433003
0 0.6786205731083316 0.8290395177543608 0.045704935149254 0.048552707952185914
0 0.7245141301416462 0.83726788235914 0.052380463563149515 0.046866174437569574
0 0.7753427386434165 0.8463810640373992 0.05534171130601284 0.04739710356332194
0 0.8250089650212584 0.8575104190955368 0.05075661202214787 0.05089966806426793
0 0.15808735154293374 0.8098711788210724 0.0599528090042962 0.11740947639120936
0 0.21298125250983144 0.8182291568764137 0.06709485476783428 0.12157245668915906
0 0.26848387931777185 0.8252143085863237 0.06070686600202915 0.11466126823294764
0 0.31640955277889793 0.8330654896195295 0.05194089272621355 0.11453082910307677
0 0.3571358965920356 0.8433334581076906 0.04747247908617258 0.11949554744308732
0 0.3974262637159828 0.8527828195997873 0.05107021032404235 0.11581689422273633
0 0.438326546937702 0.8608574548510809 0.04822564822500336 0.11674811893604842
0 0.4868631304464712 0.8673340878511118 0.06634168562900361 0.12431988519619785
0 0.54224914690982 0.8757813852997396 0.062159863538765014 0.12068765041614138
0 0.589506707158333 0.8857372979773334 0.05008379037633515 0.11564003665257094
0 0.6304662970321423 0.893081039916954 0.0490963463590639 0.11546299547454641
0 0.671859729988329 0.901244093152868 0.05095344870894247 0.11435378792505213
0 0.719175517471376 0.9104700058271078 0.06094025302156747 0.117586517569234
0 0.7700625193948457 0.9188511039987826 0.05809563068314216 0.11851773148208389
0 0.8194105040251843 0.9276988211141655 0.05809563068314216 0.11851773148208389
0 0.2689553782683064 0.8067597755039071 0.059531565390372104 0.07553455581988666
0 0.35882711215073626 0.8221305386593843 0.041649742625426256 0.07088724844433836
0 0.5444345711404499 0.8546670133154801 0.05535076736969735 0.07190250464768932
0 0.6319824937647052 0.8740723470138341 0.0460637914549773 0.07744358569373988
0 0.7721312327533524 0.8991999465690723 0.05396009066629648 0.07885933189297223
0 0.15225563973798334 0.8829838669169051 0.054121016479865475 0.044295776308093116
0 0.20622037384988823 0.8904347523625511 0.059405883922249575 0.04956701169691702
0 0.26215887403776905 0.8982395190056358 0.05806960282107432 0.04500372771106098
0 0.3110136562241774 0.9069988086859938 0.04523841779961163 0.04270319413962009
0 0.3505499710985963 0.9133458417360405 0.03920038121839681 0.040179387257834875
0 0.391015326928988 0.9206009712827192 0.04709559612076558 0.04159493904874567
0 0.4329613367505045 0.9281215707925052 0.04216060489169615 0.04071013277572799
0 0.48132290143313605 0.9367924303377229 0.05992676608238173 0.04389546992007087
0 0.5379562354678586 0.9484294080973048 0.05917257287398714 0.04664271481925064
0 0.5854470417770433 0.9554610942263582 0.04164074680112795 0.046381858160433276
0 0.6260291291028419 0.9612531336760461 0.04535498296466356 0.04416532637775983
0 0.6684100060762997 0.9695932280899848 0.04523835756022554 0.0427031833391579
0 0.7147978272727252 0.977910210487937 0.0531346567715445 0.04411892953838992
0 0.7644056649770724 0.9853624359461766 0.05168072063292972 0.029275128107646764
0 0.8136953369051919 0.9897862945038681 0.051797346037367964 0.02042741099226375
0 0.70737279360354 0.9958498667305732 0.060177079720763915 0.008300266538853629
0 0.6614791763308392 0.9923992378307509 0.0453731301031195 0.015201524338498196
0 0.6217402812831774 0.9886833986834009 0.04786767977818229 0.022633202633198124
0 0.5810999572264351 0.9873375311922984 0.04554304550550703 0.02532493761540322
0 0.5320712384131637 0.9821174599167826 0.06464543312141863 0.03576508016643498
0 0.4754951930110962 0.9749694198738176 0.0620351459008201 0.050061160252364845
0 0.42707627945642357 0.971253185500625 0.0483342573672107 0.05749362899874999
0 0.38611668958261425 0.9676255721252052 0.047346873589325655 0.06474885574958966
0 0.3466970302323267 0.9641752326422338 0.04525636848801967 0.07164953471553237
0 0.3061150188778036 0.9618328642335171 0.04897072513032763 0.07633427153296579
0 0.2567087516649389 0.9567896612655684 0.06290494044408912 0.08642067746886306
0 0.20138004920573357 0.95111833170031 0.060814511314058683 0.09161896264580205
0 0.14709705828647895 0.9413858056117937 0.06081451131405871 0.09161896264580216
0 0.2583949698908579 0.9516998608269048 0.05953156539037219 0.07553455581988655
0 0.34777344319964687 0.9650829802564119 0.04089560965641764 0.06983403948717615
0 0.5332059339630101 0.9822056154226473 0.06237612748941124 0.035588769154705324
0 0.6220319207655485 0.9879518211704581 0.047517813061277 0.0240963576590838
0 0.8834973264278162 0.1367925933517991 0.04761640527725031 0.035922482018694565
0 0.878217107772771 0.20926262587209946 0.053043954997299636 0.11617078625216765
0 0.8722686916244788 0.283838446670569 0.04767874362305102 0.04890665542857736
0 0.866002112667587 0.35613163986224916 0.05217421950636547 0.11745606763890076
0 0.8583132225414826 0.42742829697175216 0.05005678837244765 0.04212591690269929
0 0.8532078606800888 0.49770613436251576 0.05687594419466935 0.1154156461765567
0 0.8479860143731234 0.5694451136050603 0.05029003443311919 0.04505014345123981
0 0.8422709303467135 0.6410956288979592 0.055888500177398104 0.11523860499853222
0 0.9218406530851195 0.15182399650029305 0.03468657959588395 0.0811695688870488
0 0.9579592007227962 0.1382776739862404 0.04338118116802958 0.043811462613551816
0 0.9546667293151148 0.17328345104172993 0.04216060874961247 0.040710181142767254
0 0.9865322337361242 0.1620828831742899 0.026935532527751604 0.07726651402905922
0 0.9170902742735629 0.20510845400262642 0.030317786099296473 0.038586849735859574
0 0.9512566699340593 0.2097511825161234 0.043381181613173725 0.04381146819436402
0 0.9850159734963231 0.2169178940781818 0.029968053007353834 0.043634448617264066
0 0.9108820086124159 0.2766705682339226 0.03516205269992456 0.11152248177150192
0 0.9451067163816057 0.2805822326692015 0.05031704118521163 0.11856432272977513
0 0.9808173479334164 0.2861983856100513 0.0383653041331673 0.11493211027296757
0 0.9995692263790458 0.29482704172068674 0.0008615472419084558 0.11289163744536707
0 0.9450256673994524 0.26277017359530996 0.043856855025178554 0.07416540350540074
0 0.9041793974751522 0.34814508410041217 0.029330340894974327 0.0384097936756691
0 0.9384624787794729 0.3513256803757694 0.044368624443393845 0.04398849449022263
0 0.9788076373557427 0.3593120596493772 0.04238472528851456 0.045096576773700214
0 0.9985463974842982 0.3679407232010956 0.0029072050314036257 0.04234932515576195
0 0.9012229172178232 0.4165826085763451 0.03185201542679916 0.1066053477025965
0 0.9338514009677583 0.4216911202130431 0.04973383819174515 0.1112526550781448
0 0.9743750996200622 0.42821518364065203 0.04764244523153671 0.10943645128441826
0 0.9950159384011956 0.43473927683259284 0.009968123197608758 0.11125265507814475
0 0.9352510553894658 0.4041435285969102 0.047167856128482066 0.07908271038170289
0 0.9964160557451732 0.4177458694012636 0.007167888509653553 0.07434228003943577
0 0.8945797235718229 0.4873252245441093 0.028810480430303542 0.04408148929604255
0 0.9275848220108666 0.4939843134047234 0.04349780464350972 0.04527358146863425
0 0.9685433878151118 0.5013278717364849 0.04448524866078096 0.045450622646658834
0 0.9938765042818799 0.5072093167939762 0.012246991436240195 0.04819887953312196
0 0.888429767645267 0.5581563044615192 0.03701923339518087 0.11041425644495939
0 0.9224795384948508 0.5642611685725354 0.047875696040413196 0.11236073736162244
0 0.963438104299096 0.571604726904297 0.05083682330450401 0.11289164488644998
0 0.9902299242634006 0.5796795105988867 0.019540151473198764 0.1108985943230203
0 0.923502560121458 0.5451639927559004 0.04559728983722455 0.07159501353933162
0 0.9908758670915782 0.5588547569451052 0.01824826581684369 0.06995585092362944
0 0.8828896205384634 0.6276136200786808 0.03130414462056641 0.03876368162339683
0 0.9174325712422076 0.6338069075745487 0.04314793080429746 0.040887182117159804
0 0.9582171411028281 0.6433448909415218 0.04448524866078096 0.04545062264665878
0 0.9887131312154217 0.6505114188957211 0.022573737569156593 0.04491971512183113
0 0.8759854725905638 0.695343357858696 0.03754017579469915 0.10474272546857555
0 0.9120673551197541 0.7010710979268027 0.050486947091189505 0.10850521577064376
0 0.951981253261664 0.7089688214794982 0.04566864150594441 0.10908256333669042
0 0.9833258365548871 0.7161355330415566 0.03334832689022571 0.10996735880924591
0 0.9144543752133548 0.6837015297116458 0.043973482803719266 0.07562757630833472
0 0.983738258684002 0.6997856021241012 0.032523482631996004 0.07212594266508376
0 0.8722441091961635 0.7673488028509379 0.032874789257201886 0.04625236068871974
0 0.9068463966716909 0.7728112024353637 0.04286043328960121 0.04948394346596041
0 0.9469341993542847 0.7785156468796246 0.04361443004794796 0.04673572450723629
0 0.9827961875143001 0.7865017938171719 0.03440762497139982 0.04527358146863425
0 0.86609415564371 0.8381798530040161 0.036436106372989885 0.10310354125194887
0 0.900870352408126 0.8414489139513432 0.048746394174473684 0.11107561390012022
0 0.941713316877497 0.8502547989295659 0.04996708900062141 0.11417694115534904
0 0.9790910602147267 0.8575983680617898 0.04181787957054661 0.1139998999773244
0 0.901660203945337 0.825275012224629 0.0469346100678103 0.07615848383316237
0 0.9796201481080198 0.8397852821184488 0.04075970378396043 0.07323419775595807
0 0.8597414966910366 0.9052669872960796 0.031537393055340424 0.041687937936269126
0 0.895271891412052 0.9116373159699718 0.04535498296466378 0.04416532637775983
0 0.9361731685836422 0.9197121294288935 0.04251048110501077 0.045096561891534326
0 0.9765802418315078 0.9276983358951045 0.04436862325634272 0.04398847960805685
0 0.8540847229927435 0.9604896663057647 0.03701923339518087 0.07902066738847047
0 0.8886287580054378 0.9630555321344185 0.048863019578911926 0.07388893573116295
0 0.9290941439555226 0.9666830996078735 0.048863019578911926 0.06663380078425296
0 0.9695595299056073 0.9703106670813285 0.048863019578911926 0.05937866583734297
0 0.8906382200598465 0.963458601703983 0.0446099662987256 0.07141799396223159
0 0.9710758121058555 0.9703988657890426 0.043856857399281024 0.059202268421915005
