3 0.42770113116095587 0.4306269646280866 0.1533292511465159 0.42515680865080957
0 0.25416833082770784 0.009027501856235205 0.1846751413696319 0.01805500371247041
0 0.0969096350009162 0.05346321434061961 0.12878489195463216 0.10692642868123922
0 0.22706900008142789 0.08181899355927566 0.19760487542300728 0.16363798711855132
0 0.07152402076471416 0.1610958607259081 0.12009786856338214 0.1694214483833688
0 0.19667600140125063 0.20294576249849025 0.20462613770283866 0.20046638106766607
0 0.07825055075832232 0.3737770810302739 0.15650110151664465 0.2905963934447272
0 0.2437271517329717 0.4212963415774157 0.24763369513133343 0.3065814565674292
0 0.44657386424967194 0.051851006447120054 0.18575967518758524 0.10370201289424011
0 0.6116391764306534 0.08353208480515396 0.1821143858281531 0.16706416961030793
0 0.4306093319685564 0.14148817494070526 0.19046254275179153 0.1873913572788693
0 0.5999698639897755 0.20733028846105683 0.186436809037009 0.16658638629043876
0 0.5858274760090968 0.3376802783623797 0.19936658893012482 0.19036881895246355
0 0.7908297158908122 0.054719996809350524 0.11777436888234849 0.07135040325001668
0 0.9162122620646734 0.10201946851580172 0.14996313385073035 0.09184350123952986
0 0.7865492924000949 0.14308594611386205 0.15660784742876044 0.17468001331213184
0 0.9154619189626854 0.19456350518892118 0.16907616207462928 0.16634222032814305
0 0.7819618927998907 0.27202486014137706 0.1530847385829468 0.17628213098608586
0 0.912348247308966 0.3195417661960898 0.17530350538206796 0.1883308145201641
0 0.7750694270199249 0.40249606214707895 0.1603481007659202 0.1745410617768679
0 0.9083533919255619 0.45034395407675976 0.18329321614887628 0.1911162269918379
