0 0.5423403979886021 0.028059664327564276 0.022614386617819004 0.05611932865512855
0 0.5248027317286628 0.03377857947517758 0.028152170042927027 0.05859330614544763
0 0.5041414046562378 0.041589998593702014 0.029287546129870612 0.06030495767337189
0 0.4825557052625125 0.049718056555540645 0.02999899977701126 0.05922593125152144
0 0.550541709926476 0.0785530301308556 0.02332578635269955 0.05561733799677158
0 0.5326487958394759 0.08541614497493157 0.027728137623559745 0.05580260732883787
0 0.511419273962798 0.09268820526519447 0.029574966818882942 0.05643522888914547
0 0.4899405119598303 0.10151361774405852 0.028227372720088906 0.05332725129821517
0 0.5589867455621186 0.1373263116737139 0.022402369599993754 0.055301013033553045
0 0.5409878226968254 0.14349174738142972 0.02886356762276332 0.05751426219864733
0 0.5197583008201474 0.15076380767169262 0.02886356762276343 0.057514262198647276
0 0.49827968212761775 0.15959016332436016 0.029362804874336623 0.05503892035108929
0 0.5661595628711925 0.18772650494059498 0.023749762974143218 0.05840802106131454
0 0.54780457884316 0.19474889912058038 0.029075528842664844 0.058909601173534665
0 0.5264689038002289 0.2013223300091473 0.02886362395944797 0.057514281496480274
0 0.505239381923551 0.20859439029941018 0.02886351128607878 0.05751424290081433
0 0.5750660005776711 0.24634274283290833 0.021479011339016862 0.054984721551232185
0 0.5575283061493894 0.25235018718212743 0.02886356762276343 0.05751426219864733
0 0.5359435353681287 0.2604779205246313 0.029999001932055513 0.05922594543458612
0 0.5143578371866158 0.26860598646444384 0.02886351128607889 0.057514242900814305
0 0.5823438667863553 0.2974409291162453 0.022190356353495977 0.053905683126962145
0 0.5647011516268057 0.302750370800092 0.027940153025101777 0.05719795141849349
0 0.543577580036692 0.31072011534148336 0.029999004087099657 0.059225959617650814
0 0.5225600757166002 0.3193875339044666 0.02772813977860389 0.05580262151190257
0 0.5902216402709173 0.35567455380475366 0.022402369599993865 0.05530101303355306
0 0.572222717405624 0.36183998951246943 0.02886356762276332 0.057514262198647303
0 0.5515606053005531 0.3696526781970152 0.028152166271599666 0.0585932813250844
0 0.530437090047124 0.3776224034405736 0.029786982220425084 0.05783057297880112
0 0.5978556860170026 0.40591675571313807 0.021978196563993913 0.052509388771970644
0 0.5797507522183722 0.4113844981014289 0.02865155437626543 0.056118932292056445
0 0.5585212303416942 0.4186565583916919 0.02865155437626543 0.05611893229205639
0 0.5373977193983535 0.4266263120013796 0.028439394586763478 0.054722637937065
0 0.6057327003475266 0.46415162524924497 0.020344428545126747 0.053273370331981984
0 0.5880899245412039 0.4694610578647953 0.02936280918442502 0.055038948717218594
0 0.5668604026645259 0.47673311815505826 0.027515979989101713 0.05440632715691113
0 0.545630880787848 0.4840051784453211 0.02936280918442502 0.05503894871721865
0 0.612587323075507 0.5124578688567556 0.021054773346155575 0.05219302125955794
0 0.5949436458822304 0.5177676102376334 0.02865154575608886 0.056118875559797554
0 0.5742822929311976 0.5255790540745805 0.027940153025101777 0.05719795141849343
0 0.5531589199106846 0.5335497154004101 0.0295749603537504 0.05643518633995137
0 0.621849004298958 0.5702183982391662 0.022190347733319293 0.0539056263947032
0 0.6038500814336648 0.5763838339468821 0.028651545756088748 0.056118875559797554
0 0.5827265704903242 0.5843535875565699 0.02886356762276332 0.057514262198647303
0 0.5610357920082925 0.591783648854246 0.029786982220424973 0.05783057297880112
0 0.6290217934396896 0.6206186011549637 0.02126693313565775 0.05358931561454949
0 0.6114841271797502 0.6266260358552664 0.02865154575608886 0.056118875559797554
0 0.5898993596310558 0.6347537904723674 0.029786982220425084 0.05783057297880112
0 0.5678524254698767 0.64303979812995 0.0295749603537504 0.05643518633995137
0 0.6368986373689552 0.6788525442577161 0.021054717009470814 0.05219300196172494
0 0.6193619288326545 0.6848596508948582 0.028439329629902144 0.05472256190697311
0 0.5977761667718022 0.6929876864917772 0.0295749603537504 0.05643518633995137
0 0.5764406425819639 0.6995621101948742 0.027940153025101666 0.05719795141849349
0 0.6431479837436829 0.7295690676025839 0.020556441791624525 0.05466870023857273
0 0.6256112752073821 0.7355761742397262 0.029786982220424973 0.05783057297880123
0 0.6043817533307042 0.742848234529989 0.027940153025101777 0.05719795141849349
0 0.583825501305878 0.7513576237194297 0.028439385966586683 0.05472258120480611
0 0.458420027447282 0.05064471460509255 0.022614387695341187 0.056696374852039516
0 0.4406331213304334 0.05820550326687939 0.02907558517934955 0.05890962047136762
0 0.41929753487753885 0.06477990726438129 0.028863568700285447 0.057514269290179644
0 0.40048216337775466 0.07195900127968444 0.024036282006821175 0.05453798173887757
0 0.46580483441398035 0.10244027756649352 0.023113768796113376 0.05422197972405124
0 0.44769990277039406 0.10790803413784913 0.027940153025101777 0.05719795141849349
0 0.4270375899406784 0.115719791854892 0.029075585179349606 0.05890962047136762
0 0.4081162102013622 0.12220121027960118 0.02446031496494938 0.05732868410125354
0 0.47357566579362553 0.15997651671252244 0.02126699701499679 0.05358938455310894
0 0.45603892908898247 0.1659836329985811 0.02865155329874347 0.05611892520052403
0 0.4359440536604552 0.1743360059152242 0.02722971370766497 0.05827732697422042
0 0.4167734348723713 0.1823707836200668 0.02680567859449251 0.05548661042877981
0 0.48131572193428723 0.2109164083945655 0.01963297085727833 0.05435237016058608
0 0.46434625061329105 0.21746320280957118 0.0295749646638388 0.05643521470608076
0 0.4431167287366131 0.2247352630998341 0.02772813546851549 0.05580259314577318
0 0.4237331346683045 0.23137501059511686 0.02588220766014626 0.05517028035079302
0 0.48919366582010737 0.26915095951642853 0.020842760099657687 0.05079769135296705
0 0.4722232627887708 0.27569805816261345 0.027091944875929475 0.051615610611470464
0 0.45202316213300336 0.283351472626018 0.02730395812242714 0.05301094051806132
0 0.4332077651586821 0.2905305940190685 0.02432356019353704 0.05066731509949696
0 0.49615435150802145 0.31815484877940164 0.022614382846491532 0.05669634294014392
0 0.47882878870089957 0.32555859713252877 0.02772813977860389 0.05580262151190257
0 0.4586277584898359 0.33321233001017725 0.027940096688417015 0.05719793212066049
0 0.439812389683857 0.34039144175431124 0.024959755096211622 0.054854325999929066
0 0.505378811239291 0.37886409571466606 0.022826404713166104 0.05809172957899367
0 0.4879472418089202 0.38557017911449765 0.028152174891776238 0.058593338057343236
0 0.4669668124380056 0.3912879156762265 0.028651554376265653 0.056118932292056334
0 0.44850666113570087 0.39761134274243903 0.02311382728784228 0.05422201320494896
0 0.5116281294456764 0.4295806287084504 0.02105478196633237 0.05219307799181688
0 0.4950139059517409 0.43527174297968274 0.026593410441709597 0.05409030584425184
0 0.47470686911742827 0.4422278109040358 0.028439394586763478 0.054722637937065
0 0.4556794264181785 0.4480115836732824 0.024036284161865318 0.05453799592194225
0 0.5216011239690157 0.48562854784094744 0.02219035204340758 0.0539056547608327
0 0.5038143370349706 0.49319031591870066 0.028227433366861954 0.053327298962177416
0 0.4829400305069227 0.49960667734797726 0.027091944875929475 0.051615610611470464
0 0.46401766487562557 0.5060884334847633 0.024323560193536986 0.0506673150994969
0 0.5284178497919637 0.53688569504595 0.022402369599993754 0.05530101303355306
0 0.5108801835320245 0.5428931297462525 0.027940153025101666 0.05719795141849349
0 0.4902188305809916 0.5507045735831997 0.029075589489437892 0.058909648837497164
0 0.4708352646810252 0.557344311429566 0.02538379020938386 0.05764504254536973
0 0.5365448666353817 0.5935659888204543 0.021690976869006784 0.05638008889224888
0 0.5195744592939567 0.6001130591005097 0.027940153025101777 0.05719795141849349
0 0.49880709540958657 0.607226809618032 0.02886356762276332 0.057514262198647303
0 0.47952954044295754 0.6145642407838232 0.024959746476034828 0.05485426926767023
0 0.5437167543891592 0.6439665005015792 0.020344419924949952 0.053273313599723204
0 0.5267472484346882 0.6505132620163072 0.028439385966586683 0.05472258120480611
0 0.5059789549950219 0.6576273309480735 0.02751591503224038 0.054406251126819294
0 0.48705757525570564 0.6641087493727826 0.024747586686532652 0.053457974912678785
0 0.5531912123232345 0.7031211433091116 0.02332578419765552 0.055617323813706876
0 0.5351922894579413 0.7092865790168273 0.027940153025101666 0.05719795141849349
0 0.5148852526236287 0.7162426469411803 0.027940096688417126 0.0571979321206606
0 0.4956085904237769 0.7235797126093853 0.025882203350057864 0.05517025198466363
0 0.56082525806932 0.7533633452174959 0.022901602541478883 0.05282564281986557
0 0.5422581381100393 0.758989407027444 0.028651489419404097 0.056118856261964556
0 0.5215968133273488 0.7668008412154745 0.027940153025101666 0.057197951418493376
0 0.5024253790485422 0.7748368830657488 0.0256700435605558 0.053773957629672076
0 0.5693754902250991 0.8128355913167429 0.022614391466668438 0.05669639967240292
0 0.551944784001959 0.8195403345410512 0.027940153025101777 0.0571979514184936
0 0.5310705164174743 0.825956757236735 0.02865154575608886 0.05611887555979744
0 0.5121490803414734 0.8324381949592772 0.024036275541688634 0.054537939189683526
0 0.5758378639066479 0.8649470972072084 0.0212669894723424 0.05358933491238249
0 0.5585494128372221 0.8694012106424234 0.028152174891776238 0.05859333805734335
0 0.537213880027207 0.8759755776132615 0.029786982220424973 0.05783057297880112
0 0.5182924721195485 0.882457005686887 0.02332584053434006 0.055617343111539985
0 0.5849933681055917 0.9220090352029688 0.022614391466668438 0.05669639967240281
0 0.5671005940964633 0.9288730719462511 0.02886356762276343 0.057514262198647303
0 0.546831570386801 0.9328791961873648 0.029786982220425084 0.05783057297880112
0 0.5273047720613158 0.9417699582671599 0.02453558206021167 0.052062701738346706
0 0.5904009515068229 0.9575981456324416 0.0200071014993205 0.02802060061275846
0 0.5714785858755257 0.9640799017692276 0.024622315377036186 0.029601517685039824
0 0.5506050926831563 0.970494984870008 0.0234869352493845 0.027889839563869256
0 0.5321440118255554 0.9768187303504645 0.01979507963264593 0.026625213973908823
0 0.6530839011628009 0.7885666545532706 0.022614391466668327 0.0566963996724027
0 0.6350849782975077 0.7947320902609865 0.029075589489438003 0.058909648837497164
0 0.6137494454874924 0.8013064572318245 0.02886356762276332 0.05751426219864719
0 0.5942598123175042 0.8072485210565988 0.02538367753601467 0.057645003949703844
0 0.6594763615883852 0.8370311795673926 0.021978187943817118 0.052509332039711976
0 0.6415843705915489 0.8438939334480304 0.02822732500358105 0.05332728873264114
0 0.6210282455615613 0.8524043534670469 0.027728131158427205 0.05580256477964374
0 0.6011833948878988 0.8592021019697429 0.026805617947719407 0.05548656276481745
0 0.6680275514678031 0.8965030976034792 0.023113762330980836 0.05422193717485713
0 0.6504908147631601 0.9025102138895378 0.02680567428440417 0.055486582062650336
0 0.6290111199723298 0.9113359235080487 0.031844931895468775 0.059858272412630975
0 0.610089683896329 0.917817361230591 0.021690976869006784 0.05638008889224899
0 0.6729737317206761 0.9322492445919647 0.017312965541778746 0.021805947010755444
0 0.6556862297547122 0.9367029732317602 0.022352456508687002 0.026178470208025995
0 0.6344567078780343 0.9439750335220232 0.02604419945205627 0.02744305720232043
0 0.6147168822457283 0.9514708130562209 0.019371053139650263 0.023834554160726995
0 0.3715190538076484 0.0730702898206189 0.03184492731600003 0.059858242273618474
0 0.34982830349395894 0.08050034146937851 0.027229713438284397 0.05827732520133734
0 0.32927217146007776 0.08901071539343473 0.028576348735917745 0.061384967637574867
0 0.30783048817761455 0.09488647069140763 0.02999899950763074 0.059225929478638306
0 0.2861397378639251 0.10231652234016725 0.029075641246653683 0.05890963799631749
0 0.26491021598724707 0.10958858263043014 0.029075641246653683 0.058909637996317474
0 0.24414192254758066 0.11670265156219636 0.028152170312307434 0.058593307918330714
0 0.22301855383715588 0.1246733412541553 0.03021101706421686 0.06062128775135865
0 0.20086651874977027 0.13226140355924454 0.03021101706421686 0.06062128775135865
0 0.17999207214385066 0.13867684308931477 0.027229713438284397 0.058277325201337354
0 0.15876255026717268 0.14594890337957767 0.030921456381653722 0.05954191219563172
0 0.13763918155674792 0.1539195930715366 0.027441730994870572 0.05967268347405767
0 0.11640965968006997 0.16119165336179953 0.031133473938239897 0.06093727046835204
0 0.0947189093663805 0.16862170501055912 0.02836418786889361 0.05998866619105103
0 0.07348938748970253 0.175893765300822 0.03021101706421689 0.06062128775135864
0 0.05190458907886047 0.18402151183800858 0.029499819670264063 0.061701297715561626
0 0.030213838765170996 0.19145156348676817 0.030423177931241094 0.0620175891978825
0 0.011636499143306778 0.19888161513552777 0.023272998286613555 0.061701297715561654
0 0.0010214565215446794 0.20647000550377748 0.002042913043089359 0.062333571914875874
0 0.38039468500892515 0.12509016950970736 0.029786983836708136 0.05783058361609965
0 0.35870297697159703 0.1325205492216274 0.028863625575731133 0.05751429213377879
0 0.33690621868775605 0.1392529270526761 0.029574966818882997 0.0564352288891455
0 0.31510931493843286 0.14598434752685657 0.02886362449820906 0.057514285042246455
0 0.2943410214987664 0.15309841645862282 0.027940153563862813 0.05719795496425967
0 0.27346767727382604 0.1595144799637515 0.0290756415160342 0.05890963976920058
0 0.251881978014791 0.16764253881203173 0.030211017333597434 0.06062128952424173
0 0.2305093410097342 0.17716659034150828 0.02865160855790605 0.05611893740682464
0 0.20984711133814288 0.18497831024738626 0.027940153563862813 0.05719795496425964
0 0.18886775941243145 0.19069670170768716 0.029287659072620403 0.06030499804192094
0 0.1676382375357535 0.19796876199795008 0.029287659072620376 0.06030499804192091
0 0.14605343966367249 0.20609651208090282 0.029998999777011204 0.05922593125152148
0 0.12446773932711541 0.21422456383765065 0.029287659072620376 0.06030499804192091
0 0.10391242089829324 0.22273366120609367 0.027940153563862785 0.05719795496425964
0 0.08257689051270271 0.22930804413287953 0.02957496681888297 0.05643522888914554
0 0.06031794499068951 0.236198734294053 0.02978698275918608 0.0578305765245673
0 0.03852113090892491 0.24293113496870083 0.028651608557905994 0.05611893740682461
0 0.017503625241930533 0.2515985446672686 0.02822742959553455 0.053327274141814346
0 0.005194134428248419 0.25902859631602826 0.010388268856496838 0.05364356562413514
0 0.3887327820415978 0.18316608855756633 0.029075641516034145 0.05890963976920058
0 0.3673972513866267 0.1897404697114691 0.029287659072620376 0.06030499804192091
0 0.3456004922946442 0.19647284222386854 0.029998999777011204 0.05922593125152148
0 0.3245829874357914 0.2051402572410856 0.02772813654603762 0.05580260023730546
0 0.30402671209147214 0.21364968799133835 0.0290756415160342 0.058909639769200606
0 0.282904301104686 0.22162004962013684 0.02886362395944797 0.057514281496480246
0 0.2612125930673579 0.22905042933205688 0.02978698222042503 0.05783057297880109
0 0.23941563325073062 0.2357818708769534 0.029075641516034256 0.05890963976920058
0 0.21761887415874803 0.24251424338935285 0.029786982220424973 0.05783057297880112
0 0.19695658895861365 0.250325987911713 0.026805679672014582 0.055486617520312115
0 0.1767566917212962 0.2579803510714514 0.028863623959447998 0.057514281496480274
0 0.15563317592910614 0.2659500727692436 0.028651607480383895 0.056118930315292276
0 0.13450966336948228 0.2739198157416328 0.028863623959448026 0.05751428149648019
0 0.11352935452827385 0.27963854058374343 0.0283641881382741 0.05998866796393412
0 0.09219367948534268 0.2862119714723103 0.029998999777011204 0.059225931251521424
0 0.07071503208570964 0.2950383332281282 0.02865160748038391 0.056118930315292304
0 0.048918275687532306 0.3017707234693585 0.029362804874336706 0.055038920351089315
0 0.026553177268646408 0.30796278600171906 0.02978698222042503 0.05783057297880112
0 0.009859406396302887 0.3169471568448645 0.019718812792605775 0.060621289524241784
0 0.0027062222480276135 0.37671243362802426 0.005412444496055227 0.058909639769200606
0 0.012859022372454967 0.3695986927594185 0.025718044744909935 0.05859330969121379
0 0.032765474707495 0.3616289675158601 0.030211017333597392 0.06062128952424173
0 0.0541390120219837 0.3521046001295237 0.02865160640286181 0.05611892322375994
0 0.0763969995509778 0.34521423625862757 0.030285261748359743 0.05535490306808272
0 0.09773273093059356 0.3386407860722277 0.026805682904580852 0.05548663879490917
0 0.11906826158556462 0.33206640491832495 0.030285261748359743 0.05535490306808272
0 0.14132624695951454 0.3251760268643642 0.028651606402861796 0.05611892322375994
0 0.16188252499763897 0.31666661384294237 0.028152170581687952 0.058593309691213846
0 0.18336111336678215 0.30784025365612655 0.03049742153786189 0.05675119742307416
0 0.20505192001715625 0.30041018270953396 0.027728135468515547 0.05580259314577318
0 0.2258201571201381 0.29329613307560065 0.028651606402861796 0.05611892322375994
0 0.24704967899681604 0.2860240727853378 0.02865160640286185 0.05611892322375994
0 0.26817319209520085 0.27805433335871477 0.028439446613359676 0.0547226288687685
0 0.28950877908685657 0.27147993290697897 0.0282274290567735 0.05332727059604811
0 0.3107383009635345 0.2642078726167161 0.0282274290567735 0.05332727059604811
0 0.3308323365043242 0.25585679831478436 0.026805682904580908 0.05548663879490917
0 0.3521678650042511 0.2492824029778169 0.030709439094448066 0.05814655569579452
0 0.37442686659356844 0.24239169174592737 0.028651606402861796 0.05611892322375994
0 0.39601160812896474 0.2342639609608076 0.02936280487433668 0.05503892035108926
0 0.40456282617672495 0.2937358693479778 0.030497425847950232 0.05675122578920355
0 0.3827651072060596 0.30046855574047293 0.02794015302510172 0.05719795141849349
0 0.3624589999270433 0.30742430525058206 0.027940153025101666 0.05719795141849349
0 0.3412294780503653 0.3146963655408449 0.02978698222042503 0.057830572978801065
0 0.3194327211134269 0.32142875223630907 0.028651610712950137 0.05611895158988939
0 0.29830920693751994 0.32939848457139986 0.02843944876840382 0.054722643051833164
0 0.27707962872415737 0.3366705641594957 0.02843944876840382 0.054722643051833164
0 0.25585010684747944 0.34394262444975865 0.028439448768403874 0.05472264305183322
0 0.2348326014498656 0.3526100359212095 0.028863623959448026 0.0575142814964803
0 0.2136030795731876 0.3598820962114724 0.028863623959448026 0.057514281496480246
0 0.19237355769650966 0.36715415650173533 0.028863623959448054 0.05751428149648019
0 0.17217351337742687 0.37480755166730695 0.026805682904580852 0.05548663879490928
0 0.15151123087109772 0.382619313918498 0.02978698222042503 0.05783057297880112
0 0.12992643084397254 0.39074704981838604 0.028651610712950165 0.05611895158988928
0 0.10837888478745947 0.39592608688263314 0.028015415810275668 0.05193194068945717
0 0.08612089941350956 0.402816464936594 0.03007324419177354 0.05395954479536236
0 0.06474721555601659 0.4123398678745298 0.027940153025101735 0.057197951418493376
0 0.04351769367933862 0.4196119281647927 0.029786982220425 0.05783057297880112
0 0.021932894729735523 0.42773967115621314 0.029075643671078386 0.05890965395226533
0 0.007620822691036873 0.4351697228049727 0.015241645382073746 0.05922594543458615
0 0.010976209381706722 0.48642685780367456 0.021952418763413445 0.05783057297880112
0 0.029779103497889335 0.47937818869418597 0.030921452340945885 0.05954188560238538
0 0.05146991014826343 0.4719481177475935 0.02815216627159957 0.05859328132508429
0 0.07213213631790798 0.4641363747942353 0.028863623959447998 0.0575142814964803
0 0.09439114006226948 0.4572456777454105 0.030497425847950232 0.05675122578920361
0 0.11562066193894745 0.44997361745514763 0.02680568290458088 0.05548663879490917
0 0.13592676921796376 0.4430178679450385 0.028651610712950165 0.05611895158988939
0 0.15786658817916263 0.43403353058279076 0.03007324419177354 0.05395954479536236
0 0.17924026772656723 0.4245100992787255 0.02794015302510172 0.05719795141849349
0 0.20011361437593236 0.4180940517295446 0.029075645826122598 0.05890966813533005
0 0.22191042764955535 0.41136164573624745 0.02978698222042503 0.05783057297880112
0 0.24303394290298444 0.4033919204926891 0.027728139778603944 0.05580262151190246
0 0.26348415582613116 0.3941848476327401 0.029287659072620487 0.060304998041920965
0 0.2846076667694718 0.38621509402305226 0.029075645826122543 0.05890966813532994
0 0.3058372449828344 0.37894301443495637 0.029075645826122543 0.058909668135329996
0 0.326499328919563 0.37113033539932716 0.027940153025101777 0.05719795141849354
0 0.34783500396249417 0.36455690451076017 0.029574968973927196 0.056435243072210206
0 0.36927564200880436 0.3586805112585451 0.028152166271599555 0.058593281325084456
0 0.3900438791117862 0.3515664616246118 0.029075637205945803 0.058909611403071105
0 0.41060015499486635 0.34305703442012525 0.027728139778603944 0.05580262151190257
0 0.4199676767503965 0.4015143306886061 0.0282274290567735 0.05332727059604814
0 0.3991994396474146 0.40862838032253934 0.027303958122427252 0.053010940518061433
0 0.3784321039313868 0.4157421211911452 0.0282274290567735 0.05332727059604819
0 0.35755779955838307 0.4221584968034865 0.027515979989101824 0.05440632715691113
0 0.3374637098359529 0.43050960458631593 0.027940153025101777 0.05719795141849349
0 0.3158789704556007 0.4386373495545004 0.030921460961122582 0.059541942334644216
0 0.2942934112744375 0.446766330301987 0.028364188138274127 0.05998866796393415
0 0.27295774054159466 0.45333978955668336 0.02857634792777619 0.06138496231892554
0 0.2525456223292411 0.45959784574736756 0.028364188138274127 0.059988667963934095
0 0.23163427117540253 0.46896389371204683 0.029574968973927196 0.05643524307221026
0 0.21004952748496197 0.47709161031410185 0.02886362395944797 0.05751428149648036
0 0.18882000560828402 0.4843636706043648 0.028863623959448026 0.05751428149648019
0 0.1671291989579099 0.4917937415509574 0.02978698222042503 0.05783057297880101
0 0.1460056880145692 0.49976349516064517 0.027728139778603916 0.05580262151190263
0 0.12420892676754244 0.5064958534899798 0.030285266058448113 0.05535493143421205
0 0.10194992733326931 0.5133865789049341 0.028651610712950165 0.05611895158988939
0 0.08047119457616603 0.5222119888264141 0.029998995466922862 0.05922590288539198
0 0.05888645088572547 0.5303397054284691 0.028863623959448026 0.0575142814964803
0 0.037656929009047505 0.537611765718732 0.028863623959447998 0.05751428149648019
0 0.01642740713236955 0.5448838260089949 0.028863623959447998 0.05751428149648019
0 0.004708841994458882 0.5508259085509822 0.009417683988917763 0.05485432599992901
0 0.008276370148608964 0.6019237860689917 0.016552740297217927 0.05872404237397377
0 0.0233499995006949 0.5968377162680865 0.028863623959447998 0.05751428149648019
0 0.044473514754123936 0.588867991024528 0.028651610712950165 0.05611895158988944
0 0.06605831047116076 0.5807402267585106 0.029786982220425015 0.05783057297880112
0 0.08789322276566526 0.571058832462078 0.02915078731775053 0.053643562078368956
0 0.10958397307935475 0.5636287808133185 0.0282274290567735 0.05332727059604814
0 0.13173696589037898 0.5560403904450688 0.030073244191773568 0.05395954479536236
0 0.15296553004341834 0.5487686582179663 0.026381501248404216 0.05269495780106814
0 0.17430106285343355 0.5421942912471283 0.030285266058448057 0.05535493143421211
0 0.19588675995742438 0.5340662182157834 0.027728139778603916 0.05580262151190274
0 0.2167601066067895 0.5276501706666025 0.028863623959448026 0.05751428149648019
0 0.2379896284834674 0.5203781103763396 0.028863623959448026 0.0575142814964803
0 0.25865191098979656 0.5125663481251485 0.027728139778603944 0.05580262151190257
0 0.279420204429463 0.5054522791933822 0.028651610712950193 0.05611895158988933
0 0.3012169656764898 0.4987199208640475 0.02978698222042503 0.05783057297880112
0 0.3233690007638754 0.49113185855895825 0.02978698222042503 0.05783057297880112
0 0.3430016591696051 0.4829377969840579 0.024747595306709447 0.053458031644937565
0 0.36366394598602264 0.4751260630989962 0.03142089678229654 0.057067555867190256
0 0.38546070292296103 0.4683936764035321 0.02701769615107874 0.056881968701500085
0 0.40622899636262744 0.4612796074717659 0.02978698222042503 0.057830572978801176
0 0.42827502482676416 0.45299388021338116 0.02957496897392725 0.056435243072210206
0 0.4360469296109047 0.5105307476647358 0.02772813977860389 0.05580262151190263
0 0.4158459318782717 0.5181844992595972 0.02751597998910177 0.05440632715691118
0 0.39415512522789764 0.5256145702061898 0.030285266058448057 0.05535493143421211
0 0.3727135857946335 0.5314912722237324 0.02701769615107874 0.056881968701500085
0 0.3519462500786056 0.5386050130923381 0.02978698222042503 0.05783057297880101
0 0.33092874575851383 0.5472724316553215 0.02751597998910177 0.05440632715691107
0 0.30980522835004065 0.5552421427158152 0.0295749646638388 0.056435214706080816
0 0.2890369349103742 0.5623562116475813 0.02680567859449251 0.05548661042877978
0 0.2682686978073924 0.5694702612815146 0.029574964663838854 0.056435214706080816
0 0.24668389993531137 0.5775980113644672 0.028439450923448018 0.05472265723489789
0 0.22556038899197067 0.5855677649741551 0.028651610712950193 0.05611895158988944
0 0.2037636298999881 0.5923001374865545 0.029786986530513315 0.057830601344930566
0 0.18217888836459173 0.6004278682716743 0.02907563720594583 0.05890961140307116
0 0.16208383876347882 0.6087792899345994 0.026805678594492538 0.05548661042877978
0 0.14074926367710217 0.615353328842277 0.030285261748359743 0.05535490306808266
0 0.1174608430219185 0.6218627000840897 0.030709443404536407 0.058146584061923856
0 0.0958761014865221 0.6299904308692095 0.028152166271599582 0.058593281325084345
0 0.07475258623309307 0.6379601561127677 0.029786982220425 0.05783057297880123
0 0.053523064356415115 0.6452322164030306 0.02794015302510175 0.05719795141849349
0 0.03311095045414988 0.6514903009598443 0.029998995466922848 0.05922590288539198
0 0.014756777606751773 0.6585114026282687 0.026094225216732436 0.05656563862351338
0 0.4430075914405649 0.5595346749427548 0.030497417227773438 0.05675116905694477
0 0.4218840718770475 0.5675043718201838 0.02701769615107874 0.056881968701500085
0 0.4010097761242205 0.573920804164784 0.0295749603537504 0.05643518633995126
0 0.38034748499771465 0.5817325096837163 0.02659351449490205 0.05409028770765889
0 0.3601475915317245 0.5893868976638178 0.0286516020927734 0.05611889485763055
0 0.33927314061571645 0.5958023088277585 0.02794015302510172 0.05719795141849349
0 0.3170151032151703 0.6026927345456818 0.03142088816211974 0.057067499134931476
0 0.29532435290148085 0.6101227861944414 0.026805674284404113 0.055486582062650336
0 0.27487422156447705 0.6193307860683651 0.03021100871342064 0.06062123279198284
0 0.25328948218412484 0.6274585310365496 0.029075645826122543 0.05890966813533005
0 0.23103047843976335 0.6343492280853744 0.030709439094448066 0.05814655569579441
0 0.20990696749642265 0.6423189816950623 0.026805674284404113 0.055486582062650336
0 0.18981292980058878 0.6506700418139292 0.029075645826122515 0.05890966813533005
0 0.16858340792391086 0.6579421021041922 0.029075645826122543 0.05890966813532994
0 0.14632441279972605 0.6648328558852759 0.030709439094448066 0.05814655569579452
0 0.1255570770836982 0.6719465967538816 0.026094225216732436 0.05656563862351327
0 0.10535607073088848 0.6796002916164843 0.029999004087099546 0.05922595961765087
0 0.08274280720649134 0.6873463452800701 0.03092146096112261 0.05954194233464427
0 0.060907985118306515 0.6970287233227361 0.029287650452443664 0.06030494130966202
0 0.03967846324162855 0.7043007836129991 0.029287650452443664 0.06030494130966213
0 0.020757055333970015 0.7107822116866247 0.02467232390135879 0.05872398564171499
0 0.4528364838660224 0.61783491593501 0.029075645826122543 0.05890966813533005
0 0.43160696198934434 0.625106976225273 0.029075645826122543 0.05890966813533005
0 0.40981020074231767 0.6318393345546077 0.02978698222042503 0.05783057297880112
0 0.388331463675126 0.6406647161099582 0.028439442303271334 0.05472260050263911
0 0.36813040960580834 0.6483184870026526 0.02680567428440417 0.055486582062650336
0 0.3469008877291304 0.6555905472929155 0.030497417227773493 0.05675116905694466
0 0.3242876242047332 0.6633366009565014 0.029574960353750457 0.05643518633995137
0 0.3031641132613926 0.6713063545661893 0.027515971368925085 0.05440627042465218
0 0.2834252930692329 0.6788017300071347 0.02680567428440417 0.055486582062650225
0 0.26255099731640597 0.6852181623517349 0.02978698222042503 0.05783057297880112
0 0.24110945357305344 0.6910948360031481 0.027515971368925085 0.05440627042465229
0 0.21998594262971274 0.6990645896128358 0.029150795937927187 0.05364361881062785
0 0.1976898921045164 0.7089049590139986 0.030709439094448066 0.05814655569579441
0 0.17646037022783842 0.7161770193042616 0.027017696151078685 0.056881968701500196
0 0.15636633253200458 0.7245280794231286 0.029287650452443692 0.06030494130966202
0 0.13524276525197926 0.7324978523306493 0.029075645826122543 0.05890966813533005
0 0.11287877325478043 0.7386905654313147 0.030497417227773493 0.05675116905694455
0 0.09108105428411509 0.7454232518238099 0.02794015302510172 0.05719795141849349
0 0.07098696025159659 0.7537743312405099 0.028364179518097388 0.059988611231675204
0 0.049508231804581665 0.7625997695281193 0.030709439094448066 0.05814655569579452
0 0.030336650982770844 0.7706348469299928 0.023749867027335753 0.0584080029247217
0 0.4601153034882568 0.6689327457890573 0.02751597136892503 0.05440627042465229
0 0.438673768365081 0.6748094761727291 0.02978698222042503 0.05783057297880112
0 0.4179054749254145 0.6819235451044954 0.027017696151078685 0.056881968701500196
0 0.4752710038282759 0.7782645658291989 0.02701769615107863 0.056881968701500196
0 0.45393541468157605 0.7848389520978699 0.030921460961122582 0.05954194233464438
0 0.4329180525944002 0.7935073067431243 0.027653899673929894 0.06106903633419103
0 0.4121498154914184 0.8006213563770577 0.030423185743276238 0.062017640611492175
0 0.39070903521219225 0.8064968135470016 0.028152174891776294 0.05859333805734346
0 0.3694795133355143 0.8137688738372644 0.029999004087099546 0.05922595961765087
0 0.3482499914588364 0.8210409341275273 0.028152174891776294 0.058593338057343125
0 0.32758776528919187 0.8288526770808855 0.02886362395944797 0.0575142814964803
0 0.3058969586388177 0.836282748027478 0.02978698222042503 0.05783057297880112
0 0.284100197391791 0.8430151063568129 0.029075645826122543 0.05890966813533005
0 0.26343791488546187 0.8508268686080038 0.028364179518097388 0.059988611231675315
0 0.24252656373162326 0.8601929165726833 0.029574960353750457 0.05643518633995126
0 0.22094181573109434 0.8683206048086087 0.02886362395944797 0.057514281496480524
0 0.19981830478775364 0.8762903584182966 0.0286516020927734 0.05611889485763033
0 0.17812749813737955 0.8837204293648891 0.02957496035375043 0.05643518633995148
0 0.15643579010005146 0.8911508090768092 0.028651602092773454 0.05611889485763055
0 0.1352062682233735 0.8984228693670722 0.028651602092773454 0.05611889485763044
0 0.11351551790968403 0.9058529210158317 0.029574960353750457 0.05643518633995148
0 0.09146949375563568 0.9141386766403459 0.02978698222042503 0.05783057297880112
0 0.07055814260179712 0.9235047246050251 0.027303966742603963 0.0530109972503201
0 0.05404989325267996 0.9298934851123399 0.02013226013544786 0.05187701924473176
0 0.48325396844536406 0.8371971196164343 0.02886362395944797 0.0575142814964803
0 0.46248663272933627 0.8443108604850402 0.027940153025101666 0.0571979514184936
0 0.441151099919321 0.8508852274558782 0.029574960353750512 0.05643518633995137
0 0.4200275889759803 0.858854981065566 0.02751597136892514 0.05440627042465218
0 0.3993653064696512 0.8666667433167571 0.028651602092773454 0.05611889485763033
0 0.37849195982028605 0.873082790865938 0.027940153025101777 0.057197951418493376
0 0.3572624379436081 0.8803548511562009 0.02978698222042503 0.05783057297880123
0 0.3356767408396173 0.8884829241875458 0.028651602092773454 0.05611889485763066
0 0.31430415262859046 0.8980069067784628 0.03021100871342064 0.06062123279198295
0 0.2931806416852498 0.9059766603881507 0.028152174891776294 0.058593338057343236
0 0.27287453440623344 0.9129324098982599 0.028152174891776294 0.058593338057343236
0 0.2516450125295555 0.9202044701885227 0.029999004087099546 0.05922595961765098
0 0.229954262215866 0.9276345218372822 0.029075645826122543 0.05890966813533005
0 0.20826255417853795 0.9350649015492023 0.029999004087099546 0.05922595961765087
0 0.18611051909115234 0.9426529638542915 0.029999004087099573 0.05922595961765087
0 0.16473779295729796 0.952176038729067 0.028439442303271334 0.054722600502638996
0 0.14418152138430607 0.960685494299683 0.02794015302510172 0.05719795141849349
0 0.12362538773414175 0.9691958575864406 0.028439442303271334 0.054722600502638996
0 0.10193463742045226 0.9745532316213602 0.029362800564248365 0.05089353675727959
0 0.07967659139972935 0.9776493425254444 0.029574960353750457 0.044701314949111004
0 0.06188971856945304 0.9814435280606528 0.021690920532322105 0.03711294387869435
0 0.4906387990009358 0.8889926427899063 0.029786982220424973 0.05783057297880112
0 0.4694464790682737 0.8933160519084906 0.027865904300251043 0.06246430950852322
0 0.4477557287545842 0.9007461035572504 0.03248111817796662 0.06404522658080425
0 0.42638294628404527 0.9102691977298586 0.027229718017753257 0.058277355340349946
0 0.4051534244073673 0.9175412580201217 0.030921460961122582 0.05954194233464416
0 0.3842791763710482 0.92395761433463 0.026518251709728102 0.05935629843669521
0 0.3643282865957061 0.9300576791668175 0.0286516020927734 0.05611889485763055
0 0.3433107865857027 0.9387251260959302 0.02822743767695024 0.05332732732830703
0 0.3211216960973055 0.9492628040210985 0.031844931895468886 0.059858272412631086
0 0.2998921742206275 0.9565348643113614 0.026306247083406953 0.05796102526236313
0 0.2785565034877847 0.9631083235660578 0.03163291002879437 0.058462885773781115
0 0.2574331304672716 0.9710789848918873 0.025882203350057864 0.055170251984663854
0 0.23630961952393092 0.9749086478073422 0.031632910028794314 0.05018270438531558
0 0.2140506721162541 0.9783213736119476 0.028152174891776294 0.04335725277610469
0 0.19282115023957613 0.9817992483670022 0.029999004087099573 0.03640150326599567
0 0.1722658363902228 0.9869886565094801 0.02680567428440414 0.026022686981039933
0 0.1503248568256964 0.9903085983801568 0.032767388769491895 0.01938280323968633
0 0.12806686714165816 0.9938791798778082 0.02744172264407438 0.012241640244383567
0 0.10694335619831746 0.9971988079792011 0.031345642617299274 0.00560238404159763
0 0.4987287322749998 0.9486225618334061 0.029574960353750512 0.05643518633995137
0 0.47728719715182405 0.9544992922170783 0.028152174891776238 0.058593338057343236
0 0.4560576752751461 0.9617713525073411 0.029999004087099546 0.05922595961765076
0 0.4342599563044807 0.9685040388998363 0.029287650452443637 0.06030494130966213
0 0.4129252432952765 0.9728111680118535 0.029075645826122543 0.054377663976292956
0 0.39283033808212375 0.977843125494154 0.02680567428440417 0.04431374901169194
0 0.3719188403852809 0.9811630088907118 0.03113346558744373 0.03767398221857632
0 0.3497668616345799 0.9851150989441686 0.029287650452443637 0.029769802111662802
0 0.3284313288245646 0.9887511007231706 0.029075645826122487 0.022497798553658854
0 0.3077690463182355 0.9930849110279752 0.027940153025101777 0.013830177944049504
0 0.2866455353748948 0.9965627857830298 0.029999004087099546 0.006874428433940372
