0 0.2080159012645938 0.34167715418162126 0.17467191996030693 0.4094787298222937
0 0.3377005174403735 0.3706586986775521 0.15441719922612018 0.39049571052099624
0 0.4582988170273558 0.3992684498907223 0.14762411792022123 0.368697283841152
0 0.23197383045841663 0.0864148775128917 0.15956690842492496 0.1728297550257834
0 0.3624727078800335 0.10398967337322317 0.14360020595797168 0.20797934674644633
0 0.46159534719301165 0.11687257758165832 0.0947639130912512 0.23374515516331665
0 0.5191860198381735 0.12462535529026803 0.06524445443958504 0.24338120967000737
0 0.5991271299211822 0.14313755560282887 0.13844029665635904 0.2632038898342539
0 0.6786912999480055 0.16016425080731372 0.057004938010905226 0.249949644235911
0 0.7254003157570057 0.17639083311140774 0.07315489829231625 0.2667629913233889
0 0.7964373033594876 0.19244976383220508 0.10837888665809459 0.27776926750123443
0 0.8813587948347957 0.21194036950846445 0.10388277361035136 0.28234415587682893
0 0.5661452929951833 0.4289044036761503 0.14369863392463922 0.34609668470655086
0 0.6528018043792096 0.44591151377027216 0.07149928329259747 0.32646961646339584
0 0.700869841132413 0.4581692944291662 0.08420609383168198 0.3262352324116055
0 0.7724505886958491 0.4679821232106944 0.11411784832894489 0.32119007289059576
0 0.8602541910302612 0.49509694486850897 0.11363449467967557 0.3156378506181867
0 0.9600903746732024 0.2295244866912379 0.07981925065359541 0.28193361758872987
0 0.9459830593699712 0.5134823528560934 0.10803388126005753 0.3176129688908495
3 0.461260985461849 0.5572633571965466 0.1245212732247376 0.204532888562441
