0 0.612500011920929 0.5923609733581543 0.037963032722473145 0.0652780532836914
0 0.574999988079071 0.5923609733581543 0.037037014961242676 0.0652780532836914
0 0.5370369851589203 0.5895829796791077 0.03888899087905884 0.0625
0 0.497685045003891 0.5930560231208801 0.03981500864028931 0.06666696071624756
0 0.45740699768066406 0.59375 0.040740966796875 0.0652780532836914
0 0.41898101568222046 0.59375 0.03981494903564453 0.0652780532836914
0 0.37916702032089233 0.5909720063209534 0.03981494903564453 0.0625
0 0.33842599391937256 0.5854169726371765 0.03981494903564453 0.05416703224182129
0 0.29861098527908325 0.5923609733581543 0.03981494903564453 0.06805598735809326
0 0.2597219944000244 0.5930560231208801 0.037963032722473145 0.06666696071624756
0 0.22036999464035034 0.5902780294418335 0.040740966796875 0.0611109733581543
0 0.18055599927902222 0.5881940126419067 0.040740966796875 0.05694401264190674
0 0.7300930023193359 0.5416669845581055 0.028703927993774414 0.0333329439163208
0 0.7023150324821472 0.5423610210418701 0.026852011680603027 0.03194403648376465
0 0.6754630208015442 0.5409719944000244 0.026852011680603027 0.0291670560836792
0 0.6481480002403259 0.5409719944000244 0.027778029441833496 0.0291670560836792
0 0.6208329796791077 0.5423610210418701 0.026852011680603027 0.03194403648376465
0 0.5939809679985046 0.5423610210418701 0.026852011680603027 0.03194403648376465
0 0.5675930380821228 0.5423610210418701 0.02592599391937256 0.03194403648376465
0 0.5416670441627502 0.5423610210418701 0.02592599391937256 0.03194403648376465
0 0.5143519937992096 0.5423610210418701 0.02870398759841919 0.03194403648376465
0 0.48750001192092896 0.5423610210418701 0.02499997615814209 0.03194403648376465
0 0.4601849913597107 0.5430560111999512 0.029629945755004883 0.0333329439163208
0 0.4314810037612915 0.5430560111999512 0.027778029441833496 0.0333329439163208
0 0.4050930142402649 0.5430560111999512 0.02499997615814209 0.0333329439163208
0 0.3787040114402771 0.5430560111999512 0.027778029441833496 0.0333329439163208
0 0.3509259819984436 0.5430560111999512 0.027778029441833496 0.0333329439163208
0 0.3236110210418701 0.5430560111999512 0.026852011680603027 0.0333329439163208
0 0.2972220182418823 0.5423610210418701 0.02592599391937256 0.03194403648376465
0 0.26944398880004883 0.5423610210418701 0.029629945755004883 0.03194403648376465
0 0.6092590093612671 0.706250011920929 0.031481027603149414 0.1541670560836792
0 0.5768519937992096 0.7020829916000366 0.033333003520965576 0.1625000238418579
0 0.5412040054798126 0.6993060111999512 0.03796297311782837 0.17361104488372803
0 0.5004630088806152 0.6965280175209045 0.04166698455810547 0.18472206592559814
0 0.45879602432250977 0.7055559754371643 0.03981494903564453 0.1527780294418335
0 0.4185190200805664 0.7020829916000366 0.03888905048370361 0.1625000238418579
0 0.37407398223876953 0.6993060111999512 0.04814803600311279 0.17638897895812988
0 0.32268500328063965 0.6965280175209045 0.052778005599975586 0.18472206592559814
0 0.2583330273628235 0.7020829916000366 0.04999995231628418 0.1625000238418579
0 0.20509302616119385 0.6993060111999512 0.05463004112243652 0.16805601119995117
0 0.14583301544189453 0.6965280175209045 0.0638890266418457 0.18194401264190674
4 0.7060190141201019 0.7055559754371643 0.06388896703720093 0.16666698455810547
3 0.37222200632095337 0.5180559754371643 0.01666700839996338 0.022222042083740234
3 0.6472220122814178 0.7465280294418335 0.033333003520965576 0.09861099720001221
3 0.32638901472091675 0.7305560111999512 0.03055596351623535 0.052778005599975586
3 0.25879597663879395 0.7437499761581421 0.023148059844970703 0.04583299160003662
3 0.22175902128219604 0.7305560111999512 0.021296024322509766 0.04444396495819092
3 0.0851849913597107 0.7361109852790833 0.02407395839691162 0.03888905048370361
3 0.018980979919433594 0.7284719944000244 0.03240704536437988 0.04861104488372803
