3 0.3814943897555467 0.507306521364266 0.13967006518680752 0.41142318559559177
0 0.08451314762792499 0.03430638248134915 0.12918974465000913 0.0686127649626983
0 0.20959948445169552 0.05560818720342042 0.17403346109539583 0.11121637440684085
0 0.06201837498289947 0.12635927237259237 0.12045012564297916 0.16164988760223484
0 0.18597923575578923 0.1650448252366194 0.18601480372111323 0.17778051978061582
0 0.0480949281096525 0.26338538700001873 0.096189856219305 0.16064094042977525
0 0.15925849260625827 0.29771281261572696 0.1925820354635625 0.18657157414523504
0 0.061179187361151875 0.4704629509169791 0.12235837472230375 0.27681360109316056
0 0.2071444731228705 0.5075763802762014 0.23197975324990416 0.2889932236880595
0 0.3930423431349227 0.1036444010374767 0.1749488234699923 0.16217306262386696
0 0.5502577011827287 0.15339600117025556 0.17133787186953348 0.16941220960918935
0 0.3798351988737179 0.22609548975935295 0.17923860100026046 0.17444863247347983
0 0.5412099515643437 0.28150069068237343 0.17573402266450983 0.15412074826158306
0 0.5298078069716067 0.4089280891192102 0.18771540887094246 0.17689090088768727
0 0.7196085585340778 0.12346321075946659 0.11158443101232396 0.06388512002283764
0 0.8390569390880457 0.16307629924646433 0.14206470412744454 0.082325899929852
0 0.7169040594476018 0.20957848050462824 0.14703177654179034 0.16378898537119144
0 0.8417287024194068 0.25296814419619684 0.16309695431836002 0.15461961772577298
0 0.7145281289146004 0.3351491310367891 0.14363085271604747 0.1655692732785195
0 0.8432901924355723 0.3744744192858741 0.17395374944158237 0.17568521616167815
0 0.7099928859972029 0.46232629632946587 0.1506159870210082 0.16344201022423044
0 0.8396972237913525 0.501923078456302 0.17790406697797545 0.17820295128605157
