0 0.7976412840128053 0.8389990454581895 0.14608291325442613 0.32200190908362103
0 0.8843337347798059 0.8563776189577321 0.10827892972487874 0.28724476208453575
0 0.8612618695956797 0.4841327252701685 0.12515281712923076 0.2601836425929818
0 0.9488513839179303 0.5148106756147799 0.09020601669980022 0.25202531893996005
0 0.38330420025538997 0.35736461585675816 0.1250408391062271 0.1836052011441145
0 0.6773410010743601 0.8152490524365869 0.15675708003022026 0.3695018951268263
0 0.563307836574968 0.7798244256606299 0.15299265208000956 0.38117008878167036
0 0.4433955566876465 0.7338193211278659 0.15097748923738824 0.3733207762654046
0 0.3272476068029204 0.6948555310398309 0.1541879498496989 0.37954749226869633
0 0.022340424750103095 0.5682120238694326 0.04468084950020619 0.3744001790885809
0 0.20930552749746234 0.6518300487769569 0.15133189729831956 0.37548615221178755
0 0.09169634073213492 0.6117825662406925 0.1540109121559327 0.3784658205858424
