0 0.5288270264863968 0.1900000013411045 0.7077530324459076 0.21733301132917404
0 0.2415509894490242 0.3746669888496399 0.1332009881734848 0.13600003719329834
0 0.3757460117340088 0.37400001287460327 0.1351889967918396 0.13733303546905518
0 0.5069579929113388 0.37333300709724426 0.1272369921207428 0.13599997758865356
0 0.6351889967918396 0.3746669888496399 0.1292250156402588 0.1333329677581787
0 0.7753480076789856 0.37266701459884644 0.1510930061340332 0.1293330192565918
0 0.77634197473526 0.5066670179367065 0.14910495281219482 0.13866698741912842
0 0.6381710171699524 0.5080000162124634 0.1272369623184204 0.13600003719329834
0 0.5059639811515808 0.5080000162124634 0.1371769905090332 0.13600003719329834
0 0.3727630078792572 0.5080000162124634 0.1292250156402588 0.13600003719329834
0 0.2415509894490242 0.5080000162124634 0.1332009881734848 0.13600003719329834
0 0.2316100001335144 0.6600000262260437 0.1292250156402588 0.13866698741912842
0 0.3658050000667572 0.6613330245018005 0.1391649842262268 0.13600003719329834
0 0.502982035279274 0.6620000004768372 0.135189026594162 0.13733303546905518
0 0.6361830234527588 0.663332998752594 0.13121294975280762 0.1346670389175415
0 0.7713720202445984 0.6600000262260437 0.13916504383087158 0.12800002098083496
0 0.7743539810180664 0.7986670136451721 0.133201003074646 0.14933300018310547
0 0.6391649842262268 0.8026670217514038 0.1371769905090332 0.1413329839706421
0 0.5019879937171936 0.8013330101966858 0.1371769905090332 0.13866698741912842
0 0.3677929937839508 0.8013330101966858 0.1312130093574524 0.13866698741912842
0 0.2316100001335144 0.8033329844474792 0.1411529779434204 0.14266693592071533
