0 0.9309764667902986 0.5055707671436307 0.10081323972723277 0.34064478840640666
0 0.8612329522246507 0.5295033968063029 0.09818975582302936 0.34139425854928557
0 0.7909525434547493 0.5527549923872566 0.10003937420407294 0.3420061869561894
0 0.7208230216891851 0.5776730060517934 0.09849170268652208 0.34472900375027465
0 0.651853311846937 0.5996322947207652 0.09771884152648702 0.3460906528848038
0 0.5817238480153888 0.6245512867864866 0.10171907014978043 0.3506489117132664
0 0.5099042859564538 0.6465947901450746 0.10109609417294046 0.35367675642065877
0 0.4384726347470512 0.6676522652401696 0.10064326538907564 0.3486756492841406
0 0.3671919287997636 0.6903761246873148 0.10079423119487413 0.35034293766255475
0 0.2945994524069812 0.7143926455477878 0.10356874805959271 0.35126085981468946
0 0.2250068815086953 0.7399926576582141 0.0947933588559701 0.3435054423542552
0 0.15518886245186247 0.7630912760610716 0.10311583793228413 0.34625885430931325
0 0.08383267233068434 0.7849814772819963 0.09786982004219875 0.3477580816333521
