0 0.07805516246550649 0.8735479327069905 0.12014473399453465 0.252904134586019
0 0.10473347404942066 0.16121752439907405 0.10830341342253119 0.1473209154037697
0 0.12265433450483443 0.25682006910334854 0.11757000848592881 0.19170879393251358
0 0.14172858344668174 0.3827336276172115 0.1195584181712039 0.19565825745928977
0 0.15971802940365742 0.5145729520823169 0.1170273077034337 0.18159337724354058
0 0.17969471795551703 0.6494936350231653 0.12037245767507783 0.18597689784404647
0 0.2007800796962741 0.7905692300120919 0.11544533833648174 0.17280263744108848
0 0.2168703403855477 0.9241566270912721 0.12620397351838555 0.15168674581745578
0 0.18993931239468992 0.15255168784642847 0.09971532988913331 0.17771195698389483
0 0.2661055983450261 0.1653716021248245 0.09103627486498017 0.1649935329504481
0 0.3302700616908874 0.17924184685936673 0.08068506691735966 0.15008303144452972
0 0.3892135111411289 0.19199407704335986 0.07471850554998444 0.13823240581804394
0 0.4421002209007463 0.2029648586149333 0.06667234458484733 0.1290307118471481
0 0.4917553159826124 0.21589932443175497 0.061564923179575515 0.12905382432032755
0 0.5343589820391403 0.2255119887143105 0.05799328956069427 0.11631228781370131
0 0.5748148965900142 0.2311628412071669 0.053925162159684126 0.11501078634508441
0 0.6121962573742388 0.23965585121187993 0.05265961440243527 0.10797834862918324
0 0.6457144996762285 0.24659749644937026 0.05035477264092425 0.10227052485507854
0 0.6790733338031677 0.2526593126785644 0.04773225470305609 0.09480306581702491
0 0.7083649975385129 0.26002232420377136 0.04366412730204605 0.093501564348408
0 0.7355090772327326 0.2634244545117199 0.03864688422002327 0.0869259854112184
0 0.7629693538756714 0.26858399000976085 0.03905445947882347 0.08208600404136496
0 0.7877174045125266 0.27461228394429943 0.0407264292379631 0.08427706370022958
0 0.20847091064712503 0.26748239043708505 0.09709287176435363 0.17024451708162902
0 0.28233232754603915 0.2754619685801398 0.08841501149376627 0.15752740708979246
0 0.34758176881793656 0.28340737554390705 0.0833965138450889 0.150950494975205
0 0.40792644061938305 0.291992173335571 0.0739946593226315 0.1413150788068653
0 0.4600677157919515 0.29483434469284664 0.06698877404445008 0.1307890575542821
0 0.22591767376477467 0.3883389000192401 0.09917264929317682 0.1675965741592575
0 0.30154128173578754 0.39017598248251795 0.09112645842149542 0.15839487062046764
0 0.36620351810370955 0.39087194730160746 0.08204079038122425 0.15051676320986723
0 0.42528249674002305 0.39242332361645255 0.07137338548488442 0.13384889478543205
0 0.477627643274256 0.3924119316370801 0.06938474328872601 0.12989845247003856
0 0.5094509031056007 0.30227704605170497 0.06260421195057098 0.12772918129814234
0 0.24576029585862727 0.5065683008621701 0.09917264929317687 0.16759657415925738
0 0.3190790620681292 0.5035650230820184 0.09049359426902365 0.1548781501258108
0 0.38581988906120834 0.49987684749635897 0.08077525047387502 0.14348436911454931
0 0.44462825784757165 0.49593813543102 0.07544154802570519 0.1351504349023317
0 0.49518757337319375 0.48998953312150784 0.06906831382912332 0.1281401067629045
0 0.5448646376739613 0.4871115565498443 0.06237796604748369 0.11937217326102784
0 0.2661447596569933 0.6357818621020227 0.10125226459073824 0.16494772974483407
0 0.3393954946932092 0.6244332856076484 0.08954447335474403 0.1496040435768491
0 0.4062275142154084 0.6132786152323584 0.08317128999777257 0.14259384132687114
0 0.46460675452308603 0.6029686017104608 0.07471853022326214 0.13823238630554902
0 0.5152105599634438 0.5932866677029323 0.06843562760771299 0.12462437500146584
0 0.5625827798860671 0.5855683163476446 0.06509037521789551 0.12023997204469594
0 0.28628085769222006 0.7715823813212646 0.10364726635906538 0.16405676032720884
0 0.36118219953539044 0.7494790116618613 0.09153389462925704 0.1535538033316287
0 0.42507550417100215 0.7299676294774597 0.08452701346163716 0.1430275730922087
0 0.4846977775198885 0.7146110640864967 0.07711372038918357 0.13734246378191972
0 0.5375395673689711 0.7014247387114461 0.07177975552358629 0.1290075412131909
0 0.5843691119289045 0.6827235700812349 0.06780277915504074 0.12110774174797534
0 0.3066206416814139 0.9045283508626134 0.10500396178561816 0.16449080304909736
0 0.38251577901476963 0.8839666503702867 0.09822335568110235 0.1623215079574667
0 0.4495279772524051 0.8578786813796893 0.08913787603842555 0.15444444744086183
0 0.5075684539321345 0.8337323358391038 0.078379270763066 0.14437491603801522
0 0.5606594783423435 0.81395772887516 0.07607425368712695 0.13866611807088658
0 0.6058615669846235 0.7901995017453469 0.06947492684524137 0.12329979014005821
0 0.5520990934701477 0.30815630612362566 0.061022237350352504 0.11893841241530148
0 0.591403043034115 0.3113863482565543 0.0519367472411425 0.1110612937379194
0 0.6279946364992883 0.3154851289367786 0.054331769942535746 0.11017044064184928
0 0.6632293767933864 0.320016987902115 0.05067102940273194 0.10402791090938313
0 0.6945998012350505 0.32299680413520815 0.04597010138740121 0.09921066848814081
0 0.724410636084452 0.32926394455067565 0.048997983007999735 0.10183650680633877
0 0.7507181036157748 0.33200395465001026 0.047099573714912246 0.09128736313597507
0 0.778698562962008 0.3360672646495312 0.04230840383818146 0.09306783258307039
0 0.8024974381047614 0.33682150025128477 0.04000356469330346 0.0873600233491601
0 0.5264236309171962 0.3926052199316495 0.06301081973342254 0.12288883559490726
0 0.5692755745254346 0.39562990879791604 0.06038955636220855 0.11542270973425167
0 0.610974654442235 0.39623512048165266 0.05464819416887201 0.11192875726859458
0 0.6452602764386866 0.3954928874382221 0.05641130972720931 0.10752148985047172
0 0.6804960387885557 0.40002445017555543 0.05130389355520382 0.10754463140404003
0 0.7113918216574489 0.40036676238814184 0.045020813008593064 0.09393563136673849
0 0.7391004913534379 0.3989393157987054 0.049089054802513576 0.09523714202654221
0 0.7669229139009313 0.40212444167787753 0.043980556761648915 0.09525991005554207
0 0.79207738915631 0.40244390856489864 0.04375526263471097 0.08690317911064299
0 0.8170746197744694 0.40188396912672064 0.04176590117328627 0.08295343849165138
0 0.5886433717683455 0.4833322106836803 0.06206153135461445 0.11761379847350495
0 0.6276754666357138 0.48107148628305074 0.05704417387968097 0.11103821034512862
0 0.6638379596586399 0.47879903342374147 0.05442290004193395 0.10357202632369533
0 0.6976034666147857 0.4791530503636263 0.055145775053126456 0.10048912483554245
0 0.7283865134546794 0.47488246479921226 0.04972192418825194 0.09875389160158793
0 0.7591240789771382 0.4743455896180372 0.04836512408879434 0.09831981539207074
0 0.7846406481738823 0.4726907096425605 0.04135929862370136 0.08779381327527525
0 0.8105190047964249 0.46905942804158407 0.04239857692816407 0.0864691120923125
0 0.8336403838272476 0.4700293976510871 0.040003575159836435 0.08736008150993774
0 0.6077629019260787 0.5776225461465112 0.06612965352235789 0.11891527086173315
0 0.646162195070697 0.5718450966556313 0.057768104593400205 0.10795553697960014
0 0.6828893405251145 0.5647430623033436 0.05609488026760667 0.10576314414333765
0 0.7162257896440978 0.5587267854673226 0.055145775053126456 0.10048912483554251
0 0.7478454486468883 0.5551183201115224 0.05012852150457059 0.09391348773757524
0 0.7874424310732645 0.5480289692751505 0.07110207875011776 0.10393677430486076
0 0.8263619121544434 0.5411553233661394 0.044794556638972804 0.08557856516884649
0 0.851720080840425 0.5386202381832942 0.03602550122263215 0.07945982127898726
0 0.6675193616249321 0.6626291069050869 0.05482932989372413 0.09873069188724204
0 0.7022570753383035 0.6524453687847014 0.04836512408879445 0.09831981539207069
0 0.6290745871628789 0.672140266779206 0.05369890055679738 0.10665369106680356
0 0.6479902328757815 0.7692840928777129 0.06007312166933931 0.11366433494672878
0 0.6864807263994196 0.7560401922177855 0.05903382243181099 0.11498891980813641
0 0.7224614327809225 0.7408098536354507 0.05568845041581627 0.11060447857979105
