0 0.32240270084816985 0.06615888160827667 0.017952465568319753 0.05390486903179065
0 0.34022789764072614 0.06388487919078126 0.023581041108760303 0.05462291969540871
0 0.3613754641543597 0.0618945446604689 0.024599094803255228 0.05614753574236889
0 0.3834625580995539 0.05978435239868035 0.025458149322810042 0.054862390363937336
0 0.32483614726767324 0.1175062088975837 0.018811520996953823 0.05261973971819617
0 0.34316991277436326 0.11587483850047443 0.02342204294390826 0.05181317611983596
0 0.3647474932605465 0.11312213564056699 0.025299150955940264 0.05205264321840078
0 0.38687339185056335 0.11171449801746602 0.024201543634263745 0.049122191493429335
0 0.3286445318846478 0.17646169341036325 0.017872966182867323 0.05249999188905857
0 0.3469385475976028 0.17412788265690604 0.02444009572932393 0.053337776101959056
0 0.3685161280837861 0.1713751797969986 0.024440095729323874 0.053337776101959056
0 0.3906420804104881 0.16996849178426734 0.025219597227749746 0.05064680575540764
0 0.3319758374180241 0.22698696196887053 0.018970519363823435 0.055429486863732724
0 0.350779449411378 0.22529661580390303 0.02451959531679393 0.054742656814654955
0 0.3723172259631058 0.22184051583735032 0.024440095729323874 0.053337776101959056
0 0.39389480644928904 0.2190878129774429 0.02444009572932393 0.05333777610195903
0 0.3353154576593556 0.28600321870783674 0.01693441217685132 0.052380258339776165
0 0.3531406830820749 0.2837292126379239 0.02444009572932393 0.05333777610195911
0 0.37522683187835676 0.281619134658475 0.025458150130880375 0.05486240464379244
0 0.3973139262780906 0.279508950429105 0.02444009572932393 0.053337776101959
0 0.33868748560394113 0.3372307891606431 0.0177934682115381 0.0510951397360731
0 0.35647198861545126 0.3342544811964312 0.023501541723307928 0.05321804255267665
0 0.3780893467174622 0.332204200760599 0.02545815093895082 0.05486241892364768
0 0.3997464267911155 0.33085637861338746 0.023422043751978705 0.05181319039969118
0 0.34292494055968514 0.3954240464008957 0.017872966182867323 0.05249999188905857
0 0.3612189562726401 0.39309023564743845 0.02444009572932393 0.05333777610195911
0 0.38236752177288014 0.39110073823013797 0.02358103969463704 0.05462289470566206
0 0.40398485124472794 0.3890504614467233 0.02537864973533993 0.053457509651241464
0 0.34578745580282577 0.4460091196429472 0.01771391529141808 0.049689316552935126
0 0.36404172091397524 0.4429728542532869 0.024360597757994762 0.05193292394897353
0 0.38561930140015854 0.44022015139337944 0.024360597757994706 0.051932923948973586
0 0.4072366324881473 0.4381699031696752 0.024281044837874632 0.0505271007658355
0 0.3500258802564382 0.5042032024762831 0.015917276364724675 0.05085578951486697
0 0.3678103816518074 0.5012268659523609 0.02521959884389069 0.05064683431511807
0 0.38938796213799065 0.4984741630924534 0.023342490831858742 0.050407367216553034
0 0.41096554262417395 0.495721460232546 0.02521959884389069 0.05064683431511796
0 0.353237912514193 0.5526202181227422 0.016775358053120304 0.04956952588423191
0 0.37102335870494374 0.5496437610690437 0.02436059452571293 0.05193286682955278
0 0.3921709260771522 0.5476534417110774 0.023501541723307928 0.05321804255267659
0 0.41378830888165 0.5456041073981049 0.025299148531728877 0.0520526003788353
0 0.35606896242524977 0.6109938142816118 0.017793464979256324 0.05109508261665241
0 0.3743629781382048 0.6086600035281547 0.02436059452571293 0.05193286682955289
0 0.39598030922619354 0.6066097553044504 0.024440095729323874 0.05333777610195911
0 0.4180267086327756 0.6037972441085812 0.025378649735339875 0.05345750965124152
0 0.3594002965887892 0.6615190791877017 0.016854910973240322 0.05097534906737
0 0.3772254933813454 0.6592450767702063 0.02436059452571293 0.05193286682955278
0 0.3993116433897329 0.6571350202105402 0.02537864973533993 0.05345750965124141
0 0.421867553881619 0.6549649776657153 0.025299148531728932 0.0520526003788353
0 0.36363869633991475 0.719712215898178 0.016775358053120304 0.04956952588423191
0 0.3814629197069263 0.7174383376628763 0.024281041605592857 0.050527043646414915
0 0.40355003990857663 0.7153280998015958 0.025299148531728932 0.05205260037883519
0 0.42508787302523626 0.711872999424906 0.023501541723307873 0.05321804255267659
0 0.36790858450947017 0.7701177472549854 0.015996774336053787 0.05226064166785249
0 0.3857328365066448 0.7678438653672663 0.025378649735339875 0.05345750965124152
0 0.4073104169928281 0.7650911625073589 0.023501541723307928 0.0532180425526767
0 0.4284986765299417 0.7638031201363986 0.024281041605592857 0.050527043646414804
0 0.406518779869612 0.049766965778518746 0.017952465972355003 0.05390487617171824
0 0.42489229486701063 0.048838030382811704 0.02451959531679404 0.05474265681465493
0 0.4464301687067211 0.04538288525789394 0.024440124763522197 0.0533377868943041
0 0.4657015289069464 0.04363190009752348 0.01966965925028119 0.05133447567742391
0 0.4099296137216303 0.1016971131822863 0.018732021409483712 0.05121485900550031
0 0.4281838796408502 0.09866086207248118 0.023501541723307873 0.053218042552676634
0 0.4493324339456144 0.0966704024262573 0.024519623946957003 0.054742660467072365
0 0.46856404455412226 0.0942169804795027 0.019828657617150913 0.054144222822960456
0 0.41412826226489746 0.1591877845466681 0.01685491380148696 0.050975399046863074
0 0.43195251426207215 0.156913902658949 0.024360597353959512 0.05193291680904599
0 0.4526720533788754 0.15568664488536835 0.022643432100143468 0.054503310245866354
0 0.47245195386508904 0.15457829896776526 0.02248446155536643 0.05169355247289209
0 0.417030527907826 0.21047530885495902 0.015058220330037841 0.05214090811857011
0 0.43442571077833697 0.20896367565954965 0.025299150147869875 0.05205262893854562
0 0.4560032912645202 0.2062109727996422 0.023422042135837817 0.05181316183998075
0 0.47570467990389 0.2036976201609408 0.021545850289024282 0.05157381161877478
0 0.4212680075660569 0.2686695122180712 0.016695860081791136 0.04816467373124644
0 0.43866416305404204 0.2671577405606129 0.023183491656918576 0.0475976057911614
0 0.4593429098897108 0.26522720097889807 0.023262989628247688 0.0490024579441469
0 0.47861428541510564 0.26347623184213786 0.020369719229633654 0.04723864620286669
0 0.4245197601793132 0.3177889575934405 0.01795246415419649 0.0539048440420441
0 0.4424245385221526 0.31692077470666563 0.023422043751978705 0.05181319039969112
0 0.4631042444682844 0.3149901127689658 0.023501513093144744 0.05321803890025917
0 0.48237560567859783 0.3132391454584143 0.02060827132469384 0.05145423081139644
0 0.42797862818570886 0.37891250684174016 0.01803196535780749 0.055309753314450316
0 0.44584365754288363 0.37734189787847255 0.02358104292691887 0.05462295182508292
0 0.4668728645724072 0.37324315161167854 0.024360597757994817 0.051932923948973475
0 0.4856356705755978 0.370849536174677 0.01873207947788036 0.05121488059019036
0 0.43224854498542736 0.42931803454613005 0.016775361285402135 0.04956958300365272
0 0.44913515914180446 0.42716376933033456 0.022404852991061153 0.05028775054462964
0 0.4697751304173533 0.4245306794899333 0.024281044837874743 0.05052710076583561
0 0.48896703498544125 0.42137482598805975 0.01966966005835169 0.05133448995727896
0 0.4340614601482555 0.4864055590034169 0.017793466595397267 0.051095111176362784
0 0.45243503039747146 0.48547759999280804 0.024201545250404577 0.0491222200531396
0 0.47350406918354304 0.48208223290038665 0.02318349165691863 0.0475976057911614
0 0.49273666753267714 0.4796286849452296 0.0203697192296336 0.04723864620286683
0 0.4379023611539602 0.5375742778705588 0.017872966182867323 0.05249999188905863
0 0.4557275579465164 0.5353002754530634 0.023501541723307873 0.05321804255267659
0 0.47687513963380646 0.5333099542688884 0.024519625563098002 0.0547426890267827
0 0.4965765139580946 0.5307966034563957 0.020767270499634116 0.05426399223678824
0 0.4415914992179763 0.5944224912937877 0.01701391338046232 0.05378516761218244
0 0.4589876244596574 0.5929106947290363 0.023501541723307873 0.0532180425526767
0 0.4800954555451419 0.5902179189086583 0.024440124359486948 0.05333777975437648
0 0.4998365804712356 0.5884070227323688 0.020608268092412008 0.05145417369197569
0 0.4449237781768972 0.6449476356701012 0.01591727313244279 0.050855732395446274
0 0.46231895862319683 0.6434359596351262 0.0242810416055928 0.050527043646414804
0 0.48342773450406284 0.6407430632849718 0.023342458969413782 0.05040730644471492
0 0.5026593451125707 0.6382896413382172 0.020528715172292045 0.0500483505088376
0 0.4478333295473925 0.7047252906010009 0.018811520188883324 0.052619725438341036
0 0.4661273452603475 0.7023914798475437 0.023501541723307928 0.05321804255267659
0 0.48676730222081477 0.6997583918333511 0.023501513093144855 0.053218038900259224
0 0.5065075077494081 0.6979475554149996 0.02154584867288334 0.05157378305906435
0 0.45069584479053315 0.7553103638430525 0.018652466065152307 0.04980899298279695
0 0.46941987361746296 0.7522141695876541 0.024360594525712986 0.05193286682955289
0 0.49056744098967137 0.7502238502296878 0.023501541723307873 0.05321804255267659
0 0.5103483825491613 0.7491163207741245 0.021466295752763376 0.05016795987592648
0 0.45454497854138 0.8149691320726286 0.01795246738647832 0.053904901161464736
0 0.47240897790807834 0.8133976477016918 0.023501541723307928 0.05321804255267659
0 0.4934779921043392 0.8100023556609638 0.024360594525713042 0.05193286682955289
0 0.5127096456580916 0.8075489282355832 0.019669656826069915 0.051334432837858324
0 0.45889339125671996 0.8667796397646153 0.016854910973240322 0.05097534906737
0 0.47617029978771136 0.8631605898776786 0.02358104292691887 0.05462295182508292
0 0.4977081296720891 0.8597054323815682 0.025378649735339875 0.05345750965124152
0 0.5169397545956785 0.8572520086086047 0.01881157744920947 0.052619732743175884
0 0.4616846674796252 0.9244498637241326 0.01795246738647832 0.05390490116146496
0 0.4800184855108948 0.9228194215176102 0.02444009572932393 0.053337776101959
0 0.5000296421792141 0.9174355852068236 0.025378649735339875 0.05345750965124152
0 0.5203190696819542 0.9169697346737664 0.020449220433244708 0.04864355547527288
0 0.46371233281324153 0.9602818473815589 0.018158849516661302 0.024636130153115388
0 0.4829449311623756 0.9578282994264018 0.022849787216304263 0.025234564144809846
0 0.5040129423821822 0.954432099765877 0.021831732006677318 0.023709921323121108
0 0.5227766931807544 0.9520383637990991 0.01807934831305036 0.023231220880709058
0 0.3703493719083576 0.8299561815519995 0.01795246738647832 0.05390490116146496
0 0.3886433876213126 0.8276223707985423 0.02451959693293493 0.05474268537436533
0 0.41018121750569037 0.8241672133024317 0.024440095729323874 0.05333777610195889
0 0.4298428841734177 0.8209514023751097 0.020767213239307858 0.05426398493195339
0 0.3740311662657517 0.8783132397730101 0.01771391205913625 0.04968925943351454
0 0.3923639559226858 0.8766819507185291 0.024201546866545465 0.049122248612850195
0 0.41355230227103523 0.8753949328447246 0.02342204051969693 0.051813133280270374
0 0.43372250983080374 0.8728217718700615 0.02248440267889934 0.05169351660834698
0 0.37787932659105394 0.93797213218478 0.01873201898527238 0.05121481616593482
0 0.39570357858822863 0.9356982502970608 0.022484402678899396 0.05169351660834687
0 0.41783042076152144 0.9342904707244009 0.027334342785764354 0.05510176914485365
0 0.4370620743152739 0.93183704329902 0.01701391338046221 0.05378516761218233
0 0.38037575589627814 0.9737433364760921 0.015964607603458414 0.018776343170394116
0 0.39765168776944304 0.9701243536519285 0.02081459296226884 0.022185395378791162
0 0.4192292682556263 0.967371650792021 0.02456697665589591 0.022664095821203434
0 0.43944019984274496 0.9655008202713672 0.017920352370392023 0.02042151657473812
0 0.4933691347999702 0.031610244700147075 0.027334341068614765 0.05510173880016145
0 0.5154155055763892 0.028797737156695303 0.022643460629297785 0.05450331211330193
0 0.5366038492985097 0.028113744565718805 0.02374009412139455 0.05622748913143761
0 0.55810187625852 0.02539166520495124 0.02545814922180112 0.05078333040990248
0 0.580148247034939 0.023955479872113484 0.02451965247611132 0.04791095974422697
0 0.6017258275211222 0.022579128442159768 0.02451965247611132 0.045158256884319535
0 0.6228346177170698 0.021202744140448877 0.023581041209769116 0.042405488280897755
0 0.6444520021377086 0.020589178216632958 0.02553764880927134 0.041178356433265915
0 0.6669672204646894 0.01915301845071744 0.02553764880927134 0.03830603690143488
0 0.6880362067261815 0.017013881514625923 0.022643460629297785 0.03402776302925185
0 0.7096137872123647 0.01575720154285775 0.02639572980227245 0.0315144030857155
0 0.7312311716330036 0.014964097386215071 0.022722960216767896 0.029928194772430142
0 0.7528087521191867 0.0137074174144469 0.02647522938974256 0.0274148348288938
0 0.7748551228956058 0.012211394526307639 0.023660540797239338 0.024422789052615277
0 0.7964327033817891 0.010894909870995133 0.02553764880927123 0.021789819741990266
0 0.8185188810102515 0.010161396859698375 0.024678705387736644 0.02032279371939675
0 0.8405652517866704 0.00878507464908436 0.025617202133426553 0.01757014929816872
0 0.8626116225630894 0.007348889316246607 0.024678705387736644 0.014697778632493214
0 0.8851278143156148 0.005972501362118254 0.026554782713897884 0.011945002724236507
0 0.9080729895063324 0.0037738025000205156 0.02553764880927123 0.007547605000041031
0 0.9263670338494504 0.0023375806430081265 0.017093353990456528 0.004675161286016253
0 0.4954123996095248 0.08442333020331318 0.02537865034139275 0.053457520361132854
0 0.5174597438114884 0.08161069847766765 0.02444015359570284 0.05333779411668536
0 0.5394663650971987 0.07809575593281365 0.025299150955940264 0.05205264321840079
0 0.5614729318381533 0.07457984949773472 0.0244401531916677 0.05333778697675778
0 0.582581722034101 0.07188695132137163 0.023501541925325498 0.05321804612264043
0 0.6036497891117777 0.06849173875583624 0.024519652577120077 0.05474266411948984
0 0.6257368831074763 0.06638154738653865 0.025537648910279986 0.05626727107663319
0 0.6479026142621118 0.06567730321766546 0.024360654210250465 0.051932916973953316
0 0.6690510964864242 0.06368684377757573 0.023501541925325498 0.053218046122640424
0 0.6900794141744011 0.05958919799562001 0.0245991521645903 0.05614754483218572
0 0.7116569946605844 0.056836495135712574 0.0245991521645903 0.05614754483218572
0 0.7337431724910646 0.054726420643773796 0.025458149322809986 0.054862390363937336
0 0.755830266082728 0.05261622213454862 0.0245991521645903 0.05614754483218572
0 0.7770175823395922 0.05132832706809323 0.023501541925325498 0.05321804612264042
0 0.7985554131330492 0.04787318563681976 0.025299150955940264 0.05205264321840081
0 0.8210317977305046 0.04429830708630007 0.02537864993735761 0.05345751322120527
0 0.8430384764785588 0.04078336080657493 0.024360654210250465 0.051932916973953316
0 0.8646955560471681 0.03943552973445386 0.024201601096607406 0.04912220236822805
0 0.886741926823587 0.036623022191002094 0.025140097842297315 0.04924192861267557
0 0.90921831162306 0.0330481472104462 0.0252195972277498 0.050646805755407615
0 0.9280208960501488 0.031356968477375145 0.017793467403467655 0.051095125456217895
0 0.49918197912713713 0.14267625204498657 0.024519652577120077 0.05474266411948983
0 0.5207198098195853 0.1392211088287312 0.024599152164590077 0.05614754483218569
0 0.5427264308022692 0.1357061609289315 0.025458149322809986 0.05486239036393732
0 0.564383510673905 0.13435833521175614 0.02342204253987301 0.05181316897990834
0 0.5855718006593402 0.13307032131805271 0.024519652577120188 0.05474266411948982
0 0.6071882116544344 0.13102113974698426 0.024440152989650077 0.05333778340679397
0 0.629235555856398 0.12820850802133874 0.025378649735339875 0.05345750965124148
0 0.6512421799586876 0.1246925960664068 0.024519652577120188 0.05474266411948983
0 0.6732488009413715 0.12117764816660709 0.025378649735339986 0.053457509651241464
0 0.6943973407290365 0.11918718677662812 0.02248446195940168 0.051693559612819684
0 0.7150761140853508 0.11725762544744708 0.024440152989650077 0.05333778340679397
0 0.7366934433551808 0.1152073450940686 0.024360653806215216 0.05193290983402572
0 0.7583107738371169 0.11315708616047288 0.024440152989650077 0.053337783406794
0 0.7793400652536648 0.1090593215512691 0.023660540898248095 0.05602780397806835
0 0.8008778418053926 0.10560322158471641 0.025458149322809986 0.05486239036393735
0 0.8230038225602401 0.10419652634960391 0.024360653806215216 0.05193290983402571
0 0.8450104445530122 0.10068159629962319 0.025219597227749913 0.050646805755407615
0 0.8674470253170209 0.09640332242744015 0.025378649735339875 0.05345750965124148
0 0.8900417973721922 0.09493684035860231 0.025537648910280097 0.056267271076633235
0 0.9120881681486112 0.09212433281515053 0.0245991521645903 0.05614754483218569
0 0.9308519762075096 0.08973058954353777 0.018970576624149693 0.05542949416856765
0 0.9338337400237848 0.142422969574778 0.018891077036679582 0.054024613455871784
0 0.9150699319648865 0.14481671284639075 0.024519652577120188 0.054742664119489845
0 0.8939621151944835 0.14750948684056012 0.023581041310777984 0.054622923265372506
0 0.8723447857226356 0.1495597636239748 0.025537648910279986 0.056267271076633193
0 0.8501781379987465 0.15026411753027918 0.024360653402180077 0.05193290269409814
0 0.8277027267258269 0.15383887011362324 0.026157177808221244 0.05076641512249627
0 0.806164892913773 0.15729497738501086 0.02248446317150743 0.051693581032602465
0 0.7846270622213247 0.16075012060126623 0.02615717780822102 0.0507664151224963
0 0.7621516501403347 0.16432485890475507 0.024360653402179966 0.051932902694098115
0 0.7409633611649875 0.1656128906482775 0.023581041310777984 0.05462292326537249
0 0.718837436660378 0.16701956072873608 0.026236730728341207 0.05217223830563428
0 0.6967910086236329 0.1698320755770228 0.023422042135837873 0.051813161839980776
0 0.6756822756880115 0.17252496644855098 0.024360653402180077 0.051932902694098115
0 0.6541046952018282 0.1752776693084584 0.024360653402180077 0.051932902694098115
0 0.6324873649219099 0.1773279318120179 0.02428110048205978 0.05052707951096011
0 0.6109494769691355 0.18078308233310822 0.024201600894589892 0.04912219879826424
0 0.5893718964829522 0.18353578519301567 0.024201600894589892 0.049122198798264294
0 0.5686534284837115 0.18476388076596506 0.02248446317150743 0.051693581032602465
0 0.5471155969831929 0.18821900970236524 0.02631623031581143 0.05357711901833012
0 0.5246391550244025 0.19179389377273798 0.024360653402180077 0.05193290269409814
0 0.5025530344542485 0.1939039609598418 0.0252195972277498 0.05064680575540759
0 0.5064011947795506 0.25356285337161166 0.026236732344482205 0.05217226686534465
0 0.5284087883797088 0.250047767009763 0.023501541723307873 0.05321804255267662
0 0.5490478148598761 0.247414797699138 0.023501541723307984 0.05321804255267662
0 0.5706253953460594 0.24466209483923052 0.025378649735339875 0.05345750965124149
0 0.5926320171368138 0.24114716121928603 0.024360655018320965 0.05193293125380849
0 0.6142493470126968 0.23909689157579891 0.02428110129013039 0.05052709379081527
0 0.6358269847592062 0.23634418141105654 0.02428110129013028 0.05052709379081527
0 0.6574045652453895 0.2335914785511491 0.02428110129013039 0.050527093790815325
0 0.6790616449150075 0.23224364926400995 0.024440152989650188 0.053337783406794015
0 0.7006392254011908 0.2294909464041025 0.024440152989650077 0.05333778340679393
0 0.7222168058873741 0.22673824354419508 0.024440152989650188 0.05333778340679404
0 0.7428955240928798 0.22480770761489774 0.02248446317150743 0.05169358103260252
0 0.7640440648906328 0.22281726407473773 0.025378649735339986 0.053457509651241464
0 0.7861302419130425 0.22070717530294381 0.024360655018320965 0.05193293125380849
0 0.8075885738260912 0.21584716565384776 0.024122102923260558 0.04771734664527877
0 0.8300639859070812 0.2122724273503589 0.02607767822075102 0.04936153440980043
0 0.8522305786821796 0.21156710241390198 0.023501541723307873 0.05321804255267662
0 0.8738081591683627 0.20881439955399456 0.025378649735339875 0.05345750965124152
0 0.8958943365948075 0.20670431792212818 0.024519653385190687 0.05474267839934499
0 0.9179407073712266 0.20389181037867643 0.025458150130880597 0.05486240464379255
0 0.9381108863008321 0.20131865305643068 0.020767269691563617 0.054263977956932996
0 0.9414820526249548 0.2525473042768207 0.019749158029680802 0.0527393421102646
0 0.9217815801508035 0.25506054003816325 0.025378649735339875 0.05345750965124152
0 0.8988364059701741 0.2586952357671006 0.02639572828714043 0.054981971171315674
0 0.8767899779334289 0.26150775061538734 0.023581039694637096 0.05462289470566212
0 0.855641494396002 0.26349818685071236 0.024440152989650077 0.053337783406794015
0 0.8331650532452821 0.26707308520094025 0.026236732344481983 0.052172266865344624
0 0.8115874727590988 0.26982578806084767 0.02248446317150732 0.05169358103260244
0 0.7909484462789316 0.2724587573714727 0.024360655018320854 0.05193293125380849
0 0.7683537322921569 0.2739252464153308 0.02607767822075102 0.049361534409800456
0 0.7461871379009177 0.2746305427920774 0.023501541723307873 0.05321804255267662
0 0.7251190717323202 0.27802577142244983 0.024519654193260965 0.05474269267920018
0 0.7031123926812397 0.28154071234722927 0.025378649735339875 0.05345750965124152
0 0.6814950632093919 0.28359098913064396 0.02342204375197876 0.05181319039969112
0 0.6602670817006357 0.2841765732129835 0.024599152164590188 0.05614754483218576
0 0.638649750612647 0.2862268214366878 0.024519654193260965 0.05474269267920018
0 0.6170721128661376 0.2889795316014302 0.024519654193261076 0.05474269267920018
0 0.5959235759960606 0.2909690253663131 0.023501541723307873 0.05321804255267665
0 0.5743857994443329 0.2944251253328658 0.025299151764010763 0.05205265749825605
0 0.5528886347108382 0.2985825920281103 0.023581039694637096 0.05462289470566212
0 0.5317799017752167 0.30127548289963846 0.02451965096097919 0.054742635559779484
0 0.5105916119917991 0.3025635003633057 0.02342204375197876 0.05181319039969112
0 0.5134623878021745 0.361638605035519 0.024201600894589892 0.049122198798264294
0 0.5345711207377959 0.3589457141639908 0.023262989628247688 0.04900245794414693
0 0.5556789375081989 0.35625294016982145 0.02420160089458978 0.049122198798264294
0 0.5767479771023409 0.35285758735725525 0.023342490831858687 0.0504073672165532
0 0.5974665031699782 0.35162949875932603 0.023501541723307873 0.05321804255267665
0 0.6195526245482027 0.3495194458520774 0.026395731519422316 0.054982028290736396
0 0.6416397710684809 0.34741018267336676 0.023660540898248095 0.056027803978068336
0 0.6631775492363496 0.3439541112665244 0.02374009381836817 0.05743362716120637
0 0.6837768251147114 0.3406186873196963 0.023660540898248095 0.05602780397806839
0 0.7054737091228201 0.33997426227912997 0.025299151764010652 0.052052657498255994
0 0.7275598288849038 0.33786418081217096 0.024440152989650077 0.05333778340679396
0 0.749137409371087 0.33511147795226354 0.024440152989650077 0.05333778340679396
0 0.7711838374078321 0.33229896310397683 0.025378649735339875 0.05345750965124141
0 0.7928011684958208 0.3302487148802725 0.02342204375197876 0.05181319039969112
0 0.8148077886704344 0.32673375270061766 0.02615717942436213 0.050766443682206674
0 0.8372842314372951 0.3231588829101001 0.024360655018320854 0.05193293125380849
0 0.8594101018011842 0.3217512560793442 0.0254581477066691 0.05486236180422699
0 0.8814962215632677 0.31964117461238517 0.024440152989650077 0.05333778340679396
0 0.9030738020494509 0.3168884717524777 0.024440152989649966 0.05333778340679396
0 0.9246513825356342 0.3141357688925703 0.024440152989650077 0.05333778340679396
0 0.9443130221893394 0.31091999017737615 0.020608271324693894 0.05145423081139644
0 0.9476841339687064 0.3621476775075412 0.019908157204620913 0.055549103535656286
0 0.9285320086325871 0.36600598199320045 0.024440152989650077 0.053337783406794015
0 0.9069146791607392 0.3680562587766151 0.024360655018320965 0.051932931253808434
0 0.8848285005221886 0.3701663189886987 0.025378649735339875 0.05345750965124141
0 0.8621931174568547 0.37093144860869987 0.02514009764027969 0.04924192504271169
0 0.8401467466804358 0.3737439561521517 0.02420160089458978 0.04912219879826424
0 0.8176305549279104 0.37661639986617645 0.02607767822075102 0.049361534409800456
0 0.7960539478672717 0.3793689785438902 0.022325409047776246 0.04888284857705821
0 0.7745161179828939 0.3828241360400007 0.02615717942436191 0.05076644368220662
0 0.7524290231791249 0.38493431312944315 0.02342204375197865 0.051813190399691234
0 0.7313609570105274 0.3883295417598156 0.024440152989650077 0.053337783406793904
0 0.7097833765243442 0.3910822446197231 0.024440152989649966 0.05333778340679407
0 0.688634835726591 0.39307268815988305 0.02342204375197865 0.05181319039969107
0 0.6675260455306435 0.39576558633624614 0.024360655018320743 0.05193293125380849
0 0.64551942535603 0.399280548515901 0.025378649735339875 0.053457509651241464
0 0.6230042070290492 0.402152868047732 0.025378649735339875 0.053457509651241464
0 0.6027544735631829 0.40332017362712946 0.02052871840457382 0.05004840762825841
0 0.5816059343815707 0.4053106457269998 0.0271753436108243 0.05229200771946202
0 0.5595993125908163 0.4088255793469443 0.02256396114283654 0.05309843318558799
0 0.5384905223948687 0.4115184775233074 0.025378649735339875 0.053457509651241575
0 0.5159355550822233 0.41368837097864575 0.025299151764010652 0.052052657498256105
0 0.5201333127688119 0.47118011605313725 0.02342204375197865 0.05181319039969118
0 0.540813006016003 0.4692494845013566 0.023342490831858687 0.05040736721655309
0 0.5628594340527482 0.4664369696530699 0.02615717942436213 0.05076644368220662
0 0.5843575149514614 0.4622793860804666 0.02256396114283654 0.05309843318558788
0 0.6054653317218643 0.4595866120862972 0.025378649735339875 0.05345750965124152
0 0.6271224117955176 0.4582387899390856 0.023342490831858687 0.05040736721655309
0 0.6487397404592951 0.4561884988758158 0.025299150147869875 0.05205262893854562
0 0.6698485306552426 0.45349560069945266 0.02248446155536654 0.0516935524728922
0 0.6909572635908641 0.45080270982792453 0.025299150147869875 0.052052628938545564
0 0.7130434414213442 0.4486926353359857 0.02428110209820078 0.05052710807067057
0 0.7346607725093329 0.4466423871122814 0.024360655018320854 0.05193293125380849
0 0.756667393492017 0.4431274392124817 0.025378651351480763 0.053457538210951894
0 0.7787535140621709 0.44101737202537783 0.0245196509609793 0.054742635559779484
0 0.7994730127472823 0.4397891449653998 0.02248446155536654 0.05169355247289209
0 0.8210098692061155 0.43633411165148295 0.026157177808221244 0.0507664151224963
0 0.8443851169933277 0.43193708223519023 0.026316231931952094 0.053577147578040496
0 0.8664712375634818 0.42982701504808646 0.023581039694637207 0.05462289470566217
0 0.8880885670353297 0.4277767382646718 0.025378649735339875 0.053457509651241464
0 0.9096661475215129 0.4250240354047643 0.023501541723307873 0.0532180425526767
0 0.9302654250160156 0.42168864001764655 0.02545814770666921 0.05486236180422699
0 0.9490680086350338 0.4199974470047203 0.021625349876494337 0.05297869233147057
0 0.523385066998209 0.520299589988217 0.02623672911220032 0.05217220974592396
0 0.545002394853916 0.5182492846450919 0.02256396114283654 0.05309843318558799
0 0.5660714376803399 0.5148539889519465 0.025299148531728877 0.0520526003788353
0 0.5872199752458112 0.5128634882923657 0.02240490701910547 0.05028770073004363
0 0.6078987500162486 0.5109339519529312 0.024360651786039078 0.05193287413438785
0 0.6289677346615998 0.5075376281102124 0.023501541723307984 0.05321804255267659
0 0.6514432056190569 0.5039629110615991 0.027175340378542412 0.052291950600041215
0 0.6734895763954758 0.5011504035181473 0.022484459939225432 0.051693523913181716
0 0.6947176668810672 0.5005657260417046 0.025537645677998322 0.05626721395721246
0 0.7168037882592917 0.49845567313445593 0.024519654193261076 0.05474269267920023
0 0.7392802294100116 0.494880774784228 0.026316230315811318 0.05357711901833023
0 0.7608975604980004 0.49283052656052373 0.022484459939225654 0.051693523913181716
0 0.7816160276891706 0.4916024167077191 0.024519654193261076 0.05474269267920023
0 0.8031936081753539 0.4888497138478116 0.024519654193261076 0.05474269267920023
0 0.8256700525583556 0.4852748726170045 0.02631623031581143 0.05357711901833012
0 0.8467778693287585 0.4825820986228352 0.02162534987649445 0.05297869233147062
0 0.867457559343668 0.4806514099516337 0.025458150938950874 0.05486241892364774
0 0.8904415679608845 0.4777192857362584 0.026395731519422316 0.054982028290736396
0 0.9130770632353353 0.4769551198415747 0.024599148932308412 0.056147487712765065
0 0.9346546437215186 0.4742024169816672 0.024599148932308412 0.056147487712764954
0 0.9538862686451081 0.4717489932087039 0.019908153972339138 0.05554904641623559
0 0.5257871058509987 0.5794354418144166 0.024519654193261076 0.05474269267920029
0 0.5473646863371819 0.5766827389545093 0.024519654193260965 0.05474269267920029
0 0.5693713065117955 0.5731677767748544 0.025378649735339875 0.05345750965124141
0 0.5914971752595435 0.5717601213843881 0.024281098865919004 0.05052705095124976
0 0.612176925767061 0.5698294825277724 0.022484459939225543 0.051693523913181716
0 0.6337545062532441 0.567076779667865 0.026236729112200208 0.05217220974592385
0 0.6567385148704606 0.5641446554524896 0.025299148531728877 0.0520526003788353
0 0.6783558459584493 0.5620944072287852 0.0233424875995768 0.050407310097132396
0 0.6985657722575784 0.560223647423322 0.022484459939225654 0.051693523913181605
0 0.7196348150840024 0.5568283517301764 0.025378649735339875 0.05345750965124152
0 0.7411328943665747 0.5526707395978627 0.02334248759957691 0.050407310097132396
0 0.7627502254545635 0.5506204913741584 0.025140100872561577 0.04924198216213249
0 0.7858545110192501 0.5497965207959303 0.026316230315811207 0.05357711901833018
0 0.8074320915054334 0.5470438179360231 0.02256396114283654 0.053098433185588045
0 0.8281505586966037 0.5458157080832184 0.0245991489323083 0.0561474877127649
0 0.8497679470449185 0.5437654525546791 0.024519654193261076 0.05474269267920018
0 0.8722036101402441 0.5394882881746976 0.02623672911220032 0.05217220974592396
0 0.8942112037404022 0.5359732018128489 0.023501541723307873 0.0532180425526767
0 0.9149297281918986 0.5347450846552094 0.023660537665966208 0.05602774685864764
0 0.9370556001719285 0.5333374863841638 0.026316230315811318 0.05357711901833018
0 0.9568364867826273 0.5322289858984479 0.018970573391867807 0.055429437049146824
0 0.5291581587538987 0.6306631078897063 0.0233424875995768 0.050407310097132396
0 0.5506562412687528 0.6265055528768134 0.025378649735339875 0.05345750965124152
0 0.5717650314647004 0.6238126547004503 0.02256396114283654 0.053098433185587934
0 0.536767586010043 0.7400839714473104 0.02256396114283654 0.053098433185588045
0 0.558305473154747 0.736628806646365 0.026395731519422205 0.054982028290736285
0 0.5799626065610503 0.7352819269695956 0.022802516470178613 0.05731407491353846
0 0.6010713394966717 0.7325890360980674 0.025617205062681947 0.057673151379192045
0 0.6225684508975164 0.7284306269323808 0.02358104292691887 0.05462295182508281
0 0.6441460313836996 0.7256779240724733 0.025458150938950874 0.05486241892364763
0 0.6657236118698829 0.7229252212125659 0.023581042926918983 0.05462295182508281
0 0.6868720954073099 0.7209347849772408 0.024440152989650077 0.05333778340679407
0 0.7089185234440549 0.7181222701289541 0.025378649735339986 0.05345750965124152
0 0.7309251436186684 0.7146073079492992 0.024519654193261076 0.05474269267920018
0 0.7520736844164214 0.7126168644091393 0.023660537665966208 0.05602774685864764
0 0.7737705684245303 0.7119724393685729 0.0252991485317291 0.05205260037883519
0 0.7958566865704729 0.7098623293419035 0.024440152989650077 0.05333778340679407
0 0.8174740176584616 0.7078120811181993 0.024360651786038967 0.05193287413438785
0 0.8395204456952068 0.7049995662699126 0.025299148531728877 0.0520526003788353
0 0.8615677898971704 0.7021869345442671 0.024360651786039078 0.05193287413438774
0 0.8831453703833536 0.6994342316843596 0.024360651786039078 0.05193287413438785
0 0.9051917411597726 0.6966217241409078 0.025299148531728877 0.05205260037883519
0 0.9277467100885589 0.69445185924528 0.025378649735339875 0.05345750965124141
0 0.9494435940966677 0.6938074342047136 0.023262992860529463 0.049002515063567675
0 0.9663699842527316 0.6923555628532829 0.01583772021232277 0.04944990921230841
0 0.5410458167096461 0.7989804730523042 0.024440152989650077 0.05333778340679396
0 0.5621536334800491 0.7962876990581348 0.023501541723307984 0.0532180425526767
0 0.5836914633644269 0.7928325415620243 0.025299148531728877 0.0520526003788353
0 0.6053087944524156 0.79078229333832 0.0233424875995768 0.050407310097132285
0 0.6264573352501688 0.7887918497981601 0.024360651786038967 0.05193287413438774
0 0.6475254014187661 0.7853966211677874 0.023501541723307873 0.05321804255267659
0 0.6691029819049494 0.7826439183078802 0.025378649735339875 0.053457509651241186
0 0.6911900767087186 0.7805337412184377 0.024360651786039078 0.05193287413438763
0 0.7133557477747812 0.7798294543749063 0.02553764567799821 0.05626721395721246
0 0.73497307886277 0.7777792061512019 0.02358104292691887 0.05462295182508281
0 0.7556121053429372 0.7751462368405768 0.02358104292691887 0.05462295182508281
0 0.7771896858291205 0.7723935339806695 0.025458150938950985 0.05486241892364774
0 0.7992360566055394 0.7695810264372177 0.024519654193261076 0.05474269267920007
0 0.821283400807503 0.7667683947115722 0.025458150938950985 0.05486241892364774
0 0.8437986191344837 0.7638960751797412 0.025458150938950985 0.05486241892364763
0 0.8659642384840374 0.7631908744254781 0.024281098865919115 0.05052705095124976
0 0.8871525298835959 0.7619028855215211 0.023501541723307984 0.05321804255267659
0 0.9083408729996636 0.7606158105282961 0.024281098865919115 0.050527050951249874
0 0.9303872437760826 0.7578033029848442 0.025219595611609025 0.0506467771956971
0 0.9528627115012579 0.75422852881681 0.0252991485317291 0.05205260037883519
0 0.9712361997876607 0.7532996309881765 0.01701385612013606 0.05378516030734737
0 0.5444566202143517 0.850910593763797 0.025378649735339986 0.05345750965124152
0 0.565406414467641 0.8454079912814628 0.02288201120922595 0.05871886994710329
0 0.5874527852440599 0.8425954837380112 0.02757289164854282 0.05931729663396257
0 0.6096184618539396 0.8418902756789131 0.02264346234644754 0.05450334245799415
0 0.6311960423401228 0.8391375728190056 0.026395731519422205 0.054982028290736285
0 0.6522650246739389 0.8357422273112742 0.021784345819152673 0.05578839663744162
0 0.6723955102620649 0.8324666080479906 0.024360651786039078 0.05193287413438763
0 0.6940525919518592 0.8311188144604893 0.02420160412687178 0.04912225591768504
0 0.7171956514605248 0.8309973655812374 0.02733434278576441 0.055101769144853874
0 0.7387732319467081 0.82824466272133 0.021704851080105447 0.054383601603876786
0 0.7603110101145768 0.8247885913144877 0.02725484158215341 0.053696859872447544
0 0.7819283929190747 0.8227392570015151 0.02154584867288345 0.05157378305906435
0 0.8035457240070634 0.8206890087778109 0.02725484158215341 0.053696859872447544
0 0.8260221078974572 0.8171141177324177 0.02358104292691887 0.05462295182508303
0 0.8475996883836404 0.8143614148725105 0.025458150938950874 0.05486241892364763
0 0.8687870063576544 0.8130735501507471 0.022484459939225543 0.051693523913181605
0 0.891382696081509 0.811605958589708 0.02827192336623574 0.05522137851194242
0 0.913858106546358 0.8080311917265087 0.022722957085494877 0.055908137491559096
0 0.9354754376343468 0.8059809435028044 0.026554785643153278 0.0577927607462807
0 0.9576013636424212 0.8045732808075032 0.02358104292691887 0.05462295182508281
0 0.9744889225941799 0.8024188950619314 0.01607627553966484 0.0536655509402586
0 0.5487736280902157 0.9105096741871875 0.025299148531728877 0.0520526003788353
0 0.5702717106050699 0.9063521191742946 0.02358104292691887 0.05462295182508292
0 0.5918492910912532 0.9035994163143872 0.025458150938950763 0.05486241892364774
0 0.6138568846914112 0.9000843299525385 0.024599148932308412 0.05614748771276512
0 0.6353936894337353 0.89662838272789 0.024519654193260965 0.05474269267920018
0 0.6561132422595672 0.8954011124182093 0.022484459939225654 0.051693523913181605
0 0.677810071318885 0.8947557163474904 0.026475226258469653 0.056386823324301005
0 0.7003252323855398 0.8918834041204943 0.024599148932308412 0.05614748771276501
0 0.7218630622699176 0.8884282466243838 0.024519654193260965 0.05474269267920018
0 0.7430116030676706 0.8864378030842237 0.023501541723307873 0.0532180425526767
0 0.7646289341556594 0.8843875548605193 0.025458150938950874 0.05486241892364774
0 0.7862860126131718 0.8830397041535973 0.023422040519696985 0.051813133280270374
0 0.8078635930993551 0.88028700129369 0.025299148531728877 0.05205260037883508
0 0.8303788114263358 0.877414681761859 0.025299148531728877 0.0520526003788353
0 0.851606905144209 0.876830061404837 0.022722957085494766 0.055908137491558874
0 0.8722458743640501 0.8741970993990469 0.0245991489323083 0.0561474877127649
0 0.8951911058050057 0.8705623963652747 0.02733434278576441 0.055101769144853874
0 0.9182953364209014 0.8697374547568941 0.024281098865919115 0.050527050951249874
0 0.9404212084009314 0.8683298564858486 0.025378649735339875 0.05345750965124152
0 0.9624675791773504 0.8655173489423968 0.024440152989650077 0.05333778340679396
0 0.9793542219638905 0.8633630800741839 0.01505816306971175 0.052140900813735236
