3 0.1865718335819937 0.4025755161216462 0.038156171462676636 0.09997208185306844
3 0.25128204814155664 0.4271876271287207 0.05038517846995266 0.1076937157595304
3 0.38624166275038707 0.4513730677300555 0.04166906552666855 0.10745283898029584
3 0.4760709706400014 0.4672354473779396 0.05385401101694465 0.10286713254210877
3 0.5825217121374522 0.48686746689601734 0.05241798237080175 0.09713508739421178
3 0.653500139885732 0.5443310932987774 0.04294810610846267 0.09948930353000834
3 0.7604898870326344 0.5816704845869307 0.051208700047498557 0.09417890855432942
0 0.17863780091811202 0.018007499805571522 0.04907205354776306 0.036014999611143045
0 0.2306939118406488 0.023858360997975836 0.05726307791854904 0.04771672199595167
0 0.2850885350026859 0.03335517556104112 0.058130780809246274 0.048988396456624894
0 0.3337676349694413 0.04092418516288027 0.04514787032556827 0.04385996748418225
0 0.37442657704904403 0.04912693183578244 0.04209038710885865 0.041929523274742884
0 0.4145952321938436 0.0572392562785556 0.04416729645596196 0.04367913008551875
0 0.4553690066179401 0.06405461979896158 0.04329960824617457 0.04488567518231662
0 0.503066537170332 0.07144260133868298 0.05778915484019331 0.04482474514145685
0 0.5580083917569537 0.08157517107404531 0.057789154840193424 0.04482474514145685
0 0.6059125863375413 0.09252267358946484 0.04439506266242721 0.046455207086970526
0 0.647666934776088 0.09951887980473023 0.04548942129678779 0.04802360322930056
0 0.6884966137403694 0.10564026804008958 0.042318075968617475 0.04470465755332172
0 0.7334571696065488 0.11604489436805845 0.053750139635615035 0.042713286833819794
0 0.7845886556045036 0.12406618161261859 0.05352245077585582 0.03993815255524101
0 0.7800565347976962 0.1732391097567408 0.05757807393087244 0.07758631421309603
0 0.775730138379045 0.22597041605264262 0.05507326428855985 0.047057007214711316
0 0.17239784457847723 0.08371146916281236 0.05517707767047028 0.10721086482946163
0 0.2230391213504453 0.09164138704087385 0.062272618263183865 0.11125259417780115
0 0.27945278032367327 0.10204539210903127 0.06717836341444319 0.1121573289237075
0 0.32850831559974136 0.11109238616902645 0.04755538280940591 0.1085383899400821
0 0.3687338928508477 0.11851092836620389 0.04951844736451971 0.10890042519807197
0 0.40895947010195405 0.1259294705633813 0.047555382809405966 0.1085383899400821
0 0.4492988909862978 0.13196045533096185 0.049290758939292634 0.10612529621568903
0 0.49688360993521796 0.1407361962795565 0.062044959779152586 0.10847747071727865
0 0.5517115460356131 0.1522563096398646 0.06423466481764373 0.11161444169253597
0 0.5997865670347782 0.1611224738141199 0.048536855204571516 0.10871939652535616
0 0.6400121442858845 0.1685410160112973 0.048536855204571294 0.10871939652535616
0 0.6807849004920611 0.17535619443654626 0.04963236979290353 0.11028894300452825
0 0.726463402139185 0.18307610407690428 0.058348465271872874 0.11052888810461059
0 0.27963178185841964 0.08165329615838006 0.0613883821301939 0.07692244873350054
0 0.3694041693798555 0.09820943686707627 0.04425366309942269 0.06829612444176272
0 0.5528151869585851 0.13273902791265768 0.05833090007223651 0.0749920186472503
0 0.6419255331668393 0.15128591090661747 0.04425366309942258 0.06829612444176275
0 0.16655541766175003 0.14884217218163243 0.05311112791051284 0.046695143134395184
0 0.2184407626998986 0.15981960615040264 0.05680762299716863 0.04464373280865783
0 0.27361129319182953 0.1671772361863712 0.05831435142481367 0.03945531927915866
0 0.3222325235648297 0.17543888824291906 0.04371191917097589 0.03812886682455702
0 0.36338266285745546 0.1837331873864138 0.043825761935149254 0.03951641366176209
0 0.40355131872647515 0.19184550300219372 0.041748854615862196 0.03776683156656718
0 0.4431727638162567 0.20056119981822407 0.042958074739269936 0.040722971116350426
0 0.4918518570943552 0.20813019832990556 0.0598651067932543 0.04657418407969177
0 0.5473989083794022 0.21696486353732838 0.056693837797882285 0.0432561687687954
0 0.5948686727977508 0.2271289211958023 0.04371191917097583 0.03812886682455702
0 0.6340557952304614 0.23506023330577647 0.03990059326068862 0.03879254809169477
0 0.6737910554607249 0.242388349516363 0.04480627852955621 0.03969727179388016
0 0.7203942271614904 0.25098307007503257 0.05363629643690948 0.04132573470041892
0 0.7734878192341864 0.259366220291545 0.05778915527472539 0.044824750437652716
0 0.15988218830396894 0.21804534477954468 0.058120747195138184 0.10775375713116456
0 0.21199520679674666 0.22624764700500177 0.06227261913224799 0.11125260477019297
0 0.26791860863152317 0.23656123713028926 0.06619683200595042 0.11197632188710441
0 0.31703103708661046 0.2449144310650378 0.04865083635659462 0.11010791125234423
0 0.35768997887652515 0.2531171812687373 0.0497462137158291 0.1116765039649224
0 0.3982919676050293 0.26201372055396244 0.04853691595602688 0.10871941816146885
0 0.4381980559195766 0.2672604781213005 0.04721384959218938 0.10437568940491321
0 0.4858965888502266 0.2746486525876405 0.06412084938747381 0.11022686860001582
0 0.5412148716229722 0.2862592009871972 0.06336807181037263 0.11282211549006327
0 0.5892329096195311 0.2958191487211178 0.049518448233583756 0.10890043579046374
0 0.6295154099908523 0.30254389631490897 0.04744153975554455 0.10715083957207977
0 0.6692507301035072 0.3098720235692165 0.0484230121507101 0.1073318461573538
0 0.7154194887442384 0.31768234991784305 0.06008288241443305 0.10811560708829154
0 0.7677382132917933 0.32944399465406554 0.06072186376380739 0.1041337399696598
0 0.2698320683877935 0.2193051755644808 0.06236992908866057 0.07710346559262843
0 0.3576413690430628 0.2354992751083932 0.043728465790582316 0.07366554147706769
0 0.5435057700807214 0.270481304448373 0.06248375804098827 0.07849102379209238
0 0.6313719535328306 0.28598163779454644 0.04153873254902374 0.07052858616473368
0 0.767746495478598 0.311132302491664 0.053540015975492405 0.07547502201260131
0 0.15349255364972797 0.2837793919252437 0.0512629453504857 0.0477218200363822
0 0.2063025222364403 0.29563164794891983 0.06073183355336681 0.045367421679191056
0 0.26326339083015426 0.305432285940016 0.058655886669846585 0.04361804452990847
0 0.31041374221020995 0.3134236338997638 0.04110981106659206 0.04174865939509975
0 0.34977259038369957 0.3192737600838972 0.042844231975096625 0.03933542427914538
0 0.39054537493778757 0.32608896345039157 0.043939609334331164 0.040904016991723524
0 0.43158171916143867 0.33576985765556067 0.04428113994435534 0.045066685749717006
0 0.48014698232845743 0.3447264340117556 0.058997387338675045 0.04778070776604143
0 0.5347693001698464 0.3526872461424606 0.05571224795543861 0.04307516834245778
0 0.5821252983016637 0.3642379185076584 0.044464743284523545 0.035534546543130374
0 0.6218036958734798 0.37225983330375756 0.03967290309733329 0.03601739792452813
0 0.6627472204263929 0.3769936402766384 0.046996070494754516 0.042834224026746026
0 0.7098406492656097 0.3856787757781778 0.05288346768835339 0.04391999848908906
0 0.7607444458968514 0.39647520348021204 0.05461788859685801 0.041506763373134636
0 0.14872443171031707 0.3540391427538845 0.05880389184534178 0.11608011151676723
0 0.20121387780984262 0.3637194307051305 0.06370963699660107 0.11698484626267358
0 0.25632646027498185 0.3717706591591705 0.06336808678097036 0.11282211825099348
0 0.3043445362774114 0.38133060673382213 0.04951844939233602 0.10890044991365283
0 0.345060400608165 0.38883956939572994 0.04853691711477909 0.10871943228465797
0 0.38479569077962417 0.396167691128177 0.04755538483722227 0.10853841465566305
0 0.4254546026283431 0.40437043581001597 0.0506129427934458 0.11046976981079992
0 0.4745680634753061 0.41272382731054436 0.06446246111014875 0.114390525981247
0 0.5293960303859611 0.42424393560032114 0.06272813466023985 0.11680383415553913
0 0.5769797762460208 0.43301949708845144 0.04997390387918421 0.11445165413208896
0 0.6182438059980185 0.43992529761921034 0.04986005879750688 0.11306407904850568
0 0.6589596403875764 0.4474342547592577 0.04887846663755857 0.11288305037579
0 0.7041478853307809 0.4550637441605498 0.05857623162318215 0.11330496687146108
0 0.7545045046002365 0.4664635162151275 0.0592151364949145 0.10932216762234814
0 0.2568260630920616 0.35354957090409006 0.05821704262715324 0.07360447257991232
0 0.34642668990857217 0.3721868606245246 0.04512135145405405 0.06708958111036345
0 0.5304428255354245 0.4054195057536273 0.057533912947547616 0.06527812095523983
0 0.6213665549835152 0.4200751230010108 0.0416525741544449 0.07191611887874966
0 0.7564748938032685 0.44851367554958704 0.053312325812137074 0.0726998718454347
0 0.13871805879991392 0.4881315378727249 0.05846235660030892 0.11191738626601738
0 0.19213214921236182 0.49868658002386157 0.06521628894660392 0.11179550060269317
0 0.24713191724957093 0.5081256023120483 0.06117722796116781 0.10968402341987366
0 0.294224320602835 0.5168105486898678 0.049404604310658295 0.10751287483006966
0 0.3353745421668637 0.5251038450869356 0.04951844939233596 0.10890044991365289
0 0.3760903765564215 0.532612802226983 0.04853691711477903 0.10871943228465791
0 0.4163169718081818 0.5400315321674156 0.04853691711477903 0.10871943228465797
0 0.46433402232465854 0.549591290618347 0.0641208816461738 0.1102269023682545
0 0.5193337875115773 0.5590302550333123 0.06204499001003633 0.10847747976993638
0 0.5662564487282777 0.5697967531602266 0.04796763182399966 0.10178154582302068
0 0.6075763864967169 0.5760085360363716 0.049702050414999865 0.09936828246068807
0 0.694028717598054 0.5905438793817108 0.060424492978355726 0.11227925034633346
0 0.24921614636648592 0.48878815693608135 0.057236483438456776 0.07342363441138172
0 0.33881669839689244 0.5074264507834078 0.04852036817766836 0.07318272938576903
0 0.5228898687771824 0.5399643111461525 0.06104679134809027 0.07275976540098894
0 0.6103796413312698 0.5539866403426836 0.045007370012342784 0.06570106285257815
0 0.13417768853090262 0.5556152036427877 0.052883407805961874 0.04391998744536818
0 0.18764869684918073 0.565476514744889 0.059751289335268104 0.04518658627159067
0 0.2426474664913424 0.5749152955579947 0.05593991851318725 0.045850259255937775
0 0.2896270427635827 0.5849880047626523 0.04243199463105707 0.04609312945941335
0 0.3293623329350419 0.5923161264950993 0.04341352690861394 0.04627414708840838
0 0.3702489648883118 0.5977437265316323 0.04405344978100012 0.04229153558255039
0 0.412003284037461 0.6047399192807434 0.04514786902197215 0.043859951595594526
0 0.4595869550445315 0.6135154669642227 0.05593990354258943 0.04585025649500751
0 0.513434435301975 0.6248547791364981 0.0576753078755437 0.04343714710769131
0 0.5609622167394583 0.6343243048659541 0.04307185762105181 0.04211050690983453
0 0.6027724703699882 0.640626527851879 0.04624324638120658 0.04542854430817278
0 0.6439226573578126 0.6489198752198431 0.04243199463105696 0.04609312945941335
0 0.6888831379775239 0.6593254186724047 0.053863981965256214 0.04410082837482898
0 0.7394105225519917 0.6686438563479857 0.05288346768835317 0.04391999848908912
0 0.12756030452376638 0.6241253076006865 0.056500250163457694 0.11155552770756161
0 0.18059796327383398 0.6332024134571961 0.06642459748819571 0.11475239006156301
0 0.2367490994909079 0.6407399440093535 0.06204493012764489 0.10847746872621544
0 0.2842188915329478 0.6509040354360661 0.04906306906562541 0.10335014957931965
0 0.32433062833738513 0.6597100962240705 0.04732769467386694 0.1057632644884966
0 0.3646700460351605 0.6657411198304211 0.049518449392335906 0.10890044991365289
0 0.40538689842537223 0.6732502647137233 0.04853691711477903 0.10871943228465797
0 0.4535177940235266 0.6814224480810716 0.06434864596966694 0.11300295641952407
0 0.5087232082797114 0.6944207086551085 0.06382345213708285 0.1183724158243964
0 0.5567972112782227 0.7032866850861088 0.05008774896086177 0.11583922921567225
0 0.23768197539855593 0.6233039931303461 0.05429284472404866 0.07288075822393103
0 0.32690613544369584 0.6404633114074498 0.04263309306635643 0.07209700525724594
0 0.5108643627877556 0.6743895336105714 0.05931249483937695 0.07517307909714155
0 0.12007628056974917 0.6910660944223685 0.052883437747157605 0.043919992967228705
0 0.17415141641434345 0.6996303073983734 0.060959523716722 0.04814257184635751
0 0.22964144622501262 0.7091596881366737 0.05593991851318719 0.045850259255937775
0 0.27760156671535163 0.7194132327489318 0.045901711136173695 0.04126581905742288
0 0.31863794319770267 0.7290941042295831 0.04231807538924165 0.044704650491727116
0 0.35897736553048665 0.7351250713431772 0.044508904267848426 0.04784273980098652
0 0.39931678322826203 0.7411560949495277 0.04231807538924165 0.04470465049172723
0 0.4472779038983668 0.751409766670889 0.05975125939407244 0.045186580749730254
0 0.5032582086683757 0.761029622986211 0.05767530787554348 0.04343714710769131
0 0.551161448679379 0.7719769055498298 0.04359807872430688 0.03674134823373021
0 0.591216258307969 0.7814768103723821 0.04197654014420893 0.04054192524097722
0 0.632160800861536 0.7862108050885179 0.04537557346307386 0.04663599460314316
0 0.6777823804023531 0.7946244969744717 0.05201572061008264 0.04512654489995649
0 0.728309764976821 0.8039429346500526 0.054959419206882076 0.04566943213112806
0 0.777684789768824 0.8151617062782928 0.050395223578402204 0.04892831547635357
0 0.11481686620313072 0.7612352680503324 0.05944290081840757 0.11209822167361772
0 0.1693833606169855 0.7698890668428464 0.06653844256987332 0.11613996514514635
0 0.22455288576135604 0.7772465401428684 0.06019666877247126 0.10950318525134306
0 0.2721934942798632 0.7853283030454861 0.051480555829187175 0.1092623084721086
0 0.3126826611417284 0.7956125416031986 0.04703026516477621 0.11390877794463838
0 0.35273739197517173 0.8051134068026103 0.0506129427934458 0.11046976981079992
0 0.3933963337650865 0.8133161570063098 0.047783149160715355 0.11131446870693251
0 0.44164214129952317 0.82009998713461 0.06578555857393431 0.11873427438285211
0 0.49669783633281395 0.8288450382791455 0.061632697418614046 0.11523523039924
0 0.5436774247253617 0.8389176923715117 0.04963236863415155 0.11028892888133912
0 0.5843942771155736 0.846426837254814 0.04865077647420324 0.11010790020862338
0 0.625543446102744 0.854719996879523 0.05049896366923878 0.10908127979939275
0 0.6725798736059756 0.8640998802997136 0.060424492978355726 0.11227925034633346
0 0.7231642595164288 0.8727235700566436 0.057594639463234065 0.11312393819874533
0 0.7722197947924969 0.8817705641166388 0.05759463946323384 0.11312393819874522
0 0.22499547458935693 0.7597201687991304 0.05908474479363038 0.07239791788625405
0 0.314333558511321 0.7754909516157915 0.04131098366202923 0.06775343907703535
0 0.4988400134765206 0.8088139944851069 0.05493290163896419 0.0688990616458971
0 0.5858743280675032 0.8283875702696414 0.04569051698005078 0.07402744548455908
0 0.7251925081483027 0.854081118215804 0.053540020610501005 0.07547507850535773
0 0.1091241810634483 0.8306192760558448 0.05375013688357863 0.042713253291245756
0 0.16276597197484066 0.8383992272935015 0.05899741727987079 0.0477807132879019
0 0.21836983189658965 0.8465410301872884 0.057675322846141436 0.04343714986862135
0 0.26693508757830947 0.8554976051630183 0.04492017885861685 0.04108480142842785
0 0.3062360550926978 0.8620413421894091 0.038920014466385544 0.03861165066947769
0 0.3464616024026084 0.8694598788647262 0.04676844021379045 0.040059084903300235
0 0.3881590289521145 0.8771498646774893 0.04186269506253115 0.03915435015739421
0 0.4362339900688883 0.8860160178080236 0.05952356923071722 0.04241143058256369
0 0.4925337889898408 0.8978075951988342 0.05876966723412408 0.04500555207701451
0 0.5397410629107353 0.9051051556167904 0.04133756111233877 0.04452382060598725
0 0.5800805594036571 0.9111352188462816 0.04503396405790294 0.04247236546829025
0 0.6222113205507759 0.9196094071437063 0.04492011897622539 0.041084790384706915
0 0.6683242351130898 0.9281137127595059 0.052769622606675615 0.04253242340550578
0 0.7176422632041163 0.9400271758136406 0.051332659390034285 0.036801207383969636
0 0.7666408759393456 0.9497679574154274 0.05144650447171162 0.03818878246755297
0 0.7626349088215129 0.9799981861091018 0.05467853631739783 0.040003627781796225
0 0.7130880984063394 0.9752937156249929 0.057621157031152004 0.04941256875001421
0 0.6610320018750243 0.9704080898906302 0.0596971827098185 0.05918382021873958
0 0.6154103624518158 0.9668797425494089 0.044980965256694594 0.0662405149011821
0 0.5759027923849075 0.963080194129209 0.047469089601863024 0.07383961174158205
0 0.5355064475112847 0.9615427662241144 0.04516449907173348 0.07691446755177123
0 0.4867714197518056 0.9559093252585941 0.06414741349183828 0.08699816569386765
0 0.430527525371038 0.943423772582737 0.06154632802311699 0.09061820250042196
0 0.38239659983168794 0.9352515836935282 0.047924544088711385 0.08947349485938394
0 0.3416797474414762 0.927742438810226 0.04694301181115451 0.08929247723038902
0 0.30249265494996125 0.9198111322221123 0.044866986132487796 0.08754213970424696
0 0.26215323261717727 0.9137801651085182 0.048563508842835 0.08549070665399194
0 0.21304080474146606 0.905426964112175 0.06241305710073364 0.0894114683462992
0 0.15804103955454726 0.8959879996972098 0.06033710558220484 0.08766203470426026
0 0.104079744156622 0.886036268130378 0.06033710558220484 0.08766203470426037
0 0.21470449360976832 0.8972814451341726 0.059084744793630406 0.07239791788625416
0 0.30355224159813443 0.9129627733848231 0.04055714154782758 0.070347571615207
0 0.4878878989996219 0.9483671733576531 0.06191453842636091 0.07155321899012146
0 0.5761874792492394 0.9623859263989876 0.04712756362684756 0.07522814720202475
0 0.7140348280322931 0.976077757763878 0.055502127047352134 0.0478444844722441
0 0.8347964896218929 0.1312128447994229 0.04729452090137931 0.03468893362183198
0 0.8296509847408767 0.19999347314441923 0.052574990506657704 0.11083163144872385
0 0.8238443774624985 0.2707659954255909 0.04733768453493359 0.04699790965435527
0 0.8177183577252033 0.33936580094644186 0.05170832015268023 0.11203836252337807
0 0.8101774112303474 0.40700037530991545 0.04971208356320722 0.040602017583507344
0 0.8052025945973252 0.4737006084679909 0.05638636086283788 0.1101670542617359
0 0.8001140715601632 0.5417874673765111 0.049939769091553954 0.043377111257917655
0 0.7945352338196626 0.6097838720520621 0.055404768702889795 0.10998602558901993
0 0.8729240738258491 0.1459915551441621 0.03437237154096073 0.07740728281395665
0 0.9088003682557081 0.13359144022665814 0.043071859504024035 0.04211052986001694
0 0.9055775529500596 0.16680545286893284 0.0418626988284756 0.03915439605775864
0 0.9462448081715709 0.1566965005435034 0.04470904052925251 0.07384638946812305
0 0.9818869068869089 0.16628680795113526 0.03622618622618212 0.07819104990383088
0 0.9842916104493864 0.1490318826454165 0.0314167791012272 0.04295523273827587
0 0.8682781083718961 0.19655205307567167 0.030090059917680323 0.03698324117622709
0 0.902239935675645 0.20140684888936827 0.04307185993855622 0.0421105351562128
0 0.9419752557882999 0.2087349761436757 0.04209038754339067 0.04192952857093876
0 0.980087053495077 0.2162439332837231 0.03982589300984607 0.04247239371466849
0 0.862209011754816 0.2644580639931364 0.034801151738662384 0.1061862063858347
0 0.8962277610200275 0.268619079326636 0.04986005879750666 0.11306407904850577
0 0.935586607745077 0.2744692231647557 0.045707199380314645 0.10956505624967725
0 0.9750072534650299 0.2831847236362023 0.04998549306994016 0.10769369765421494
0 0.8961221210681363 0.2516959014398934 0.04350083782712266 0.07089043060000025
0 0.9773492398912907 0.26315371868093385 0.04459519718570326 0.07245883556932348
0 0.8556485007417163 0.3322744286192093 0.02910846659897981 0.036802198380322115
0 0.8897242330095342 0.33574166039304354 0.044053450939752326 0.042291549705739506
0 0.9298938458380643 0.3438541668315468 0.042204231466316244 0.0433170895313329
0 0.9695143034477637 0.35256967436458797 0.04295801485687867 0.040722960072629544
0 0.8528066956868475 0.39725422250041614 0.03151699809737951 0.10148082093726751
0 0.8852407697313879 0.402531542921979 0.04929075922898085 0.10612529974648632
0 0.925523269523333 0.4092562975773648 0.04721384959218944 0.10437568940491321
0 0.9658057669977738 0.41598108047912885 0.04929075922898063 0.10612529974648638
0 0.8866070567142909 0.38587886239715197 0.04678594958666804 0.07559599274810169
0 0.9661345595980478 0.3998413183202544 0.044481354421529895 0.07107128873211838
0 0.8463042040103872 0.46437602695109303 0.02858333033128302 0.04217164058253725
0 0.8791147499940927 0.47113134844283006 0.04318570270272937 0.04349808199341787
0 0.9198305843836505 0.4786403055828774 0.044167294862677675 0.04367911066613378
0 0.9606602615373817 0.4847617158857198 0.04341347166123133 0.046274192537443914
0 0.8402920270372654 0.5315882856347389 0.03664941541134015 0.10516051810708532
0 0.8741400098387127 0.5378306494704242 0.04744153975554477 0.10715083957207971
0 0.9148558442282705 0.5453396066104716 0.05038511858756123 0.10769370471580952
0 0.9555157763951476 0.5535425107891875 0.04732769467386699 0.10576326448849649
0 0.8751298082871996 0.5197009110496251 0.045235136653340335 0.0684771451502258
0 0.9551475683094082 0.5337537819155975 0.04413981917649723 0.06690856348136853
0 0.8348839557605291 0.5975033418081042 0.03107057303583116 0.03716405693877778
0 0.8692221957004279 0.6038361205866595 0.04284416977520089 0.03933538498904632
0 0.9097682005142246 0.6134276025953853 0.04416729486267745 0.043679110666133836
0 0.9495025026262256 0.6207555421064378 0.041223716030660995 0.043136245522404026
0 0.8281178779495665 0.6617594075286786 0.037175627244578235 0.09979124644546811
0 0.8639848850936952 0.6676698988737845 0.05004358334252834 0.10353097946505962
0 0.9036632873005199 0.6756917571771273 0.04525174315533809 0.10401383084645743
0 0.9433986074131747 0.6830198844314346 0.05015742842420612 0.10491855454864296
0 0.8663326877589042 0.6511991791521543 0.04361468522630485 0.07227803392996168
0 0.9431791235383581 0.6674842675050863 0.048178835250139995 0.06902003238139731
0 0.8245010655332664 0.730118659385923 0.032621462446800864 0.04428383666713487
0 0.8588972460146579 0.7357578383659418 0.042545839712734734 0.04748070454299669
0 0.8987453885733279 0.7416982592861674 0.04329954778440692 0.044885657077001206
0 0.938914047918604 0.7498105325323801 0.04318570270272959 0.04349808199341798
0 0.8184888908776489 0.7973308898231908 0.03608019000295215 0.09822264268916903
0 0.8530548163458943 0.800888574927336 0.04830916706903232 0.10594427107377058
0 0.8936578236544285 0.8097852948942216 0.04951844939233596 0.10890044991365277
0 0.9343737179263777 0.8172942630779899 0.048536857232387876 0.10871942124093703
0 0.8538170034261724 0.785533026296844 0.04655826405832131 0.0728208990736916
0 0.934268157928385 0.8003701106911988 0.0463305738949662 0.07004574890652493
0 0.81226998926972 0.860983625314411 0.03129826088168208 0.03993917885956633
0 0.8475898213695671 0.8674974327656819 0.045033964057903164 0.042472365468290474
0 0.88824975121894 0.875700365190776 0.04220423030756404 0.04331707540814389
0 0.9284184059292077 0.8838126949297451 0.04405344978100012 0.0422915355825505
0 0.8067480717525541 0.9282862706945485 0.03664941541134015 0.10516051810708527
0 0.8410873895754981 0.9346192482600797 0.0484230121507101 0.1073318461573537
0 0.8813129668266045 0.9420377904572572 0.0484230121507101 0.1073318461573538
0 0.9215385440777109 0.9478952047878788 0.048423012150709877 0.10420959042424238
0 0.8430577810960344 0.9166693793481611 0.044253664258174785 0.06829613856495187
0 0.9230186784597957 0.9314160487996459 0.043500840144627295 0.07089045884637846
0 0.8013969218579045 0.9863316235992544 0.03337421240021099 0.02733675280149117
0 0.8366029088760739 0.9897394828541144 0.0451478091395805 0.020521034291771212
0 0.8765437946278397 0.9956210614061217 0.043071857621052034 0.008757877187756558
0 0.9162791147404946 0.9993303766795939 0.042090385225886484 0.0013392466408121972
