0 0.5905125999264585 0.6172563364502173 0.041514967375676504 0.07378677080716589
0 0.5548873129186169 0.6237563066439596 0.040635243974504465 0.0736262618999648
0 0.5185902682992563 0.6274764628879361 0.04216270495249963 0.07108714477976197
0 0.48149559904746875 0.637873076911466 0.04339031220061179 0.07553771786068497
0 0.4432891076629017 0.6455690475221334 0.04415402432952742 0.07426827686593374
0 0.40678415387872063 0.6522295162916592 0.04327430092835527 0.07410776795873264
0 0.36872865339158856 0.656270509550226 0.04304237172883896 0.07124764335554534
0 0.32956062227645355 0.6576131059609128 0.0423466836536332 0.06266849685657538
0 0.292315811842129 0.6716634836541462 0.04350622017553729 0.07696776983086062
0 0.2554290234427456 0.6791197903178356 0.0416309220231004 0.07521671037770028
0 0.21781242203404322 0.6830807047569049 0.043806130530252896 0.06997808996115285
0 0.17981485906128564 0.6878361768765023 0.043458246683312635 0.06568802578743127
0 0.6979945196981381 0.5446820294941922 0.030051775815527315 0.03929301211626446
0 0.6716631950213235 0.550211392685821 0.028176487615424683 0.03754207539416332
0 0.6460376300305486 0.5534356547735126 0.027944647986917537 0.03468305537050875
0 0.6200881679389456 0.5581702336163987 0.028824371388089576 0.03484356427770996
0 0.5942546704471008 0.5643348747608783 0.028176487615424795 0.03754207539416332
0 0.5687450700560841 0.5689891991501637 0.028176487615424795 0.03754207539416343
0 0.5436763506126423 0.5735630831203277 0.027296764214252645 0.037381566486962114
0 0.5190464736227975 0.5780568986024119 0.027296764214252645 0.037381566486962114
0 0.49309698321877826 0.5827914826110068 0.029935877792936327 0.03786308287714779
0 0.4675874111401778 0.5874458018345832 0.026417040813080606 0.03722105757976102
0 0.44169597115779136 0.5928959027525027 0.030931499216699465 0.039453521023465554
0 0.4144269805892631 0.5978712346247725 0.029172165664020755 0.03913252387189903
0 0.3893582045209885 0.6024451289263546 0.02653299546050436 0.03865099715029541
0 0.36428846583055774 0.6070191988620393 0.02917216566402081 0.03913252387189903
0 0.3378991420383688 0.6118340321585258 0.0291721656640207 0.03913252387189892
0 0.31194973657159863 0.616568600669994 0.028292442262848605 0.03897201496469771
0 0.28682197577195134 0.6204271485306452 0.027296764214252645 0.037381566486962
0 0.26043265197976245 0.6252419818271318 0.030815544569275627 0.038023581452931166
0 0.596941791284099 0.7350717406706473 0.04277802468125391 0.16417825705426525
0 0.5658070092223474 0.7363988018326588 0.0452331029339712 0.17307841103621968
0 0.5317093293883427 0.7397187341883442 0.05055922396488821 0.1853202060115472
0 0.4927731711902985 0.7439204068225063 0.05500567821946595 0.19740150241109122
0 0.45394295231127 0.7604373150098218 0.05057934419271387 0.16419273359181075
0 0.4153895680143353 0.7638430406469559 0.05051138671617106 0.17404145414800898
0 0.372934629118861 0.7686877869582166 0.060467024753141696 0.1899456095659493
0 0.3238828126164084 0.7747351002311267 0.0655612265368769 0.1993274026691485
0 0.2632117456942391 0.7916084677440489 0.06106682178391648 0.17596733374323092
0 0.2124015296064405 0.7979776664112617 0.06592928723647537 0.1824900047545518
0 0.15587217744369036 0.805389284732546 0.07588484565477135 0.19839317832401893
4 0.6888065354283834 0.7175855538571118 0.07460936752695113 0.1826648145651959
3 0.35604335649922514 0.5824041351076398 0.017689010024222185 0.025767475242743254
3 0.6363695715745659 0.7699594619068642 0.03989924886648055 0.10730192717799036
3 0.3302425185534795 0.8091263489497156 0.03343461753880839 0.05963355211132659
3 0.267130170288039 0.8344261652757812 0.025817243782305876 0.0511993334024794
3 0.23084328719292851 0.8272621197852534 0.02394183238020345 0.0494482532864835
3 0.10156075983375949 0.8566539112954747 0.02611713045836503 0.04421073744946902
3 0.038028731696558384 0.8602645457235476 0.03484527449688887 0.055664340449322
