0 0.5917385856365354 0.35669403108592546 0.08120504974855558 0.08908123874811019
0 0.5252570278564237 0.3345780497202442 0.08768582887173049 0.09201755529606326
0 0.4555358371876983 0.3123286030661321 0.08768583188838669 0.09201756926665583
0 0.5790325589979467 0.4246195842620719 0.08215504506966109 0.08806617350122331
0 0.5117879249476416 0.4030101855195382 0.08768582887173038 0.09201755529606326
0 0.44206652763795995 0.3807616958510183 0.08826260148889609 0.0946886767164149
0 0.5683878869996509 0.4860260308832066 0.08146020650021724 0.0740150295491992
0 0.49976063291552175 0.4647650765916566 0.08364848088469695 0.07331998476545343
0 0.42913181233188424 0.4436916624015941 0.08298697443848829 0.07567108572266401
0 0.5447910905356415 0.6195250862779931 0.08855087316453958 0.09602370654407233
0 0.47344133315332804 0.6017903010969768 0.08760113966343935 0.09703973644152364
0 0.40070993148922474 0.5844041535391369 0.09073915961564455 0.0953287176426969
0 0.5324329366807906 0.6797849093496984 0.07981465867763876 0.060979610557693076
0 0.460608187671237 0.6612225431409124 0.0828680340423047 0.06429073167222465
0 0.387444354360418 0.6458390520892994 0.08497150584373925 0.06861783873340244
0 0.08762601909742561 0.1784689411745604 0.07781272335534381 0.10585868649987393
0 0.0679312877838177 0.2636235488093396 0.07475939261142972 0.10254752415324023
0 0.04732894013025097 0.3499541260405017 0.07409788616522116 0.10489862511045084
0 0.032858898291512874 0.4404234047342893 0.06571779658302575 0.10089244592125662
0 0.023630678199708613 0.5284090741680276 0.047261356399417226 0.10655468128391571
0 0.013681444069946572 0.6240604876767999 0.027362888139893144 0.11291182172439485
