3 0.5771479606628418 0.49340200424194336 0.09375 0.394428014755249
0 0.9394530057907104 0.07331400364637375 0.11914098262786865 0.11437000334262848
0 0.8095700144767761 0.07478000037372112 0.16601598262786865 0.11143699660897255
0 0.9453119933605194 0.2082110047340393 0.10742205381393433 0.13489699363708496
0 0.8164060115814209 0.21114400029182434 0.1757810115814209 0.13196498155593872
0 0.9497070014476776 0.3497070074081421 0.09863299131393433 0.13636398315429688
0 0.8261719942092896 0.3497070074081421 0.18164098262786865 0.13929599523544312
0 0.9262700080871582 0.554984986782074 0.1455080509185791 0.24193501472473145
0 0.7514649927616119 0.5432549715042114 0.20996099710464478 0.23607003688812256
0 0.617188036441803 0.0916419979184866 0.16601598262786865 0.11876799538731575
0 0.45361295342445374 0.0960410013794899 0.16113299131393433 0.12756599485874176
0 0.6147460043430328 0.21627599745988846 0.16894501447677612 0.1304989904165268
0 0.4462890028953552 0.22507299482822418 0.1679689884185791 0.10997101664543152
0 0.4414060115814209 0.35410600900650024 0.17773401737213135 0.130499005317688
0 0.2880859971046448 0.01832800079137087 0.11132800579071045 0.03372400067746639
0 0.1635739803314209 0.023460001684725285 0.1416020393371582 0.043988002464175224
0 0.2797849774360657 0.10410600155591965 0.1357419490814209 0.12903200089931488
0 0.14941400289535522 0.11143700033426285 0.15429699420928955 0.11437000334262848
0 0.2661129832267761 0.22873899340629578 0.13183605670928955 0.13196498155593872
0 0.1323239803314209 0.23093800246715546 0.1630859375 0.13343098759651184
0 0.2543950080871582 0.355571985244751 0.1396479606628418 0.12756597995758057
0 0.11962902545928955 0.35777100920677185 0.1669919490814209 0.13489699363708496
