3 0.4228520095348358 0.49340200424194336 0.09375 0.394428014755249
0 0.06054700165987015 0.07331400364637375 0.11914099752902985 0.11437000334262848
0 0.19043000414967537 0.07478000037372112 0.16601600497961044 0.11143699660897255
0 0.05468800105154514 0.2082110047340393 0.10742200538516045 0.13489699363708496
0 0.18359399959445 0.21114400029182434 0.1757809892296791 0.13196498155593872
0 0.05029299668967724 0.3497070074081421 0.09863299503922462 0.13636398315429688
0 0.17382800206542015 0.3497070074081421 0.18164099007844925 0.13929599523544312
0 0.0737299993634224 0.554984986782074 0.14550800621509552 0.24193501472473145
0 0.24853500723838806 0.5432549715042114 0.20996099710464478 0.23607003688812256
0 0.3828119933605194 0.0916419979184866 0.16601598262786865 0.11876799538731575
0 0.5463870316743851 0.0960410013794899 0.1611330211162567 0.12756599485874176
0 0.38525399565696716 0.21627599745988846 0.16894501447677612 0.1304989904165268
0 0.5537109971046448 0.22507299482822418 0.1679689884185791 0.10997101664543152
0 0.5585939884185791 0.35410600900650024 0.17773401737213135 0.130499005317688
0 0.7119140028953552 0.01832800079137087 0.11132800579071045 0.03372400067746639
0 0.8364260196685791 0.023460001684725285 0.1416020393371582 0.043988002464175224
0 0.7202150225639343 0.10410600155591965 0.1357419490814209 0.12903200089931488
0 0.8505859971046448 0.11143700033426285 0.15429699420928955 0.11437000334262848
0 0.7338870167732239 0.22873899340629578 0.13183605670928955 0.13196498155593872
0 0.8676760196685791 0.23093800246715546 0.1630859375 0.13343098759651184
0 0.7456049919128418 0.355571985244751 0.1396479606628418 0.12756597995758057
0 0.8803709745407104 0.35777100920677185 0.1669919490814209 0.13489699363708496
