0 0.4582103722094242 0.052928083236899126 0.022780176931129548 0.05825602641327002
0 0.47714533321551245 0.058363643196298526 0.028759177310108297 0.05997238669765409
0 0.4994749332766282 0.06552545249282443 0.02994086614546515 0.061709104979371744
0 0.5228025540321455 0.07297375835638298 0.030753151109776056 0.06054478985094548
0 0.45096951255670314 0.10573866020097736 0.023592464007510416 0.05709172787152923
0 0.47031012932561334 0.11204243869346975 0.02838977578580676 0.057071371717160715
0 0.4932310905843541 0.11862223884245851 0.030383749116125625 0.057643771184521964
0 0.5164653575768531 0.12679550850521606 0.029017232794413816 0.05445555021142749
0 0.44370868345438275 0.16681395958885953 0.02259547546495544 0.05680551339412815
0 0.46314165119105444 0.17239247972881594 0.02957146250909365 0.05880807341219285
0 0.48606261244979526 0.1789722798778047 0.029571462509093593 0.05880807341219285
0 0.5092967545954857 0.18714652999797204 0.030198921395096334 0.05619226665018004
0 0.4375561585219886 0.21918518430222794 0.023961866001160848 0.059992746537952724
0 0.45739569026521804 0.22563320763789937 0.029756164444616595 0.06025859011726481
0 0.48040912827722665 0.23148676160508216 0.029571462509093593 0.05880807341219291
0 0.5033300895359675 0.23806656175407093 0.029571462509093538 0.05880807341219288
0 0.42979719596488075 0.28011851871068333 0.021598488799796034 0.0565193136604476
0 0.4487321873835938 0.2855540874004754 0.02957146250909365 0.05880807341219291
0 0.47205880534385436 0.293002098710697 0.030753152987171684 0.060544804594665935
0 0.4953864250433366 0.3004504128675982 0.029571462509093593 0.05880807341219285
0 0.4235533559713628 0.33321528386621924 0.022410777284223637 0.055355026176497124
0 0.4425796624511996 0.33792531211384386 0.028574475843934133 0.05852187367851225
0 0.4654083050321993 0.3452303646020408 0.030753154864567256 0.0605448193383864
0 0.48814456435541714 0.35326068145610157 0.028389777663202387 0.057071386460881224
0 0.41688288175129395 0.3937083071977032 0.022595475464955384 0.05680551339412826
0 0.4363158494879657 0.39928682733765963 0.029571462509093593 0.05880807341219291
0 0.45864632726285526 0.4064499134878973 0.02875917402466599 0.05997236089614327
0 0.4814749394312302 0.4137549572457016 0.030568449174253 0.059094273145873566
0 0.4102323805009412 0.4459365804609073 0.02222595144058992 0.05390353638587564
0 0.42975770108277 0.4507898275046073 0.029386764328361847 0.05735758619456177
0 0.4526786623415108 0.457369627653596 0.029386764328361792 0.05735758619456183
0 0.47550727075509447 0.4646747008988412 0.02920193848472813 0.055906096403940286
0 0.40356275557675425 0.5064308562505073 0.020417777157897388 0.05478290608170244
0 0.42258906581138234 0.511140855010691 0.030198925149887534 0.056192296137621056
0 0.4455100270701231 0.5177206551596797 0.02820495181956867 0.05561989667025963
0 0.46843098832886393 0.5243004553086685 0.030198925149887534 0.056192296137620945
0 0.3976874359909845 0.5566253562948315 0.02122895726584806 0.05361727767731317
0 0.4167147498422299 0.5613356431579744 0.02938675681877939 0.057357527219680016
0 0.4390443479086128 0.5684974681197033 0.02857447584393419 0.05852187367851225
0 0.461872836168877 0.5758034849630571 0.03038374348393874 0.05764372695336062
0 0.38952282142584593 0.6166904426827529 0.022410769774641126 0.05535496720161537
0 0.4089557891625176 0.6222689628227093 0.029386756818779336 0.057357527219680016
0 0.4317843975761013 0.6295740360679545 0.029571462509093538 0.05880807341219285
0 0.4552033655654255 0.6362967963975004 0.030568449174252943 0.059094273145873566
0 0.38337032690607653 0.669061676126514 0.021413783109481777 0.055068767467934654
0 0.4023052879121648 0.6744972360859134 0.02938675681877939 0.057357527219680016
0 0.4256319030563319 0.6819452695117155 0.030568449174253054 0.059094273145873455
0 0.4494575360572822 0.6895364922461523 0.03038374348393874 0.05764372695336073
0 0.37670085630262506 0.7295549875609573 0.021228957265848003 0.05361727767731328
0 0.3956347832794712 0.7349902506870045 0.029201930975145618 0.05590603742905853
0 0.4189624399624629 0.742438521971277 0.030383743483938686 0.05764372695336073
0 0.44197574655677835 0.7482931079988911 0.028574475843934244 0.05852187367851225
0 0.3715453484480151 0.7822124207383989 0.020602475338629134 0.05623339329933352
0 0.390479305837486 0.787647692594839 0.030568449174252943 0.059094273145873566
0 0.4134002670962268 0.7942274927438279 0.02857447584393419 0.05852187367851225
0 0.4356385234436524 0.8021148199298905 0.02920193097514573 0.05590603742905853
0 0.5486401473602172 0.0728721348900125 0.022780177869827334 0.05825603378513023
0 0.5678884138653892 0.07990116620614571 0.029756164444616595 0.06025859011726483
0 0.5909017712414797 0.08575572478411767 0.02957149386041613 0.05880808951444579
0 0.6112383563219685 0.09234540685620493 0.024403775533154204 0.055927131527571325
0 0.5423029506702503 0.1266938868818106 0.02340776207198747 0.05564121116645725
0 0.5618282693746834 0.13154714866923106 0.028574475843934244 0.05852187367851221
0 0.5841589185540166 0.13870926008578785 0.029756194857241236 0.06025859884765751
0 0.6045878541329179 0.14457368749126925 0.024773177526804524 0.05882815019399483
0 0.5357258343200026 0.18646191416220706 0.021413789680366335 0.05506881907095623
0 0.5546597917094735 0.19189718601864716 0.02938676338966406 0.057357578822701594
0 0.5763999578743042 0.1996425797505228 0.027763194730915153 0.0596864787528629
0 0.5971421678356413 0.20710047531124048 0.02739382127249379 0.05678545407311164
0 0.5289829806938416 0.23941545683573748 0.019605488673469784 0.055947193565652864
0 0.5473265803849676 0.24543302686415652 0.030383747238730052 0.05764375644080155
0 0.5702475416437084 0.2520128270131453 0.02838977390841113 0.057071356973440235
0 0.591175502776123 0.25802050706733937 0.026396773782084937 0.05649923687864561
0 0.5223123521530373 0.2999094445223782 0.021044259085116312 0.0521667904596822
0 0.540656987750801 0.30592729664042884 0.02783554794852272 0.05271886326011571
0 0.5624885828413918 0.31294613193415977 0.028020246129254467 0.05416935047774679
0 0.5828251807814484 0.319535836801094 0.024846595186279075 0.05186084026499238
0 0.5163446530642768 0.35082917944512515 0.022780173645687185 0.05825600061175917
0 0.5350948186393563 0.35771623792553875 0.028389777663202498 0.05707138646088111
0 0.5569274325528766 0.3647353656874254 0.02857444543130938 0.05852186494811956
0 0.5772640152866209 0.37132506618916317 0.02540082490095885 0.05621336346575789
0 0.5083086413586757 0.4139382594237475 0.022964879336001387 0.059706546804272065
0 0.5271511560241209 0.42010007429534557 0.02875918153424839 0.05997241987102503
0 0.5497589401507033 0.42508539498571496 0.029386764328361736 0.05735758619456177
0 0.5696898842053336 0.4308068665758357 0.023407824774632546 0.05564124337096321
0 0.5031531639166905 0.466595701331582 0.02122896477543046 0.053617336652194925
0 0.5210911078449946 0.47174505282690804 0.02720893835840177 0.055333976309145605
0 0.5430160860551934 0.47803894134517544 0.029201938484728074 0.05590609640394034
0 0.5635374163433978 0.48317813823743044 0.024403777410549887 0.055927146271291694
0 0.4941763562400059 0.5249231042085291 0.022410773529432382 0.055354996689056246
0 0.5134244943782527 0.5319531436265479 0.029017236549205183 0.054455579698868384
0 0.5359398340415875 0.5376647044853955 0.02783554794852261 0.05271886326011577
0 0.5563698188560434 0.5435294330894253 0.024846595186279297 0.05186084026499249
0 0.4884303971915651 0.578163817373892 0.022595475464955384 0.05680551339412809
0 0.5073653581976534 0.5835993773332915 0.028574475843934133 0.05852187367851236
0 0.5296949714703487 0.5907612066602167 0.029756198612032603 0.06025862833509832
0 0.5506229173964508 0.5967688823492144 0.025770228772004855 0.05911439687590181
0 0.4814466144216446 0.6370633933071879 0.021783194490110236 0.05796985985296044
0 0.4997912233615748 0.6430812072074049 0.028574475843934077 0.05852187367851225
0 0.5222131894794273 0.6495177634380737 0.029571492921718234 0.058808082142585594
0 0.5430487825603723 0.6562507122233279 0.02540081739137634 0.056213304490876026
0 0.47529512351849257 0.6894349148539083 0.020417769648314876 0.05478284710682069
0 0.4936387288418055 0.6954524406511661 0.02920193097514573 0.05590603742905853
0 0.5160616985762752 0.701889284984794 0.028204913897361572 0.055619828964985074
0 0.5364906341551766 0.7077537123902755 0.02521599154774279 0.05476181470025454
0 0.46694492730932435 0.7509492567583929 0.0235924621301149 0.057091713127808696
0 0.4863778950459961 0.7565277768983494 0.028574475843934244 0.05852187367851225
0 0.5083028580498824 0.7628216610514204 0.028574445431309436 0.05852186494811962
0 0.5291374854364173 0.7695542714892262 0.02639677002729357 0.05649920739120473
0 0.46029442605897153 0.8031775300215969 0.023222930596166924 0.054189677144674486
0 0.4803187569880012 0.8081740253488132 0.02938675681877928 0.05735752721968013
0 0.5026483550543841 0.8153358503105422 0.02857447584393419 0.05852187367851225
0 0.5233914903431649 0.8227950201553578 0.02621194418366013 0.055047717600583246
0 0.452942122881303 0.8649793710661047 0.02278018115526964 0.05825605958664093
0 0.47178373493519926 0.8711398570439194 0.028574475843934133 0.058521873678512026
0 0.4942990347989313 0.8768514828909765 0.029386756818779447 0.057357527219680016
0 0.5147280159967698 0.882715923392047 0.024403769900967376 0.05592708729640994
0 0.44760088281671906 0.9190869946278255 0.021413783109481777 0.055068767467934765
0 0.4662225656855805 0.9229291159194295 0.02875918153424839 0.059972419871025195
0 0.48923587978947847 0.9287836429721619 0.030568449174253054 0.059094273145873455
0 0.5096648305746923 0.9346480747428396 0.023592522955364292 0.05709173058859429
0 0.4395287716626819 0.9746489216292271 0.022780181155269696 0.05070215674154588
0 0.45886926640087705 0.9776632865899998 0.029571462509093593 0.04467342682000042
0 0.48066475828824046 0.979216068269829 0.030568449174252943 0.041567863460342136
0 0.5018136447127248 0.9848249858510438 0.025031300876593332 0.030350028297912224
0 0.36269701784536157 0.843584805035317 0.02278018115526964 0.05825605958664104
0 0.38212998558203326 0.8491633251752734 0.02975616819940785 0.06025861960470569
0 0.40514329968593116 0.8550178522280056 0.029571462509093593 0.05880807341219285
0 0.4261636440761276 0.8603002679163361 0.02577016794675535 0.059114379415116436
0 0.3573207123615838 0.8939225238757165 0.022225943931007464 0.05390347741099388
0 0.3766603007334387 0.9002259613036956 0.029017240303996272 0.054455609186309206
0 0.3988984523210047 0.9081143587680232 0.028389770153619986 0.05707132748599941
0 0.4203244201840026 0.9142649990027742 0.027393756692453086 0.056785407124885334
0 0.349967375154673 0.9557240680868722 0.023407756439800587 0.05564116693529597
0 0.368901332544144 0.9611593399433123 0.02739375669245314 0.056785407124885334
0 0.39213660596935374 0.9693328755934484 0.03274615499089356 0.061116939433181194
0 0.41256558716719227 0.9731061930840192 0.02178319449011029 0.0537876138319614
0 0.34575462080483177 0.9909343884732555 0.01816177292000204 0.01813122305348902
0 0.3643752771540335 0.9917721817257804 0.023514276352597008 0.01645563654843918
0 0.3872962384127743 0.9947760217528774 0.027500276605249452 0.010447956494245125
0 0.40863088745985726 0.9990773739002607 0.020339598889961952 0.0018452521994785087
0 0.6422437639368697 0.09222272154321012 0.03274615100142786 0.06111690810277508
0 0.6656627015135691 0.09894547314236321 0.027763224908865514 0.0596864856402905
0 0.6879008592026709 0.10683382268959948 0.029128706262637305 0.06287440240817282
0 0.7110066477130921 0.11196212199017641 0.030753150875101554 0.060544788007980396
0 0.7344255852897915 0.1186848735893295 0.029756225035191708 0.060258605735085166
0 0.7573465465485323 0.12526467373831826 0.029756225035191708 0.06025860573508518
0 0.7797695314893145 0.13170152243714273 0.028759177544782744 0.05997238854061915
0 0.8025980159947874 0.1390075687679375 0.030937852810624555 0.06199530471305237
0 0.8265149907146951 0.1458732892780403 0.030937852810624444 0.06199530471305237
0 0.849030452408745 0.15158389179505877 0.027763224908865514 0.059686485640290526
0 0.8719514136674857 0.1581636919440475 0.031749103511019006 0.06083069090830903
0 0.8947798981729589 0.1654697382748423 0.027947926844388404 0.06113700234536246
0 0.9177008594316995 0.17204953842383108 0.031933805446541785 0.06228120761338102
0 0.9411197970083991 0.17877229002298417 0.028943879480305745 0.06142290524569108
0 0.9640407582671399 0.18535209017197296 0.030937852810624555 0.06199530471305234
0 0.9861522646470766 0.19280011389851726 0.02769547070584688 0.06316061960263888
0 0.9976125019754487 0.19952286549767034 0.004774996049102476 0.06344680187553409
0 0.6343190972152295 0.14634155888109404 0.030568450582299733 0.05909428420366386
0 0.6577390688211711 0.1530646073135991 0.029571524742389887 0.05880810193076859
0 0.6812503566616086 0.15906210608911137 0.030383749116125736 0.05764377118452199
0 0.7047617712262502 0.16505860966349345 0.0295715238036921 0.058808094558908425
0 0.7271847561670324 0.17149545836231792 0.028574476313283137 0.058521877364442365
0 0.7496990578116595 0.17720675371821942 0.02975622526986621 0.060258607578050266
0 0.7730266784498395 0.1846550605032605 0.030937853045299057 0.06199530655601743
0 0.7961684991016955 0.19355458507821668 0.029386823276215668 0.05735758891162679
0 0.8184990734228389 0.20071666545396644 0.028574476313283137 0.058521877364442365
0 0.8411057250965297 0.2057027098291922 0.02994092720538921 0.061709124283122224
0 0.8640266863552705 0.212282509978181 0.02994092720538921 0.061709124283122224
0 0.887353333789458 0.21973053739065546 0.030753151109776056 0.06054478985094544
0 0.9106809553663358 0.2271788368038363 0.0299409272053891 0.061709124283122196
0 0.9329182045770272 0.2350659035314157 0.028574476313283026 0.05852187736444239
0 0.9559315165688551 0.24092044717083352 0.030383749116125625 0.057643771184521964
0 0.9799418156951913 0.2470611868580019 0.030568449643601947 0.05909427683180363
0 0.9943798761267109 0.2530587067802297 0.01124024774657828 0.057357588911626844
0 0.6271516229319624 0.20669188617643447 0.02975622526986621 0.06025860757805021
0 0.6501649351584646 0.21254642797288725 0.02994092720538921 0.06170912428312217
0 0.6736762237029257 0.21854392121950436 0.030753151109775945 0.06054478985094547
0 0.6964124834954923 0.226574234387635 0.028389774847108917 0.057071364345300524
0 0.7186507660314025 0.2344616034774615 0.02975622526986621 0.060258607578050294
0 0.7414782165076335 0.24176735297490426 0.029571523334343208 0.058808090872978336
0 0.764898188113575 0.24849040140740933 0.030568449174253054 0.05909427314587351
0 0.7884096632687918 0.25448692428554187 0.0297562252698661 0.06025860757805024
0 0.8119209518132526 0.26048441753215895 0.030568449174252943 0.059094273145873455
0 0.8342515862556221 0.2676465208975893 0.027393822211191687 0.056785461444971846
0 0.8560830228013374 0.2746663537198481 0.029571523334343208 0.058808090872978336
0 0.8789116354390611 0.2819713937917223 0.02938682233751788 0.057357581539766556
0 0.9017402452606915 0.28927645597917717 0.029571523334343097 0.058808090872978225
0 0.9243479302596012 0.29426280271665006 0.028943879714980136 0.061422907088656165
0 0.9473613682716097 0.3001163566838329 0.030753151109776056 0.06054478985094547
0 0.970595541299274 0.30829061184846285 0.029386822337517993 0.0573575815397665
0 0.9895036833997211 0.31428812352473046 0.020992633200557775 0.05619226665018007
0 0.9988568229193457 0.3754050334704706 0.0022863541613085125 0.06199530655601743
0 0.98767318437239 0.3665052221510876 0.0246536312552198 0.05735757416790627
0 0.9660305145817707 0.3603647774543062 0.03119487403101351 0.05647816955050872
0 0.9430170157445126 0.3545112060263379 0.027393825027285046 0.05678548356055252
0 0.9200037035180102 0.34865666422988517 0.03119487403101351 0.05647816955050872
0 0.8959944405329863 0.34251620478938327 0.029386821398820095 0.05735757416790632
0 0.8737561556503315 0.3346288541292073 0.028759177779457246 0.05997239038358415
0 0.8505220457946614 0.3264545979957123 0.03137969987464728 0.05792965934113009
0 0.8271030473927123 0.3197318289357738 0.02838977390841102 0.05707135697344029
0 0.8046801232771799 0.3132949976977347 0.029386821398820095 0.05735757416790638
0 0.781759162018439 0.306715197548746 0.029386821398819984 0.05735757416790638
0 0.7589305517274596 0.29941013904722125 0.029201995555186433 0.05590608437728489
0 0.7359171786757078 0.29355557978998303 0.02901729361966332 0.05445556767221288
0 0.7129962174169671 0.28697577964099424 0.02901729361966332 0.054455567672212934
0 0.6912570037067627 0.27923169472512 0.027393825027285046 0.05678548356055263
0 0.6682436933576559 0.2733771381849468 0.031564401810170284 0.05938017604620216
0 0.6442333336407446 0.267236379194028 0.029386821398820095 0.05735757416790638
0 0.6209067470318068 0.2597883692423389 0.03019892139509628 0.05619226665018007
0 0.613553409824896 0.3215899134534945 0.03137970362943854 0.057929688828571024
0 0.6370657342759947 0.3275876887897432 0.028574475843934244 0.05852187367851225
0 0.6589897088695762 0.33388128920505133 0.028574475843934244 0.05852187367851214
0 0.6819106701283169 0.34046108935404007 0.030568449174252943 0.05909427314587351
0 0.7054219567953822 0.3464585973443777 0.02938682515361135 0.057357603655347256
0 0.7282505680250593 0.3537636484740422 0.029201997432581894 0.05590609912100519
0 0.7511715901090497 0.3603434660838164 0.029201997432582005 0.05590609912100525
0 0.7740925513677904 0.36692326623280513 0.029201997432581894 0.05590609912100519
0 0.7968288116297061 0.37495357571500565 0.029571523334343208 0.058808090872978336
0 0.8197497728884469 0.3815333758639944 0.029571523334343208 0.05880809087297839
0 0.8426707341471876 0.3881131760129832 0.029571523334343208 0.058808090872978336
0 0.8645022988251536 0.3951320025763214 0.027393825027285046 0.05678548356055252
0 0.8868329309207785 0.40229412437140233 0.030568449174252943 0.059094273145873566
0 0.9101595802323617 0.40974213704015633 0.02938682515361135 0.057357603655347256
0 0.9333575925169915 0.4141461768752576 0.028832595438931574 0.053005080454581854
0 0.9573668555020154 0.4202866363157595 0.031010172095490507 0.05502765284543665
0 0.980509776082068 0.4291854450621521 0.028574475843934133 0.05852187367851225
0 0.9940732563768412 0.4357652452111408 0.011853487246317629 0.05909427314587351
0 0.9910617351946661 0.49017028136122287 0.01787652961066777 0.05997236089614333
0 0.9741724861312897 0.4830081770269274 0.029571523334342986 0.058808090872978336
0 0.9501621245369829 0.47686743277972904 0.03137970362943843 0.05792968882857108
0 0.927241163278242 0.47028763263074025 0.027393825027285046 0.056785483560552574
0 0.9053171886846607 0.4639940322154321 0.02938682515361124 0.057357603655347256
0 0.8815851006336363 0.4556768393754932 0.031010172095490507 0.055027652845436814
0 0.8584421838083749 0.4467780011416597 0.028574475843934244 0.05852187367851214
0 0.8359278800516776 0.4410667223724437 0.029756229024657466 0.060258637065491116
0 0.8124165325593629 0.43506919692132073 0.030568449174253054 0.059094273145873455
0 0.7895879203909879 0.42776415316351646 0.028389777663202498 0.057071386460881224
0 0.7674420473013441 0.4191515616115899 0.0299409272053891 0.06170912428312214
0 0.7446134388877605 0.41184648836634474 0.029756229024657466 0.06025863706549123
0 0.7216924168037702 0.4052666707565705 0.029756229024657355 0.06025863706549117
0 0.6993619694415054 0.3981035933367255 0.028574475843934244 0.05852187367851225
0 0.6763485314294968 0.3922500393695427 0.030383750993521308 0.057643785928242486
0 0.6532438414392256 0.3871210352981925 0.02875917402466588 0.05997236089614322
0 0.6308209173236929 0.38068420406015346 0.029756221515074954 0.060258578090609305
0 0.608582634318434 0.37279683865625707 0.028389777663202387 0.05707138646088117
0 0.6003258212288736 0.4335862337852781 0.02901729361966343 0.05445556767221282
0 0.6227487453444063 0.4400230650233171 0.028020246129254578 0.05416935047774679
0 0.6451706962559463 0.4464596168887896 0.029017293619663542 0.05445556767221282
0 0.6676860340418855 0.4521711924913576 0.028204951819568835 0.05561989667025963
0 0.6894253066999438 0.4599153096117377 0.028574475843934022 0.05852187367851214
0 0.7127518914314862 0.46736333430714727 0.03174910750048454 0.06083072223871505
0 0.7360793900389512 0.4748125994340174 0.028943879714980136 0.061422907088656165
0 0.7590928242961685 0.4806661828886411 0.02912870555861391 0.06287439687927765
0 0.781109151734907 0.48623451020769276 0.028943879714980136 0.061422907088656165
0 0.8037529343048571 0.4949910732435595 0.030383750993521197 0.05764378592824243
0 0.8270795227911906 0.5024390684515281 0.029571523334343208 0.058808090872978336
0 0.8500004840499313 0.5090188686005169 0.029571523334343097 0.05880809087297828
0 0.8734194824518804 0.5157416376604554 0.030568449174253054 0.05909427314587351
0 0.896248090865464 0.5230467109057007 0.028389777663202387 0.057071386460881224
0 0.9197593812873206 0.5290441894085973 0.031194877785804875 0.056478199037949595
0 0.9437697391268363 0.5351849631432366 0.02938682515361124 0.057357603655347256
0 0.9670039747680126 0.5433582314474615 0.0307531473549848 0.060544760363504535
0 0.9877724007935873 0.5508062266554301 0.024455198412825285 0.058808090872978336
0 0.9992328814229577 0.557386026804419 0.0015342371540845168 0.058808090872978225
0 0.9964061526655903 0.6106257903583456 0.007187694668819522 0.057357603655347256
0 0.9841790723511942 0.6031777482021505 0.030568449174253054 0.059094273145873566
0 0.9605381754531829 0.5941359880055936 0.030014219459573388 0.054741749945108054
0 0.9371192378764834 0.5874132364064406 0.02901729361966343 0.05445556767221282
0 0.9132012291273337 0.5805472190629859 0.03101017209549073 0.05502765284543665
0 0.890281301897835 0.5739677157473491 0.027024293493337237 0.05388344757741814
0 0.8672679877939371 0.5681131886946167 0.031194877785804875 0.056478199037949484
0 0.8439403690331526 0.5606648671658552 0.028389777663202387 0.05707138646088117
0 0.8214260652764556 0.5549535883966392 0.029571523334343097 0.058808090872978336
0 0.7985051040177147 0.5483737882476504 0.029571523334343097 0.058808090872978225
0 0.7761744719220898 0.5412116664525695 0.028389777663202387 0.05707138646088128
0 0.7537514869813076 0.534774817753745 0.02938682515361135 0.057357603655347145
0 0.7302401965594509 0.5287773392508484 0.030568449174252943 0.059094273145873566
0 0.7063232218395434 0.5219116187407455 0.030568449174252943 0.059094273145873455
0 0.6850821139875951 0.5143094679583248 0.0252159990573253 0.05476187367513635
0 0.6627514781371788 0.5071473756506848 0.03237675111984739 0.05821590602303717
0 0.6392401914701135 0.5011498676603472 0.027578523208016792 0.0582359707781836
0 0.6168172065293314 0.49471301896152275 0.030568449174252832 0.0590942731458734
0 0.5929925808997896 0.4871220548426044 0.030383750993521197 0.057643785928242375
0 0.5864143356167673 0.5468907781633814 0.028389777663202498 0.05707138646088106
0 0.608246930569184 0.5539099310475126 0.028204951819568724 0.05561989667025957
0 0.631665928971133 0.5606327001074511 0.031194877785804875 0.056478199037949595
0 0.6547715921653969 0.5657619835513679 0.027578523208016903 0.05823597077818354
0 0.6771935430769369 0.5721985354168404 0.030568449174253054 0.059094273145873455
0 0.6999298024001547 0.5802288522709012 0.028204951819568613 0.055619896670259794
0 0.7227584164459252 0.5875338812849848 0.030383747238730052 0.05764375644080155
0 0.7451814013867073 0.5939707299838094 0.0273938212724939 0.05678545407311164
0 0.76760432550224 0.6004075612218485 0.030383747238730052 0.05764375644080144
0 0.7909309729364274 0.6078555886343229 0.02920199930997769 0.05590611386472577
0 0.8137595813500111 0.6151606618795682 0.029386825153611462 0.057357603655347256
0 0.837270869894472 0.6211581551261852 0.03056845292904431 0.05909430263331439
0 0.86059745650341 0.6286061650778743 0.029756221515074954 0.060258578090609305
0 0.882337765068106 0.636350564287886 0.02739382127249379 0.05678545407311164
0 0.9053500451427619 0.6422047945072663 0.03119487403101373 0.05647816955050877
0 0.9304497387378028 0.6479065243667707 0.03156440556496165 0.05938020553364298
0 0.9537763253467408 0.6553545343184597 0.02875917402466588 0.05997236089614322
0 0.9766049375151157 0.6626595780762641 0.030568449174253054 0.059094273145873566
0 0.9926193304259447 0.6692393782252528 0.01476133914811062 0.05852187367851225
0 0.5804466327732156 0.5978105425735692 0.03137969611985614 0.057929629853689324
0 0.6032752486963817 0.6051155568439326 0.027578523208016903 0.05823597077818354
0 0.6257905789727385 0.6108271914213825 0.030383743483938797 0.05764372695336073
0 0.648121218577946 0.6179892542415816 0.027208991674068983 0.05533393479504922
0 0.6699526518382188 0.6250091128653512 0.02938681764402873 0.05735754468046539
0 0.6924681172870599 0.6307196858949288 0.028574475843934022 0.05852187367851225
0 0.7164774373425422 0.636860192283657 0.03237674361026499 0.05821584704815541
0 0.7398963749192418 0.64358294388281 0.027393817517702646 0.05678542458567071
0 0.7620421886808155 0.6521964964936307 0.030937845535716435 0.061995247581135615
0 0.7853687734123578 0.65964452118904 0.029756229024657355 0.06025863706549106
0 0.8093791350066646 0.6657852654362384 0.031564401810170284 0.05938017604620216
0 0.8322077434202483 0.6730903386814837 0.027393817517702646 0.05678542458567071
0 0.8539469590078483 0.6808344088536376 0.029756229024657466 0.06025863706549106
0 0.8768679202665892 0.6874142090026263 0.029756229024657355 0.06025863706549128
0 0.9008782743513135 0.6935550122247065 0.031564401810170284 0.05938017604620216
0 0.9233002252628536 0.6999915640901788 0.02658147571760794 0.05794975358371757
0 0.945132827724853 0.7070106579994283 0.03075315486456731 0.0605448193383864
0 0.9695477787627192 0.7140193299596953 0.03174910750048454 0.06083072223871511
0 0.9891090744875874 0.7230621101900281 0.021781851024825216 0.061709065308240496
0 0.571691719457586 0.6584579593379756 0.029756229024657355 0.06025863706549117
0 0.5946126807163268 0.6650377594869643 0.029756229024657466 0.06025863706549117
0 0.6181239711381834 0.671035237989861 0.030568449174253054 0.059094273145873455
0 0.6413582105341511 0.6792084768066451 0.02920199180039529 0.055906054889843904
0 0.6631908663118175 0.6862276471515617 0.027393817517702646 0.05678542458567071
0 0.6861118275705582 0.6928074473005504 0.031379696119856026 0.057929629853689324
0 0.7105267786084246 0.6998161192608177 0.030383743483938797 0.05764372695336073
0 0.7333553870220082 0.7071211925060628 0.028204944309986213 0.05561983769537793
0 0.7546889791368067 0.7139970381317959 0.027393817517702646 0.056785424585670596
0 0.7772043094131635 0.7197086727092457 0.030568449174253054 0.059094273145873455
0 0.8003099763622186 0.7248379266657216 0.028204944309986213 0.055619837695377816
0 0.8231385847758022 0.7321429999109668 0.03001422696915579 0.05474180891998992
0 0.8472773911541198 0.7413287315914638 0.031564401810170284 0.05938017604620205
0 0.8701983524128606 0.7479085317404526 0.027578523208016792 0.05823597077818354
0 0.8919375680004606 0.7556526019126064 0.0299409196958067 0.061709065308240496
0 0.9147662372392938 0.762957692618637 0.029756229024657355 0.06025863706549106
0 0.9388678493146838 0.7683729084503234 0.03137969611985614 0.057929629853689324
0 0.9623801737657824 0.7743706837865719 0.028574475843934022 0.05852187367851225
0 0.9841194501786319 0.7821147714195112 0.028943872205397736 0.06142284811377441
0 0.9957857405799659 0.7902880692111771 0.008428518840068011 0.05938017604620216
0 0.5654468491896172 0.7115543981727186 0.028204944309986324 0.05561983769537793
0 0.5885525086290898 0.7166837111040762 0.030568449174252832 0.059094273145873455
0 0.6109754935698719 0.7231205598029008 0.027578523208016903 0.058235970778183654
0 0.5525324703959896 0.825144198686394 0.027578523208016792 0.05823597077818343
0 0.5755458453251372 0.8309987431999117 0.03174910750048454 0.060830722238714885
0 0.5982819807402442 0.839030033139522 0.02813276043227908 0.06258855295383092
0 0.6207049048557769 0.845466864377561 0.03112268639851523 0.06344685532152083
0 0.6438097187541587 0.8505948953633616 0.02875918153424839 0.05997241987102497
0 0.6667306800128996 0.8571746955123504 0.03075315486456731 0.0605448193383864
0 0.6896516412716404 0.8637544956613392 0.0287591815342485 0.059972419871025084
0 0.7119822125420159 0.8709165999956346 0.029571523334343208 0.058808090872978225
0 0.7354012109439648 0.8776393690555732 0.030568449174253054 0.05909427314587368
0 0.7589125013658213 0.8836368475584699 0.029756229024657466 0.06025863706549106
0 0.7812431334614465 0.8907989693535507 0.028943872205397736 0.06142284811377441
0 0.8038869160313964 0.8995555323894173 0.030383743483938797 0.05764372695336062
0 0.8272135082725212 0.9070034981099452 0.029571523334343208 0.058808090872978225
0 0.8500421166861047 0.9143085713551904 0.02938681764402895 0.0573575446804655
0 0.8734611150880538 0.9210313404151289 0.030383743483938797 0.05764372695336062
0 0.8968810866939954 0.9277543888476338 0.02938681764402884 0.05735754468046539
0 0.9198020479527361 0.9343341889966228 0.02938681764402884 0.05735754468046539
0 0.9432209855294356 0.9410569405957758 0.030383743483938797 0.05764372695336073
0 0.9670456074041861 0.948647934202135 0.030568449174253054 0.059094273145873455
0 0.9878396315773588 0.9574044972380018 0.024320736845282354 0.05416940945262849
0 0.9987092735385747 0.9632790715850952 0.0025814529228503913 0.05333135731619931
0 0.5457705572066864 0.8863637355455949 0.029571523334343097 0.058808090872978336
0 0.5681925081182264 0.8928002874110673 0.028574475843934133 0.05852187367851225
0 0.5912058222221244 0.8986548144637998 0.030383743483938797 0.05764372695336062
0 0.614034430635708 0.9059598877090449 0.028204944309986213 0.05561983769537793
0 0.6363650627313331 0.9131220095041258 0.02938681764402895 0.0573575446804655
0 0.6588793664880301 0.9188332882733418 0.028574475843934244 0.05852187367851225
0 0.681800327746771 0.9254130884223306 0.030568449174253054 0.059094273145873566
0 0.7051279465075554 0.9328614099510921 0.02938681764402884 0.05735754468046539
0 0.7282697129050466 0.9417608654622414 0.030937845535716657 0.061995247581135615
0 0.7510983213186302 0.9490659387074865 0.02875918153424828 0.059972419871025195
0 0.7730222959122115 0.9553595391227947 0.02875918153424839 0.05997241987102497
0 0.7959432571709524 0.9619393392717834 0.0307531548645672 0.0605448193383864
0 0.8193621947476518 0.9686620908709366 0.029756229024657355 0.06025863706549117
0 0.8427821663535934 0.9725563648171243 0.0307531548645672 0.054887270365751584
0 0.866699141073501 0.9759892250721756 0.0307531548645672 0.04802154985564877
0 0.8898410276243116 0.9815981721408316 0.02920199180039529 0.03680365571833699
0 0.9120793068747794 0.984887914889333 0.028574475843934244 0.030224170221333835
0 0.9343174659719279 0.9894860388312231 0.029201991800395177 0.021027922337553795
0 0.9577364035486273 0.9927758690625759 0.030198917640305023 0.014448261874848267
0 0.9817457311136921 0.9954832203218438 0.030383743483938908 0.00903355935631256
0 0.9950511979574972 0.9989162202631784 0.009897604085005507 0.0021675594736432213
0 0.5394333340935604 0.9401854474765944 0.030568449174252943 0.059094273145873455
0 0.5622257153958061 0.9437213217401568 0.028317451103428315 0.06403898119658002
0 0.5856446529725057 0.9504440733393098 0.03330037719599066 0.06546940365906462
0 0.6087866003485657 0.9593426027131358 0.02776322889833116 0.05968651697069638
0 0.6317075616073065 0.9659224028621246 0.03174910750048454 0.060830722238714996
0 0.6542228385679962 0.9706042984972086 0.02695087207907143 0.05879140300558272
0 0.6757411896887761 0.9741902822662809 0.02938681764402884 0.05161943546743808
0 0.6984774452572026 0.9789309349453744 0.02901730112924583 0.04213813010925116
0 0.7225228722707034 0.9822209312331127 0.03274615499089362 0.03555813753377457
0 0.7454438335294442 0.9859399912218447 0.026766181407922196 0.02812001755631055
0 0.7684572677866616 0.9888002595830472 0.03256144930057925 0.02239948083390564
0 0.7912857560469257 0.99324506446709 0.02639677002729368 0.013509871065820023
0 0.8141143644605096 0.9961058046273465 0.03256144930057936 0.007788390745306795
0 0.8381246652295669 0.9990996613629639 0.0287591815342485 0.0018006772740722932
0 0.5325780340298579 0.9866540485610098 0.030383743483938686 0.0266919028779804
0 0.5556836934693306 0.9886365317972725 0.0287591815342485 0.02272693640545498
0 0.5786046547280714 0.9917833320049265 0.03075315486456731 0.016433335990146958
0 0.6021169791791701 0.9944911581805873 0.02994091969580681 0.01101768363882527
0 0.6251293794071453 0.9977804085519106 0.029756229024657466 0.004439182896178839
