0 0.5808376148158294 0.5592160328887156 0.04429264312656489 0.07254306585565251
0 0.5432593401237524 0.5674463462274956 0.043364693055172654 0.07233982821600882
0 0.5049511265232388 0.5730456823367898 0.044954534024522264 0.07001364227467477
0 0.4658496161092394 0.5850987240086579 0.04628147184820952 0.0743157348617618
0 0.42555396956413455 0.5946213780861584 0.04707637388269925 0.07315275261113896
0 0.38704780452968646 0.6030549159828599 0.04614842381130707 0.07294951497149516
0 0.3468847360442573 0.6090604984412991 0.045882424366893326 0.07021686683259598
0 0.30552679967143176 0.6125378895074597 0.04508454017690822 0.062020095024952315
0 0.26629359970483646 0.6281067902322734 0.04641441184139525 0.07568204584948901
0 0.22739001086026106 0.6373256366575957 0.04442563143444625 0.07390927266419678
0 0.18768990201716979 0.6432298226854942 0.046677374716078635 0.0690537804027902
0 0.14759328202837876 0.649918039504584 0.046278386963783544 0.06495492545534676
0 0.693822020296081 0.48354189056623986 0.03195546362510171 0.039087933811891684
0 0.6660525407060226 0.49032115023259026 0.029966694632478363 0.03731527788750494
0 0.6390114975323273 0.4948481682804665 0.029700797916995092 0.03458368509675419
0 0.6116394790451429 0.5008431292176143 0.03062874798838744 0.03478692273639783
0 0.5844004602801653 0.5082044142242116 0.029966694632478252 0.03731527788750483
0 0.5574924168286771 0.5140977563415374 0.029966694632478363 0.03731527788750494
0 0.5310494235352643 0.5198892441680377 0.029038744561086127 0.0371120402478613
0 0.5050693301551681 0.5255793486457199 0.02903874456108607 0.03711204024786119
0 0.47769728180347315 0.5315743161237287 0.03182253504624166 0.0377217400850699
0 0.45078926821649534 0.5374676517001935 0.02811079448969389 0.036908802608217495
0 0.42348379524771695 0.5441462437156874 0.032883413696494 0.03929117145153538
0 0.3947199113824653 0.5504460480305784 0.031027633011751765 0.038884722335692845
0 0.3682768583600313 0.556237548938801 0.028243782797575112 0.03827500941676176
0 0.3418327899442391 0.5620292722363049 0.03102763301175171 0.038884722335692845
0 0.3139967964213586 0.5681258519932746 0.03102763301175171 0.038884722335692734
0 0.28662483766319524 0.5741207998486999 0.030099682940359473 0.03868148469604915
0 0.26011422372899706 0.5792288920678577 0.029038744561086016 0.03711204024786119
0 0.2322782302061166 0.5853254718248271 0.0327504253886127 0.03792496464299122
0 0.5884947592764977 0.671954961345959 0.04630826106033281 0.15855660894027201
0 0.5556211269240883 0.6749685737113862 0.048961985664081276 0.1671598429454808
0 0.5196328556593125 0.680060818980128 0.054665500197399075 0.17910542492679737
0 0.47854085157364346 0.6862698549266311 0.059441124388345534 0.19084778235019273
0 0.4376513507267349 0.7042951143663528 0.054526573064571315 0.1590193713007262
0 0.3969577616872037 0.7097186845662677 0.0545296263634133 0.1683792557016207
0 0.3521540842022443 0.71674166124818 0.0651378041614008 0.18407332128814602
0 0.30039187874049716 0.7252876618752759 0.0705753306646304 0.19328637239146873
0 0.23643751077868708 0.7448754865488566 0.06566371318165584 0.17081781957945186
0 0.1828205175892817 0.7538287367836545 0.07083545101311886 0.17729918679456336
0 0.12317085597874307 0.7641022311842771 0.08144353749650132 0.19299231429384556
4 0.6853902177735509 0.6500358776478677 0.07998069769539129 0.17796496440538
3 0.33294349789648703 0.538860480148834 0.018829554515393643 0.025516829608779323
3 0.6303936115325032 0.7032427400237368 0.04284459198749624 0.10431503331787972
3 0.3073618100114849 0.7579465566859456 0.0356732343212009 0.058621656193514116
3 0.24089105249314918 0.7857598505452725 0.027584885469438797 0.050164304316911545
3 0.20251348641970818 0.7809102122363181 0.025595985604447563 0.04839150496817457
3 0.06618635955889964 0.81634896375025 0.027847831615010595 0.043537068054916306
3 0.008838680415950262 0.8233649439569278 0.017677360831900524 0.05492906721779911
