0 0.4658838513431754 0.2004388317741987 0.7442967951948417 0.23664668184666204
0 0.7593355577812195 0.3970366409209104 0.14309566105774796 0.14366889596485666
0 0.6195400846971693 0.3944273767184631 0.1452092868024658 0.14508679442300076
0 0.482852640410403 0.39186062825660195 0.13688183911935975 0.14358377082223445
0 0.34920753665401405 0.3914222646554757 0.13886849973345733 0.1408319823541339
0 0.20324053381660181 0.38733839417195703 0.16152566753738468 0.13697425696299237
0 0.19795368522880666 0.5270084213799691 0.15975045869482002 0.14667581132867036
0 0.34187051289053155 0.53036866797678 0.13688177890879782 0.1435838321051443
0 0.47961587290045515 0.5322543091426482 0.14723820775600754 0.14372560463791262
0 0.6183967764326026 0.5341541262015873 0.1389531143594882 0.14361218729180075
0 0.7551054750922122 0.5360255761720709 0.14309566105774807 0.1436688959648567
0 0.7606405919151102 0.6946151225341098 0.13903772520352198 0.1463922679633909
0 0.6207816993128097 0.6940906707282656 0.14930948110513742 0.14375395897444054
0 0.4778369956550585 0.6928294124211288 0.1452092868024658 0.14508679442300076
0 0.33901373972732285 0.6923191377835485 0.14098203531302994 0.14225099750671266
0 0.19826724160754305 0.6869166102949267 0.14905573714857825 0.13541458767233727
0 0.19076105636655522 0.8314232379425777 0.1435186585479563 0.15756743533165385
0 0.3314863923203334 0.8375210962642894 0.14740739918809626 0.14928477185247746
0 0.4744522270933059 0.8380870233132722 0.1473228186000411 0.1465056853095027
0 0.614268829401579 0.8400010183906039 0.1411089985526517 0.1464206222999188
0 0.7560932544899512 0.8440281797760025 0.15159226643636203 0.15073201792563606
