0 0.903247353217391 0.7904545467334917 0.10559778317554436 0.3426399107057485
0 0.8377735902223946 0.7621938611488409 0.10320030621542398 0.34312953312479166
0 0.7719679625307967 0.7329183084286564 0.10493215867167494 0.34389999819996997
0 0.705962119927884 0.7052871462391153 0.10360096540248576 0.3464201979853321
0 0.6415545865717727 0.6757663345118586 0.10293627833493024 0.3476806239183887
0 0.5755485997308663 0.6481361156749499 0.10679974724470354 0.3525117944756489
0 0.5086435048526863 0.6166369926196402 0.10633434102515532 0.3554163002034442
0 0.4422722749024939 0.5845091258191686 0.10573347367279173 0.3504813002181205
0 0.375700887466039 0.5540256604947948 0.10593379314730339 0.35212654953960026
0 0.30773040240021565 0.5237870078329481 0.10853165543950344 0.3532822843477463
0 0.2420562819424139 0.497171642280108 0.1001380965682187 0.34487963978876307
0 0.1766836034302415 0.4680886996294881 0.10793068015093658 0.3483463978686564
0 0.11021237741754569 0.43678259579290935 0.10313661467447392 0.3493260117545194
