0 0.35817399904802505 0.6176131800019404 0.04300320418989928 0.07088538945180367
0 0.3942898244524178 0.6092236559481582 0.04211142494047665 0.07067823363077719
0 0.4305774121905429 0.5980753675917336 0.04362090767118848 0.06843731524579089
0 0.4688195239641415 0.5925910385220068 0.0449239036185024 0.07262722883755568
0 0.507679296635053 0.5842433151151235 0.04567865674721111 0.07150688358444479
0 0.5446869012888682 0.5756466352403147 0.04478682009326651 0.07129971442863736
0 0.5827571577557474 0.5640842419309409 0.044512686920611166 0.06864447106681737
0 0.6214461935692885 0.5496601778974131 0.04369040503617283 0.060679880375178796
0 0.6604767743838078 0.5473897702693129 0.04506094150256901 0.07395484385107531
0 0.6979988835928468 0.5393538293842752 0.04314031641739624 0.0722129105281123
0 0.7356241976096277 0.52789479396153 0.045267456988228094 0.06752401854171475
0 0.7737629344345833 0.5169956987653916 0.04485626899259787 0.06354126743836686
0 0.23991920416498508 0.595468192374249 0.030933701285765114 0.03828105865544296
0 0.26674035033089116 0.5899170395111428 0.029013030559423003 0.036539225937081254
0 0.2924641357190333 0.5825820723726172 0.028739003256942508 0.033885008029700625
0 0.3187708773182143 0.5764711490044883 0.029630839910887052 0.034092177185508055
0 0.3452146855037229 0.5716878473172694 0.029013030559423003 0.03653922593708114
0 0.37107553747819266 0.5656805018596538 0.029013030559423003 0.036539225937081254
0 0.39648949524881594 0.5597769676712168 0.028121193905478403 0.036332056781273936
0 0.421458510569341 0.5539767913694085 0.028121193905478348 0.036332056781273936
0 0.44776528087078304 0.5478658613338891 0.030796646462790234 0.036953550913915056
0 0.4736261041429918 0.541858522543664 0.027229357251533803 0.036124887625466506
0 0.5000014547910087 0.5364118591061282 0.03182548053518769 0.03848821447646944
0 0.5276459226688456 0.5299901886716789 0.030041922036342594 0.03807390283441647
0 0.5530598804394689 0.5240866544832419 0.027366412074508628 0.03745239536699452
0 0.5784748140869662 0.5181828936035299 0.030041922036342594 0.03807390283441653
0 0.6052275027153806 0.5119683789901069 0.030041922036342594 0.03807390283441636
0 0.6315342156123007 0.5058574622893686 0.02915008538239794 0.037866733678609044
0 0.6568805689132231 0.49928943481167287 0.028121193905478292 0.03633205678127388
0 0.6836332575416375 0.49307492019824983 0.03168842571221275 0.037160706734941484
0 0.3725337301376938 0.7257424257937852 0.04553192262607131 0.15439471536883842
0 0.40333334617486755 0.7145095040217329 0.04813782041387693 0.16277363103731068
0 0.43739147096889053 0.7038801003721846 0.053693303931649505 0.17442928420024417
0 0.4763545112643275 0.6921103178831189 0.05835700819999973 0.18587778154215107
0 0.5173743490334402 0.6914174165873875 0.053421156307157214 0.15493156275107078
0 0.5558219434807168 0.6790871721021265 0.053488782933022505 0.16401663263737365
0 0.5983524016781696 0.6664896881419704 0.06377653784842485 0.17936302097572587
0 0.6475703867012685 0.6523377337241283 0.06905789995689504 0.1883635447162214
0 0.7100951612690685 0.6432502818470207 0.06418955988087394 0.16650236914188243
0 0.7610959437116809 0.6286851842935877 0.06919699773255472 0.17284858770517697
0 0.8178944254842652 0.6127723187209451 0.07948465854113507 0.18819406452847187
4 0.27927683813224613 0.7467262672777643 0.07797709219071122 0.17359237755194168
3 0.5822505984503684 0.49283788168339426 0.01824462698570639 0.02496841954626977
3 0.33994657556647984 0.7727329674139332 0.0418333691371483 0.10170895856332218
3 0.6473609171261915 0.685690108801245 0.034636120000839155 0.05728083383181315
3 0.7137609215091596 0.683178857457215 0.026816335219084553 0.04898553945931017
3 0.7481288150622365 0.6622822344382044 0.024895595324867736 0.04724357946678537
3 0.8802097878815099 0.6370372285861732 0.02702284176587466 0.04255571293482718
3 0.9432162796373778 0.6149247415195382 0.03600768684074607 0.053712207683585866
