3 0.794433981180191 0.43777498602867126 0.030273020267486572 0.09956097602844238
3 0.7290039956569672 0.4509519934654236 0.041992008686065674 0.10541701316833496
3 0.5947269797325134 0.450219988822937 0.03320300579071045 0.1068810224533081
3 0.5053710043430328 0.4494880139827728 0.04589802026748657 0.09956097602844238
3 0.3994140028953552 0.4494880139827728 0.04492199420928955 0.0937039852142334
3 0.3251950144767761 0.49560800194740295 0.0351560115814209 0.09809702634811401
3 0.21728497743606567 0.5139089822769165 0.04394495487213135 0.09077596664428711
0 0.8334960043430328 0.0351389991119504 0.04589802026748657 0.03806700371205807
0 0.7817380130290985 0.03440700192004442 0.053710997104644775 0.0424600001424551
0 0.7275390028953552 0.03513899818062782 0.0546879768371582 0.0409960001707077
0 0.6791990101337433 0.033674999140203 0.041992008686065674 0.03806699998676777
0 0.6386719942092896 0.03440700005739927 0.0390620231628418 0.03660299815237522
0 0.5986329913139343 0.0351389991119504 0.04101598262786865 0.03806700371205807
0 0.5581049919128418 0.03440700098872185 0.0400390625 0.03953099995851517
0 0.5107420086860657 0.032942998223006725 0.0546879768371582 0.03660299815237522
0 0.4560549855232239 0.032942998223006725 0.0546879768371582 0.03660299815237522
0 0.40820300579071045 0.03513899818062782 0.04101598262786865 0.0409960001707077
0 0.3666989803314209 0.03440700192004442 0.0419919490814209 0.0424600001424551
0 0.32617199420928955 0.0329429991543293 0.0390620231628418 0.03953099995851517
0 0.28125 0.0351389991119504 0.0507810115814209 0.03513900004327297
0 0.2304689884185791 0.033675000071525574 0.0507810115814209 0.032210998237133026
0 0.23095697164535522 0.08565200120210648 0.0517580509185791 0.0717419981956482
0 0.23095697164535522 0.14128799736499786 0.0517580509185791 0.03953099250793457
0 0.8339840173721313 0.10907799564301968 0.046875 0.10395299270749092
0 0.783691018819809 0.10761299543082714 0.053710997104644775 0.10688099637627602
0 0.7275390028953552 0.10761299543082714 0.0585939884185791 0.10688099637627602
0 0.6787109971046448 0.10761299543082714 0.0390620231628418 0.10688099637627602
0 0.6386719942092896 0.10761299543082714 0.04101598262786865 0.10688099637627602
0 0.5986329913139343 0.10761299543082714 0.0390620231628418 0.10688099637627602
0 0.5585939884185791 0.10614900477230549 0.04101598262786865 0.10395300015807152
0 0.5112299621105194 0.10614900477230549 0.053710997104644775 0.10395300015807152
0 0.4565430283546448 0.10761299543082714 0.05566394329071045 0.10688099637627602
0 0.4086909890174866 0.10761299543082714 0.04003894329071045 0.10688099637627602
0 0.36865198612213135 0.10761299543082714 0.04003894329071045 0.10688099637627602
0 0.328125 0.10688100010156631 0.04101598262786865 0.10834600031375885
0 0.2827150225639343 0.10614900104701519 0.04980504512786865 0.10688099637627602
0 0.7290039956569672 0.0863839965313673 0.055664002895355225 0.07027799263596535
0 0.6396479606628418 0.08638399839401245 0.0390620231628418 0.06442199647426605
0 0.4570310115814209 0.08711600489914417 0.05273401737213135 0.068814005702734
0 0.3681640028953552 0.08931200206279755 0.0390620231628418 0.06442199647426605
0 0.8344729840755463 0.17789199948310852 0.04980498552322388 0.03953099250793457
0 0.7827149927616119 0.17935599386692047 0.053710997104644775 0.03660300374031067
0 0.7280269861221313 0.17642800509929657 0.0556640625 0.03074699640274048
0 0.679688036441803 0.17569500207901 0.04101598262786865 0.03221100568771362
0 0.6386719942092896 0.17642800509929657 0.04101598262786865 0.03367498517036438
0 0.5986329913139343 0.17715999484062195 0.0390620231628418 0.03221100568771362
0 0.5590820014476776 0.1786240041255951 0.040039002895355225 0.035138994455337524
0 0.5107420086860657 0.17715999484062195 0.05664098262786865 0.038067013025283813
0 0.4555659890174866 0.17569500207901 0.05371105670928955 0.035138994455337524
0 0.40820300579071045 0.17715999484062195 0.04101598262786865 0.03221100568771362
0 0.36914098262786865 0.17789199948310852 0.03710901737213135 0.03367501497268677
0 0.3295900225639343 0.17789199948310852 0.0419919490814209 0.03367501497268677
0 0.28320300579071045 0.17789199948310852 0.0507810115814209 0.03367501497268677
0 0.2304689884185791 0.17642800509929657 0.0546879768371582 0.03660300374031067
0 0.8354490101337433 0.25109800696372986 0.04980498552322388 0.10395300388336182
0 0.783691018819809 0.2496340051293373 0.053710997104644775 0.10688100755214691
0 0.7280269861221313 0.2496340051293373 0.0576169490814209 0.10688100755214691
0 0.6791990101337433 0.24890199303627014 0.040039002895355225 0.10834598541259766
0 0.6386719942092896 0.2496339976787567 0.04101598262786865 0.1098099946975708
0 0.5981450080871582 0.25109801441431046 0.0400390625 0.10688100755214691
0 0.5585939884185791 0.24890199303627014 0.0390620231628418 0.10248899459838867
0 0.5112300217151642 0.2474379986524582 0.055664002895355225 0.10541698336601257
0 0.4560549855232239 0.24890199303627014 0.0546879768371582 0.10834598541259766
0 0.40820300579071045 0.2496340051293373 0.04101598262786865 0.10688100755214691
0 0.3681640028953552 0.24890199303627014 0.0390620231628418 0.10541701316833496
0 0.3286129832267761 0.24890199303627014 0.04003894329071045 0.10541701316833496
0 0.2827150225639343 0.24816999584436417 0.0517580509185791 0.10395298898220062
0 0.2304689884185791 0.2503659948706627 0.05273401737213135 0.09956099092960358
0 0.7275390028953552 0.23133200407028198 0.05664098262786865 0.07027798891067505
0 0.6401369869709015 0.23133200407028198 0.038085997104644775 0.07027798891067505
0 0.45507800579071045 0.23206398636102676 0.05664098262786865 0.071741983294487
0 0.3676760196685791 0.23133201152086258 0.0361330509185791 0.06735001504421234
0 0.23193401098251343 0.23133200407028198 0.0478520393371582 0.07027798891067505
0 0.8364260196685791 0.32064399123191833 0.0478520393371582 0.040996015071868896
0 0.783691018819809 0.32284000515937805 0.057617008686065674 0.03660297393798828
0 0.7270509898662567 0.3221080005168915 0.055664002895355225 0.03513902425765991
0 0.6801759898662567 0.3213759958744049 0.038085997104644775 0.03660297393798828
0 0.6411130130290985 0.31991198658943176 0.040039002895355225 0.03367501497268677
0 0.6005859971046448 0.3191800117492676 0.04101598262786865 0.03513902425765991
0 0.5595700144767761 0.3213759958744049 0.04101598262786865 0.03953099250793457
0 0.5112300217151642 0.3213759958744049 0.055664002895355225 0.03953099250793457
0 0.4570310115814209 0.3191800117492676 0.05273401737213135 0.03513902425765991
0 0.4096680283546448 0.3221080005168915 0.0419919490814209 0.029282987117767334
0 0.3701170086860657 0.32284000515937805 0.03710901737213135 0.03074699640274048
0 0.3295900225639343 0.31991198658943176 0.04394495487213135 0.03660297393798828
0 0.2827150225639343 0.31991198658943176 0.04980504512786865 0.03660297393798828
0 0.23193401098251343 0.3213759958744049 0.0517580509185791 0.03367501497268677
0 0.8354490101337433 0.39458298683166504 0.04980498552322388 0.11273801326751709
0 0.7832030057907104 0.39458298683166504 0.0546879768371582 0.11273801326751709
0 0.728516012430191 0.3923870027065277 0.05468803644180298 0.10834598541259766
0 0.6806640028953552 0.3931190073490143 0.04101598262786865 0.1068810224533081
0 0.6401369869709015 0.3931190073490143 0.040039002895355225 0.1068810224533081
0 0.6005859971046448 0.3931190073490143 0.0390620231628418 0.1068810224533081
0 0.5600590109825134 0.39385101199150085 0.04199206829071045 0.10834598541259766
0 0.5112300217151642 0.3931190073490143 0.055664002895355225 0.1098099946975708
0 0.4565430283546448 0.39458298683166504 0.05371105670928955 0.11273801326751709
0 0.4091799855232239 0.39458298683166504 0.04101598262786865 0.11273801326751709
0 0.3681640028953552 0.39385101199150085 0.04101598262786865 0.11127400398254395
0 0.3276370167732239 0.39385101199150085 0.04003894329071045 0.11127400398254395
0 0.2827150225639343 0.3931190073490143 0.04980504512786865 0.1098099946975708
0 0.23242199420928955 0.3953149914741516 0.0507810115814209 0.10541701316833496
0 0.7294920086860657 0.3733530044555664 0.05273401737213135 0.06735002994537354
0 0.6401369869709015 0.37554898858070374 0.040039002895355225 0.0629580020904541
0 0.4570310115814209 0.37481701374053955 0.05273401737213135 0.05856502056121826
0 0.3666989803314209 0.37262099981307983 0.0361330509185791 0.0688139796257019
0 0.23193401098251343 0.3762809932231903 0.0478520393371582 0.06734997034072876
0 0.8344729840755463 0.5358710289001465 0.04980498552322388 0.10834598541259766
0 0.78125 0.5366029739379883 0.05664098262786865 0.1068810224533081
0 0.726561963558197 0.5358710289001465 0.05273401737213135 0.10541701316833496
0 0.679688036441803 0.5358710289001465 0.04101598262786865 0.10541701316833496
0 0.6386719942092896 0.5366029739379883 0.04101598262786865 0.1068810224533081
0 0.5981450080871582 0.5366029739379883 0.0400390625 0.1068810224533081
0 0.5581049919128418 0.5366029739379883 0.0400390625 0.1068810224533081
0 0.5102539956569672 0.5373349785804749 0.055664002895355225 0.10541701316833496
0 0.4555659890174866 0.5366029739379883 0.05371105670928955 0.10395300388336182
0 0.4086909890174866 0.538798987865448 0.04003894329071045 0.09956097602844238
0 0.3676760196685791 0.5373349636793137 0.0419919490814209 0.09663298726081848
0 0.2817379832267761 0.5358710289001465 0.0517580509185791 0.10834598541259766
0 0.7260740101337433 0.5153729915618896 0.051757991313934326 0.06735002994537354
0 0.6367189884185791 0.5175700336694717 0.0429689884185791 0.06881400942802429
0 0.4536129832267761 0.5161049962043762 0.05566394329071045 0.06588602066040039
0 0.3666989803314209 0.5139089971780777 0.04003894329071045 0.06149300932884216
0 0.8334960043430328 0.6068810224533081 0.04980498552322388 0.03660297393798828
0 0.7802730202674866 0.6068810224533081 0.05664098262786865 0.03660297393798828
0 0.7255859971046448 0.6061490178108215 0.05273401737213135 0.038066983222961426
0 0.6787109971046448 0.6076130270957947 0.0390620231628418 0.04099595546722412
0 0.6391600072383881 0.6076130270957947 0.040039002895355225 0.04099595546722412
0 0.5986329913139343 0.605417013168335 0.04101598262786865 0.03660297393798828
0 0.5571289956569672 0.6046850085258484 0.041992008686065674 0.038066983222961426
0 0.5097660422325134 0.6046850085258484 0.05273401737213135 0.038066983222961426
0 0.4560549855232239 0.6061490178108215 0.0546879768371582 0.03513896465301514
0 0.4086909890174866 0.6068810224533081 0.04003894329071045 0.03660297393798828
0 0.3671879768371582 0.605417013168335 0.0429689884185791 0.03953099250793457
0 0.32617199420928955 0.6061490178108215 0.0390620231628418 0.04099595546722412
0 0.28125 0.6083459854125977 0.0507810115814209 0.03660297393798828
0 0.23095697164535522 0.6083459854125977 0.04980504512786865 0.03660297393798828
0 0.8344730138778687 0.6793559789657593 0.0478520393371582 0.10834598541259766
0 0.7817380130290985 0.6786239743232727 0.057617008686065674 0.1098099946975708
0 0.7260740101337433 0.67569500207901 0.053710997104644775 0.10395300388336182
0 0.6787109971046448 0.6771600246429443 0.04101598262786865 0.10102498531341553
0 0.6386719942092896 0.6786239743232727 0.0390620231628418 0.10395300388336182
0 0.5986329913139343 0.6771600246429443 0.04101598262786865 0.1068810224533081
0 0.5581049919128418 0.6771600246429443 0.0400390625 0.1068810224533081
0 0.5102539956569672 0.6764280200004578 0.055664002895355225 0.10834598541259766
0 0.45507800579071045 0.6793559789657593 0.0546879768371582 0.11420202255249023
0 0.4072269797325134 0.6793559789657593 0.04101598262786865 0.11420202255249023
0 0.726561963558197 0.6573939919471741 0.04882800579071045 0.06735002994537354
0 0.6376950144767761 0.6581259965896606 0.03710901737213135 0.06881403923034668
0 0.4545900225639343 0.6581259965896606 0.05371105670928955 0.06881403923034668
0 0.8364259898662567 0.7503659725189209 0.04980498552322388 0.03660297393798828
0 0.7827149927616119 0.7489020228385925 0.057617008686065674 0.03953099250793457
0 0.7275390028953552 0.748170018196106 0.05273401737213135 0.038066983222961426
0 0.6796879768371582 0.7496340274810791 0.0429689884185791 0.03513896465301514
0 0.6386719942092896 0.751829981803894 0.0390620231628418 0.03953099250793457
0 0.5986329913139343 0.7503659725189209 0.04101598262786865 0.042459964752197266
0 0.5585939884185791 0.7489020228385925 0.0390620231628418 0.03953099250793457
0 0.5107420086860657 0.7503659725189209 0.05664098262786865 0.03660297393798828
0 0.45507800579071045 0.7496340274810791 0.0546879768371582 0.03513896465301514
0 0.4072269797325134 0.751829981803894 0.04101598262786865 0.030747056007385254
0 0.3671879768371582 0.7540259957313538 0.0390620231628418 0.03513896465301514
0 0.3266599774360657 0.7510979771614075 0.0419919490814209 0.04099595546722412
0 0.28125 0.7510979771614075 0.04882800579071045 0.038066983222961426
0 0.23095697164535522 0.7510979771614075 0.0517580509185791 0.038066983222961426
0 0.18164098262786865 0.7532939910888672 0.046875 0.042459964752197266
0 0.8359379768371582 0.82430499792099 0.0507810115814209 0.10834598541259766
0 0.7817380130290985 0.8228399753570557 0.057617008686065674 0.11127400398254395
0 0.7270509898662567 0.8199120163917542 0.051757991313934326 0.10541701316833496
0 0.6796879768371582 0.8191800117492676 0.0429689884185791 0.1068810224533081
0 0.6391600072383881 0.8221079707145691 0.038085997104644775 0.11273801326751709
0 0.5991210043430328 0.82430499792099 0.041992008686065674 0.10834598541259766
0 0.5585939884185791 0.8250370025634766 0.0390620231628418 0.1098099946975708
0 0.5107420086860657 0.8228399753570557 0.05664098262786865 0.11420202255249023
0 0.4560549855232239 0.8213760256767273 0.05273401737213135 0.11127400398254395
0 0.4091799855232239 0.8228399753570557 0.04101598262786865 0.10834598541259766
0 0.36865198612213135 0.8228399753570557 0.04003894329071045 0.10834598541259766
0 0.3276370167732239 0.8235719799995422 0.0419919490814209 0.1068810224533081
0 0.2807620167732239 0.82430499792099 0.0517580509185791 0.10834598541259766
0 0.2304689884185791 0.8235719799995422 0.04882800579071045 0.1098099946975708
0 0.18164098262786865 0.8235719799995422 0.04882800579071045 0.1098099946975708
0 0.7280269861221313 0.8016110062599182 0.0537109375 0.06588602066040039
0 0.6391600072383881 0.8008779883384705 0.036132991313934326 0.06442201137542725
0 0.4555659890174866 0.8001459836959839 0.04980504512786865 0.0629580020904541
0 0.36865198612213135 0.8038070201873779 0.04003894329071045 0.07027804851531982
0 0.2299799919128418 0.8038070201873779 0.0478520393371582 0.07027804851531982
0 0.8359379768371582 0.8975110054016113 0.0507810115814209 0.03513896465301514
0 0.7827149927616119 0.8953149914741516 0.055664002895355225 0.03953099250793457
0 0.7275390028953552 0.8931189775466919 0.0546879768371582 0.03513896465301514
0 0.6791990101337433 0.8931189775466919 0.041992008686065674 0.03513896465301514
0 0.6401369869709015 0.8923869729042053 0.036132991313934326 0.03367495536804199
0 0.6000980138778687 0.8923869729042053 0.0439450740814209 0.03367495536804199
0 0.5585939884185791 0.8923869729042053 0.0390620231628418 0.03367495536804199
0 0.5107420086860657 0.8923869729042053 0.05664098262786865 0.03367495536804199
0 0.4545900225639343 0.8938509821891785 0.05566394329071045 0.03660297393798828
0 0.4077150225639343 0.8923869729042053 0.03808605670928955 0.03953099250793457
0 0.3676760196685791 0.8909220099449158 0.0419919490814209 0.03660297393798828
0 0.3256840109825134 0.8916540145874023 0.0419919490814209 0.03513896465301514
0 0.2797849774360657 0.8916540145874023 0.04980504512786865 0.03513896465301514
0 0.2304689884185791 0.894582986831665 0.04882800579071045 0.02928304672241211
0 0.18164098262786865 0.8953149914741516 0.04882800579071045 0.030747056007385254
0 0.18115198612213135 0.9531480073928833 0.0478520393371582 0.08491897583007812
0 0.2304689884185791 0.9531480073928833 0.0507810115814209 0.08491897583007812
0 0.2822269797325134 0.9538800120353699 0.05273401737213135 0.08638393878936768
0 0.3276370167732239 0.9538800120353699 0.03808605670928955 0.08638393878936768
0 0.3671879768371582 0.9509519934654236 0.04101598262786865 0.08052694797515869
0 0.4072269797325134 0.9531480073928833 0.0390620231628418 0.07613503932952881
0 0.4555659890174866 0.955344021320343 0.0576169490814209 0.08052694797515869
0 0.5117189884185791 0.9531480073928833 0.0546879768371582 0.08491897583007812
0 0.5595700144767761 0.9538800120353699 0.04101598262786865 0.08638393878936768
0 0.6000980138778687 0.9538800120353699 0.0400390625 0.08638393878936768
0 0.6391600072383881 0.9531480073928833 0.038085997104644775 0.08491897583007812
0 0.6791990101337433 0.9546120166778564 0.041992008686065674 0.08199095726013184
0 0.7280269861221313 0.955344021320343 0.0556640625 0.08345496654510498
0 0.7827149927616119 0.9560760259628296 0.053710997104644775 0.08199095726013184
0 0.8364259898662567 0.9560760259628296 0.053710997104644775 0.08199095726013184
0 0.7270509898662567 0.9465590119361877 0.053710997104644775 0.06588602066040039
0 0.6386719942092896 0.9458270072937012 0.0351560115814209 0.06735002994537354
0 0.45507800579071045 0.9472910165786743 0.05664098262786865 0.06442201137542725
0 0.3671879768371582 0.9472910165786743 0.04101598262786865 0.07613503932952881
0 0.2299799919128418 0.9472910165786743 0.04980504512786865 0.07027804851531982
0 0.18066400289535522 0.03147900104522705 0.04492199420928955 0.027818001806735992
0 0.1801760196685791 0.10395299643278122 0.04394495487213135 0.10834600031375885
0 0.1801760196685791 0.1786240041255951 0.04394495487213135 0.040996015071868896
0 0.18066400289535522 0.25109800696372986 0.0429689884185791 0.1098099946975708
0 0.18261700868606567 0.32284000515937805 0.046875 0.03367501497268677
0 0.18212902545928955 0.3931190073490143 0.0478520393371582 0.1068810224533081
0 0.18164098262786865 0.4648610055446625 0.046875 0.03660297393798828
0 0.18164098262786865 0.5366029739379883 0.046875 0.1068810224533081
0 0.14209002256393433 0.03953099809587002 0.028319954872131348 0.07613499835133553
0 0.10790997743606567 0.019765998236835003 0.04003894329071045 0.03660299815237522
0 0.10839802026748657 0.05490500293672085 0.0390620231628418 0.03367500379681587
0 0.06933599710464478 0.03660300001502037 0.0390620231628418 0.07027799636125565
0 0.028809010982513428 0.03879900090396404 0.04003894329071045 0.07467100396752357
0 0.028320014476776123 0.020497999154031277 0.03710901737213135 0.03806699998676777
0 0.14257800579071045 0.09297200292348862 0.0273439884185791 0.033675000071525574
0 0.10888701677322388 0.09150800108909607 0.04003894329071045 0.03660300374031067
0 0.06933599710464478 0.09150800108909607 0.0390620231628418 0.03660300374031067
0 0.028809010982513428 0.09150800108909607 0.0419919490814209 0.03660300374031067
0 0.14306598901748657 0.1647139936685562 0.0263669490814209 0.10688099265098572
0 0.109375 0.1625179946422577 0.04101598262786865 0.11127400398254395
0 0.0703120231628418 0.16105400398373604 0.03710901737213135 0.10834600776433945
0 0.030762016773223877 0.162517998367548 0.0419919490814209 0.10541700571775436
0 0.11084002256393433 0.14494900405406952 0.03808605670928955 0.06735000014305115
0 0.030273020267486572 0.14128799736499786 0.0390620231628418 0.06881400942802429
0 0.14404302835464478 0.2364570051431656 0.0263669490814209 0.03367498517036438
0 0.11035197973251343 0.2335289940237999 0.04101598262786865 0.036602988839149475
0 0.0703120231628418 0.23426099866628647 0.0390620231628418 0.03806699812412262
0 0.030762016773223877 0.23572500050067902 0.04003894329071045 0.035138994455337524
0 0.14160197973251343 0.3045389950275421 0.023437976837158203 0.10248899459838867
0 0.109375 0.30380699038505554 0.04101598262786865 0.10395300388336182
0 0.06933599710464478 0.30307498574256897 0.0390620231628418 0.10248899459838867
0 0.02929699420928955 0.3023430109024048 0.04101598262786865 0.10395300388336182
0 0.109375 0.2862370014190674 0.04101598262786865 0.0717419981956482
0 0.030273020267486572 0.2855049967765808 0.0390620231628418 0.06735002994537354
0 0.14257800579071045 0.37554898858070374 0.025390982627868652 0.03953099250793457
0 0.10986298322677612 0.3762809932231903 0.04003894329071045 0.038066983222961426
0 0.06933599710464478 0.3762809932231903 0.04101598262786865 0.038066983222961426
0 0.028809010982513428 0.37481701374053955 0.04003894329071045 0.040996015071868896
0 0.14306598901748657 0.44655901193618774 0.028319954872131348 0.10541701316833496
0 0.109375 0.44655901193618774 0.0390620231628418 0.10541701316833496
0 0.06884801387786865 0.44655901193618774 0.0419919490814209 0.10541701316833496
0 0.028320014476776123 0.44729098677635193 0.0390620231628418 0.10395300388336182
0 0.10986298322677612 0.42752599716186523 0.04003894329071045 0.06442201137542725
0 0.030273020267486572 0.42679399251937866 0.0390620231628418 0.0629580020904541
0 0.14306598901748657 0.516104981303215 0.028319954872131348 0.03367498517036438
0 0.10888701677322388 0.516104981303215 0.04003894329071045 0.03367498517036438
0 0.06835901737213135 0.5183020234107971 0.04101598262786865 0.038066983222961426
0 0.028809010982513428 0.5183020234107971 0.03808605670928955 0.038066983222961426
0 0.1445310115814209 0.5841869711875916 0.02929699420928955 0.09956097602844238
0 0.10888701677322388 0.5834550261497498 0.0419919490814209 0.10102498531341553
0 0.06933599710464478 0.5841869711875916 0.03710901737213135 0.10248899459838867
0 0.029784977436065674 0.5841869711875916 0.0419919490814209 0.10248899459838867
0 0.10790997743606567 0.5658860206604004 0.03808605670928955 0.06881403923034668
0 0.03125 0.5680819749832153 0.0429689884185791 0.06442201137542725
0 0.14257800579071045 0.6559299826622009 0.02929699420928955 0.04099595546722412
0 0.10839802026748657 0.6551979780197144 0.0390620231628418 0.042459964752197266
0 0.06884801387786865 0.653734028339386 0.04003894329071045 0.03953099250793457
0 0.028809010982513428 0.6544659733772278 0.04003894329071045 0.038066983222961426
0 0.14306598901748657 0.7269399762153625 0.028319954872131348 0.09809696674346924
0 0.10888701677322388 0.724012017250061 0.04003894329071045 0.10395300388336182
0 0.06835901737213135 0.7254760265350342 0.04101598262786865 0.1068810224533081
0 0.027831971645355225 0.7254760265350342 0.04003894329071045 0.1068810224533081
0 0.109375 0.7079060077667236 0.04101598262786865 0.06881403923034668
0 0.02929699420928955 0.7079060077667236 0.04101598262786865 0.06588602066040039
0 0.14404302835464478 0.7942900061607361 0.028319954872131348 0.03660297393798828
0 0.10888701677322388 0.7942900061607361 0.0419919490814209 0.03660297393798828
0 0.06835901737213135 0.7950220108032227 0.0390620231628418 0.038066983222961426
0 0.028320014476776123 0.7957540154457092 0.04101598262786865 0.03660297393798828
0 0.14404302835464478 0.8652999997138977 0.028319954872131348 0.10541701316833496
0 0.10986298322677612 0.8652999997138977 0.04003894329071045 0.10541701316833496
0 0.0698239803314209 0.8652999997138977 0.04003894329071045 0.10541701316833496
0 0.029784977436065674 0.8652999997138977 0.04003894329071045 0.10541701316833496
0 0.109375 0.846265971660614 0.0390620231628418 0.06442201137542725
0 0.029784977436065674 0.846265971660614 0.03808605670928955 0.06735002994537354
0 0.14404302835464478 0.9341139793395996 0.030272960662841797 0.038066983222961426
0 0.10888701677322388 0.9355779886245728 0.0419919490814209 0.038066983222961426
0 0.06884801387786865 0.9392390251159668 0.04003894329071045 0.03660297393798828
0 0.02929699420928955 0.9392390251159668 0.0390620231628418 0.03660297393798828
0 0.14355498552322388 0.9765740036964417 0.0273439884185791 0.0468519926071167
0 0.109375 0.9780380129814148 0.0390620231628418 0.04392397403717041
0 0.06884801387786865 0.9795020222663879 0.0419919490814209 0.04099595546722412
0 0.02587902545928955 0.9795020222663879 0.0419919490814209 0.04099595546722412
