0 0.4195480570266584 0.6044396483051848 0.04957067419725786 0.06863307421688292
0 0.3810285925513921 0.6014239981837013 0.041856256273347936 0.06856496206395779
0 0.340607086502737 0.5970541961343546 0.041909401091723364 0.07124016642637487
0 0.29920798785204983 0.5933448904090616 0.04381142247421427 0.06991905420537359
0 0.2568445484864393 0.5896261135740174 0.0438911290124786 0.07393132267097502
0 0.21160147375770802 0.5852137409216109 0.049623819015633286 0.07130827857929989
0 0.16347870500052367 0.5801078317308075 0.04965038073552214 0.07264534268248457
0 0.11340079023337074 0.5763209422353566 0.05358740881560668 0.07669154866661765
0 0.06235855422253115 0.5725264953039436 0.06315084201289446 0.07276454098003016
0 0.02095702028429534 0.5680715365943838 0.04191404056859068 0.07005530941941085
0 0.41254004650313775 0.665908638400616 0.030124988775824146 0.060438374446334375
0 0.37881556998486077 0.6642735795685305 0.03982127095435195 0.06319872001487137
0 0.33934509481834896 0.660580345298315 0.04177655211048337 0.0645528131712505
0 0.29698169273947317 0.6568625853403534 0.045607199352549366 0.06324980514452849
0 0.2516987084516771 0.6544562866268189 0.043758299034436565 0.06724492599900456
0 0.2073801401719349 0.6520585627338105 0.04378486075432539 0.06858199010218913
0 0.16117270572508244 0.6476376755548068 0.04764206971628032 0.06861604617865169
0 0.11106820904714282 0.645188866532141 0.055436309133719594 0.0726964278121417
0 0.05813716315912554 0.6393713166086616 0.053560847095717755 0.07535448456343319
0 0.017386619567656206 0.6369224477995489 0.03477323913531241 0.0713423356707259
0 0.41907223438315666 0.725490751332276 0.045580616254062956 0.06191166488529598
0 0.37763328246333727 0.7237875798397837 0.03984783267424086 0.06453578411805594
0 0.33718521469479334 0.7207548418936216 0.03984783267424091 0.06453578411805572
0 0.29282673685598637 0.7203631919394853 0.04370515659146085 0.06456984120948162
0 0.251387784936167 0.7186600204469928 0.04568690351541399 0.06726195403723578
0 0.20325174600833704 0.7142221052297577 0.05350770465274207 0.07267939977391047
0 0.1511654437411119 0.7144314122373491 0.04962381901563326 0.0713082785793
0 0.10198539722222873 0.7139971916801529 0.059213811557410206 0.06871821542300283
0 0.04705933305191281 0.7115057522679802 0.0689367704110919 0.0728156261096875
0 0.012825287020633085 0.7071018936346893 0.02565057404126617 0.06993608224360481
0 0.4170451830499432 0.7789789110420591 0.047190401708182395 0.04587997777980379
0 0.37363773609327955 0.7792638288670537 0.04143116898833671 0.04716691435144815
0 0.33316308641394893 0.777569171393677 0.041484292428114466 0.04984104255781718
0 0.29075983225364077 0.775857485882069 0.04528837795029167 0.04720097042791083
0 0.24543705217434508 0.7754573219088169 0.04721698243126912 0.04721799846614205
0 0.1972213078959507 0.7750316153707363 0.051074306348489085 0.04725205555756817
0 0.14613918132924422 0.7732422857950416 0.056860119791421485 0.04730313967226196
0 0.0930885780092302 0.7734430189970702 0.058815285992287844 0.04865723181367765
0 0.03907367126102759 0.7736352979664303 0.05118057460664227 0.052601388126354065
0 0.007286381468625679 0.7719225960852214 0.014572762937251358 0.05514024658009975
0 0.47171105051532114 0.7460200123364823 0.06610478906408401 0.027327297776538417
0 0.47199785786986204 0.780132270235187 0.06837877666720815 0.04473022463457199
0 0.5289721138796684 0.7766223950273766 0.04727010587104685 0.049892126672511194
0 0.5286853053374275 0.7425101969151189 0.04869391890414865 0.024498958105525603
0 0.7421575328954888 0.7263369103358255 0.02761188630870648 0.0309988813372849
0 0.7083666425758905 0.7280449900532782 0.037175319505994175 0.027071873650697298
0 0.6648928191046405 0.7316740633048935 0.054586113185099316 0.02989925623107459
0 0.6165840503753219 0.7359295755353956 0.039077400741517776 0.025750881510071877
0 0.5760296953454268 0.7382471267411734 0.042934609703472404 0.02578493758653455
0 0.7426303138587473 0.7510876269865898 0.0293544993654683 0.021653471330869034
0 0.7108079375791916 0.7508066608034017 0.03508730432388807 0.019030428254157128
0 0.6635166422721537 0.7523956025172376 0.05236527040035066 0.015171533735458098
0 0.6181540101114256 0.7540015129903392 0.038838340979757024 0.013714196193643113
0 0.5824478056723934 0.7550235543263915 0.025337879702384547 0.013594997896097527
0 0.5621705893231808 0.7561828378603399 0.019498827864409374 0.010869784560071372
0 0.7437884277416691 0.7898896179267338 0.030151550495713053 0.061775438549518946
0 0.7110150407708677 0.7889310675948138 0.033982312693044414 0.060472431537760385
0 0.6647279297122671 0.7885223893487052 0.05707271140996073 0.05800168574442144
0 0.61751636849461 0.7860991226371274 0.03572494712840335 0.05112809768739257
0 0.5847561942168218 0.7844725778241577 0.028010414249228677 0.051059984519504
0 0.5616525051383618 0.7822621643816201 0.020163032388813673 0.04430451809649116
0 0.8880081552840378 0.715585917677979 0.0846048935558027 0.08498841818899883
0 0.8310869652363768 0.7164216641719388 0.05567542399771286 0.08473299406315793
0 0.7818405336549887 0.7193305824180216 0.05757752423643414 0.08341295850568631
0 0.9304778519844833 0.7139544648937897 0.026931984338273596 0.09383905190629194
0 0.9181035503953482 0.8027982310862978 0.03644229409578359 0.08723791601333541
0 0.8814728957972595 0.8018056839568808 0.03646885581567272 0.08857498011651976
0 0.8381053106576465 0.8000854841724163 0.04986299135725902 0.08334484533779773
0 0.7956754660386334 0.799710862510252 0.04209537351274106 0.08060164788786806
0 0.7657418708974387 0.8014529990653898 0.02481734995864593 0.08446054189908536
