0 0.6119352190440701 0.30077329000949243 0.0781007458648949 0.0894423472978575
0 0.5424293275973122 0.285165342372852 0.08471984587845138 0.09187136001930588
0 0.46961454994607094 0.26980965949581265 0.08471984779345532 0.09187137537300782
0 0.6046207051542489 0.37518420731108587 0.07920474628695406 0.08816721176847353
0 0.5343799382743636 0.3602127833874088 0.08471984587845144 0.09187136001930596
0 0.4615650294453483 0.3448581522389491 0.08508598698346331 0.09480692640631377
0 0.5988652269695478 0.44235082821630956 0.07976589015696045 0.07240571227541676
0 0.5272458251137846 0.4279219225825215 0.08215689644344859 0.07132270238428845
0 0.45360440791018486 0.4139384897825736 0.08123603168403143 0.07406614313304072
0 0.5858894763796182 0.5884281780190157 0.08526898476581701 0.09627412615914588
0 0.5117903897208052 0.5781139070848164 0.08416517348207914 0.09755031453560914
0 0.4363136773529647 0.5683422425466585 0.08765999871232122 0.09519117768282515
0 0.5782948618991866 0.6545740239347647 0.07922221347637837 0.0579201902230555
0 0.5036437788593519 0.643430028890214 0.0821624175682813 0.061239955267117674
0 0.4278925544979486 0.6358592868109193 0.08399863362229892 0.06583588230159143
0 0.0840190980635477 0.17113233313561976 0.07294166011332368 0.10883825110334104
0 0.07101574918910011 0.2648769500484469 0.07000150727945383 0.10551843343982187
0 0.057185769379812096 0.35999374794670697 0.06908064252003668 0.10826187418857403
0 0.04611566232040381 0.45926004155773203 0.06853149980266295 0.10385907734133021
0 0.03433253843586636 0.5560362109081854 0.06866507687173272 0.10992230504619793
0 0.028016663739536273 0.6610774669981851 0.056033327479072546 0.11706838910517503
