0 0.804688036441803 0.41422297805547714 0.13867199420928955 0.40322597324848175
0 0.6772460043430328 0.4178889989852905 0.12011700868606567 0.38709700107574463
0 0.5585939884185791 0.42302097380161285 0.11523401737213135 0.36510297656059265
0 0.8056640028953552 0.11143700033426285 0.13867199420928955 0.21994100511074066
0 0.6772460043430328 0.11730199679732323 0.12207001447677612 0.2316719964146614
0 0.5795899927616119 0.1231670044362545 0.07324200868606567 0.24340201169252396
0 0.5229490101337433 0.12536700069904327 0.04394501447677612 0.2478010058403015
0 0.4443359971046448 0.12829900532960892 0.11523401737213135 0.253666028380394
0 0.3662109971046448 0.12976500391960144 0.0351560115814209 0.25659799575805664
0 0.3198239803314209 0.13709699362516403 0.04980504512786865 0.27126099169254303
0 0.25 0.1392960026860237 0.08398401737213135 0.27566002309322357
0 0.16650402545928955 0.14222900569438934 0.0791020393371582 0.28152498602867126
0 0.4521480202674866 0.43181800842285156 0.1132810115814209 0.34164202213287354
0 0.3671879768371582 0.43181800842285156 0.0429689884185791 0.33577704429626465
0 0.3198239803314209 0.4347510039806366 0.05566394329071045 0.3328450322151184
0 0.25 0.43035200238227844 0.0859379768371582 0.3211140036582947
0 0.16308599710464478 0.44061601161956787 0.0859379768371582 0.315248966217041
0 0.07519501447677612 0.1414959952235222 0.08398401737213135 0.28005899488925934
0 0.07470697164535522 0.44134899973869324 0.0888669490814209 0.3167160153388977
3 0.5424800217151642 0.5865100026130676 0.10644501447677612 0.19354796409606934
