0 0.38749998807907104 0.5923609733581543 0.03796297311782837 0.0652780532836914
0 0.42500001192092896 0.5923609733581543 0.037037014961242676 0.0652780532836914
0 0.4629630148410797 0.5895829796791077 0.03888899087905884 0.0625
0 0.5023149698972702 0.5930560231208801 0.03981497883796692 0.06666696071624756
0 0.5425930023193359 0.59375 0.040740966796875 0.0652780532836914
0 0.5810189843177795 0.59375 0.03981494903564453 0.0652780532836914
0 0.6208329796791077 0.5909720063209534 0.03981494903564453 0.0625
0 0.6615740060806274 0.5854169726371765 0.03981494903564453 0.05416703224182129
0 0.7013890147209167 0.5923609733581543 0.03981494903564453 0.06805598735809326
0 0.7402780055999756 0.5930560231208801 0.037963032722473145 0.06666696071624756
0 0.7796300053596497 0.5902780294418335 0.040740966796875 0.0611109733581543
0 0.8194440007209778 0.5881940126419067 0.040740966796875 0.05694401264190674
0 0.26990699768066406 0.5416669845581055 0.02870398759841919 0.0333329439163208
0 0.29768499732017517 0.5423610210418701 0.026852011680603027 0.03194403648376465
0 0.3245370090007782 0.5409719944000244 0.026852011680603027 0.0291670560836792
0 0.3518519997596741 0.5409719944000244 0.027778029441833496 0.0291670560836792
0 0.37916699051856995 0.5423610210418701 0.026852011680603027 0.03194403648376465
0 0.406019002199173 0.5423610210418701 0.026852011680603027 0.03194403648376465
0 0.4324069917201996 0.5423610210418701 0.02592599391937256 0.03194403648376465
0 0.45833298563957214 0.5423610210418701 0.02592599391937256 0.03194403648376465
0 0.4856480062007904 0.5423610210418701 0.02870398759841919 0.03194403648376465
0 0.512499988079071 0.5423610210418701 0.02499997615814209 0.03194403648376465
0 0.5398150086402893 0.5430560111999512 0.029629945755004883 0.0333329439163208
0 0.5685189962387085 0.5430560111999512 0.027778029441833496 0.0333329439163208
0 0.5949069857597351 0.5430560111999512 0.02499997615814209 0.0333329439163208
0 0.6212959885597229 0.5430560111999512 0.027778029441833496 0.0333329439163208
0 0.6490740180015564 0.5430560111999512 0.027778029441833496 0.0333329439163208
0 0.6763889789581299 0.5430560111999512 0.026852011680603027 0.0333329439163208
0 0.7027779817581177 0.5423610210418701 0.02592599391937256 0.03194403648376465
0 0.7305560111999512 0.5423610210418701 0.029629945755004883 0.03194403648376465
0 0.3907409906387329 0.706250011920929 0.031481027603149414 0.1541670560836792
0 0.4231480062007904 0.7020829916000366 0.033333003520965576 0.1625000238418579
0 0.4587959945201874 0.6993060111999512 0.03796297311782837 0.17361104488372803
0 0.49953699111938477 0.6965280175209045 0.04166698455810547 0.18472206592559814
0 0.5412039756774902 0.7055559754371643 0.03981494903564453 0.1527780294418335
0 0.5814809799194336 0.7020829916000366 0.03888905048370361 0.1625000238418579
0 0.6259260177612305 0.6993060111999512 0.04814803600311279 0.17638897895812988
0 0.6773149967193604 0.6965280175209045 0.052778005599975586 0.18472206592559814
0 0.7416669726371765 0.7020829916000366 0.04999995231628418 0.1625000238418579
0 0.7949069738388062 0.6993060111999512 0.05463004112243652 0.16805601119995117
0 0.8541669845581055 0.6965280175209045 0.0638890266418457 0.18194401264190674
4 0.29398098587989807 0.7055559754371643 0.06388896703720093 0.16666698455810547
3 0.6277779936790466 0.5180559754371643 0.01666700839996338 0.022222042083740234
3 0.35277798771858215 0.7465280294418335 0.033333003520965576 0.09861099720001221
3 0.6736109852790833 0.7305560111999512 0.03055596351623535 0.052778005599975586
3 0.741204023361206 0.7437499761581421 0.023148059844970703 0.04583299160003662
3 0.778240978717804 0.7305560111999512 0.021296024322509766 0.04444396495819092
3 0.9148150086402893 0.7361109852790833 0.02407395839691162 0.03888905048370361
3 0.9810190200805664 0.7284719944000244 0.03240704536437988 0.04861104488372803
