0 0.8189657701079323 0.2650144127064563 0.19915373944024506 0.43587296160117467
0 0.6932789017390886 0.31403909903475846 0.17830131306538677 0.4137926529045419
0 0.5765243390695556 0.36132929689330795 0.17009422925952955 0.39097529419705773
0 0.7735411548295545 0.052340627751114394 0.17107167954011837 0.10468125550222879
0 0.6472243764476395 0.07940849600160528 0.1564225418215074 0.15881699200321056
0 0.5513815058986913 0.09810613676886488 0.10984901983341422 0.19621227353772977
0 0.4956080296460307 0.10771199844215998 0.08150038023535294 0.21542399688431996
0 0.4181804422486555 0.13092335691069096 0.15302038471199475 0.2618467138213819
0 0.3410116831767028 0.14905028922575211 0.07414151825687654 0.25841393841732546
0 0.29618244598122967 0.172641154850058 0.09089996126301642 0.27769473053981686
0 0.22734927733374077 0.19968366943249607 0.12543285204313379 0.29411564973998067
0 0.14508460950735033 0.2323120013435491 0.12149519492224725 0.29799170430284566
0 0.4724230597904847 0.4077721435990568 0.16456493605893052 0.3677987548744807
0 0.3882586529219867 0.4381130708390458 0.09401276891267057 0.3370694073973197
0 0.34178759207282644 0.4578379450911502 0.10613960857397087 0.33879372572523503
0 0.2719435072960094 0.47855858462228895 0.13433275790717017 0.3383651180932205
0 0.18741604263695505 0.5194317564516793 0.13343414448341143 0.3327455403462527
0 0.05878590229276938 0.26421793861832615 0.11757180458553876 0.2983305186580652
0 0.09997697692160573 0.5516959819960752 0.1365604617531802 0.33519718594020553
3 0.5856102962397217 0.5237307093968575 0.13510268258537872 0.22346136106577064
