0 0.070571307187074 0.6341055416140337 0.10965795971770581 0.2613151407105876
0 0.31429602578059906 0.048296066282388445 0.101872995606343 0.09659213256477689
0 0.3008702105615296 0.1195996392534219 0.1096512733214196 0.17940508812634393
0 0.2792298744091548 0.23775452356625865 0.11148488349173707 0.18311903327744347
0 0.25483842912295535 0.360399195101303 0.10941757765763258 0.16970451357349875
0 0.2312462667075841 0.4867566318843771 0.11256903443883476 0.17377951011126808
0 0.20675035181681833 0.618984941416117 0.10812549227189394 0.16132025749651535
0 0.17542284626336346 0.7554571066504169 0.11838008659776772 0.1705537986005261
0 0.391401842421263 0.0749886415680905 0.09255296929059409 0.149977283136181
0 0.45406981886617653 0.11875439141354044 0.08441616345342495 0.15482459557636769
0 0.5059287357477271 0.165293546283246 0.07470405253616924 0.14092100618139236
0 0.5535647075237508 0.20805492201716663 0.06920198129673039 0.12977707753619092
0 0.596449177210115 0.24601883230722743 0.06158210106799322 0.12126542408339006
0 0.6359117659827835 0.2839191851153782 0.05657218188509272 0.12149908605287638
0 0.6702221784893094 0.3151653924614648 0.053445295230824086 0.10939965529976853
0 0.7038609157023583 0.34185797866041184 0.049493788843101516 0.10831705824413385
0 0.7339477533633176 0.36932430481497747 0.04846014318835257 0.10160980038181994
0 0.7611302870282239 0.39337513262594614 0.04636808473842591 0.09621880154462709
0 0.7884412003490611 0.41658623385396687 0.04401639545929681 0.08914957496773973
0 0.8118015368570013 0.4387149927026386 0.04006488907157435 0.0880669779121051
0 0.8344900612935506 0.4562910179469506 0.03533818530871191 0.08195417668024979
0 0.8569202225414427 0.47554315181374035 0.035880784994650194 0.07728506344485508
0 0.8767155910127111 0.4940744124322154 0.037455940473893445 0.0793219133062934
0 0.3726289300582367 0.1750864503898407 0.09020133810989167 0.15962115370036972
0 0.4347552158914443 0.22181774791922393 0.08206566527250853 0.1477565985245053
0 0.48936511239120906 0.26386800509916025 0.07733777041143369 0.14164256776762507
0 0.5394937420334547 0.30381661757159634 0.06840106029427762 0.13277014148034172
0 0.5841999580402626 0.33441527771346446 0.06184054721044763 0.1229424639016275
0 0.35110486797555923 0.28803060483312204 0.09231929242572356 0.1569898215221728
0 0.416640237023453 0.33045236632051567 0.08469938314777309 0.14847816011073806
0 0.47294267129704093 0.365975897240695 0.07602091147380158 0.14128178697450872
0 0.5241051188326271 0.39921633066310347 0.06605055356474149 0.12570208895705565
0 0.5698577551199672 0.4274808779586642 0.06421674424377377 0.12198721261019646
0 0.6250958520588523 0.3674647602574625 0.05763059040596097 0.12018279929204345
0 0.3324741007732317 0.40001862249160447 0.09231929242572351 0.15698982152217283
0 0.39746781039578766 0.43704938514180525 0.08418248658855443 0.14512405273855128
0 0.456920852692394 0.46994041187959856 0.07498727223051738 0.13457457071576268
0 0.509517229871054 0.49833211176322995 0.07000209327598722 0.12678472170703603
0 0.5555155500625168 0.5205464920717198 0.06395829810131948 0.12031017279195905
0 0.5998085078690889 0.5449144832895771 0.05765536395785453 0.11215932400817641
0 0.31097480583098314 0.5217078554085535 0.09443711423795131 0.15435762953690801
0 0.37844823670568284 0.5515536626840059 0.08340728493910504 0.14009382082661898
0 0.44025277126792284 0.5780984829461551 0.07736353591088957 0.13361939081302332
0 0.49441265632384185 0.6008010176671836 0.06920200607163396 0.12977705775911297
0 0.5415857813591772 0.619841624931087 0.06344154686863401 0.11695700843397605
0 0.5853370818775663 0.6388186034438954 0.06029001568225467 0.11288116800640657
0 0.28725426269110366 0.6489050257085033 0.09681237314783198 0.15340206809776769
0 0.3594426125132898 0.670430337573061 0.08524187850836512 0.14380800883556
0 0.4212213901246935 0.688229822635845 0.07868039484852196 0.13398017160613962
0 0.4780031620940487 0.7072811336370112 0.07157741885666763 0.12882249480560004
0 0.5281985272508238 0.7245288870282683 0.06659201170227413 0.12103170664247997
0 0.5748172182350382 0.7338053504389723 0.06292466313234502 0.11360298426892501
0 0.2645802778959865 0.7737671381582836 0.09813017618489675 0.1537631075464866
0 0.3371681201959016 0.7971497746662304 0.09154394972405056 0.1519586743317486
0 0.4036738049951276 0.811000725511493 0.08286563192523194 0.14476329968114687
0 0.4617475212979978 0.8216686957141675 0.07261106664857137 0.13552976653576987
0 0.514165296701403 0.8334078472604076 0.07051886500926619 0.1301378385522295
0 0.560900290804528 0.8374735887601901 0.06449996393812185 0.11564077714456678
0 0.6605811215316904 0.39553715102548964 0.0563385007459124 0.11179851547934805
0 0.6939496192382892 0.4195339442237889 0.04766017439847425 0.10460308535732243
0 0.7246832165200308 0.44280977686781403 0.05003545040559432 0.10364763486102957
0 0.754099166341538 0.4657236587639454 0.046626389828656634 0.09789492608437267
0 0.780609971957428 0.48522081484086677 0.042158020285705256 0.0934591605719311
0 0.8047574940808437 0.506691330706691 0.04505018857773402 0.09585778971211317
0 0.8269162870968099 0.5232483162577715 0.04349964850092136 0.08579643834546846
0 0.8501346259077398 0.5418424499995553 0.0387480301339419 0.0877061971189887
0 0.870705133655721 0.555343490524542 0.03665597382117003 0.08231521214965187
0 0.6124461826380703 0.4540036619786172 0.05817225196845344 0.11551337590893929
0 0.6489780758164004 0.4797410128034011 0.055821753787536954 0.10844537885707695
0 0.6852385383900681 0.5027832271309196 0.050293892273738816 0.10532464694355526
0 0.71542968772387 0.5206668909829745 0.052153201296465945 0.10101534375136123
0 0.7448466209443196 0.5435810712083712 0.04714328638787524 0.1012490334565595
0 0.7717450936367363 0.5605626814257924 0.041382681858342374 0.08842804111721891
0 0.7963965342686273 0.5743068720003592 0.04533430016860818 0.08951064227167749
0 0.819743950824251 0.5920634288472282 0.04032333521402842 0.08974401773034235
0 0.8416315252091343 0.6059242953326835 0.040349034066438305 0.08172076938704909
0 0.8636492415542962 0.6189469659245856 0.03851449859560463 0.07800659729537585
0 0.6392206349232287 0.5653244106062512 0.05739691354109011 0.11048225645422705
0 0.6740221806266722 0.5844712169843536 0.05267009785568455 0.10436945112354801
0 0.706319289624505 0.6020579577843725 0.050319591126148366 0.09730139860026188
0 0.7357223130822307 0.6205996792822689 0.051119566327491706 0.09430815522832714
0 0.7639257975241673 0.6335691938209416 0.04585120100213658 0.09286477737957599
0 0.7909534954249664 0.649712270261388 0.04453329629282521 0.09250371007563829
0 0.8137582606076899 0.6620775854132226 0.037972841307421956 0.08267604841419185
0 0.8374805738883668 0.6729454236488729 0.03903124127967039 0.08135970618193533
0 0.8573933161055951 0.6862653017542204 0.03665598236978973 0.08231526762107555
0 0.627241704809633 0.6564167204018274 0.06134841565450311 0.11156482577414983
0 0.6625602030335669 0.6722094491928671 0.05347110173146752 0.1013763833195871
0 0.6968202841880131 0.6859643851082647 0.05189475515401143 0.09933830393312393
0 0.7277865706613729 0.6988178427346872 0.05111956632749137 0.09430815522832703
0 0.7565197865238928 0.7128063969665914 0.04639285401600979 0.08819529852504815
0 0.7932842192929979 0.7281223435236883 0.0666673653067047 0.0969614840945644
0 0.8293908908056598 0.743257099925434 0.04140744686161624 0.08040451036192808
0 0.8523250307976087 0.7547829105503784 0.03298757093094229 0.07488614779385161
0 0.6536037972830131 0.761507060690958 0.05086110736210758 0.0926310322029541
0 0.6870627873335696 0.7715477531259909 0.0445332962928251 0.09250371007563829
0 0.6171095125179415 0.7488878938016923 0.049518549572065695 0.10029349975313107
0 0.6040841728095881 0.8423142471042965 0.055563303370772754 0.1067683113031277
0 0.641754156887691 0.8517608110232598 0.05450488630128514 0.10808454259253675
0 0.67783501335109 0.8581502163083724 0.051353238918052324 0.10400867033043149
