0 0.5723499652305892 0.26887953215418536 0.07210764660788616 0.08495914621546347
0 0.5047960389127868 0.27085601516032953 0.07839184936740784 0.08705198425448094
0 0.4342271330116115 0.27387734913157263 0.07839185069342225 0.08705199938640604
0 0.5805984854598151 0.3417378820015402 0.07321222670595295 0.08364222046183933
0 0.5124921789239909 0.34450094045530594 0.07839184936740778 0.08705198425448091
0 0.44192336385481135 0.34752331096342215 0.07864537804260668 0.08994514781607948
0 0.5888287090312634 0.4072973297730743 0.07428129571206721 0.06798792617369825
0 0.5195545502877792 0.41091356212329216 0.0766171751613059 0.06680014196179418
0 0.44849680479611886 0.4154465706976125 0.07563940448533296 0.0695641639816727
0 0.6063034299966998 0.5499906953935549 0.07877209199165391 0.09139115458372282
0 0.5355625419708361 0.5581398738692913 0.07766765843042711 0.09270911522024883
0 0.46365475468673223 0.5671420652099239 0.08110797674495057 0.09020343089951954
0 0.612623435083826 0.6150218508009075 0.0742449675994189 0.053651431490527424
0 0.5412035351037946 0.6225125361359813 0.07696114604075532 0.05680282351985688
0 0.4694858293513775 0.6336838586834805 0.07857272181731006 0.06127215844973777
0 0.057019244667618124 0.27329352846844474 0.06649452470695619 0.1044361392578301
0 0.06390074358150404 0.36600254210805416 0.06377839732941329 0.1012846926127915
0 0.0702933969378395 0.4602231622570775 0.06280062665344027 0.10404871463267013
0 0.08008118564784193 0.5577371106291462 0.062420381377165136 0.09970951403957773
0 0.08783185628244009 0.6532746413998682 0.06415873542670594 0.10562495244064463
0 0.09751104338515265 0.7566393817425179 0.06356119676686266 0.11272802373436386
