0 0.6386719942092896 0.04178899712860584 0.015625 0.05425199493765831
0 0.6201170086860657 0.04178899712860584 0.021484017372131348 0.05425199493765831
0 0.5981450080871582 0.04252199921756983 0.0224609375 0.05571800284087658
0 0.5751950144767761 0.043255001306533813 0.023437976837158203 0.05425199866294861
0 0.6391600072383881 0.09530799835920334 0.016601979732513428 0.05278600752353668
0 0.6201170086860657 0.0960410013794899 0.021484017372131348 0.05132000148296356
0 0.5976560115814209 0.0960410013794899 0.023437976837158203 0.05132000148296356
0 0.5747070014476776 0.09750699996948242 0.022460997104644775 0.048386991024017334
0 0.6386719942092896 0.15689100325107574 0.015625 0.05278599262237549
0 0.6196289956569672 0.15689100325107574 0.022460997104644775 0.05278599262237549
0 0.5971679985523224 0.15689100325107574 0.022460997104644775 0.05278599262237549
0 0.5742189884185791 0.15835799276828766 0.023437976837158203 0.049852997064590454
0 0.6381840109825134 0.20967699587345123 0.016601920127868652 0.05571800470352173
0 0.6186519861221313 0.21041099727153778 0.0224609375 0.05425199866294861
0 0.5961909890174866 0.20967699587345123 0.02246105670928955 0.05278599262237549
0 0.5737299919128418 0.20967699587345123 0.0224609375 0.05278599262237549
0 0.6381840109825134 0.2712610065937042 0.014648079872131348 0.05278599262237549
0 0.6196289956569672 0.2712610065937042 0.022460997104644775 0.05278599262237549
0 0.5966799855232239 0.2719940021634102 0.023437976837158203 0.0542520135641098
0 0.5737299919128418 0.27272701263427734 0.0224609375 0.05278599262237549
0 0.6376950144767761 0.3247799873352051 0.015625 0.051320016384124756
0 0.6191410422325134 0.3240469992160797 0.021484017372131348 0.05278599262237549
0 0.5966799855232239 0.3247799873352051 0.023437976837158203 0.054252028465270996
0 0.5742189884185791 0.3262459933757782 0.021484017372131348 0.051320016384124756
0 0.6367189884185791 0.3856300115585327 0.015625 0.05278599262237549
0 0.6176759898662567 0.3856300115585327 0.022460997104644775 0.05278599262237549
0 0.5957030057907104 0.38636401295661926 0.021484017372131348 0.05425196886062622
0 0.5732420086860657 0.38709700107574463 0.023437976837158203 0.05278599262237549
0 0.6367189884185791 0.4384160041809082 0.015625 0.04985302686691284
0 0.6176759898662567 0.43768298625946045 0.022460997104644775 0.051320016384124756
0 0.5952149927616119 0.43768298625946045 0.022460997104644775 0.051320016384124756
0 0.5727539956569672 0.4384160041809082 0.022460997104644775 0.04985302686691284
0 0.6357420086860657 0.49926701188087463 0.01367199420928955 0.051320016384124756
0 0.6171879768371582 0.4985339939594269 0.023437976837158203 0.04985302686691284
0 0.5947269797325134 0.4985339939594269 0.021484017372131348 0.04985302686691284
0 0.5722659826278687 0.4985339939594269 0.023437976837158203 0.04985302686691284
0 0.6352539956569672 0.5498530268669128 0.014648020267486572 0.049852967262268066
0 0.6166990101337433 0.5491200089454651 0.022460997104644775 0.05131995677947998
0 0.5947269797325134 0.5498530268669128 0.021484017372131348 0.05278599262237549
0 0.5722659826278687 0.550586998462677 0.023437976837158203 0.05131995677947998
0 0.6357420086860657 0.6107040047645569 0.015625 0.05131995677947998
0 0.6166990101337433 0.6107040047645569 0.022460997104644775 0.05131995677947998
0 0.5942380130290985 0.6114370226860046 0.022460997104644775 0.05278599262237549
0 0.5712890028953552 0.6114370226860046 0.023437976837158203 0.05278599262237549
0 0.6352539956569672 0.6634899973869324 0.014648020267486572 0.05131995677947998
0 0.6166990101337433 0.6634899973869324 0.022460997104644775 0.05131995677947998
0 0.59375 0.6642230153083801 0.023437976837158203 0.05278599262237549
0 0.5703120231628418 0.6649559736251831 0.023437976837158203 0.05131995677947998
0 0.6342769861221313 0.72434002161026 0.014647960662841797 0.049852967262268066
0 0.6157230138778687 0.72434002161026 0.0224609375 0.049852967262268066
0 0.5927729606628418 0.725072979927063 0.023437976837158203 0.05131995677947998
0 0.570311963558197 0.72434002161026 0.021484017372131348 0.05278599262237549
0 0.632811963558197 0.7771260142326355 0.01367199420928955 0.05278599262237549
0 0.6142579913139343 0.7771260142326355 0.023437976837158203 0.05278599262237549
0 0.5917969942092896 0.7771260142326355 0.021484017372131348 0.05278599262237549
0 0.5698240101337433 0.7785919904708862 0.022460997104644775 0.049852967262268066
0 0.5507810115814209 0.035924000665545464 0.015625 0.05425200238823891
0 0.5317380130290985 0.037390001118183136 0.022460997104644775 0.05425199866294861
0 0.509276956319809 0.036657001823186874 0.022460997104644775 0.052786000072956085
0 0.4892579913139343 0.037390001118183136 0.01757800579071045 0.05132000148296356
0 0.5502929985523224 0.09017600119113922 0.016601979732513428 0.05132000148296356
0 0.53125 0.08944299817085266 0.021484017372131348 0.05278599262237549
0 0.509276956319809 0.09017600119113922 0.022460997104644775 0.05425199866294861
0 0.4892579913139343 0.09017600119113922 0.01757800579071045 0.05425199866294861
0 0.5493159890174866 0.1502929963171482 0.014648079872131348 0.05132000893354416
0 0.5307619869709015 0.1502929963171482 0.022460997104644775 0.05132000893354416
0 0.5092769861221313 0.15175999701023102 0.0205080509185791 0.05425199866294861
0 0.4887700080871582 0.15322600305080414 0.0205080509185791 0.05131998658180237
0 0.5493159890174866 0.20381200313568115 0.012694954872131348 0.05278599262237549
0 0.53125 0.2045450061559677 0.023437976837158203 0.05131998658180237
0 0.5087890028953552 0.2045450061559677 0.021484017372131348 0.05131998658180237
0 0.4882810115814209 0.2045450061559677 0.0195310115814209 0.05131998658180237
0 0.5483399927616119 0.2646630108356476 0.014648020267486572 0.048386991024017334
0 0.5302730202674866 0.26539599895477295 0.021484017372131348 0.0469210147857666
0 0.5087890028953552 0.2661289870738983 0.021484017372131348 0.048386991024017334
0 0.4887700080871582 0.26686200499534607 0.018555045127868652 0.0469210147857666
0 0.5478520393371582 0.31598201394081116 0.015625 0.05425196886062622
0 0.5292969942092896 0.31744900345802307 0.021484017372131348 0.051320016384124756
0 0.5078119933605194 0.31818199157714844 0.021483957767486572 0.05278599262237549
0 0.4877930283546448 0.3189150094985962 0.018555045127868652 0.051320016384124756
0 0.5478520393371582 0.37976500391960144 0.015625 0.05571800470352173
0 0.5292969942092896 0.380499005317688 0.021484017372131348 0.054252028465270996
0 0.5073240101337433 0.3790319859981537 0.022460997104644775 0.051320016384124756
0 0.4877930283546448 0.3790319859981537 0.016602039337158203 0.051320016384124756
0 0.5463869869709015 0.43255099654197693 0.014648020267486572 0.04985302686691284
0 0.5288090109825134 0.43255099654197693 0.02050793170928955 0.04985302686691284
0 0.5073240101337433 0.43255099654197693 0.022460997104644775 0.04985302686691284
0 0.4873049855232239 0.43181800842285156 0.01757800579071045 0.051320016384124756
0 0.5478520393371582 0.49193499982357025 0.015625 0.05131998658180237
0 0.5288090109825134 0.49340201914310455 0.02246105670928955 0.04838702082633972
0 0.5068359971046448 0.4926689863204956 0.021484017372131348 0.0469210147857666
0 0.4868159890174866 0.4926689863204956 0.018555045127868652 0.0469210147857666
0 0.546875 0.5454549789428711 0.015625 0.05278599262237549
0 0.5283200144767761 0.5454549789428711 0.021484017372131348 0.05278599262237549
0 0.5063479840755463 0.5461879968643188 0.022460997104644775 0.054252028465270996
0 0.4858400225639343 0.5461879968643188 0.018555045127868652 0.054252028465270996
0 0.5463869869709015 0.604839026927948 0.014648020267486572 0.054252028465270996
0 0.5283200144767761 0.605571985244751 0.021484017372131348 0.05278599262237549
0 0.5063479840755463 0.605571985244751 0.022460997104644775 0.05278599262237549
0 0.4858400225639343 0.6063050031661987 0.018555045127868652 0.05131995677947998
0 0.5458980202674866 0.6576250195503235 0.01367199420928955 0.05131995677947998
0 0.5278320014476776 0.6583579778671265 0.022460997104644775 0.049852967262268066
0 0.505858987569809 0.6583579778671265 0.021483957767486572 0.049852967262268066
0 0.4858400225639343 0.6583579778671265 0.018555045127868652 0.049852967262268066
0 0.5463869869709015 0.7199410200119019 0.016601979732513428 0.05278599262237549
0 0.5273439884185791 0.7199410200119019 0.021484017372131348 0.05278599262237549
0 0.505858987569809 0.7199410200119019 0.021483957767486572 0.05278599262237549
0 0.4853519797325134 0.7206739783287048 0.0195310115814209 0.05131995677947998
0 0.5463869869709015 0.7727270126342773 0.016601979732513428 0.049852967262268066
0 0.5268549919128418 0.7719939947128296 0.0224609375 0.05131995677947998
0 0.5048829913139343 0.7727270126342773 0.021484017372131348 0.05278599262237549
0 0.484375 0.7741940021514893 0.0195310115814209 0.049852967262268066
0 0.5458979606628418 0.8350440263748169 0.015625 0.054252028465270996
0 0.5273439884185791 0.8357769846916199 0.021484017372131348 0.05278599262237549
0 0.5053710043430328 0.8350440263748169 0.022460997104644775 0.05131995677947998
0 0.4853519797325134 0.8350440263748169 0.01757800579071045 0.05131995677947998
0 0.5444340109825134 0.8892959952354431 0.014648079872131348 0.05131995677947998
0 0.5263670086860657 0.8878300189971924 0.021484017372131348 0.054252028465270996
0 0.5039060115814209 0.8870970010757446 0.023437976837158203 0.05278599262237549
0 0.4838870167732239 0.8870970010757446 0.016602039337158203 0.05278599262237549
0 0.5449219942092896 0.949413001537323 0.015625 0.054252028465270996
0 0.5258789956569672 0.9501469731330872 0.022460997104644775 0.05278599262237549
0 0.5048829913139343 0.9472140073776245 0.023437976837158203 0.05278599262237549
0 0.4838870167732239 0.949413001537323 0.018555045127868652 0.04838705062866211
0 0.5449219942092896 0.9868040084838867 0.01757800579071045 0.023460030555725098
0 0.5249019861221313 0.9868040084838867 0.0224609375 0.023460030555725098
0 0.5029299855232239 0.9860699772834778 0.021484017372131348 0.02199399471282959
0 0.4833980202674866 0.9860699772834778 0.01757800579071045 0.02199399471282959
0 0.6337890028953552 0.839443027973175 0.015625 0.054252028465270996
0 0.6147460043430328 0.839443027973175 0.022460997104644775 0.054252028465270996
0 0.5922850072383881 0.8387100100517273 0.022460997104644775 0.05278599262237549
0 0.5717769861221313 0.8379769921302795 0.0185549259185791 0.054252028465270996
0 0.6328120231628418 0.8900290131568909 0.015625 0.049852967262268066
0 0.6137700080871582 0.8907619714736938 0.0224609375 0.04838705062866211
0 0.5917969942092896 0.8922290205955505 0.021484017372131348 0.05131995677947998
0 0.5708009898662567 0.8922290205955505 0.020507991313934326 0.05131995677947998
0 0.6323240101337433 0.9523460268974304 0.016601979732513428 0.05131995677947998
0 0.6137700080871582 0.9523460268974304 0.0205080509185791 0.05131995677947998
0 0.5908200144767761 0.9538120031356812 0.025390982627868652 0.054252028465270996
0 0.5708009898662567 0.9538120031356812 0.014648020267486572 0.054252028465270996
0 0.6318359971046448 0.989736020565033 0.015625 0.01759505271911621
0 0.6137700080871582 0.9882699847221375 0.0205080509185791 0.020527958869934082
0 0.5913090109825134 0.9882699847221375 0.02441394329071045 0.020527958869934082
0 0.570311963558197 0.9890030026435852 0.01757800579071045 0.019062042236328125
0 0.4599609971046448 0.028591998852789402 0.025390982627868652 0.05425199680030346
0 0.4370120167732239 0.028591998852789402 0.0205080509185791 0.05425199680030346
0 0.4150390028953552 0.03005899954587221 0.021484017372131348 0.05718499980866909
0 0.39257800579071045 0.028591998852789402 0.023437976837158203 0.05425199680030346
0 0.36962902545928955 0.028591998852789402 0.02246105670928955 0.05425199680030346
0 0.3471680283546448 0.028591998852789402 0.02246105670928955 0.05425199680030346
0 0.3251950144767761 0.028591998852789402 0.021484017372131348 0.05425199680030346
0 0.30273401737213135 0.02932600025087595 0.023437976837158203 0.05571800284087658
0 0.27929699420928955 0.02932600025087595 0.023437976837158203 0.05571800284087658
0 0.2573239803314209 0.028591998852789402 0.0205080509185791 0.05425199680030346
0 0.23486298322677612 0.028591998852789402 0.02441394329071045 0.05425199680030346
0 0.21240198612213135 0.02932600025087595 0.0205080509185791 0.05571800284087658
0 0.18994098901748657 0.02932600025087595 0.02441394329071045 0.05571800284087658
0 0.16699200868606567 0.02932600025087595 0.021484017372131348 0.05571800284087658
0 0.1445310115814209 0.02932600025087595 0.023437976837158203 0.05571800284087658
0 0.12158197164535522 0.03005899954587221 0.02246105670928955 0.05718499980866909
0 0.09863299131393433 0.03005899954587221 0.023437976837158203 0.05718499980866909
0 0.07568401098251343 0.03005899954587221 0.02246105670928955 0.05718499980866909
0 0.05224597454071045 0.03005899954587221 0.02441394329071045 0.05718499980866909
0 0.028320014476776123 0.02932600025087595 0.023437976837158203 0.05571800284087658
0 0.009276986122131348 0.02932600025087595 0.014647960662841797 0.05571800284087658
0 0.4609379768371582 0.08357799984514713 0.023437976837158203 0.052786003798246384
0 0.4379879832267761 0.08357799984514713 0.02246105670928955 0.052786003798246384
0 0.4150390028953552 0.08284500241279602 0.023437976837158203 0.05132000148296356
0 0.3920900225639343 0.08211099915206432 0.02246105670928955 0.05278599634766579
0 0.3701170086860657 0.08211099915206432 0.021484017372131348 0.05278599634766579
0 0.3481450080871582 0.08137799799442291 0.02246105670928955 0.05425199866294861
0 0.3251950144767761 0.08211100101470947 0.023437976837158203 0.05571800470352173
0 0.30224597454071045 0.08431100100278854 0.02246105670928955 0.05132000148296356
0 0.2802730202674866 0.08504399470984936 0.021484017372131348 0.05278599634766579
0 0.2583010196685791 0.08357799798250198 0.02246105670928955 0.05571800470352173
0 0.23584002256393433 0.08357799798250198 0.02246105670928955 0.05571800470352173
0 0.21289098262786865 0.08431100100278854 0.023437976837158203 0.05425199866294861
0 0.18994098901748657 0.0850439965724945 0.02246105670928955 0.05571800470352173
0 0.1679689884185791 0.08651000075042248 0.021484017372131348 0.05278599634766579
0 0.14550799131393433 0.08577699959278107 0.023437976837158203 0.05132000148296356
0 0.12207001447677612 0.08504399470984936 0.023437976837158203 0.05278599634766579
0 0.09912097454071045 0.08431100100278854 0.02246105670928955 0.05132000148296356
0 0.07665997743606567 0.08577699773013592 0.02246105670928955 0.04838699474930763
0 0.053710997104644775 0.08577699773013592 0.023437976837158203 0.04838699474930763
0 0.030273020267486572 0.0850439965724945 0.023437976837158203 0.049852997064590454
0 0.010742008686065674 0.08577699959278107 0.015625 0.05132000148296356
0 0.4604489803314209 0.14442799985408783 0.02246105670928955 0.05425199866294861
0 0.4379879832267761 0.14369499683380127 0.02246105670928955 0.05571800470352173
0 0.4150390028953552 0.1429619938135147 0.023437976837158203 0.05425199866294861
0 0.39257800579071045 0.14442799612879753 0.021484017372131348 0.051319994032382965
0 0.3706049919128418 0.14589400589466095 0.02246105670928955 0.05425199866294861
0 0.3481450080871582 0.1466280072927475 0.02246105670928955 0.05278599262237549
0 0.3251950144767761 0.1466280072927475 0.023437976837158203 0.05278599262237549
0 0.30224597454071045 0.14589400589466095 0.02246105670928955 0.05425199866294861
0 0.27929699420928955 0.1451610028743744 0.023437976837158203 0.05278599262237549
0 0.2573239803314209 0.14589400216937065 0.0205080509185791 0.051319994032382965
0 0.23584002256393433 0.1466280072927475 0.02246105670928955 0.05278599262237549
0 0.21337902545928955 0.14736099168658257 0.02246105670928955 0.051319994032382965
0 0.19091802835464478 0.14809399843215942 0.02246105670928955 0.05278599262237549
0 0.16894501447677612 0.1466280072927475 0.021484017372131348 0.05571800470352173
0 0.14648401737213135 0.14589400589466095 0.023437976837158203 0.05425199866294861
0 0.12353497743606567 0.14736099168658257 0.02246105670928955 0.051319994032382965
0 0.10058599710464478 0.1466280072927475 0.023437976837158203 0.049852997064590454
0 0.07714802026748657 0.1451610028743744 0.023437976837158203 0.05278599262237549
0 0.053710997104644775 0.1466280072927475 0.023437976837158203 0.05571800470352173
0 0.030762016773223877 0.1466280072927475 0.02246105670928955 0.05571800470352173
0 0.011229991912841797 0.1466280072927475 0.016602039337158203 0.05571800470352173
0 0.011229991912841797 0.20161299407482147 0.016602039337158203 0.05425199866294861
0 0.030762016773223877 0.20161299407482147 0.02246105670928955 0.05425199866294861
0 0.05273401737213135 0.20161299407482147 0.021484017372131348 0.05425199866294861
0 0.07519501447677612 0.2008800059556961 0.023437976837158203 0.05571800470352173
0 0.0981450080871582 0.19867999851703644 0.02246105670928955 0.05131998658180237
0 0.12158197164535522 0.199413001537323 0.02441394329071045 0.049852997064590454
0 0.14404302835464478 0.20014700293540955 0.0205080509185791 0.051320016384124756
0 0.16650402545928955 0.2008800059556961 0.02441394329071045 0.049852997064590454
0 0.18994098901748657 0.20161299407482147 0.02246105670928955 0.05131998658180237
0 0.21191400289535522 0.20014700293540955 0.021484017372131348 0.05425199866294861
0 0.23486298322677612 0.19867999851703644 0.02441394329071045 0.05131998658180237
0 0.2578120231628418 0.19867999851703644 0.021484017372131348 0.05131998658180237
0 0.2797849774360657 0.19867999851703644 0.02246105670928955 0.05131998658180237
0 0.30224597454071045 0.19867999851703644 0.02246105670928955 0.05131998658180237
0 0.3247069716453552 0.19794699549674988 0.02246105670928955 0.049852997064590454
0 0.3471680283546448 0.19867999851703644 0.02246105670928955 0.048386991024017334
0 0.36962902545928955 0.19867999851703644 0.02246105670928955 0.048386991024017334
0 0.3911129832267761 0.1972140073776245 0.0205080509185791 0.051320016384124756
0 0.4135739803314209 0.19794699549674988 0.02441394329071045 0.05278599262237549
0 0.4370120167732239 0.19867999851703644 0.02246105670928955 0.05131998658180237
0 0.4599609971046448 0.19794699549674988 0.023437976837158203 0.049852997064590454
0 0.45947301387786865 0.26026400923728943 0.02441394329071045 0.051320016384124756
0 0.4365230202674866 0.2595309913158417 0.021484017372131348 0.05278599262237549
0 0.4150390028953552 0.2595309913158417 0.021484017372131348 0.05278599262237549
0 0.39257800579071045 0.2595309913158417 0.023437976837158203 0.05278599262237549
0 0.36962902545928955 0.2587980031967163 0.02246105670928955 0.051320016384124756
0 0.3471680283546448 0.25953099876642227 0.02246105670928955 0.04985301196575165
0 0.3247069716453552 0.25953099876642227 0.02246105670928955 0.04985301196575165
0 0.30224597454071045 0.25953099876642227 0.02246105670928955 0.04985301196575165
0 0.2797849774360657 0.2609969973564148 0.02246105670928955 0.05278599262237549
0 0.2573239803314209 0.2609969973564148 0.02246105670928955 0.05278599262237549
0 0.23486298322677612 0.2609969973564148 0.02246105670928955 0.05278599262237549
0 0.21337902545928955 0.26172998547554016 0.0205080509185791 0.051320016384124756
0 0.1914060115814209 0.2624630033969879 0.023437976837158203 0.05278599262237549
0 0.16845697164535522 0.2631959915161133 0.02246105670928955 0.051320016384124756
0 0.14599597454071045 0.2609969973564148 0.02246105670928955 0.0469210147857666
0 0.12255901098251343 0.26026400923728943 0.02441394329071045 0.048386991024017334
0 0.09960901737213135 0.2624630033969879 0.021484017372131348 0.05278599262237549
0 0.07714802026748657 0.2624630033969879 0.023437976837158203 0.05278599262237549
0 0.0541989803314209 0.2631959989666939 0.02246105670928955 0.0542520135641098
0 0.03125 0.2631959989666939 0.023437976837158203 0.0542520135641098
0 0.01025402545928955 0.2631959989666939 0.018555045127868652 0.0542520135641098
0 0.009765982627868652 0.3167159855365753 0.01757800579071045 0.05278599262237549
0 0.030273020267486572 0.3167159855365753 0.023437976837158203 0.05278599262237549
0 0.0541989803314209 0.31744900345802307 0.02441394329071045 0.05425196886062622
0 0.07714802026748657 0.31744900345802307 0.021484017372131348 0.05425196886062622
0 0.09912097454071045 0.3167159855365753 0.02246105670928955 0.05278599262237549
0 0.12255901098251343 0.31744900345802307 0.02441394329071045 0.051320016384124756
0 0.1450200080871582 0.31744900345802307 0.0205080509185791 0.051320016384124756
0 0.16650402545928955 0.31744900345802307 0.02246105670928955 0.051320016384124756
0 0.18994098901748657 0.31598201394081116 0.02441394329071045 0.048386991024017334
0 0.21289098262786865 0.3137829899787903 0.021484017372131348 0.05278599262237549
0 0.23486298322677612 0.31451600790023804 0.02246105670928955 0.054252028465270996
0 0.2578120231628418 0.3152489960193634 0.023437976837158203 0.05278599262237549
0 0.2802730202674866 0.31451600790023804 0.021484017372131348 0.051320016384124756
0 0.30224597454071045 0.31231701374053955 0.02246105670928955 0.05571800470352173
0 0.3247069716453552 0.3115839958190918 0.02246105670928955 0.054252028465270996
0 0.3471680283546448 0.3115839958190918 0.02246105670928955 0.054252028465270996
0 0.36914098262786865 0.31084999442100525 0.021484017372131348 0.05278599262237549
0 0.3916019797325134 0.3115839958190918 0.023437976837158203 0.051320016384124756
0 0.4140620231628418 0.3130500018596649 0.021484017372131348 0.05425196886062622
0 0.4360349774360657 0.3130500018596649 0.02246105670928955 0.05425196886062622
0 0.4580079913139343 0.3115839958190918 0.021484017372131348 0.051320016384124756
0 0.45849597454071045 0.3731670081615448 0.02246105670928955 0.048386991024017334
0 0.4365230202674866 0.3731670081615448 0.021484017372131348 0.048386991024017334
0 0.4145510196685791 0.3731670081615448 0.02246105670928955 0.048386991024017334
0 0.39257800579071045 0.37243399024009705 0.021484017372131348 0.04985302686691284
0 0.3710939884185791 0.37389999628067017 0.021484017372131348 0.05278599262237549
0 0.3481450080871582 0.3746330142021179 0.02441394329071045 0.054252028465270996
0 0.3251950144767761 0.3753669857978821 0.021484017372131348 0.05571800470352173
0 0.30273401737213135 0.3746330142021179 0.021484017372131348 0.05718499422073364
0 0.28125 0.37389999628067017 0.021484017372131348 0.05571800470352173
0 0.2587890028953552 0.37610000371932983 0.023437976837158203 0.051320016384124756
0 0.23584002256393433 0.3768329918384552 0.02246105670928955 0.05278599262237549
0 0.21337902545928955 0.3768329918384552 0.02246105670928955 0.05278599262237549
0 0.19042998552322388 0.3768329918384552 0.023437976837158203 0.05278599262237549
0 0.1679689884185791 0.37756600975990295 0.021484017372131348 0.051320016384124756
0 0.1450200080871582 0.3768329918384552 0.02441394329071045 0.04985302686691284
0 0.12158197164535522 0.37610000371932983 0.02246105670928955 0.051320016384124756
0 0.09863299131393433 0.37756600975990295 0.023437976837158203 0.05425196886062622
0 0.07568401098251343 0.3782989978790283 0.02246105670928955 0.05278599262237549
0 0.05322301387786865 0.3782989978790283 0.02246105670928955 0.05278599262237549
0 0.030762016773223877 0.3782989978790283 0.02246105670928955 0.05278599262237549
0 0.01025402545928955 0.37756600975990295 0.018555045127868652 0.051320016384124756
0 0.009765982627868652 0.4310849905014038 0.01757800579071045 0.05571800470352173
0 0.029784977436065674 0.43255099654197693 0.02246105670928955 0.05278599262237549
0 0.05224597454071045 0.43181800842285156 0.02246105670928955 0.051320016384124756
0 0.07519501447677612 0.4310849905014038 0.023437976837158203 0.05278599262237549
0 0.09863299131393433 0.4288859963417053 0.023437976837158203 0.048386991024017334
0 0.12158197164535522 0.4288859963417053 0.02246105670928955 0.048386991024017334
0 0.1450200080871582 0.4288859963417053 0.02441394329071045 0.048386991024017334
0 0.1674799919128418 0.4288859963417053 0.0205080509185791 0.048386991024017334
0 0.18994098901748657 0.4296190142631531 0.02441394329071045 0.04985302686691284
0 0.21289098262786865 0.4288859963417053 0.021484017372131348 0.051320016384124756
0 0.23486298322677612 0.4296190142631531 0.02246105670928955 0.05278599262237549
0 0.2573239803314209 0.4296190142631531 0.02246105670928955 0.05278599262237549
0 0.27929699420928955 0.4288859963417053 0.021484017372131348 0.051320016384124756
0 0.3012700080871582 0.4288859963417053 0.02246105670928955 0.051320016384124756
0 0.3242189884185791 0.4296190142631531 0.023437976837158203 0.05278599262237549
0 0.3476560115814209 0.4296190142631531 0.023437976837158203 0.05278599262237549
0 0.36865198612213135 0.4281519949436188 0.018555045127868652 0.04985302686691284
0 0.390625 0.4274190068244934 0.025390982627868652 0.051320016384124756
0 0.4135739803314209 0.4281519949436188 0.0205080509185791 0.05278599262237549
0 0.43554699420928955 0.4281519949436188 0.023437976837158203 0.05278599262237549
0 0.45898401737213135 0.4274190068244934 0.023437976837158203 0.051320016384124756
0 0.4580079913139343 0.4875369966030121 0.021484017372131348 0.051320016384124756
0 0.4365230202674866 0.48827001452445984 0.021484017372131348 0.04985302686691284
0 0.4135739803314209 0.48827001452445984 0.02441394329071045 0.04985302686691284
0 0.3911129832267761 0.4868040084838867 0.0205080509185791 0.05278599262237549
0 0.36914098262786865 0.4868040084838867 0.023437976837158203 0.05278599262237549
0 0.3466799855232239 0.48827001452445984 0.021484017372131348 0.04985302686691284
0 0.3242189884185791 0.489002987742424 0.023437976837158203 0.05131998658180237
0 0.30224597454071045 0.489002987742424 0.0205080509185791 0.05131998658180237
0 0.2802730202674866 0.489002987742424 0.023437976837158203 0.05131998658180237
0 0.2573239803314209 0.48973599076271057 0.02246105670928955 0.04985302686691284
0 0.23486298322677612 0.4904690086841583 0.02246105670928955 0.051320016384124756
0 0.21191400289535522 0.48973600566387177 0.023437976837158203 0.052786022424697876
0 0.18896502256393433 0.4904690086841583 0.02246105670928955 0.05425196886062622
0 0.1674799919128418 0.49193499982357025 0.0205080509185791 0.05131998658180237
0 0.1450200080871582 0.4912019819021225 0.02441394329071045 0.049852997064590454
0 0.1206049919128418 0.48973600566387177 0.02441394329071045 0.052786022424697876
0 0.0976560115814209 0.4904690086841583 0.021484017372131348 0.05425196886062622
0 0.07519501447677612 0.4912019968032837 0.023437976837158203 0.05278599262237549
0 0.05273401737213135 0.4912019968032837 0.021484017372131348 0.05278599262237549
0 0.03125 0.4904690086841583 0.023437976837158203 0.05425196886062622
0 0.011718988418579102 0.4912019968032837 0.0195310115814209 0.05278599262237549
0 0.4575200080871582 0.538856029510498 0.02441394329071045 0.05131995677947998
0 0.4350590109825134 0.539588987827301 0.0205080509185791 0.05278599262237549
0 0.4130859971046448 0.538856029510498 0.023437976837158203 0.05131995677947998
0 0.3911129832267761 0.539588987827301 0.0205080509185791 0.049852967262268066
0 0.36962902545928955 0.54032301902771 0.02246105670928955 0.05131995677947998
0 0.3476560115814209 0.539588987827301 0.021484017372131348 0.05278599262237549
0 0.3242189884185791 0.538856029510498 0.025390982627868652 0.05131995677947998
0 0.3012700080871582 0.538856029510498 0.0205080509185791 0.05131995677947998
0 0.27929699420928955 0.5410559773445129 0.023437976837158203 0.05571794509887695
0 0.25634801387786865 0.5417889952659607 0.02246105670928955 0.054252028465270996
0 0.23290997743606567 0.5410559773445129 0.02441394329071045 0.05278599262237549
0 0.2104489803314209 0.5417889952659607 0.0205080509185791 0.05131995677947998
0 0.18896502256393433 0.5432549715042114 0.02246105670928955 0.054252028465270996
0 0.16650402545928955 0.5432549715042114 0.02246105670928955 0.054252028465270996
0 0.14306598901748657 0.5425220131874084 0.02441394329071045 0.05278599262237549
0 0.1210939884185791 0.5425220131874084 0.0195310115814209 0.05278599262237549
0 0.09960901737213135 0.5432549715042114 0.023437976837158203 0.054252028465270996
0 0.07568401098251343 0.5432549715042114 0.02441394329071045 0.054252028465270996
0 0.05224597454071045 0.5454549789428711 0.02246105670928955 0.05571794509887695
0 0.029784977436065674 0.5454549789428711 0.02246105670928955 0.05571794509887695
0 0.009765982627868652 0.5454549789428711 0.01757800579071045 0.05571794509887695
0 0.45849597454071045 0.6004400253295898 0.02246105670928955 0.054252028465270996
0 0.4360349774360657 0.6004400253295898 0.02246105670928955 0.054252028465270996
0 0.4130859971046448 0.5997070074081421 0.023437976837158203 0.05278599262237549
0 0.3901370167732239 0.6011729836463928 0.02246105670928955 0.049852967262268066
0 0.36865198612213135 0.6019060015678406 0.0205080509185791 0.05131995677947998
0 0.3461909890174866 0.6019060015678406 0.02441394329071045 0.05131995677947998
0 0.32226598262786865 0.6019060015678406 0.023437976837158203 0.05131995677947998
0 0.2998049855232239 0.6026390194892883 0.021484017372131348 0.049852967262268066
0 0.2788090109825134 0.6033719778060913 0.0205080509185791 0.05131995677947998
0 0.2568359971046448 0.6026390194892883 0.023437976837158203 0.05278599262237549
0 0.234375 0.6011729836463928 0.021484017372131348 0.049852967262268066
0 0.21191400289535522 0.6019060015678406 0.023437976837158203 0.04838705062866211
0 0.18798798322677612 0.6041060090065002 0.02441394329071045 0.05278599262237549
0 0.16552698612213135 0.6041060090065002 0.0205080509185791 0.05278599262237549
0 0.14404302835464478 0.605571985244751 0.02246105670928955 0.05571794509887695
0 0.12158197164535522 0.6063050031661987 0.02246105670928955 0.054252028465270996
0 0.0981450080871582 0.604839026927948 0.02441394329071045 0.05131995677947998
0 0.07519501447677612 0.6041060090065002 0.021484017372131348 0.05278599262237549
0 0.053710997104644775 0.605571985244751 0.021484017372131348 0.05571794509887695
0 0.030762016773223877 0.6070380210876465 0.02441394329071045 0.05278599262237549
0 0.01025402545928955 0.6085039973258972 0.016602039337158203 0.05571794509887695
0 0.4580079913139343 0.6539589762687683 0.021484017372131348 0.049852967262268066
0 0.43554699420928955 0.6524930000305176 0.023437976837158203 0.05278599262237549
0 0.4135739803314209 0.6524930000305176 0.0205080509185791 0.05278599262237549
0 0.4565430283546448 0.7683280110359192 0.0205080509185791 0.05278599262237549
0 0.4340819716453552 0.7675949931144714 0.02441394329071045 0.054252028465270996
0 0.41162097454071045 0.7690619826316833 0.0205080509185791 0.05718505382537842
0 0.3896480202674866 0.7690619826316833 0.023437976837158203 0.05718505382537842
0 0.3671879768371582 0.7675949931144714 0.021484017372131348 0.054252028465270996
0 0.3447269797325134 0.7675949931144714 0.023437976837158203 0.054252028465270996
0 0.32226598262786865 0.7675949931144714 0.021484017372131348 0.054252028465270996
0 0.3002930283546448 0.7683280110359192 0.02246105670928955 0.05278599262237549
0 0.2773439884185791 0.7683280110359192 0.023437976837158203 0.05278599262237549
0 0.2543950080871582 0.7675949931144714 0.02246105670928955 0.054252028465270996
0 0.23242199420928955 0.7683280110359192 0.021484017372131348 0.05571794509887695
0 0.20996099710464478 0.7705280184745789 0.023437976837158203 0.05131995677947998
0 0.18701201677322388 0.7712609767913818 0.02246105670928955 0.05278599262237549
0 0.1645510196685791 0.7719939947128296 0.02246105670928955 0.05131995677947998
0 0.14160197973251343 0.7719939947128296 0.023437976837158203 0.05131995677947998
0 0.11865198612213135 0.7719939947128296 0.02246105670928955 0.05131995677947998
0 0.09619098901748657 0.7719939947128296 0.02246105670928955 0.05131995677947998
0 0.07324200868606567 0.7719939947128296 0.023437976837158203 0.05131995677947998
0 0.04980498552322388 0.7727270126342773 0.023437976837158203 0.05278599262237549
0 0.0273439884185791 0.774927020072937 0.021484017372131348 0.04838705062866211
0 0.009765982627868652 0.77565997838974 0.01367199420928955 0.049852967262268066
0 0.4555659890174866 0.829912006855011 0.02246105670928955 0.05278599262237549
0 0.4335939884185791 0.829912006855011 0.021484017372131348 0.05278599262237549
0 0.4111329913139343 0.8291789889335632 0.023437976837158203 0.05131995677947998
0 0.38867199420928955 0.829912006855011 0.021484017372131348 0.049852967262268066
0 0.3666989803314209 0.8306450247764587 0.02246105670928955 0.05131995677947998
0 0.3447269797325134 0.829912006855011 0.021484017372131348 0.05278599262237549
0 0.32226598262786865 0.829912006855011 0.023437976837158203 0.05278599262237549
0 0.2993159890174866 0.8306450247764587 0.02246105670928955 0.05131995677947998
0 0.2763670086860657 0.8328449726104736 0.023437976837158203 0.05571794509887695
0 0.2539060115814209 0.8335779905319214 0.021484017372131348 0.054252028465270996
0 0.23242199420928955 0.8335779905319214 0.021484017372131348 0.054252028465270996
0 0.20996099710464478 0.8335779905319214 0.023437976837158203 0.054252028465270996
0 0.18701201677322388 0.8335779905319214 0.02246105670928955 0.054252028465270996
0 0.1640620231628418 0.8335779905319214 0.023437976837158203 0.054252028465270996
0 0.140625 0.8335779905319214 0.023437976837158203 0.054252028465270996
0 0.1176760196685791 0.8357769846916199 0.02246105670928955 0.049852967262268066
0 0.09570300579071045 0.8372430205345154 0.021484017372131348 0.05278599262237549
0 0.0737299919128418 0.8387100100517273 0.02246105670928955 0.049852967262268066
0 0.0507810115814209 0.8387100100517273 0.023437976837158203 0.049852967262268066
0 0.0273439884185791 0.8379769921302795 0.023437976837158203 0.05131995677947998
0 0.008301019668579102 0.839443027973175 0.014647960662841797 0.054252028465270996
0 0.45507800579071045 0.8841639757156372 0.023437976837158203 0.05278599262237549
0 0.4331049919128418 0.8812320232391357 0.0205080509185791 0.058650970458984375
0 0.4101560115814209 0.8812320232391357 0.025390982627868652 0.058650970458984375
0 0.3872069716453552 0.8834310173988342 0.0205080509185791 0.054252028465270996
0 0.36474597454071045 0.8834310173988342 0.02441394329071045 0.054252028465270996
0 0.3427730202674866 0.8826979994773865 0.0195310115814209 0.05571794509887695
0 0.32177698612213135 0.8819649815559387 0.02246105670928955 0.05131995677947998
0 0.2993159890174866 0.8834310173988342 0.02246105670928955 0.04838705062866211
0 0.27539098262786865 0.8863639831542969 0.025390982627868652 0.054252028465270996
0 0.2529299855232239 0.8863639831542969 0.0195310115814209 0.054252028465270996
0 0.2304689884185791 0.8856300115585327 0.025390982627868652 0.05278599262237549
0 0.20800799131393433 0.8863639831542969 0.0195310115814209 0.05131995677947998
0 0.18554699420928955 0.8870970010757446 0.025390982627868652 0.05278599262237549
0 0.16210901737213135 0.8863639831542969 0.021484017372131348 0.054252028465270996
0 0.13964802026748657 0.8863639831542969 0.023437976837158203 0.054252028465270996
0 0.1176760196685791 0.8878300189971924 0.0205080509185791 0.05131995677947998
0 0.09423798322677612 0.8892959952354431 0.0263669490814209 0.054252028465270996
0 0.0708010196685791 0.8885629773139954 0.0205080509185791 0.05571794509887695
0 0.048340022563934326 0.8892959952354431 0.02441394329071045 0.05718505382537842
0 0.025390982627868652 0.8907619714736938 0.021484017372131348 0.054252028465270996
0 0.007812023162841797 0.8907619714736938 0.01367199420928955 0.054252028465270996
0 0.4541019797325134 0.9464809894561768 0.023437976837158203 0.05131995677947998
0 0.43164098262786865 0.945015013217926 0.021484017372131348 0.054252028465270996
0 0.4091799855232239 0.945015013217926 0.023437976837158203 0.054252028465270996
0 0.3862299919128418 0.9442819952964783 0.02246105670928955 0.05571794509887695
0 0.3637700080871582 0.9435480237007141 0.02246105670928955 0.054252028465270996
0 0.3422849774360657 0.945015013217926 0.0205080509185791 0.05131995677947998
0 0.3198239803314209 0.9472140073776245 0.02441394329071045 0.05571794509887695
0 0.2963870167732239 0.9472140073776245 0.02246105670928955 0.05571794509887695
0 0.2739260196685791 0.9464809894561768 0.02246105670928955 0.054252028465270996
0 0.25195300579071045 0.9472140073776245 0.021484017372131348 0.05278599262237549
0 0.22949200868606567 0.9479470252990723 0.023437976837158203 0.054252028465270996
0 0.2070310115814209 0.949413001537323 0.021484017372131348 0.05131995677947998
0 0.18457001447677612 0.949413001537323 0.023437976837158203 0.05131995677947998
0 0.16113299131393433 0.949413001537323 0.023437976837158203 0.05131995677947998
0 0.13915997743606567 0.9516130089759827 0.0205080509185791 0.05571794509887695
0 0.1176760196685791 0.9516130089759827 0.02246105670928955 0.05571794509887695
0 0.09375 0.9508799910545349 0.025390982627868652 0.054252028465270996
0 0.0698239803314209 0.9530789852142334 0.02246105670928955 0.049852967262268066
0 0.046875 0.9545450210571289 0.023437976837158203 0.05278599262237549
0 0.0239260196685791 0.9545450210571289 0.02246105670928955 0.05278599262237549
0 0.006348013877868652 0.9545450210571289 0.012694954872131348 0.05278599262237549
