0 0.15382138464579476 0.4765838305378506 0.17170212358907447 0.44093124591954386
0 0.27855969315167023 0.4557458855014419 0.15213562268390013 0.42078277885862936
0 0.3948493638263745 0.43811060003053104 0.1453871737200898 0.3972496756004424
0 0.12558698311520244 0.16577592058488785 0.15518777010764548 0.2526763171000865
0 0.25147618457760845 0.147008157165619 0.1400380199577837 0.26152030354330325
0 0.34733575023774776 0.13417917465526505 0.09342936032598687 0.26414187733053734
0 0.4028265060418292 0.12850304020710715 0.06522619765918403 0.2570060804142143
0 0.4798321599124865 0.12736715654776629 0.1353464749555493 0.25473431309553257
0 0.5562293287063883 0.11746679680081117 0.05743906135079424 0.23493359360162233
0 0.6021726378559623 0.12122673404252624 0.07306051173796435 0.24245346808505247
0 0.6705324549863925 0.11839529076766865 0.10682214750154395 0.2367905815353373
0 0.7523049117332115 0.11311225747753899 0.10258483989573852 0.22622451495507798
0 0.4995538053678301 0.4265962003578664 0.14136678274889003 0.37277551480628257
0 0.5824912063206038 0.41019420040992177 0.0722002302710999 0.35317738234315577
0 0.6289918778193895 0.4040628492075282 0.08432877621029389 0.35261669603964707
0 0.6967572005872558 0.3860646637696973 0.11282508643777955 0.3464121359203776
0 0.7825268515135368 0.3798277697046949 0.11229663447321958 0.3403880619483272
0 0.8413740847084714 0.10378115006191657 0.10721850392909327 0.20756230012383314
0 0.8688678825821022 0.36351858046812113 0.11528806086954946 0.3424603456910571
3 0.42531041865067154 0.6029219101696738 0.12134992109849246 0.21934600156581735
