0 0.5722659826278687 0.29629600048065186 0.06901001930236816 0.07692301273345947
0 0.5013020038604736 0.29131099581718445 0.07552099227905273 0.07834798097610474
0 0.42708301544189453 0.2870369777083397 0.07552099227905273 0.07834799587726593
0 0.5742189884185791 0.3682340085506439 0.0703120231628418 0.07549899816513062
0 0.5026040077209473 0.36395999789237976 0.07552099227905273 0.07834798097610474
0 0.42838501930236816 0.3596870005130768 0.07552099227905273 0.08119702339172363
0 0.5768229961395264 0.4330480098724365 0.07291698455810547 0.059828996658325195
0 0.5039060115814209 0.4294869899749756 0.07552099227905273 0.05840498208999634
0 0.429036021232605 0.42663800716400146 0.0742189884185791 0.061254024505615234
0 0.5820310115814209 0.5740739703178406 0.07552099227905273 0.08262097835540771
0 0.5071609914302826 0.5747860074043274 0.07421904802322388 0.08404600620269775
0 0.43098998069763184 0.5762109756469727 0.078125 0.08119702339172363
0 0.5826820135116577 0.6381769776344299 0.0742189884185791 0.04558396339416504
0 0.5071609914302826 0.6381769776344299 0.07682305574417114 0.04843294620513916
0 0.43098998069763184 0.6417379975318909 0.078125 0.05270695686340332
0 0.031901001930236816 0.24786299467086792 0.06119799613952637 0.09686601161956787
0 0.030598998069763184 0.33903101086616516 0.0585939884185791 0.09401696920394897
0 0.028645992279052734 0.43162399530410767 0.05729198455810547 0.09686601161956787
0 0.029947996139526367 0.5277780145406723 0.05729198455810547 0.0925929844379425
0 0.02929699420928955 0.6217949986457825 0.0585939884185791 0.09829103946685791
0 0.029947996139526367 0.7236469984054565 0.05729198455810547 0.10541296005249023
