3 0.20556600391864777 0.43777498602867126 0.030272990465164185 0.09956097602844238
3 0.27099600434303284 0.4509519934654236 0.041992008686065674 0.10541701316833496
3 0.4052729904651642 0.450219988822937 0.03320300579071045 0.1068810224533081
3 0.49462899565696716 0.4494880139827728 0.04589802026748657 0.09956097602844238
3 0.6005859971046448 0.4494880139827728 0.04492199420928955 0.0937039852142334
3 0.6748049855232239 0.49560800194740295 0.0351560115814209 0.09809702634811401
3 0.7827150225639343 0.5139089822769165 0.04394495487213135 0.09077596664428711
0 0.16650399565696716 0.0351389991119504 0.045897990465164185 0.03806700371205807
0 0.21826200187206268 0.03440700192004442 0.053710997104644775 0.0424600001424551
0 0.2724609896540642 0.03513899818062782 0.0546879917383194 0.0409960001707077
0 0.3208009898662567 0.033674999140203 0.041992008686065674 0.03806699998676777
0 0.36132800579071045 0.03440700005739927 0.0390620231628418 0.03660299815237522
0 0.4013670086860657 0.0351389991119504 0.04101598262786865 0.03806700371205807
0 0.4418950080871582 0.03440700098872185 0.040039002895355225 0.03953099995851517
0 0.4892579913139343 0.032942998223006725 0.0546879768371582 0.03660299815237522
0 0.5439450144767761 0.032942998223006725 0.0546879768371582 0.03660299815237522
0 0.5917969942092896 0.03513899818062782 0.04101598262786865 0.0409960001707077
0 0.6333010196685791 0.03440700192004442 0.0419919490814209 0.0424600001424551
0 0.6738280057907104 0.0329429991543293 0.0390620231628418 0.03953099995851517
0 0.71875 0.0351389991119504 0.0507810115814209 0.03513900004327297
0 0.7695310115814209 0.033675000071525574 0.0507810115814209 0.032210998237133026
0 0.7690430283546448 0.08565200120210648 0.0517580509185791 0.0717419981956482
0 0.7690430283546448 0.14128799736499786 0.0517580509185791 0.03953099250793457
0 0.16601599752902985 0.10907799564301968 0.046875 0.10395299270749092
0 0.21630899608135223 0.10761299543082714 0.053710997104644775 0.10688099637627602
0 0.2724609971046448 0.10761299543082714 0.0585939884185791 0.10688099637627602
0 0.3212890028953552 0.10761299543082714 0.0390620231628418 0.10688099637627602
0 0.36132800579071045 0.10761299543082714 0.04101598262786865 0.10688099637627602
0 0.4013670086860657 0.10761299543082714 0.0390620231628418 0.10688099637627602
0 0.4414060115814209 0.10614900477230549 0.04101598262786865 0.10395300015807152
0 0.4887700229883194 0.10614900477230549 0.05371102690696716 0.10395300015807152
0 0.5434569716453552 0.10761299543082714 0.05566394329071045 0.10688099637627602
0 0.5913090109825134 0.10761299543082714 0.04003894329071045 0.10688099637627602
0 0.6313480138778687 0.10761299543082714 0.04003894329071045 0.10688099637627602
0 0.671875 0.10688100010156631 0.04101598262786865 0.10834600031375885
0 0.7172849774360657 0.10614900104701519 0.04980504512786865 0.10688099637627602
0 0.27099600434303284 0.0863839965313673 0.055664002895355225 0.07027799263596535
0 0.3603520095348358 0.08638399839401245 0.0390620231628418 0.06442199647426605
0 0.5429689884185791 0.08711600489914417 0.05273401737213135 0.068814005702734
0 0.6318359971046448 0.08931200206279755 0.0390620231628418 0.06442199647426605
0 0.16552700102329254 0.17789199948310852 0.049805015325546265 0.03953099250793457
0 0.21728500723838806 0.17935599386692047 0.053710997104644775 0.03660300374031067
0 0.27197301387786865 0.17642800509929657 0.055664002895355225 0.03074699640274048
0 0.3203119933605194 0.17569500207901 0.04101598262786865 0.03221100568771362
0 0.36132800579071045 0.17642800509929657 0.04101598262786865 0.03367498517036438
0 0.4013670086860657 0.17715999484062195 0.0390620231628418 0.03221100568771362
0 0.4409179985523224 0.1786240041255951 0.040039002895355225 0.035138994455337524
0 0.4892579913139343 0.17715999484062195 0.05664098262786865 0.038067013025283813
0 0.5444340109825134 0.17569500207901 0.05371105670928955 0.035138994455337524
0 0.5917969942092896 0.17715999484062195 0.04101598262786865 0.03221100568771362
0 0.6308590173721313 0.17789199948310852 0.03710901737213135 0.03367501497268677
0 0.6704099774360657 0.17789199948310852 0.0419919490814209 0.03367501497268677
0 0.7167969942092896 0.17789199948310852 0.0507810115814209 0.03367501497268677
0 0.7695310115814209 0.17642800509929657 0.0546879768371582 0.03660300374031067
0 0.1645510047674179 0.25109800696372986 0.049805015325546265 0.10395300388336182
0 0.21630899608135223 0.2496340051293373 0.053710997104644775 0.10688100755214691
0 0.27197301387786865 0.2496340051293373 0.057617008686065674 0.10688100755214691
0 0.3208009898662567 0.24890199303627014 0.040039002895355225 0.10834598541259766
0 0.36132800579071045 0.2496339976787567 0.04101598262786865 0.1098099946975708
0 0.4018549919128418 0.25109801441431046 0.040039002895355225 0.10688100755214691
0 0.4414060115814209 0.24890199303627014 0.0390620231628418 0.10248899459838867
0 0.488769993185997 0.2474379986524582 0.05566397309303284 0.10541698336601257
0 0.5439450144767761 0.24890199303627014 0.0546879768371582 0.10834598541259766
0 0.5917969942092896 0.2496340051293373 0.04101598262786865 0.10688100755214691
0 0.6318359971046448 0.24890199303627014 0.0390620231628418 0.10541701316833496
0 0.6713870167732239 0.24890199303627014 0.04003894329071045 0.10541701316833496
0 0.7172849774360657 0.24816999584436417 0.0517580509185791 0.10395298898220062
0 0.7695310115814209 0.2503659948706627 0.05273401737213135 0.09956099092960358
0 0.2724609896540642 0.23133200407028198 0.056640997529029846 0.07027798891067505
0 0.3598630130290985 0.23133200407028198 0.038085997104644775 0.07027798891067505
0 0.5449219942092896 0.23206398636102676 0.05664098262786865 0.071741983294487
0 0.6323239803314209 0.23133201152086258 0.0361330509185791 0.06735001504421234
0 0.7680659890174866 0.23133200407028198 0.0478520393371582 0.07027798891067505
0 0.1635739952325821 0.32064399123191833 0.047852009534835815 0.040996015071868896
0 0.21630899608135223 0.32284000515937805 0.057617008686065674 0.03660297393798828
0 0.2729490101337433 0.3221080005168915 0.055664002895355225 0.03513902425765991
0 0.3198240101337433 0.3213759958744049 0.038085997104644775 0.03660297393798828
0 0.3588869869709015 0.31991198658943176 0.040039002895355225 0.03367501497268677
0 0.3994140028953552 0.3191800117492676 0.04101598262786865 0.03513902425765991
0 0.4404299855232239 0.3213759958744049 0.04101598262786865 0.03953099250793457
0 0.488769993185997 0.3213759958744049 0.05566397309303284 0.03953099250793457
0 0.5429689884185791 0.3191800117492676 0.05273401737213135 0.03513902425765991
0 0.5903319716453552 0.3221080005168915 0.0419919490814209 0.029282987117767334
0 0.6298829913139343 0.32284000515937805 0.03710901737213135 0.03074699640274048
0 0.6704099774360657 0.31991198658943176 0.04394495487213135 0.03660297393798828
0 0.7172849774360657 0.31991198658943176 0.04980504512786865 0.03660297393798828
0 0.7680659890174866 0.3213759958744049 0.0517580509185791 0.03367501497268677
0 0.1645510047674179 0.39458298683166504 0.049805015325546265 0.11273801326751709
0 0.21679699420928955 0.39458298683166504 0.05468800663948059 0.11273801326751709
0 0.27148398011922836 0.3923870027065277 0.0546879917383194 0.10834598541259766
0 0.3193359971046448 0.3931190073490143 0.04101598262786865 0.1068810224533081
0 0.3598630130290985 0.3931190073490143 0.040039002895355225 0.1068810224533081
0 0.3994140028953552 0.3931190073490143 0.0390620231628418 0.1068810224533081
0 0.4399409890174866 0.39385101199150085 0.041992008686065674 0.10834598541259766
0 0.488769993185997 0.3931190073490143 0.05566397309303284 0.1098099946975708
0 0.5434569716453552 0.39458298683166504 0.05371105670928955 0.11273801326751709
0 0.5908200144767761 0.39458298683166504 0.04101598262786865 0.11273801326751709
0 0.6318359971046448 0.39385101199150085 0.04101598262786865 0.11127400398254395
0 0.6723629832267761 0.39385101199150085 0.04003894329071045 0.11127400398254395
0 0.7172849774360657 0.3931190073490143 0.04980504512786865 0.1098099946975708
0 0.7675780057907104 0.3953149914741516 0.0507810115814209 0.10541701316833496
0 0.2705079987645149 0.3733530044555664 0.052734002470970154 0.06735002994537354
0 0.3598630130290985 0.37554898858070374 0.040039002895355225 0.0629580020904541
0 0.5429689884185791 0.37481701374053955 0.05273401737213135 0.05856502056121826
0 0.6333010196685791 0.37262099981307983 0.0361330509185791 0.0688139796257019
0 0.7680659890174866 0.3762809932231903 0.0478520393371582 0.06734997034072876
0 0.16552700102329254 0.5358710289001465 0.049805015325546265 0.10834598541259766
0 0.21875 0.5366029739379883 0.05664101243019104 0.1068810224533081
0 0.2734380140900612 0.5358710289001465 0.052734002470970154 0.10541701316833496
0 0.3203119933605194 0.5358710289001465 0.04101598262786865 0.10541701316833496
0 0.36132800579071045 0.5366029739379883 0.04101598262786865 0.1068810224533081
0 0.4018549919128418 0.5366029739379883 0.040039002895355225 0.1068810224533081
0 0.4418950080871582 0.5366029739379883 0.040039002895355225 0.1068810224533081
0 0.48974600434303284 0.5373349785804749 0.055664002895355225 0.10541701316833496
0 0.5444340109825134 0.5366029739379883 0.05371105670928955 0.10395300388336182
0 0.5913090109825134 0.538798987865448 0.04003894329071045 0.09956097602844238
0 0.6323239803314209 0.5373349636793137 0.0419919490814209 0.09663298726081848
0 0.7182620167732239 0.5358710289001465 0.0517580509185791 0.10834598541259766
0 0.2739259898662567 0.5153729915618896 0.051757991313934326 0.06735002994537354
0 0.3632810115814209 0.5175700336694717 0.0429689884185791 0.06881400942802429
0 0.5463870167732239 0.5161049962043762 0.05566394329071045 0.06588602066040039
0 0.6333010196685791 0.5139089971780777 0.04003894329071045 0.06149300932884216
0 0.16650399565696716 0.6068810224533081 0.04980498552322388 0.03660297393798828
0 0.21972699463367462 0.6068810224533081 0.05664101243019104 0.03660297393798828
0 0.2744140103459358 0.6061490178108215 0.052734002470970154 0.038066983222961426
0 0.3212890028953552 0.6076130270957947 0.0390620231628418 0.04099595546722412
0 0.36083999276161194 0.6076130270957947 0.040039002895355225 0.04099595546722412
0 0.4013670086860657 0.605417013168335 0.04101598262786865 0.03660297393798828
0 0.44287100434303284 0.6046850085258484 0.041992008686065674 0.038066983222961426
0 0.49023397266864777 0.6046850085258484 0.05273398756980896 0.038066983222961426
0 0.5439450144767761 0.6061490178108215 0.0546879768371582 0.03513896465301514
0 0.5913090109825134 0.6068810224533081 0.04003894329071045 0.03660297393798828
0 0.6328120231628418 0.605417013168335 0.0429689884185791 0.03953099250793457
0 0.6738280057907104 0.6061490178108215 0.0390620231628418 0.04099595546722412
0 0.71875 0.6083459854125977 0.0507810115814209 0.03660297393798828
0 0.7690430283546448 0.6083459854125977 0.04980504512786865 0.03660297393798828
0 0.16552700102329254 0.6793559789657593 0.047852009534835815 0.10834598541259766
0 0.21826200187206268 0.6786239743232727 0.057617008686065674 0.1098099946975708
0 0.2739259898662567 0.67569500207901 0.053710997104644775 0.10395300388336182
0 0.3212890028953552 0.6771600246429443 0.04101598262786865 0.10102498531341553
0 0.36132800579071045 0.6786239743232727 0.0390620231628418 0.10395300388336182
0 0.4013670086860657 0.6771600246429443 0.04101598262786865 0.1068810224533081
0 0.4418950080871582 0.6771600246429443 0.040039002895355225 0.1068810224533081
0 0.48974600434303284 0.6764280200004578 0.055664002895355225 0.10834598541259766
0 0.5449219942092896 0.6793559789657593 0.0546879768371582 0.11420202255249023
0 0.5927730202674866 0.6793559789657593 0.04101598262786865 0.11420202255249023
0 0.2734380066394806 0.6573939919471741 0.04882800579071045 0.06735002994537354
0 0.3623049855232239 0.6581259965896606 0.03710901737213135 0.06881403923034668
0 0.5454099774360657 0.6581259965896606 0.05371105670928955 0.06881403923034668
0 0.1635739952325821 0.7503659725189209 0.049805015325546265 0.03660297393798828
0 0.21728500723838806 0.7489020228385925 0.057617008686065674 0.03953099250793457
0 0.2724610045552254 0.748170018196106 0.052734002470970154 0.038066983222961426
0 0.3203119933605194 0.7496340274810791 0.0429689884185791 0.03513896465301514
0 0.36132800579071045 0.751829981803894 0.0390620231628418 0.03953099250793457
0 0.4013670086860657 0.7503659725189209 0.04101598262786865 0.042459964752197266
0 0.4414060115814209 0.7489020228385925 0.0390620231628418 0.03953099250793457
0 0.4892579913139343 0.7503659725189209 0.05664098262786865 0.03660297393798828
0 0.5449219942092896 0.7496340274810791 0.0546879768371582 0.03513896465301514
0 0.5927730202674866 0.751829981803894 0.04101598262786865 0.030747056007385254
0 0.6328120231628418 0.7540259957313538 0.0390620231628418 0.03513896465301514
0 0.6733400225639343 0.7510979771614075 0.0419919490814209 0.04099595546722412
0 0.71875 0.7510979771614075 0.04882800579071045 0.038066983222961426
0 0.7690430283546448 0.7510979771614075 0.0517580509185791 0.038066983222961426
0 0.8183590173721313 0.7532939910888672 0.046875 0.042459964752197266
0 0.1640619933605194 0.82430499792099 0.0507810115814209 0.10834598541259766
0 0.21826200187206268 0.8228399753570557 0.057617008686065674 0.11127400398254395
0 0.2729490101337433 0.8199120163917542 0.051757991313934326 0.10541701316833496
0 0.3203119933605194 0.8191800117492676 0.0429689884185791 0.1068810224533081
0 0.36083999276161194 0.8221079707145691 0.038085997104644775 0.11273801326751709
0 0.40087899565696716 0.82430499792099 0.041992008686065674 0.10834598541259766
0 0.4414060115814209 0.8250370025634766 0.0390620231628418 0.1098099946975708
0 0.4892579913139343 0.8228399753570557 0.05664098262786865 0.11420202255249023
0 0.5439450144767761 0.8213760256767273 0.05273401737213135 0.11127400398254395
0 0.5908200144767761 0.8228399753570557 0.04101598262786865 0.10834598541259766
0 0.6313480138778687 0.8228399753570557 0.04003894329071045 0.10834598541259766
0 0.6723629832267761 0.8235719799995422 0.0419919490814209 0.1068810224533081
0 0.7192379832267761 0.82430499792099 0.0517580509185791 0.10834598541259766
0 0.7695310115814209 0.8235719799995422 0.04882800579071045 0.1098099946975708
0 0.8183590173721313 0.8235719799995422 0.04882800579071045 0.1098099946975708
0 0.27197301387786865 0.8016110062599182 0.053710997104644775 0.06588602066040039
0 0.36083999276161194 0.8008779883384705 0.036132991313934326 0.06442201137542725
0 0.5444340109825134 0.8001459836959839 0.04980504512786865 0.0629580020904541
0 0.6313480138778687 0.8038070201873779 0.04003894329071045 0.07027804851531982
0 0.7700200080871582 0.8038070201873779 0.0478520393371582 0.07027804851531982
0 0.1640619933605194 0.8975110054016113 0.0507810115814209 0.03513896465301514
0 0.21728500723838806 0.8953149914741516 0.055664002895355225 0.03953099250793457
0 0.2724609896540642 0.8931189775466919 0.0546879917383194 0.03513896465301514
0 0.3208009898662567 0.8931189775466919 0.041992008686065674 0.03513896465301514
0 0.3598630130290985 0.8923869729042053 0.036132991313934326 0.03367495536804199
0 0.39990198612213135 0.8923869729042053 0.04394501447677612 0.03367495536804199
0 0.4414060115814209 0.8923869729042053 0.0390620231628418 0.03367495536804199
0 0.4892579913139343 0.8923869729042053 0.05664098262786865 0.03367495536804199
0 0.5454099774360657 0.8938509821891785 0.05566394329071045 0.03660297393798828
0 0.5922849774360657 0.8923869729042053 0.03808605670928955 0.03953099250793457
0 0.6323239803314209 0.8909220099449158 0.0419919490814209 0.03660297393798828
0 0.6743159890174866 0.8916540145874023 0.0419919490814209 0.03513896465301514
0 0.7202150225639343 0.8916540145874023 0.04980504512786865 0.03513896465301514
0 0.7695310115814209 0.894582986831665 0.04882800579071045 0.02928304672241211
0 0.8183590173721313 0.8953149914741516 0.04882800579071045 0.030747056007385254
0 0.8188480138778687 0.9531480073928833 0.0478520393371582 0.08491897583007812
0 0.7695310115814209 0.9531480073928833 0.0507810115814209 0.08491897583007812
0 0.7177730202674866 0.9538800120353699 0.05273401737213135 0.08638393878936768
0 0.6723629832267761 0.9538800120353699 0.03808605670928955 0.08638393878936768
0 0.6328120231628418 0.9509519934654236 0.04101598262786865 0.08052694797515869
0 0.5927730202674866 0.9531480073928833 0.0390620231628418 0.07613503932952881
0 0.5444340109825134 0.955344021320343 0.0576169490814209 0.08052694797515869
0 0.4882810115814209 0.9531480073928833 0.0546879768371582 0.08491897583007812
0 0.4404299855232239 0.9538800120353699 0.04101598262786865 0.08638393878936768
0 0.39990198612213135 0.9538800120353699 0.040039002895355225 0.08638393878936768
0 0.36083999276161194 0.9531480073928833 0.038085997104644775 0.08491897583007812
0 0.3208009898662567 0.9546120166778564 0.041992008686065674 0.08199095726013184
0 0.27197301387786865 0.955344021320343 0.055664002895355225 0.08345496654510498
0 0.21728500723838806 0.9560760259628296 0.053710997104644775 0.08199095726013184
0 0.1635739952325821 0.9560760259628296 0.053710997104644775 0.08199095726013184
0 0.2729490101337433 0.9465590119361877 0.053710997104644775 0.06588602066040039
0 0.36132800579071045 0.9458270072937012 0.0351560115814209 0.06735002994537354
0 0.5449219942092896 0.9472910165786743 0.05664098262786865 0.06442201137542725
0 0.6328120231628418 0.9472910165786743 0.04101598262786865 0.07613503932952881
0 0.7700200080871582 0.9472910165786743 0.04980504512786865 0.07027804851531982
0 0.8193359971046448 0.03147900104522705 0.04492199420928955 0.027818001806735992
0 0.8198239803314209 0.10395299643278122 0.04394495487213135 0.10834600031375885
0 0.8198239803314209 0.1786240041255951 0.04394495487213135 0.040996015071868896
0 0.8193359971046448 0.25109800696372986 0.0429689884185791 0.1098099946975708
0 0.8173829913139343 0.32284000515937805 0.046875 0.03367501497268677
0 0.8178709745407104 0.3931190073490143 0.0478520393371582 0.1068810224533081
0 0.8183590173721313 0.4648610055446625 0.046875 0.03660297393798828
0 0.8183590173721313 0.5366029739379883 0.046875 0.1068810224533081
0 0.8579099774360657 0.03953099809587002 0.028319954872131348 0.07613499835133553
0 0.8920900225639343 0.019765998236835003 0.04003894329071045 0.03660299815237522
0 0.8916019797325134 0.05490500293672085 0.0390620231628418 0.03367500379681587
0 0.9306640028953552 0.03660300001502037 0.0390620231628418 0.07027799636125565
0 0.9711909890174866 0.03879900090396404 0.04003894329071045 0.07467100396752357
0 0.9716799855232239 0.020497999154031277 0.03710901737213135 0.03806699998676777
0 0.8574219942092896 0.09297200292348862 0.0273439884185791 0.033675000071525574
0 0.8911129832267761 0.09150800108909607 0.04003894329071045 0.03660300374031067
0 0.9306640028953552 0.09150800108909607 0.0390620231628418 0.03660300374031067
0 0.9711909890174866 0.09150800108909607 0.0419919490814209 0.03660300374031067
0 0.8569340109825134 0.1647139936685562 0.0263669490814209 0.10688099265098572
0 0.890625 0.1625179946422577 0.04101598262786865 0.11127400398254395
0 0.9296879768371582 0.16105400398373604 0.03710901737213135 0.10834600776433945
0 0.9692379832267761 0.162517998367548 0.0419919490814209 0.10541700571775436
0 0.8891599774360657 0.14494900405406952 0.03808605670928955 0.06735000014305115
0 0.9697269797325134 0.14128799736499786 0.0390620231628418 0.06881400942802429
0 0.8559569716453552 0.2364570051431656 0.0263669490814209 0.03367498517036438
0 0.8896480202674866 0.2335289940237999 0.04101598262786865 0.036602988839149475
0 0.9296879768371582 0.23426099866628647 0.0390620231628418 0.03806699812412262
0 0.9692379832267761 0.23572500050067902 0.04003894329071045 0.035138994455337524
0 0.8583980202674866 0.3045389950275421 0.023437976837158203 0.10248899459838867
0 0.890625 0.30380699038505554 0.04101598262786865 0.10395300388336182
0 0.9306640028953552 0.30307498574256897 0.0390620231628418 0.10248899459838867
0 0.9707030057907104 0.3023430109024048 0.04101598262786865 0.10395300388336182
0 0.890625 0.2862370014190674 0.04101598262786865 0.0717419981956482
0 0.9697269797325134 0.2855049967765808 0.0390620231628418 0.06735002994537354
0 0.8574219942092896 0.37554898858070374 0.025390982627868652 0.03953099250793457
0 0.8901370167732239 0.3762809932231903 0.04003894329071045 0.038066983222961426
0 0.9306640028953552 0.3762809932231903 0.04101598262786865 0.038066983222961426
0 0.9711909890174866 0.37481701374053955 0.04003894329071045 0.040996015071868896
0 0.8569340109825134 0.44655901193618774 0.028319954872131348 0.10541701316833496
0 0.890625 0.44655901193618774 0.0390620231628418 0.10541701316833496
0 0.9311519861221313 0.44655901193618774 0.0419919490814209 0.10541701316833496
0 0.9716799855232239 0.44729098677635193 0.0390620231628418 0.10395300388336182
0 0.8901370167732239 0.42752599716186523 0.04003894329071045 0.06442201137542725
0 0.9697269797325134 0.42679399251937866 0.0390620231628418 0.0629580020904541
0 0.8569340109825134 0.516104981303215 0.028319954872131348 0.03367498517036438
0 0.8911129832267761 0.516104981303215 0.04003894329071045 0.03367498517036438
0 0.9316409826278687 0.5183020234107971 0.04101598262786865 0.038066983222961426
0 0.9711909890174866 0.5183020234107971 0.03808605670928955 0.038066983222961426
0 0.8554689884185791 0.5841869711875916 0.02929699420928955 0.09956097602844238
0 0.8911129832267761 0.5834550261497498 0.0419919490814209 0.10102498531341553
0 0.9306640028953552 0.5841869711875916 0.03710901737213135 0.10248899459838867
0 0.9702150225639343 0.5841869711875916 0.0419919490814209 0.10248899459838867
0 0.8920900225639343 0.5658860206604004 0.03808605670928955 0.06881403923034668
0 0.96875 0.5680819749832153 0.0429689884185791 0.06442201137542725
0 0.8574219942092896 0.6559299826622009 0.02929699420928955 0.04099595546722412
0 0.8916019797325134 0.6551979780197144 0.0390620231628418 0.042459964752197266
0 0.9311519861221313 0.653734028339386 0.04003894329071045 0.03953099250793457
0 0.9711909890174866 0.6544659733772278 0.04003894329071045 0.038066983222961426
0 0.8569340109825134 0.7269399762153625 0.028319954872131348 0.09809696674346924
0 0.8911129832267761 0.724012017250061 0.04003894329071045 0.10395300388336182
0 0.9316409826278687 0.7254760265350342 0.04101598262786865 0.1068810224533081
0 0.9721680283546448 0.7254760265350342 0.04003894329071045 0.1068810224533081
0 0.890625 0.7079060077667236 0.04101598262786865 0.06881403923034668
0 0.9707030057907104 0.7079060077667236 0.04101598262786865 0.06588602066040039
0 0.8559569716453552 0.7942900061607361 0.028319954872131348 0.03660297393798828
0 0.8911129832267761 0.7942900061607361 0.0419919490814209 0.03660297393798828
0 0.9316409826278687 0.7950220108032227 0.0390620231628418 0.038066983222961426
0 0.9716799855232239 0.7957540154457092 0.04101598262786865 0.03660297393798828
0 0.8559569716453552 0.8652999997138977 0.028319954872131348 0.10541701316833496
0 0.8901370167732239 0.8652999997138977 0.04003894329071045 0.10541701316833496
0 0.9301760196685791 0.8652999997138977 0.04003894329071045 0.10541701316833496
0 0.9702150225639343 0.8652999997138977 0.04003894329071045 0.10541701316833496
0 0.890625 0.846265971660614 0.0390620231628418 0.06442201137542725
0 0.9702150225639343 0.846265971660614 0.03808605670928955 0.06735002994537354
0 0.8559569716453552 0.9341139793395996 0.030272960662841797 0.038066983222961426
0 0.8911129832267761 0.9355779886245728 0.0419919490814209 0.038066983222961426
0 0.9311519861221313 0.9392390251159668 0.04003894329071045 0.03660297393798828
0 0.9707030057907104 0.9392390251159668 0.0390620231628418 0.03660297393798828
0 0.8564450144767761 0.9765740036964417 0.0273439884185791 0.0468519926071167
0 0.890625 0.9780380129814148 0.0390620231628418 0.04392397403717041
0 0.9311519861221313 0.9795020222663879 0.0419919490814209 0.04099595546722412
0 0.9741209745407104 0.9795020222663879 0.0419919490814209 0.04099595546722412
