0 0.453000009059906 0.5566669702529907 0.04999995231628418 0.0679999589920044
0 0.4129999876022339 0.5540000200271606 0.04200005531311035 0.0679999589920044
0 0.3709999918937683 0.550000011920929 0.04200005531311035 0.07066702842712402
0 0.328000009059906 0.5466669797897339 0.04400002956390381 0.06933295726776123
0 0.2839999794960022 0.5433329939842224 0.04400002956390381 0.0733330249786377
0 0.2369999885559082 0.5393329858779907 0.04999995231628418 0.07066702842712402
0 0.18699997663497925 0.5346670150756836 0.04999995231628418 0.07200002670288086
0 0.13499999046325684 0.5313330292701721 0.054000020027160645 0.07599997520446777
0 0.0820000171661377 0.527999997138977 0.06400001049041748 0.07200002670288086
0 0.029999971389770508 0.5239999741315842 0.059999942779541016 0.06933298707008362
0 0.44700002670288086 0.6179999709129333 0.029999971389770508 0.059999942779541016
0 0.41200000047683716 0.6166669726371765 0.039999961853027344 0.06266701221466064
0 0.3709999918937683 0.613332986831665 0.04200005531311035 0.06400001049041748
0 0.3270000219345093 0.6100000143051147 0.046000003814697266 0.06266701221466064
0 0.2799999713897705 0.6079999804496765 0.04400002956390381 0.06666696071624756
0 0.23400002717971802 0.6060000061988831 0.04400002956390381 0.0679999589920044
0 0.18599998950958252 0.6019999980926514 0.04799997806549072 0.0679999589920044
0 0.1340000033378601 0.6000000238418579 0.0559999942779541 0.07200002670288086
0 0.07899999618530273 0.5946670174598694 0.054000020027160645 0.07466697692871094
0 0.027000010013580322 0.5926669836044312 0.054000020027160645 0.07066702842712402
0 0.45499998331069946 0.6773329973220825 0.046000003814697266 0.06133294105529785
0 0.41200000047683716 0.6759999990463257 0.039999961853027344 0.06400001049041748
0 0.3700000047683716 0.6733329892158508 0.039999961853027344 0.06400001049041748
0 0.3240000009536743 0.6733329892158508 0.04400002956390381 0.06400001049041748
0 0.281000018119812 0.671999990940094 0.046000003814697266 0.06666696071624756
0 0.23100000619888306 0.6679999828338623 0.054000020027160645 0.07200002670288086
0 0.1769999861717224 0.6686670184135437 0.04999995231628418 0.07066702842712402
0 0.12599998712539673 0.6686670184135437 0.059999942779541016 0.0679999589920044
0 0.0690000057220459 0.6666669845581055 0.0700000524520874 0.07200002670288086
0 0.023000001907348633 0.6626669764518738 0.046000003814697266 0.06933295726776123
0 0.45399999618530273 0.730666995048523 0.04799997806549072 0.045333027839660645
0 0.4089999794960022 0.7313330173492432 0.04200005531311035 0.04666697978973389
0 0.3669999837875366 0.7300000190734863 0.04200005531311035 0.04933297634124756
0 0.3230000138282776 0.7286670207977295 0.046000003814697266 0.04666697978973389
0 0.2760000228881836 0.7286670207977295 0.04799997806549072 0.04666697978973389
0 0.22600001096725464 0.7286670207977295 0.05200004577636719 0.04666697978973389
0 0.17299997806549072 0.7273330092430115 0.05799996852874756 0.04666697978973389
0 0.11799997091293335 0.7279999852180481 0.059999942779541016 0.04799997806549072
0 0.06199997663497925 0.7286670207977295 0.05200004577636719 0.05200004577636719
0 0.018000006675720215 0.7273330092430115 0.03600001335144043 0.054666996002197266
0 0.5100000202655792 0.6973329782485962 0.06800001859664917 0.026666998863220215
0 0.511000007390976 0.7313330173492432 0.06999999284744263 0.04400002956390381
0 0.5699999928474426 0.7273330092430115 0.04799997806549072 0.04933297634124756
0 0.5690000057220459 0.6933330297470093 0.04999995231628418 0.024000048637390137
0 0.7900000214576721 0.6753330230712891 0.02799999713897705 0.03066694736480713
0 0.7549999952316284 0.6773329973220825 0.03799998760223389 0.026666998863220215
0 0.7100000381469727 0.6813330054283142 0.0559999942779541 0.029332995414733887
0 0.6599999964237213 0.6859999895095825 0.04000002145767212 0.025333046913146973
0 0.6180000007152557 0.6886669993400574 0.04399996995925903 0.025333046913146973
0 0.7910000085830688 0.699999988079071 0.029999971389770508 0.021332979202270508
0 0.7580000162124634 0.699999988079071 0.03600001335144043 0.018666982650756836
0 0.7089999914169312 0.7020000219345093 0.054000020027160645 0.014667034149169922
0 0.6620000004768372 0.7039999961853027 0.040000081062316895 0.013332962989807129
0 0.625 0.7053329944610596 0.026000022888183594 0.013332962989807129
0 0.6039999723434448 0.7066670060157776 0.019999980926513672 0.010666966438293457
0 0.7929999828338623 0.7386670112609863 0.029999971389770508 0.06133294105529785
0 0.7590000033378601 0.7379999756813049 0.03400003910064697 0.059999942779541016
0 0.710999995470047 0.7379999756813049 0.058000028133392334 0.05733299255371094
0 0.6620000004768372 0.7360000014305115 0.03600001335144043 0.05066704750061035
0 0.6279999613761902 0.7346670031547546 0.02799999713897705 0.05066704750061035
0 0.6039999723434448 0.7326670289039612 0.019999980926513672 0.04400002956390381
0 0.9410000145435333 0.663332998752594 0.08600002527236938 0.08399999141693115
0 0.8819999694824219 0.664667010307312 0.0559999942779541 0.08399999141693115
0 0.8310000002384186 0.6679999828338623 0.058000028133392334 0.08266699314117432
0 0.9850000143051147 0.6613330245018005 0.026000022888183594 0.09333300590515137
0 0.9739999771118164 0.75 0.03600001335144043 0.08666706085205078
0 0.9359999895095825 0.7493330240249634 0.03600001335144043 0.08800005912780762
0 0.8910000026226044 0.7480000257492065 0.050000011920928955 0.08266699314117432
0 0.847000002861023 0.7480000257492065 0.04200005531311035 0.08000004291534424
0 0.8160000145435333 0.75 0.02399998903274536 0.08399999141693115
