0 0.12613434647046215 0.5734168790530374 0.14114748846170094 0.37325047866261024
0 0.0479485191471241 0.543466397694448 0.0958970382942482 0.361887779330638
0 0.18602871542953175 0.19075360878203407 0.12074258007273508 0.25861699648213043
0 0.10197884702276046 0.16204850534665538 0.08722021658552578 0.25126941279199355
0 0.632490765490702 0.38382982953813805 0.12040605782766556 0.18159805107915267
0 0.2427738898253931 0.6092495645393163 0.15138719339492568 0.37572210417986623
0 0.3520270220844822 0.6471346113179155 0.14779019047208047 0.3796202191016821
0 0.468294277859518 0.6828401513789042 0.14583505942913322 0.371774938530478
0 0.5792338686111875 0.7224438726126172 0.14893107543212247 0.3779588851151169
0 0.9220165720133129 0.8256667687648768 0.14320598886400615 0.34866646247024646
0 0.6929242318325951 0.7595568418439747 0.1461812818638577 0.3739441565088031
0 0.8054374488411269 0.7991266120170788 0.1487581408833062 0.3768752990601545
