0 0.004395 0.013196 0.006836 0.023460
0 0.015137 0.014663 0.014648 0.026393
0 0.029785 0.013196 0.014648 0.023460
0 0.043945 0.013196 0.015625 0.023460
0 0.058594 0.012463 0.015625 0.021994
0 0.074219 0.012463 0.015625 0.021994
0 0.089355 0.012463 0.016602 0.021994
0 0.105469 0.011730 0.017578 0.020528
0 0.122559 0.011730 0.016602 0.020528
0 0.140625 0.010264 0.019531 0.017595
0 0.157715 0.009531 0.018555 0.016129
0 0.175293 0.008798 0.018555 0.014663
0 0.192871 0.009531 0.016602 0.016129
0 0.209961 0.008798 0.017578 0.014663
0 0.228027 0.008798 0.018555 0.014663
0 0.247559 0.008798 0.018555 0.014663
0 0.265625 0.008065 0.017578 0.013196
0 0.283691 0.008798 0.018555 0.014663
0 0.302734 0.008065 0.017578 0.013196
0 0.321777 0.007331 0.020508 0.011730
0 0.341797 0.006598 0.017578 0.010264
0 0.360840 0.006598 0.018555 0.010264
0 0.379395 0.006598 0.018555 0.010264
0 0.003418 0.074780 0.004883 0.043988
0 0.013184 0.074047 0.014648 0.045455
0 0.028320 0.074047 0.015625 0.045455
0 0.043457 0.073314 0.014648 0.046921
0 0.058105 0.072581 0.014648 0.045455
0 0.073242 0.071114 0.015625 0.048387
0 0.089844 0.071114 0.017578 0.045455
0 0.106445 0.069648 0.015625 0.048387
0 0.123047 0.069648 0.017578 0.048387
0 0.140137 0.068915 0.016602 0.049853
0 0.157227 0.068182 0.017578 0.048387
0 0.174316 0.068182 0.016602 0.048387
0 0.191895 0.066716 0.018555 0.045455
0 0.210449 0.065982 0.018555 0.046921
0 0.228516 0.065982 0.017578 0.046921
0 0.246582 0.065249 0.018555 0.048387
0 0.266113 0.064516 0.020508 0.046921
0 0.284668 0.064516 0.016602 0.046921
0 0.302246 0.063050 0.018555 0.043988
0 0.321777 0.062317 0.020508 0.045455
0 0.341797 0.061584 0.019531 0.043988
0 0.361328 0.060850 0.019531 0.045455
0 0.380371 0.060850 0.018555 0.045455
0 0.004395 0.146628 0.006836 0.043988
0 0.015137 0.145161 0.014648 0.046921
0 0.028809 0.145161 0.012695 0.046921
0 0.042969 0.144428 0.015625 0.048387
0 0.058105 0.143695 0.014648 0.046921
0 0.073730 0.142962 0.016602 0.048387
0 0.089844 0.141496 0.015625 0.045455
0 0.105957 0.140762 0.016602 0.046921
0 0.123047 0.141496 0.017578 0.048387
0 0.140137 0.141496 0.016602 0.048387
0 0.156738 0.140029 0.016602 0.045455
0 0.173828 0.138563 0.017578 0.048387
0 0.191895 0.139296 0.018555 0.049853
0 0.210938 0.138563 0.019531 0.051320
0 0.229004 0.137097 0.016602 0.048387
0 0.247070 0.137097 0.019531 0.048387
0 0.266602 0.137097 0.019531 0.048387
0 0.285156 0.136364 0.017578 0.049853
0 0.303711 0.134897 0.019531 0.046921
0 0.323242 0.134164 0.019531 0.048387
0 0.342285 0.134164 0.018555 0.048387
0 0.360840 0.134164 0.018555 0.048387
0 0.379883 0.133431 0.019531 0.046921
0 0.004395 0.217009 0.006836 0.046921
0 0.015137 0.215543 0.014648 0.049853
0 0.029297 0.214809 0.013672 0.048387
0 0.043945 0.214809 0.015625 0.048387
0 0.059570 0.214809 0.015625 0.048387
0 0.074707 0.213343 0.014648 0.051320
0 0.090332 0.211877 0.016602 0.048387
0 0.106445 0.212610 0.015625 0.046921
0 0.123047 0.211877 0.017578 0.042522
0 0.140137 0.210411 0.016602 0.045455
0 0.156738 0.211144 0.016602 0.046921
0 0.174805 0.210411 0.019531 0.048387
0 0.193359 0.209677 0.017578 0.046921
0 0.210938 0.208944 0.017578 0.048387
0 0.228516 0.208944 0.017578 0.048387
0 0.247070 0.208211 0.019531 0.049853
0 0.266113 0.208211 0.018555 0.049853
0 0.284668 0.208211 0.018555 0.049853
0 0.303711 0.208211 0.019531 0.049853
0 0.322754 0.208211 0.018555 0.049853
0 0.341309 0.208944 0.018555 0.045455
0 0.360840 0.206012 0.020508 0.051320
0 0.379883 0.206012 0.017578 0.048387
0 0.004395 0.287390 0.006836 0.043988
0 0.015625 0.285191 0.015625 0.048387
0 0.029785 0.285191 0.012695 0.048387
0 0.043945 0.285924 0.015625 0.049853
0 0.059570 0.284457 0.015625 0.046921
0 0.075195 0.283724 0.015625 0.048387
0 0.091309 0.282991 0.016602 0.046921
0 0.107422 0.282991 0.015625 0.046921
0 0.124023 0.282991 0.017578 0.046921
0 0.140625 0.282991 0.015625 0.046921
0 0.157715 0.282991 0.018555 0.046921
0 0.176758 0.281525 0.019531 0.049853
0 0.194336 0.280792 0.015625 0.048387
0 0.211426 0.281525 0.018555 0.046921
0 0.229492 0.281525 0.017578 0.046921
0 0.248047 0.280792 0.019531 0.048387
0 0.267090 0.279326 0.018555 0.045455
0 0.286133 0.277859 0.019531 0.048387
0 0.304688 0.277859 0.017578 0.048387
0 0.323242 0.277859 0.019531 0.048387
0 0.342285 0.277859 0.018555 0.048387
0 0.361816 0.277859 0.020508 0.048387
0 0.380859 0.277859 0.017578 0.048387
0 0.005371 0.357771 0.006836 0.046921
0 0.016113 0.357771 0.014648 0.046921
0 0.030762 0.357038 0.014648 0.045455
0 0.045410 0.356305 0.014648 0.046921
0 0.060547 0.354839 0.015625 0.043988
0 0.075684 0.354839 0.014648 0.043988
0 0.091797 0.354839 0.017578 0.043988
0 0.108398 0.354839 0.015625 0.043988
0 0.124512 0.355572 0.016602 0.045455
0 0.141602 0.355572 0.017578 0.045455
0 0.159180 0.354839 0.017578 0.043988
0 0.176270 0.354106 0.016602 0.045455
0 0.193848 0.353372 0.018555 0.043988
0 0.211914 0.352639 0.017578 0.045455
0 0.230469 0.352639 0.019531 0.045455
0 0.249023 0.351906 0.017578 0.046921
0 0.267578 0.351173 0.019531 0.045455
0 0.286621 0.351173 0.018555 0.045455
0 0.305176 0.351906 0.018555 0.046921
0 0.323730 0.351173 0.018555 0.048387
0 0.342773 0.351173 0.019531 0.048387
0 0.362305 0.351173 0.019531 0.048387
0 0.381348 0.351173 0.018555 0.048387
0 0.005371 0.429619 0.008789 0.046921
0 0.016602 0.428152 0.013672 0.046921
0 0.031250 0.428152 0.015625 0.046921
0 0.046387 0.427419 0.014648 0.048387
0 0.061035 0.427419 0.014648 0.048387
0 0.076172 0.427419 0.015625 0.048387
0 0.092285 0.425953 0.016602 0.045455
0 0.108887 0.425953 0.016602 0.045455
0 0.125488 0.425220 0.016602 0.043988
0 0.142578 0.424487 0.017578 0.045455
0 0.160645 0.423021 0.018555 0.042522
0 0.177734 0.424487 0.015625 0.045455
0 0.194824 0.425220 0.018555 0.046921
0 0.212891 0.425220 0.017578 0.046921
0 0.230469 0.425220 0.017578 0.046921
0 0.249512 0.425220 0.020508 0.046921
0 0.268066 0.424487 0.016602 0.045455
0 0.286133 0.423754 0.019531 0.046921
0 0.305176 0.424487 0.018555 0.048387
0 0.324707 0.425220 0.020508 0.046921
0 0.344238 0.423754 0.018555 0.043988
0 0.362793 0.423021 0.018555 0.045455
0 0.381348 0.423754 0.018555 0.046921
0 0.005371 0.498534 0.008789 0.046921
0 0.016602 0.497801 0.013672 0.048387
0 0.031738 0.497801 0.016602 0.048387
0 0.046387 0.497801 0.012695 0.048387
0 0.061035 0.497067 0.016602 0.046921
0 0.076660 0.497801 0.014648 0.045455
0 0.092773 0.498534 0.017578 0.046921
0 0.109863 0.498534 0.016602 0.046921
0 0.126465 0.498534 0.016602 0.046921
0 0.143066 0.497801 0.016602 0.048387
0 0.159180 0.497067 0.015625 0.046921
0 0.176270 0.497067 0.018555 0.046921
0 0.194824 0.497067 0.018555 0.046921
0 0.213379 0.497067 0.018555 0.046921
0 0.231445 0.496334 0.017578 0.045455
0 0.250000 0.495601 0.019531 0.046921
0 0.268555 0.496334 0.017578 0.048387
0 0.287109 0.495601 0.019531 0.049853
0 0.306641 0.496334 0.019531 0.051320
0 0.325684 0.496334 0.018555 0.051320
0 0.343750 0.495601 0.017578 0.049853
0 0.362793 0.495601 0.020508 0.049853
0 0.382324 0.494868 0.018555 0.048387
0 0.005371 0.572581 0.008789 0.045455
0 0.017578 0.571114 0.015625 0.048387
0 0.031738 0.569648 0.012695 0.045455
0 0.045898 0.568915 0.015625 0.046921
0 0.061523 0.569648 0.015625 0.045455
0 0.077148 0.568915 0.015625 0.046921
0 0.093262 0.568915 0.016602 0.046921
0 0.109375 0.568915 0.015625 0.046921
0 0.125488 0.568182 0.016602 0.045455
0 0.143066 0.568182 0.018555 0.045455
0 0.160645 0.568915 0.016602 0.046921
0 0.177734 0.568915 0.017578 0.046921
0 0.195801 0.569648 0.018555 0.048387
0 0.213867 0.569648 0.017578 0.048387
0 0.231445 0.568182 0.017578 0.045455
0 0.250000 0.568182 0.019531 0.045455
0 0.269043 0.569648 0.018555 0.048387
0 0.288086 0.569648 0.019531 0.048387
0 0.306641 0.568182 0.017578 0.045455
0 0.325195 0.567449 0.019531 0.046921
0 0.344727 0.567449 0.019531 0.046921
0 0.363770 0.566716 0.018555 0.048387
0 0.381836 0.566716 0.017578 0.048387
0 0.006348 0.640762 0.010742 0.043988
0 0.018555 0.640762 0.013672 0.043988
0 0.032227 0.641496 0.013672 0.045455
0 0.046387 0.642229 0.014648 0.043988
0 0.062012 0.641496 0.016602 0.042522
0 0.078125 0.640029 0.015625 0.045455
0 0.094238 0.641496 0.016602 0.048387
0 0.109863 0.642229 0.014648 0.046921
0 0.125977 0.641496 0.017578 0.045455
0 0.143555 0.640762 0.017578 0.046921
0 0.161133 0.640762 0.017578 0.046921
0 0.178223 0.640762 0.016602 0.046921
0 0.194824 0.640762 0.016602 0.046921
0 0.212891 0.640762 0.019531 0.046921
0 0.231445 0.640762 0.017578 0.046921
0 0.250000 0.640762 0.019531 0.046921
0 0.269043 0.641496 0.018555 0.048387
0 0.287598 0.641496 0.018555 0.048387
0 0.306641 0.640762 0.019531 0.046921
0 0.326172 0.640029 0.019531 0.048387
0 0.345215 0.639296 0.018555 0.046921
0 0.364258 0.640029 0.019531 0.045455
0 0.382812 0.640029 0.017578 0.045455
0 0.006348 0.711144 0.010742 0.046921
0 0.018555 0.711144 0.013672 0.046921
0 0.032227 0.710411 0.013672 0.045455
0 0.047363 0.710411 0.016602 0.045455
0 0.063477 0.711144 0.015625 0.046921
0 0.078125 0.711877 0.013672 0.045455
0 0.093750 0.711877 0.017578 0.045455
0 0.109863 0.711877 0.014648 0.045455
0 0.126465 0.711877 0.018555 0.045455
0 0.144043 0.712610 0.016602 0.043988
0 0.161133 0.713343 0.017578 0.045455
0 0.178711 0.712610 0.017578 0.046921
0 0.195801 0.711877 0.016602 0.045455
0 0.213379 0.711144 0.018555 0.046921
0 0.231934 0.710411 0.018555 0.045455
0 0.250488 0.710411 0.018555 0.045455
0 0.269043 0.711877 0.018555 0.045455
0 0.287109 0.711877 0.017578 0.045455
0 0.305664 0.712610 0.019531 0.046921
0 0.325684 0.711877 0.020508 0.048387
0 0.345215 0.711144 0.018555 0.046921
0 0.364258 0.711877 0.019531 0.045455
0 0.382812 0.711877 0.017578 0.045455
0 0.006348 0.781525 0.010742 0.046921
0 0.019043 0.781525 0.014648 0.046921
0 0.033691 0.781525 0.014648 0.046921
0 0.047852 0.781525 0.013672 0.046921
0 0.062500 0.781525 0.015625 0.046921
0 0.078125 0.781525 0.015625 0.046921
0 0.094238 0.782258 0.016602 0.048387
0 0.110352 0.782258 0.015625 0.048387
0 0.126953 0.783724 0.017578 0.051320
0 0.144043 0.784457 0.016602 0.049853
0 0.162109 0.785191 0.019531 0.051320
0 0.179688 0.784457 0.015625 0.052786
0 0.196777 0.783724 0.018555 0.051320
0 0.214844 0.783724 0.017578 0.051320
0 0.232422 0.783724 0.017578 0.051320
0 0.250977 0.784457 0.019531 0.049853
0 0.270020 0.785191 0.018555 0.051320
0 0.289062 0.785191 0.019531 0.051320
0 0.307129 0.784457 0.016602 0.049853
0 0.325684 0.783724 0.020508 0.051320
0 0.346191 0.783724 0.020508 0.051320
0 0.365723 0.783724 0.018555 0.051320
0 0.383301 0.783724 0.016602 0.051320
0 0.006836 0.852639 0.011719 0.048387
0 0.019043 0.853372 0.012695 0.046921
0 0.033203 0.852639 0.015625 0.045455
0 0.048340 0.852639 0.014648 0.045455
0 0.062988 0.854106 0.014648 0.048387
0 0.078125 0.854106 0.015625 0.048387
0 0.094727 0.854106 0.017578 0.048387
0 0.111816 0.855572 0.016602 0.045455
0 0.128906 0.855572 0.017578 0.045455
0 0.145996 0.855572 0.016602 0.045455
0 0.162109 0.856305 0.015625 0.046921
0 0.178711 0.856305 0.017578 0.046921
0 0.196777 0.856305 0.018555 0.046921
0 0.214355 0.857038 0.016602 0.045455
0 0.231934 0.857038 0.018555 0.045455
0 0.250977 0.857038 0.019531 0.045455
0 0.270020 0.858504 0.018555 0.048387
0 0.289062 0.858504 0.019531 0.048387
0 0.308594 0.857771 0.019531 0.046921
0 0.327637 0.857038 0.018555 0.048387
0 0.346680 0.857038 0.019531 0.048387
0 0.366211 0.857038 0.019531 0.048387
0 0.383789 0.856305 0.015625 0.046921
0 0.006836 0.922287 0.011719 0.046921
0 0.020020 0.922287 0.014648 0.046921
0 0.034180 0.923021 0.013672 0.048387
0 0.048828 0.923754 0.015625 0.046921
0 0.064453 0.924487 0.015625 0.048387
0 0.080078 0.925220 0.015625 0.046921
0 0.096191 0.925953 0.016602 0.048387
0 0.112305 0.926686 0.015625 0.046921
0 0.128418 0.927419 0.016602 0.048387
0 0.145508 0.927419 0.017578 0.048387
0 0.162598 0.927419 0.016602 0.048387
0 0.178711 0.927419 0.015625 0.048387
0 0.196289 0.928152 0.019531 0.049853
0 0.215332 0.928886 0.018555 0.048387
0 0.233398 0.928886 0.017578 0.048387
0 0.251953 0.928886 0.019531 0.048387
0 0.270508 0.928886 0.017578 0.048387
0 0.288574 0.928886 0.018555 0.048387
0 0.307129 0.928886 0.018555 0.048387
0 0.326660 0.928152 0.020508 0.049853
0 0.346191 0.928886 0.018555 0.048387
0 0.365234 0.928886 0.019531 0.048387
0 0.383301 0.928152 0.016602 0.046921
0 0.009766 0.983871 0.007812 0.029326
0 0.020508 0.983871 0.013672 0.029326
0 0.034668 0.983138 0.014648 0.027859
0 0.048828 0.984604 0.013672 0.024927
0 0.063965 0.983871 0.016602 0.023460
0 0.080078 0.984604 0.015625 0.021994
0 0.095703 0.984604 0.015625 0.021994
0 0.112793 0.985337 0.018555 0.020528
0 0.129395 0.986070 0.014648 0.021994
0 0.145020 0.986070 0.016602 0.021994
0 0.162598 0.986070 0.018555 0.021994
0 0.180664 0.986804 0.017578 0.020528
0 0.197754 0.986804 0.016602 0.020528
0 0.215332 0.987537 0.018555 0.019062
0 0.233887 0.987537 0.018555 0.019062
0 0.252930 0.987537 0.019531 0.019062
0 0.271484 0.986804 0.017578 0.017595
0 0.289551 0.987537 0.018555 0.016129
0 0.308594 0.987537 0.019531 0.016129
0 0.327148 0.986804 0.017578 0.017595
0 0.346680 0.987537 0.021484 0.019062
0 0.367188 0.988270 0.019531 0.017595
0 0.384277 0.988270 0.014648 0.017595
0 0.399414 0.060850 0.019531 0.048387
0 0.418457 0.060850 0.018555 0.048387
0 0.438477 0.059384 0.021484 0.045455
0 0.458496 0.059384 0.018555 0.045455
0 0.478516 0.060850 0.021484 0.048387
0 0.499023 0.059384 0.019531 0.051320
0 0.517578 0.058651 0.017578 0.049853
0 0.536621 0.058651 0.020508 0.049853
0 0.556641 0.057185 0.019531 0.046921
0 0.576172 0.057185 0.019531 0.046921
0 0.594727 0.058651 0.017578 0.049853
0 0.614258 0.058651 0.021484 0.049853
0 0.634277 0.057918 0.018555 0.048387
0 0.652344 0.058651 0.017578 0.046921
0 0.671387 0.058651 0.020508 0.046921
0 0.690918 0.059384 0.018555 0.045455
0 0.708496 0.059384 0.016602 0.045455
0 0.725586 0.058651 0.017578 0.046921
0 0.743652 0.057185 0.018555 0.046921
0 0.400879 0.132698 0.018555 0.045455
0 0.420410 0.131232 0.020508 0.048387
0 0.439453 0.131232 0.017578 0.048387
0 0.458496 0.131232 0.020508 0.048387
0 0.479492 0.131232 0.021484 0.048387
0 0.499023 0.131965 0.017578 0.046921
0 0.518555 0.131965 0.021484 0.046921
0 0.537598 0.131232 0.016602 0.048387
0 0.555664 0.130499 0.019531 0.046921
0 0.575195 0.130499 0.019531 0.046921
0 0.594727 0.131232 0.019531 0.048387
0 0.613770 0.131232 0.018555 0.048387
0 0.632812 0.131232 0.019531 0.048387
0 0.651855 0.131232 0.018555 0.048387
0 0.670898 0.129765 0.019531 0.045455
0 0.689453 0.129032 0.017578 0.046921
0 0.707520 0.130499 0.018555 0.049853
0 0.725098 0.130499 0.016602 0.049853
0 0.742676 0.129765 0.018555 0.048387
0 0.401855 0.204545 0.018555 0.045455
0 0.420898 0.203812 0.019531 0.046921
0 0.440430 0.204545 0.019531 0.048387
0 0.459961 0.204545 0.019531 0.048387
0 0.479004 0.204545 0.018555 0.048387
0 0.498047 0.204545 0.019531 0.048387
0 0.517578 0.204545 0.019531 0.048387
0 0.537598 0.204545 0.020508 0.048387
0 0.557129 0.203812 0.018555 0.046921
0 0.576172 0.203812 0.019531 0.046921
0 0.596191 0.206012 0.018555 0.045455
0 0.614258 0.205279 0.017578 0.046921
0 0.633301 0.203812 0.020508 0.043988
0 0.652832 0.202346 0.018555 0.046921
0 0.671387 0.203079 0.018555 0.048387
0 0.690430 0.202346 0.019531 0.049853
0 0.708496 0.201613 0.016602 0.048387
0 0.726074 0.201613 0.018555 0.048387
0 0.744141 0.202346 0.017578 0.049853
0 0.400879 0.278592 0.020508 0.046921
0 0.420898 0.277859 0.019531 0.048387
0 0.440430 0.277859 0.019531 0.048387
0 0.459961 0.277126 0.019531 0.049853
0 0.479492 0.275660 0.019531 0.046921
0 0.499023 0.275660 0.019531 0.046921
0 0.518555 0.274927 0.019531 0.045455
0 0.538086 0.275660 0.019531 0.043988
0 0.557617 0.274927 0.019531 0.042522
0 0.576660 0.274194 0.018555 0.043988
0 0.596191 0.275660 0.020508 0.046921
0 0.615234 0.274927 0.017578 0.048387
0 0.633789 0.274194 0.019531 0.046921
0 0.652832 0.274927 0.018555 0.045455
0 0.671875 0.275660 0.019531 0.046921
0 0.690918 0.274927 0.018555 0.048387
0 0.708984 0.274194 0.017578 0.046921
0 0.727051 0.273460 0.018555 0.048387
0 0.744629 0.274194 0.016602 0.049853
0 0.402344 0.352639 0.021484 0.048387
0 0.421875 0.351906 0.017578 0.049853
0 0.440918 0.350440 0.020508 0.046921
0 0.460449 0.348974 0.018555 0.049853
0 0.480469 0.347507 0.021484 0.046921
0 0.500488 0.347507 0.018555 0.046921
0 0.519531 0.346774 0.019531 0.045455
0 0.539062 0.346041 0.019531 0.046921
0 0.558594 0.346774 0.019531 0.048387
0 0.577637 0.346774 0.018555 0.048387
0 0.597168 0.346774 0.020508 0.048387
0 0.616699 0.346774 0.018555 0.048387
0 0.635254 0.346774 0.018555 0.048387
0 0.653809 0.347507 0.018555 0.046921
0 0.672363 0.346774 0.018555 0.045455
0 0.690918 0.347507 0.018555 0.043988
0 0.709473 0.348240 0.018555 0.045455
0 0.727539 0.346774 0.017578 0.048387
0 0.745605 0.346041 0.018555 0.046921
0 0.401855 0.421554 0.018555 0.048387
0 0.420898 0.421554 0.019531 0.048387
0 0.440918 0.420821 0.020508 0.046921
0 0.460938 0.420088 0.019531 0.048387
0 0.480469 0.420088 0.019531 0.048387
0 0.500488 0.419355 0.020508 0.049853
0 0.520020 0.419355 0.018555 0.049853
0 0.538574 0.420821 0.018555 0.046921
0 0.557617 0.420821 0.019531 0.046921
0 0.577148 0.420088 0.019531 0.048387
0 0.596680 0.419355 0.019531 0.046921
0 0.615723 0.419355 0.018555 0.046921
0 0.634766 0.419355 0.019531 0.046921
0 0.653320 0.419355 0.017578 0.046921
0 0.671875 0.418622 0.019531 0.045455
0 0.690918 0.417889 0.018555 0.046921
0 0.709473 0.417155 0.018555 0.045455
0 0.728027 0.417889 0.018555 0.043988
0 0.746094 0.418622 0.017578 0.045455
0 0.402344 0.494868 0.021484 0.048387
0 0.422363 0.494135 0.018555 0.049853
0 0.441895 0.493402 0.020508 0.048387
0 0.461426 0.492669 0.018555 0.049853
0 0.480957 0.491935 0.020508 0.048387
0 0.500977 0.491935 0.019531 0.048387
0 0.520508 0.491935 0.019531 0.048387
0 0.540039 0.493402 0.019531 0.045455
0 0.559570 0.493402 0.019531 0.045455
0 0.578613 0.493402 0.018555 0.045455
0 0.597656 0.493402 0.019531 0.045455
0 0.617188 0.491935 0.019531 0.048387
0 0.636230 0.491935 0.018555 0.048387
0 0.654297 0.491935 0.017578 0.048387
0 0.673340 0.491935 0.020508 0.048387
0 0.691895 0.491935 0.016602 0.048387
0 0.709961 0.490469 0.019531 0.045455
0 0.728516 0.489736 0.017578 0.046921
0 0.746094 0.490469 0.017578 0.048387
0 0.402344 0.565249 0.019531 0.048387
0 0.422363 0.565249 0.020508 0.048387
0 0.442383 0.565249 0.019531 0.048387
0 0.461914 0.565249 0.019531 0.048387
0 0.481934 0.565249 0.020508 0.048387
0 0.501465 0.564516 0.018555 0.049853
0 0.520508 0.564516 0.019531 0.049853
0 0.540039 0.564516 0.019531 0.049853
0 0.559570 0.563783 0.019531 0.048387
0 0.579102 0.563783 0.019531 0.048387
0 0.598145 0.563783 0.018555 0.048387
0 0.617676 0.563783 0.020508 0.048387
0 0.637207 0.563050 0.018555 0.046921
0 0.654785 0.562317 0.016602 0.048387
0 0.672852 0.562317 0.019531 0.048387
0 0.691895 0.562317 0.018555 0.048387
0 0.710449 0.561584 0.018555 0.046921
0 0.728516 0.560850 0.017578 0.048387
0 0.746582 0.560850 0.018555 0.048387
0 0.402344 0.639296 0.021484 0.049853
0 0.422852 0.639296 0.019531 0.049853
0 0.441895 0.637830 0.018555 0.046921
0 0.461914 0.638563 0.021484 0.048387
0 0.481934 0.638563 0.018555 0.048387
0 0.501465 0.637097 0.020508 0.045455
0 0.521484 0.637097 0.019531 0.045455
0 0.540527 0.637830 0.018555 0.046921
0 0.559570 0.637097 0.019531 0.048387
0 0.578613 0.636364 0.018555 0.046921
0 0.403320 0.711144 0.019531 0.046921
0 0.422852 0.710411 0.019531 0.048387
0 0.442871 0.710411 0.020508 0.048387
0 0.462402 0.710411 0.018555 0.048387
0 0.481934 0.710411 0.020508 0.048387
0 0.501953 0.710411 0.019531 0.048387
0 0.521973 0.708944 0.020508 0.045455
0 0.541992 0.708944 0.019531 0.045455
0 0.560547 0.708211 0.017578 0.043988
0 0.579102 0.708211 0.019531 0.043988
0 0.404297 0.782991 0.021484 0.049853
0 0.424316 0.782991 0.018555 0.049853
0 0.443848 0.782258 0.020508 0.048387
0 0.463867 0.782991 0.019531 0.046921
0 0.483398 0.782258 0.019531 0.045455
0 0.503418 0.782258 0.020508 0.045455
0 0.522949 0.782991 0.018555 0.046921
0 0.541992 0.782258 0.019531 0.048387
0 0.562012 0.781525 0.020508 0.046921
0 0.581055 0.780792 0.017578 0.048387
0 0.599121 0.780059 0.018555 0.046921
0 0.618164 0.780792 0.019531 0.045455
0 0.637695 0.780792 0.019531 0.045455
0 0.655762 0.780059 0.016602 0.046921
0 0.673828 0.779326 0.019531 0.045455
0 0.692871 0.779326 0.018555 0.045455
0 0.710938 0.778592 0.017578 0.043988
0 0.728516 0.777126 0.017578 0.046921
0 0.745605 0.777126 0.016602 0.046921
0 0.404297 0.855572 0.019531 0.048387
0 0.423828 0.855572 0.019531 0.048387
0 0.443359 0.854839 0.019531 0.046921
0 0.462891 0.854106 0.019531 0.048387
0 0.483398 0.854106 0.021484 0.048387
0 0.502441 0.854106 0.016602 0.048387
0 0.521973 0.854106 0.022461 0.048387
0 0.541992 0.854839 0.017578 0.046921
0 0.561035 0.854839 0.020508 0.046921
0 0.580566 0.854106 0.018555 0.048387
0 0.599609 0.854106 0.019531 0.048387
0 0.618652 0.852639 0.018555 0.051320
0 0.637695 0.851173 0.019531 0.048387
0 0.656250 0.851906 0.017578 0.046921
0 0.674805 0.851906 0.019531 0.046921
0 0.693359 0.851173 0.017578 0.048387
0 0.711914 0.850440 0.019531 0.046921
0 0.730469 0.849707 0.017578 0.048387
0 0.747559 0.848974 0.016602 0.046921
0 0.403809 0.927419 0.020508 0.048387
0 0.423340 0.928152 0.018555 0.046921
0 0.442871 0.928152 0.020508 0.046921
0 0.462891 0.928152 0.019531 0.046921
0 0.482422 0.928886 0.019531 0.048387
0 0.502930 0.928152 0.021484 0.049853
0 0.522949 0.925953 0.018555 0.045455
0 0.542480 0.925220 0.020508 0.046921
0 0.562012 0.925220 0.018555 0.046921
0 0.580566 0.925953 0.018555 0.045455
0 0.599121 0.926686 0.018555 0.046921
0 0.618652 0.925953 0.020508 0.048387
0 0.639160 0.925953 0.020508 0.048387
0 0.657715 0.925220 0.016602 0.049853
0 0.675781 0.923754 0.019531 0.046921
0 0.695312 0.923754 0.017578 0.046921
0 0.712891 0.923021 0.017578 0.048387
0 0.730469 0.922287 0.017578 0.046921
0 0.748047 0.921554 0.017578 0.048387
0 0.405762 0.988270 0.018555 0.023460
0 0.424316 0.989736 0.018555 0.020528
0 0.444824 0.988270 0.020508 0.023460
0 0.464844 0.989003 0.019531 0.019062
0 0.484863 0.989003 0.018555 0.021994
0 0.503418 0.989736 0.020508 0.020528
0 0.522949 0.988270 0.020508 0.023460
0 0.542480 0.988270 0.018555 0.023460
0 0.561035 0.988270 0.018555 0.023460
0 0.582031 0.988270 0.021484 0.023460
0 0.601074 0.988270 0.020508 0.023460
0 0.619629 0.987537 0.016602 0.024927
0 0.638672 0.987537 0.019531 0.024927
0 0.656738 0.986804 0.018555 0.026393
0 0.675293 0.987537 0.018555 0.024927
0 0.693359 0.984604 0.015625 0.030792
0 0.711914 0.984604 0.019531 0.030792
0 0.730469 0.984604 0.017578 0.027859
0 0.748047 0.984604 0.017578 0.030792
0 0.762207 0.060117 0.018555 0.049853
0 0.779785 0.060117 0.016602 0.049853
0 0.795898 0.060117 0.015625 0.049853
0 0.812012 0.060850 0.016602 0.048387
0 0.829102 0.061584 0.017578 0.049853
0 0.845215 0.061584 0.014648 0.049853
0 0.860352 0.061584 0.015625 0.049853
0 0.875977 0.062317 0.015625 0.048387
0 0.890625 0.063050 0.013672 0.049853
0 0.904297 0.063050 0.013672 0.049853
0 0.918457 0.063050 0.014648 0.049853
0 0.932129 0.063783 0.012695 0.048387
0 0.944824 0.064516 0.012695 0.049853
0 0.957031 0.064516 0.011719 0.049853
0 0.968262 0.064516 0.010742 0.049853
0 0.761230 0.131232 0.018555 0.048387
0 0.778320 0.131232 0.015625 0.048387
0 0.795410 0.131965 0.018555 0.049853
0 0.812012 0.131965 0.014648 0.049853
0 0.828125 0.132698 0.017578 0.051320
0 0.844727 0.132698 0.015625 0.051320
0 0.860352 0.131965 0.015625 0.049853
0 0.875000 0.131965 0.013672 0.049853
0 0.889160 0.132698 0.014648 0.051320
0 0.903809 0.133431 0.014648 0.049853
0 0.917480 0.133431 0.012695 0.049853
0 0.931152 0.134164 0.014648 0.048387
0 0.944336 0.134897 0.011719 0.049853
0 0.957520 0.134897 0.014648 0.049853
0 0.968750 0.135630 0.007812 0.051320
0 0.761719 0.202346 0.017578 0.049853
0 0.779297 0.202346 0.017578 0.049853
0 0.796387 0.202346 0.016602 0.049853
0 0.813477 0.203079 0.017578 0.048387
0 0.829590 0.203079 0.014648 0.048387
0 0.844727 0.203079 0.015625 0.048387
0 0.860352 0.203812 0.015625 0.049853
0 0.875488 0.204545 0.014648 0.048387
0 0.890625 0.204545 0.015625 0.048387
0 0.904785 0.205279 0.012695 0.046921
0 0.918457 0.205279 0.014648 0.046921
0 0.932129 0.205279 0.012695 0.046921
0 0.945312 0.206012 0.013672 0.048387
0 0.958496 0.206745 0.012695 0.046921
0 0.969238 0.206745 0.008789 0.046921
0 0.761719 0.274194 0.017578 0.049853
0 0.778809 0.274927 0.016602 0.048387
0 0.795898 0.274927 0.017578 0.048387
0 0.812500 0.274194 0.015625 0.049853
0 0.829102 0.274194 0.017578 0.049853
0 0.845215 0.274194 0.014648 0.049853
0 0.860840 0.274927 0.016602 0.051320
0 0.875977 0.275660 0.013672 0.049853
0 0.891113 0.274927 0.016602 0.048387
0 0.906738 0.274927 0.014648 0.048387
0 0.920410 0.275660 0.012695 0.049853
0 0.933594 0.276393 0.013672 0.048387
0 0.946289 0.275660 0.011719 0.046921
0 0.958496 0.275660 0.012695 0.046921
0 0.969238 0.276393 0.008789 0.048387
0 0.762207 0.346041 0.016602 0.046921
0 0.779297 0.346041 0.017578 0.046921
0 0.796387 0.345308 0.016602 0.045455
0 0.812988 0.346041 0.016602 0.043988
0 0.829102 0.346774 0.015625 0.045455
0 0.845703 0.345308 0.017578 0.048387
0 0.861816 0.344575 0.014648 0.046921
0 0.876465 0.344575 0.014648 0.046921
0 0.891113 0.344575 0.014648 0.046921
0 0.905762 0.345308 0.014648 0.045455
0 0.920410 0.345308 0.014648 0.045455
0 0.934082 0.346041 0.012695 0.043988
0 0.947266 0.346041 0.013672 0.043988
0 0.958984 0.346041 0.009766 0.043988
0 0.968262 0.346774 0.008789 0.045455
0 0.763672 0.418622 0.015625 0.048387
0 0.779785 0.417889 0.016602 0.049853
0 0.796387 0.416422 0.016602 0.046921
0 0.812988 0.417155 0.016602 0.045455
0 0.829102 0.417155 0.015625 0.045455
0 0.845215 0.417155 0.016602 0.045455
0 0.860840 0.417155 0.014648 0.045455
0 0.875977 0.417155 0.015625 0.045455
0 0.890625 0.417889 0.013672 0.046921
0 0.904785 0.417889 0.014648 0.046921
0 0.919434 0.416422 0.014648 0.043988
0 0.933105 0.416422 0.012695 0.043988
0 0.946777 0.417155 0.014648 0.045455
0 0.959961 0.417155 0.011719 0.045455
0 0.969727 0.417155 0.007812 0.045455
0 0.763184 0.489003 0.016602 0.048387
0 0.779785 0.489003 0.016602 0.048387
0 0.796875 0.488270 0.017578 0.046921
0 0.813965 0.488270 0.016602 0.046921
0 0.830078 0.487537 0.015625 0.045455
0 0.845703 0.487537 0.015625 0.045455
0 0.861328 0.486804 0.015625 0.043988
0 0.876465 0.486804 0.014648 0.043988
0 0.892090 0.487537 0.016602 0.045455
0 0.907227 0.486804 0.013672 0.046921
0 0.920410 0.486070 0.012695 0.045455
0 0.933594 0.486070 0.013672 0.045455
0 0.947266 0.486804 0.013672 0.046921
0 0.959961 0.486804 0.011719 0.046921
0 0.969238 0.486070 0.006836 0.045455
0 0.763672 0.561584 0.017578 0.046921
0 0.780273 0.561584 0.015625 0.046921
0 0.796875 0.560117 0.017578 0.043988
0 0.814453 0.560117 0.017578 0.043988
0 0.831055 0.560117 0.015625 0.043988
0 0.846191 0.559384 0.014648 0.045455
0 0.861328 0.558651 0.015625 0.043988
0 0.876465 0.557918 0.014648 0.045455
0 0.891602 0.557918 0.015625 0.045455
0 0.906250 0.557185 0.013672 0.046921
0 0.920410 0.557185 0.014648 0.046921
0 0.934082 0.557185 0.012695 0.046921
0 0.946777 0.556452 0.012695 0.045455
0 0.959961 0.556452 0.013672 0.045455
0 0.763184 0.632698 0.016602 0.048387
0 0.780273 0.633431 0.017578 0.046921
0 0.797363 0.632698 0.016602 0.045455
0 0.814453 0.631965 0.017578 0.046921
0 0.831055 0.631232 0.015625 0.045455
0 0.846680 0.630499 0.015625 0.046921
0 0.862305 0.630499 0.015625 0.046921
0 0.877930 0.630499 0.015625 0.046921
0 0.893066 0.629765 0.014648 0.045455
0 0.906738 0.629765 0.012695 0.045455
0 0.920410 0.628299 0.014648 0.042522
0 0.934082 0.627566 0.012695 0.043988
0 0.947266 0.627566 0.013672 0.043988
0 0.960449 0.626833 0.012695 0.045455
0 0.861816 0.701613 0.014648 0.042522
0 0.876953 0.700147 0.015625 0.045455
0 0.892578 0.700147 0.015625 0.045455
0 0.907227 0.699413 0.013672 0.046921
0 0.921387 0.699413 0.014648 0.046921
0 0.935059 0.699413 0.012695 0.046921
0 0.948242 0.698680 0.013672 0.045455
0 0.961426 0.697947 0.012695 0.046921
0 0.764648 0.774927 0.015625 0.045455
0 0.780762 0.774194 0.016602 0.046921
0 0.797852 0.773460 0.017578 0.045455
0 0.814453 0.773460 0.015625 0.045455
0 0.831055 0.772727 0.017578 0.043988
0 0.847168 0.771994 0.014648 0.045455
0 0.862793 0.771994 0.016602 0.045455
0 0.878418 0.771261 0.014648 0.046921
0 0.893066 0.769795 0.014648 0.043988
0 0.907715 0.769062 0.014648 0.045455
0 0.921875 0.769062 0.013672 0.045455
0 0.935059 0.768328 0.012695 0.046921
0 0.948730 0.768328 0.014648 0.046921
0 0.961914 0.768328 0.011719 0.046921
0 0.764160 0.847507 0.016602 0.046921
0 0.781250 0.846774 0.017578 0.048387
0 0.798340 0.846041 0.016602 0.046921
0 0.814453 0.845308 0.015625 0.048387
0 0.831055 0.844575 0.017578 0.046921
0 0.847656 0.843842 0.015625 0.048387
0 0.863770 0.842375 0.016602 0.045455
0 0.878906 0.841642 0.013672 0.046921
0 0.893066 0.841642 0.014648 0.046921
0 0.907715 0.840909 0.014648 0.048387
0 0.922363 0.839443 0.014648 0.045455
0 0.935547 0.837977 0.011719 0.048387
0 0.948242 0.837243 0.013672 0.046921
0 0.961426 0.837243 0.012695 0.046921
0 0.765625 0.919355 0.015625 0.046921
0 0.781738 0.918622 0.016602 0.048387
0 0.798828 0.917155 0.017578 0.045455
0 0.815918 0.917155 0.016602 0.045455
0 0.832520 0.917155 0.016602 0.045455
0 0.848145 0.916422 0.014648 0.046921
0 0.863281 0.914223 0.015625 0.042522
0 0.877930 0.912757 0.013672 0.045455
0 0.893066 0.912757 0.016602 0.045455
0 0.908203 0.912023 0.013672 0.046921
0 0.922363 0.910557 0.014648 0.043988
0 0.935547 0.908358 0.011719 0.048387
0 0.948242 0.907625 0.013672 0.046921
0 0.961426 0.906891 0.012695 0.048387
0 0.765137 0.982405 0.016602 0.029326
0 0.782715 0.982405 0.018555 0.029326
0 0.800293 0.983138 0.016602 0.030792
0 0.816406 0.980938 0.015625 0.035191
0 0.833008 0.980205 0.017578 0.033724
0 0.849121 0.980205 0.014648 0.033724
0 0.864258 0.980938 0.015625 0.035191
0 0.879395 0.980205 0.014648 0.036657
0 0.894531 0.979472 0.015625 0.035191
0 0.909180 0.978006 0.013672 0.038123
0 0.923340 0.978739 0.014648 0.039589
0 0.937012 0.976540 0.012695 0.043988
0 0.950195 0.976540 0.013672 0.043988
0 0.962891 0.976540 0.011719 0.043988
0 0.982422 0.066716 0.013672 0.051320
0 0.994629 0.068182 0.008789 0.054252
0 0.983398 0.134897 0.013672 0.046921
0 0.995117 0.136364 0.009766 0.049853
0 0.982910 0.206745 0.014648 0.049853
0 0.994629 0.207478 0.008789 0.048387
0 0.982910 0.277859 0.012695 0.048387
0 0.994629 0.278592 0.010742 0.046921
0 0.983887 0.343842 0.010742 0.051320
0 0.994629 0.345308 0.010742 0.051320
0 0.984375 0.417155 0.011719 0.048387
0 0.994629 0.416422 0.008789 0.049853
0 0.984375 0.485337 0.011719 0.046921
0 0.994141 0.485337 0.007812 0.046921
0 0.973145 0.556452 0.012695 0.045455
0 0.984863 0.555718 0.010742 0.046921
0 0.994141 0.555718 0.007812 0.046921
0 0.973145 0.626100 0.010742 0.043988
0 0.984375 0.623900 0.011719 0.048387
0 0.995117 0.620968 0.009766 0.042522
0 0.974121 0.695748 0.010742 0.045455
0 0.984863 0.695015 0.010742 0.046921
0 0.995605 0.695748 0.008789 0.045455
0 0.975098 0.764663 0.010742 0.048387
0 0.985840 0.764663 0.010742 0.048387
0 0.995605 0.765396 0.008789 0.049853
0 0.974609 0.835044 0.009766 0.042522
0 0.985352 0.834311 0.011719 0.043988
0 0.995117 0.834311 0.007812 0.046921
0 0.974121 0.905425 0.010742 0.045455
0 0.985352 0.904692 0.011719 0.046921
0 0.995117 0.903959 0.007812 0.045455
0 0.975586 0.975073 0.009766 0.046921
0 0.988281 0.975073 0.013672 0.046921
0 0.997559 0.974340 0.004883 0.042522
