0 0.047222 0.020408 0.066667 0.037106
0 0.113889 0.020408 0.066667 0.037106
0 0.184722 0.021336 0.075000 0.038961
0 0.259722 0.021336 0.075000 0.038961
0 0.331944 0.020408 0.069444 0.037106
0 0.404167 0.020408 0.075000 0.037106
0 0.477778 0.020408 0.072222 0.037106
0 0.548611 0.020408 0.069444 0.037106
0 0.622222 0.020408 0.077778 0.037106
0 0.697222 0.020408 0.072222 0.037106
0 0.770833 0.019481 0.075000 0.035250
0 0.843056 0.019481 0.069444 0.035250
0 0.915278 0.018553 0.075000 0.033395
0 0.920833 0.070501 0.063889 0.070501
0 0.848611 0.073284 0.080556 0.064935
0 0.772222 0.074212 0.072222 0.066790
0 0.697222 0.075139 0.077778 0.064935
0 0.623611 0.075139 0.069444 0.064935
0 0.551389 0.074212 0.075000 0.066790
0 0.476389 0.075139 0.075000 0.068646
0 0.402778 0.075139 0.072222 0.068646
0 0.327778 0.074212 0.077778 0.066790
0 0.255556 0.074212 0.066667 0.066790
0 0.181944 0.076067 0.080556 0.070501
0 0.108333 0.076067 0.066667 0.070501
0 0.038889 0.075139 0.072222 0.068646
0 0.030556 0.145640 0.055556 0.072356
0 0.097222 0.146568 0.077778 0.070501
0 0.170833 0.145640 0.069444 0.068646
0 0.244444 0.145640 0.077778 0.068646
0 0.320833 0.145640 0.075000 0.068646
0 0.395833 0.145640 0.075000 0.068646
0 0.472222 0.144712 0.077778 0.066790
0 0.548611 0.144712 0.075000 0.066790
0 0.622222 0.143785 0.072222 0.064935
0 0.698611 0.142857 0.080556 0.066790
0 0.776389 0.143785 0.075000 0.068646
0 0.851389 0.142857 0.075000 0.070501
0 0.929167 0.142857 0.080556 0.070501
0 0.934722 0.214286 0.069444 0.072356
0 0.861111 0.215213 0.077778 0.070501
0 0.781944 0.216141 0.080556 0.072356
0 0.704167 0.216141 0.075000 0.072356
0 0.627778 0.215213 0.077778 0.070501
0 0.550000 0.214286 0.077778 0.072356
0 0.468056 0.215213 0.086111 0.074212
0 0.388889 0.217069 0.072222 0.070501
0 0.312500 0.217069 0.080556 0.070501
0 0.237500 0.216141 0.069444 0.072356
0 0.159722 0.216141 0.086111 0.072356
0 0.080556 0.217996 0.072222 0.068646
0 0.023611 0.218924 0.041667 0.070501
0 0.015278 0.291280 0.025000 0.074212
0 0.069444 0.291280 0.083333 0.074212
0 0.145833 0.293135 0.069444 0.077922
0 0.223611 0.293135 0.086111 0.077922
0 0.305556 0.292208 0.077778 0.076067
0 0.384722 0.291280 0.080556 0.077922
0 0.463889 0.291280 0.077778 0.077922
0 0.543056 0.291280 0.080556 0.077922
0 0.625000 0.290353 0.083333 0.076067
0 0.704167 0.290353 0.075000 0.076067
0 0.783333 0.290353 0.083333 0.076067
0 0.862500 0.290353 0.075000 0.076067
0 0.941667 0.289425 0.083333 0.074212
0 0.948611 0.367347 0.069444 0.081633
0 0.870833 0.369202 0.086111 0.077922
0 0.788889 0.371058 0.077778 0.081633
0 0.708333 0.371058 0.083333 0.081633
0 0.623611 0.371058 0.086111 0.081633
0 0.541667 0.371058 0.077778 0.081633
0 0.459722 0.370130 0.086111 0.079777
0 0.379167 0.370130 0.075000 0.079777
0 0.295833 0.371058 0.091667 0.081633
0 0.213889 0.371985 0.072222 0.079777
0 0.134722 0.370130 0.086111 0.076067
0 0.051389 0.368275 0.080556 0.079777
0 0.043056 0.450835 0.080556 0.085343
0 0.119444 0.453618 0.072222 0.087199
0 0.202778 0.453618 0.088889 0.083488
0 0.287500 0.453618 0.080556 0.083488
0 0.372222 0.453618 0.088889 0.083488
0 0.455556 0.453618 0.077778 0.083488
0 0.537500 0.455473 0.086111 0.079777
0 0.622222 0.454545 0.083333 0.077922
0 0.708333 0.452690 0.088889 0.081633
0 0.794444 0.452690 0.083333 0.081633
0 0.876389 0.451763 0.080556 0.083488
0 0.958333 0.449907 0.083333 0.079777
0 0.031944 0.538961 0.058333 0.090909
0 0.106944 0.540816 0.091667 0.087199
0 0.193056 0.541744 0.080556 0.089054
0 0.277778 0.541744 0.088889 0.089054
0 0.361111 0.540816 0.077778 0.087199
0 0.448611 0.540816 0.097222 0.087199
0 0.537500 0.541744 0.080556 0.089054
0 0.620833 0.540816 0.086111 0.090909
0 0.709722 0.539889 0.091667 0.089054
0 0.795833 0.540816 0.080556 0.087199
0 0.880556 0.541744 0.088889 0.089054
0 0.961111 0.540816 0.072222 0.090909
0 0.025000 0.632653 0.044444 0.096475
0 0.094444 0.634508 0.077778 0.092764
0 0.177778 0.634508 0.088889 0.092764
0 0.266667 0.634508 0.088889 0.092764
0 0.355556 0.633581 0.088889 0.094620
0 0.443056 0.632653 0.086111 0.092764
0 0.531944 0.632653 0.091667 0.092764
0 0.622222 0.632653 0.088889 0.092764
0 0.711111 0.633581 0.088889 0.090909
0 0.800000 0.633581 0.088889 0.090909
0 0.884722 0.632653 0.080556 0.092764
0 0.962500 0.631725 0.075000 0.090909
0 0.080556 0.729128 0.077778 0.096475
0 0.166667 0.730056 0.094444 0.094620
0 0.256944 0.730056 0.086111 0.094620
0 0.348611 0.730056 0.097222 0.094620
0 0.438889 0.730983 0.083333 0.096475
0 0.527778 0.730056 0.094444 0.098330
0 0.620833 0.730056 0.091667 0.098330
0 0.711111 0.730056 0.088889 0.098330
0 0.802778 0.730983 0.094444 0.100186
0 0.893056 0.730983 0.086111 0.100186
0 0.968056 0.728200 0.063889 0.094620
0 0.061111 0.832096 0.088889 0.102041
0 0.154167 0.833024 0.097222 0.100186
0 0.244444 0.833952 0.083333 0.102041
0 0.336111 0.833024 0.100000 0.103896
0 0.433333 0.833952 0.094444 0.105751
0 0.527778 0.833952 0.094444 0.105751
0 0.622222 0.834879 0.094444 0.107607
0 0.716667 0.835807 0.094444 0.105751
0 0.811111 0.835807 0.094444 0.105751
0 0.902778 0.834879 0.088889 0.107607
0 0.973611 0.833024 0.052778 0.103896
0 0.047222 0.941558 0.088889 0.105751
0 0.140278 0.941558 0.097222 0.105751
0 0.234722 0.941558 0.091667 0.105751
0 0.330556 0.941558 0.100000 0.105751
0 0.426389 0.941558 0.091667 0.105751
0 0.522222 0.942486 0.100000 0.103896
0 0.620833 0.942486 0.097222 0.103896
0 0.716667 0.941558 0.094444 0.105751
0 0.813889 0.943414 0.100000 0.109462
0 0.906944 0.943414 0.086111 0.109462
0 0.973611 0.943414 0.047222 0.109462
