0 0.295270 0.276768 0.101351 0.387879
0 0.393243 0.300000 0.110811 0.393939
0 0.523649 0.325253 0.093243 0.371717
0 0.600000 0.338384 0.132432 0.361616
0 0.470946 0.311111 0.044595 0.379798
0 0.681081 0.350505 0.089189 0.361616
0 0.737162 0.362626 0.052703 0.349495
0 0.791892 0.372727 0.129730 0.365657
0 0.868919 0.393939 0.089189 0.347475
0 0.910135 0.404040 0.077027 0.343434
0 0.954054 0.409091 0.091892 0.341414
0 0.295270 0.526263 0.104054 0.139394
0 0.399324 0.535354 0.112162 0.141414
0 0.473649 0.551515 0.047297 0.125253
0 0.535135 0.559596 0.089189 0.129293
0 0.619595 0.571717 0.106757 0.129293
0 0.697297 0.581818 0.070270 0.121212
0 0.748649 0.589899 0.043243 0.117172
0 0.814189 0.594949 0.112162 0.123232
0 0.891216 0.609091 0.071622 0.115152
0 0.937838 0.620202 0.048649 0.105051
0 0.970946 0.625253 0.058108 0.111111
0 0.298649 0.737374 0.118919 0.315152
0 0.402027 0.739394 0.109459 0.319192
0 0.479054 0.755556 0.060811 0.303030
0 0.550676 0.757576 0.112162 0.303030
0 0.633784 0.766667 0.116216 0.296970
0 0.705405 0.773737 0.075676 0.286869
0 0.758108 0.780808 0.067568 0.284848
0 0.829054 0.785859 0.133784 0.286869
0 0.910135 0.795960 0.087838 0.270707
0 0.954730 0.798990 0.071622 0.272727
0 0.299324 0.937374 0.109459 0.125253
0 0.402027 0.944444 0.095946 0.111111
0 0.481757 0.945455 0.058108 0.109091
0 0.560811 0.948485 0.100000 0.103030
0 0.652703 0.953535 0.091892 0.092929
0 0.718243 0.955556 0.060811 0.084848
0 0.769595 0.956566 0.058108 0.086869
0 0.844595 0.957576 0.116216 0.084848
0 0.927703 0.964646 0.063514 0.070707
0 0.973649 0.966667 0.041892 0.066667
