0 0.125000 0.245974 0.031250 0.046852
0 0.158691 0.247438 0.036133 0.046852
0 0.195801 0.248170 0.038086 0.048316
0 0.229492 0.248170 0.029297 0.048316
0 0.125000 0.287701 0.031250 0.033675
0 0.158691 0.288433 0.036133 0.032211
0 0.195312 0.289165 0.037109 0.033675
0 0.229492 0.289898 0.031250 0.032211
0 0.142578 0.324305 0.066406 0.036603
0 0.210449 0.325037 0.069336 0.035139
0 0.142578 0.360176 0.066406 0.032211
0 0.209473 0.360908 0.067383 0.030747
0 0.142090 0.393119 0.067383 0.036603
0 0.209961 0.395315 0.068359 0.032211
0 0.012207 0.243777 0.022461 0.048316
0 0.012207 0.284773 0.022461 0.033675
0 0.011230 0.320644 0.020508 0.038067
0 0.011230 0.357247 0.020508 0.035139
0 0.011230 0.393119 0.020508 0.036603
0 0.011230 0.429722 0.020508 0.036603
0 0.010742 0.468521 0.019531 0.040996
0 0.010742 0.505857 0.019531 0.033675
0 0.056152 0.251098 0.022461 0.042460
0 0.056152 0.289898 0.022461 0.035139
0 0.056152 0.325037 0.022461 0.035139
0 0.056152 0.361640 0.022461 0.038067
0 0.055664 0.398243 0.021484 0.035139
0 0.055176 0.432650 0.022461 0.033675
0 0.055176 0.467789 0.022461 0.036603
0 0.055664 0.504392 0.021484 0.036603
0 0.131836 0.437042 0.023438 0.030747
0 0.166016 0.441435 0.023438 0.024890
0 0.200195 0.441435 0.027344 0.024890
0 0.234863 0.439239 0.018555 0.029283
0 0.201172 0.478770 0.019531 0.032211
0 0.235840 0.478770 0.014648 0.032211
0 0.200684 0.513177 0.020508 0.024890
0 0.234863 0.514641 0.016602 0.027818
0 0.131348 0.477306 0.016602 0.032211
0 0.130859 0.512445 0.017578 0.026354
0 0.166504 0.478038 0.018555 0.030747
0 0.166504 0.513177 0.018555 0.024890
0 0.272461 0.254026 0.021484 0.042460
0 0.272461 0.293558 0.021484 0.036603
0 0.272461 0.328697 0.021484 0.033675
0 0.271484 0.363104 0.023438 0.035139
0 0.270996 0.399707 0.022461 0.038067
0 0.271484 0.435578 0.021484 0.033675
0 0.271484 0.471449 0.021484 0.038067
0 0.270508 0.509517 0.023438 0.038067
0 0.315430 0.254026 0.019531 0.045388
0 0.315430 0.294290 0.019531 0.035139
0 0.314941 0.328697 0.018555 0.033675
0 0.314941 0.364568 0.018555 0.038067
0 0.315430 0.400439 0.017578 0.033675
0 0.314941 0.434114 0.018555 0.033675
0 0.314453 0.471449 0.017578 0.040996
0 0.314453 0.508785 0.017578 0.033675
0 0.347656 0.248170 0.029297 0.045388
0 0.380859 0.248170 0.037109 0.045388
0 0.417969 0.247438 0.037109 0.043924
0 0.451660 0.247438 0.030273 0.043924
0 0.348145 0.290630 0.030273 0.033675
0 0.381348 0.289165 0.036133 0.036603
0 0.417480 0.288433 0.036133 0.035139
0 0.451172 0.289165 0.031250 0.033675
0 0.365723 0.325037 0.065430 0.035139
0 0.432617 0.325769 0.068359 0.033675
0 0.365723 0.360908 0.065430 0.036603
0 0.432617 0.360908 0.068359 0.036603
0 0.364746 0.396047 0.067383 0.033675
0 0.432129 0.396779 0.067383 0.032211
0 0.348145 0.441435 0.026367 0.030747
0 0.383301 0.444363 0.024414 0.024890
0 0.417480 0.445095 0.026367 0.026354
0 0.452637 0.441435 0.024414 0.027818
0 0.348633 0.479502 0.019531 0.033675
0 0.383789 0.480234 0.021484 0.032211
0 0.417480 0.480234 0.020508 0.035139
0 0.453125 0.479502 0.019531 0.033675
0 0.453125 0.514641 0.019531 0.030747
0 0.417969 0.516105 0.019531 0.027818
0 0.383301 0.513909 0.020508 0.029283
0 0.349121 0.514641 0.020508 0.027818
0 0.487793 0.254758 0.022461 0.043924
0 0.487305 0.294290 0.023438 0.035139
0 0.487305 0.329429 0.023438 0.035139
0 0.486816 0.363836 0.024414 0.033675
0 0.486328 0.398975 0.023438 0.036603
0 0.486328 0.435578 0.023438 0.036603
0 0.486816 0.473646 0.024414 0.039531
0 0.487305 0.510249 0.023438 0.033675
0 0.533691 0.253294 0.026367 0.043924
0 0.534180 0.292826 0.025391 0.035139
0 0.533691 0.329429 0.024414 0.038067
0 0.534180 0.366032 0.023438 0.035139
0 0.534180 0.401171 0.023438 0.035139
0 0.534180 0.435578 0.023438 0.033675
0 0.533203 0.472182 0.021484 0.039531
0 0.532227 0.509517 0.023438 0.035139
0 0.570801 0.246706 0.030273 0.045388
0 0.604004 0.246706 0.036133 0.045388
0 0.641113 0.246706 0.038086 0.045388
0 0.675781 0.245974 0.031250 0.046852
0 0.569824 0.289165 0.030273 0.036603
0 0.603516 0.288433 0.037109 0.038067
0 0.640625 0.287701 0.037109 0.036603
0 0.675293 0.289165 0.032227 0.033675
0 0.570312 0.327233 0.031250 0.036603
0 0.604492 0.326501 0.037109 0.038067
0 0.641113 0.325769 0.036133 0.036603
0 0.674805 0.325769 0.031250 0.036603
0 0.570312 0.362372 0.031250 0.033675
0 0.604492 0.362372 0.037109 0.033675
0 0.641113 0.362372 0.036133 0.033675
0 0.674805 0.362372 0.031250 0.033675
0 0.569336 0.396779 0.031250 0.032211
0 0.604004 0.396779 0.038086 0.032211
0 0.641113 0.396779 0.036133 0.032211
0 0.674805 0.397511 0.031250 0.030747
0 0.708008 0.294290 0.019531 0.035139
0 0.708008 0.329429 0.019531 0.035139
0 0.708008 0.365300 0.019531 0.036603
0 0.708008 0.401171 0.019531 0.035139
0 0.708008 0.437042 0.019531 0.036603
0 0.708008 0.475110 0.019531 0.039531
0 0.707520 0.511713 0.018555 0.033675
0 0.567383 0.439971 0.025391 0.036603
0 0.603027 0.445095 0.026367 0.023426
0 0.637207 0.445827 0.024414 0.024890
0 0.673340 0.442167 0.026367 0.029283
0 0.566895 0.480234 0.018555 0.035139
0 0.566406 0.516105 0.019531 0.027818
0 0.602539 0.481698 0.021484 0.035139
0 0.603027 0.516837 0.020508 0.029283
0 0.637207 0.481698 0.020508 0.032211
0 0.637207 0.517570 0.018555 0.027818
0 0.671875 0.481698 0.019531 0.032211
0 0.672363 0.518302 0.018555 0.026354
0 0.708008 0.251830 0.019531 0.043924
0 0.753906 0.254758 0.021484 0.043924
0 0.753906 0.294290 0.021484 0.035139
0 0.753418 0.330161 0.020508 0.036603
0 0.752930 0.366764 0.021484 0.036603
0 0.752930 0.402635 0.021484 0.035139
0 0.752441 0.437775 0.022461 0.035139
0 0.751953 0.474378 0.021484 0.038067
0 0.751465 0.510981 0.022461 0.035139
0 0.796875 0.248902 0.029297 0.046852
0 0.831543 0.248170 0.040039 0.048316
0 0.870117 0.246706 0.037109 0.045388
0 0.904785 0.245974 0.032227 0.046852
0 0.796387 0.289898 0.030273 0.035139
0 0.831543 0.289165 0.040039 0.036603
0 0.869629 0.288433 0.036133 0.035139
0 0.904785 0.287701 0.034180 0.036603
0 0.796387 0.325769 0.030273 0.036603
0 0.830566 0.325037 0.038086 0.038067
0 0.868164 0.324305 0.037109 0.036603
0 0.903320 0.325769 0.033203 0.033675
0 0.795898 0.363104 0.031250 0.032211
0 0.830566 0.361640 0.038086 0.035139
0 0.868164 0.363104 0.037109 0.038067
0 0.903320 0.363104 0.033203 0.038067
0 0.979492 0.251098 0.023438 0.042460
0 0.979492 0.291362 0.023438 0.038067
0 0.979492 0.329429 0.023438 0.038067
0 0.979492 0.367496 0.023438 0.038067
0 0.979492 0.403367 0.023438 0.033675
0 0.979492 0.437042 0.023438 0.033675
0 0.979004 0.475110 0.022461 0.042460
0 0.979004 0.512445 0.022461 0.032211
0 0.936523 0.252562 0.011719 0.045388
0 0.936523 0.292826 0.011719 0.035139
0 0.935547 0.328697 0.009766 0.036603
0 0.934570 0.366032 0.011719 0.038067
0 0.935547 0.401903 0.013672 0.033675
0 0.935059 0.437042 0.014648 0.036603
0 0.934570 0.475110 0.013672 0.039531
0 0.934570 0.513177 0.013672 0.036603
0 0.795898 0.399707 0.029297 0.038067
0 0.830078 0.399707 0.039062 0.038067
0 0.868164 0.398975 0.037109 0.036603
0 0.903320 0.400439 0.033203 0.033675
0 0.795898 0.436310 0.029297 0.035139
0 0.830078 0.435578 0.039062 0.036603
0 0.867676 0.435578 0.036133 0.036603
0 0.902344 0.435578 0.033203 0.036603
0 0.794922 0.475110 0.029297 0.039531
0 0.830078 0.475110 0.041016 0.039531
0 0.868652 0.475842 0.036133 0.040996
0 0.903320 0.475110 0.033203 0.042460
0 0.795410 0.513909 0.032227 0.040996
0 0.831055 0.514641 0.039062 0.039531
0 0.869141 0.513909 0.037109 0.038067
0 0.904297 0.514641 0.033203 0.036603
