0 0.118243 0.527000 0.090541 0.154000
0 0.181081 0.525000 0.089189 0.166000
0 0.246622 0.522000 0.087838 0.168000
0 0.308784 0.523000 0.082432 0.158000
0 0.377703 0.530000 0.077027 0.156000
0 0.438514 0.524000 0.060811 0.156000
0 0.589189 0.522000 0.067568 0.168000
0 0.658108 0.523000 0.075676 0.170000
0 0.725676 0.524000 0.072973 0.172000
0 0.789189 0.524000 0.083784 0.168000
0 0.855405 0.526000 0.083784 0.164000
0 0.919595 0.524000 0.090541 0.168000
0 0.119595 0.891000 0.139189 0.206000
0 0.247973 0.892000 0.160811 0.208000
0 0.321622 0.890000 0.013514 0.204000
0 0.359459 0.890000 0.086486 0.196000
0 0.427027 0.894000 0.070270 0.204000
0 0.598649 0.893000 0.075676 0.214000
0 0.672973 0.892000 0.089189 0.216000
0 0.745946 0.892000 0.091892 0.208000
0 0.820946 0.893000 0.093243 0.214000
0 0.892568 0.897000 0.090541 0.206000
0 0.950000 0.896000 0.062162 0.208000
0 0.048649 0.188000 0.081081 0.116000
0 0.107432 0.189000 0.074324 0.110000
0 0.170270 0.189000 0.081081 0.110000
0 0.231081 0.187000 0.075676 0.102000
0 0.294595 0.187000 0.070270 0.106000
0 0.358108 0.190000 0.064865 0.108000
0 0.420270 0.186000 0.067568 0.104000
0 0.485135 0.189000 0.062162 0.110000
0 0.546622 0.188000 0.060811 0.112000
0 0.611486 0.188000 0.068919 0.112000
0 0.672297 0.187000 0.068919 0.122000
0 0.737162 0.188000 0.074324 0.116000
0 0.801351 0.188000 0.075676 0.116000
0 0.864189 0.188000 0.074324 0.116000
0 0.926351 0.193000 0.074324 0.118000
0 0.973649 0.188000 0.052703 0.104000
0 0.067568 0.076000 0.081081 0.124000
0 0.127027 0.077000 0.075676 0.114000
0 0.184459 0.076000 0.074324 0.124000
0 0.243919 0.080000 0.071622 0.128000
0 0.304730 0.073000 0.071622 0.118000
0 0.364189 0.074000 0.066216 0.116000
0 0.425000 0.075000 0.063514 0.118000
0 0.485811 0.073000 0.063514 0.118000
0 0.544595 0.072000 0.056757 0.108000
0 0.608108 0.073000 0.056757 0.110000
0 0.668919 0.074000 0.056757 0.116000
0 0.727027 0.073000 0.078378 0.114000
0 0.789189 0.077000 0.072973 0.110000
0 0.849324 0.075000 0.071622 0.114000
0 0.908108 0.078000 0.081081 0.120000
0 0.963514 0.080000 0.072973 0.116000
