0 0.104492 0.062500 0.201172 0.121094
0 0.371094 0.065430 0.156250 0.126953
0 0.670898 0.061523 0.248047 0.119141
0 0.943359 0.064453 0.109375 0.125000
0 0.105469 0.374023 0.207031 0.314453
0 0.374023 0.372070 0.154297 0.322266
0 0.666016 0.245117 0.250000 0.056641
0 0.943359 0.249023 0.113281 0.068359
0 0.670898 0.459961 0.251953 0.146484
0 0.945312 0.461914 0.109375 0.130859
0 0.104492 0.726562 0.205078 0.179688
0 0.376953 0.727539 0.156250 0.177734
0 0.670898 0.725586 0.251953 0.181641
0 0.945312 0.719727 0.109375 0.169922
0 0.104492 0.956055 0.205078 0.087891
0 0.371094 0.956055 0.152344 0.087891
0 0.673828 0.959961 0.257812 0.080078
0 0.944336 0.957031 0.107422 0.085938
