0 0.137695 0.068814 0.083984 0.131772
0 0.046875 0.049048 0.091797 0.092240
0 0.046387 0.181552 0.088867 0.284041
0 0.136230 0.215227 0.084961 0.240117
0 0.046387 0.426794 0.086914 0.262079
0 0.132324 0.430454 0.088867 0.228404
1 0.320801 0.377745 0.096680 0.699854
1 0.580078 0.442167 0.054688 0.351391
1 0.673828 0.466325 0.033203 0.221083
1 0.718750 0.475842 0.027344 0.178624
1 0.747070 0.478770 0.023438 0.155198
1 0.767090 0.483163 0.020508 0.120059
1 0.982422 0.439239 0.025391 0.310395
1 0.953613 0.461201 0.026367 0.210835
1 0.930664 0.467789 0.015625 0.171303
1 0.914551 0.472914 0.012695 0.137628
0 0.389648 0.222548 0.039062 0.084919
0 0.420410 0.242313 0.028320 0.077599
0 0.449219 0.256223 0.029297 0.070278
0 0.477051 0.276720 0.024414 0.064422
0 0.499512 0.288433 0.020508 0.052709
0 0.387695 0.317716 0.037109 0.152269
0 0.421387 0.331625 0.028320 0.139092
0 0.448730 0.344802 0.028320 0.133236
0 0.476074 0.352855 0.026367 0.120059
0 0.498535 0.363836 0.018555 0.118594
0 0.384766 0.457540 0.037109 0.147877
0 0.420410 0.461933 0.028320 0.136164
0 0.445801 0.464861 0.022461 0.130307
0 0.472168 0.467057 0.028320 0.122987
0 0.497559 0.470717 0.022461 0.118594
0 0.546875 0.316252 0.011719 0.043924
0 0.545898 0.385798 0.011719 0.098097
0 0.547852 0.476574 0.009766 0.103953
0 0.608887 0.353587 0.010742 0.039531
0 0.619629 0.360908 0.010742 0.036603
0 0.608887 0.407028 0.010742 0.079063
0 0.619141 0.410688 0.009766 0.071742
0 0.608887 0.481698 0.012695 0.076135
0 0.620117 0.482430 0.011719 0.074671
0 0.641602 0.374085 0.005859 0.027818
0 0.647949 0.377745 0.006836 0.029283
0 0.655273 0.380673 0.007812 0.029283
0 0.641602 0.419473 0.005859 0.062958
0 0.647461 0.420937 0.005859 0.062958
0 0.655273 0.426061 0.009766 0.064422
0 0.641602 0.485359 0.005859 0.071742
0 0.646973 0.486823 0.006836 0.068814
0 0.654785 0.485359 0.008789 0.062958
