0 0.527344 0.143555 0.070312 0.283203
0 0.411133 0.072266 0.072266 0.140625
0 0.410156 0.291016 0.074219 0.453125
0 0.337891 0.237305 0.074219 0.470703
0 0.336914 0.650391 0.076172 0.425781
0 0.411133 0.677734 0.072266 0.398438
0 0.306641 0.915039 0.136719 0.169922
0 0.413086 0.931641 0.068359 0.136719
0 0.532227 0.391602 0.068359 0.365234
0 0.534180 0.706055 0.068359 0.384766
0 0.583984 0.182617 0.042969 0.310547
0 0.669922 0.297852 0.035156 0.267578
0 0.704102 0.336914 0.037109 0.259766
0 0.667969 0.105469 0.035156 0.207031
0 0.702148 0.130859 0.033203 0.257812
0 0.668945 0.527344 0.033203 0.265625
0 0.703125 0.562500 0.039062 0.257812
0 0.667969 0.777344 0.039062 0.277344
0 0.705078 0.802734 0.035156 0.261719
0 0.532227 0.937500 0.068359 0.125000
0 0.608398 0.946289 0.080078 0.107422
0 0.683594 0.956055 0.066406 0.087891
0 0.743164 0.968750 0.044922 0.062500
0 0.742188 0.476562 0.042969 0.945312
0 0.583984 0.446289 0.039062 0.302734
0 0.584961 0.738281 0.041016 0.328125
0 0.801758 0.421875 0.083984 0.839844
0 0.625977 0.239258 0.048828 0.294922
0 0.626953 0.484375 0.050781 0.304688
0 0.625000 0.073242 0.046875 0.142578
