0 0.664557 0.298148 0.101266 0.388889
0 0.755274 0.300000 0.080169 0.385185
0 0.255274 0.401852 0.054852 0.159259
0 0.303797 0.401852 0.042194 0.159259
0 0.363924 0.401852 0.078059 0.159259
0 0.432489 0.401852 0.059072 0.159259
0 0.484177 0.401852 0.044304 0.159259
0 0.541139 0.400000 0.069620 0.162963
0 0.591772 0.400000 0.031646 0.162963
0 0.333333 0.659259 0.257384 0.222222
0 0.485232 0.657407 0.033755 0.100000
0 0.520042 0.655556 0.035865 0.103704
0 0.666667 0.659259 0.101266 0.251852
0 0.756329 0.659259 0.078059 0.251852
