0 0.400391 0.301758 0.093750 0.181641
0 0.479492 0.336914 0.072266 0.185547
0 0.543945 0.366211 0.048828 0.158203
0 0.590820 0.387695 0.037109 0.146484
0 0.630859 0.410156 0.042969 0.152344
0 0.674805 0.427734 0.037109 0.140625
0 0.710938 0.445312 0.039062 0.136719
0 0.756836 0.466797 0.052734 0.132812
0 0.406250 0.427734 0.085938 0.113281
0 0.486328 0.453125 0.070312 0.105469
0 0.547852 0.478516 0.052734 0.101562
0 0.591797 0.497070 0.039062 0.087891
0 0.635742 0.512695 0.052734 0.087891
0 0.678711 0.531250 0.033203 0.082031
0 0.711914 0.541992 0.037109 0.080078
0 0.756836 0.558594 0.048828 0.078125
0 0.419922 0.195312 0.046875 0.101562
0 0.483398 0.231445 0.080078 0.119141
0 0.543945 0.263672 0.044922 0.089844
0 0.587891 0.290039 0.046875 0.095703
0 0.634766 0.315430 0.050781 0.087891
0 0.672852 0.334961 0.033203 0.080078
0 0.712891 0.359375 0.046875 0.085938
0 0.762695 0.389648 0.052734 0.091797
0 0.405273 0.551758 0.083984 0.185547
0 0.485352 0.572266 0.072266 0.171875
0 0.546875 0.590820 0.054688 0.162109
0 0.591797 0.606445 0.039062 0.154297
0 0.635742 0.615234 0.048828 0.148438
0 0.676758 0.630859 0.033203 0.136719
0 0.708984 0.639648 0.035156 0.142578
0 0.757812 0.654297 0.058594 0.140625
0 0.407227 0.680664 0.083984 0.103516
0 0.485352 0.694336 0.076172 0.099609
0 0.547852 0.706055 0.052734 0.083984
0 0.594727 0.715820 0.044922 0.083984
0 0.636719 0.725586 0.050781 0.076172
0 0.676758 0.735352 0.033203 0.076172
0 0.710938 0.741211 0.039062 0.076172
0 0.751953 0.746094 0.046875 0.070312
0 0.411133 0.800781 0.083984 0.160156
0 0.489258 0.809570 0.072266 0.142578
0 0.551758 0.814453 0.052734 0.152344
0 0.597656 0.820312 0.042969 0.148438
0 0.638672 0.825195 0.050781 0.134766
0 0.679688 0.830078 0.035156 0.128906
0 0.712891 0.833008 0.031250 0.123047
0 0.758789 0.840820 0.056641 0.123047
