0 0.281738 0.026354 0.043945 0.049780
0 0.323730 0.024158 0.043945 0.045388
0 0.365234 0.025622 0.041016 0.048316
0 0.408203 0.024890 0.042969 0.046852
0 0.451172 0.027086 0.041016 0.051245
0 0.492188 0.026354 0.041016 0.049780
0 0.535645 0.027818 0.043945 0.052709
0 0.577148 0.030747 0.042969 0.058565
0 0.617676 0.032943 0.040039 0.062958
0 0.660156 0.032211 0.037109 0.061493
0 0.699219 0.034407 0.044922 0.065886
0 0.277832 0.103953 0.043945 0.111274
0 0.320312 0.103953 0.046875 0.111274
0 0.363281 0.102489 0.046875 0.108346
0 0.408203 0.103953 0.044922 0.105417
0 0.450684 0.103221 0.041992 0.103953
0 0.493164 0.106881 0.042969 0.111274
0 0.535156 0.109078 0.041016 0.106881
0 0.579590 0.112006 0.047852 0.112738
0 0.622559 0.114202 0.047852 0.111274
0 0.663574 0.117862 0.045898 0.112738
0 0.707031 0.120059 0.050781 0.111274
0 0.273438 0.217423 0.046875 0.121523
0 0.316406 0.216691 0.044922 0.120059
0 0.363281 0.216691 0.048828 0.120059
0 0.407715 0.214495 0.045898 0.115666
0 0.452148 0.216691 0.042969 0.111274
0 0.496582 0.219619 0.045898 0.117130
0 0.540039 0.221083 0.041016 0.114202
0 0.583984 0.222548 0.046875 0.117130
0 0.626953 0.226940 0.039062 0.108346
0 0.669922 0.231332 0.046875 0.117130
0 0.715332 0.233529 0.043945 0.112738
0 0.267578 0.338946 0.046875 0.124451
0 0.312988 0.337482 0.043945 0.121523
0 0.359863 0.337482 0.049805 0.121523
0 0.406250 0.336750 0.042969 0.120059
0 0.450684 0.337482 0.043945 0.118594
0 0.497070 0.338946 0.048828 0.121523
0 0.542969 0.341142 0.041016 0.120059
0 0.587891 0.341874 0.050781 0.124451
0 0.632324 0.344802 0.051758 0.127379
0 0.677734 0.346999 0.052734 0.125915
0 0.720703 0.351391 0.050781 0.122987
0 0.262207 0.465593 0.047852 0.128843
0 0.311523 0.463397 0.050781 0.133236
0 0.357422 0.464861 0.048828 0.130307
0 0.406250 0.462665 0.048828 0.128843
0 0.453613 0.462665 0.045898 0.128843
0 0.500488 0.464861 0.047852 0.133236
0 0.545410 0.464861 0.041992 0.133236
0 0.592285 0.465593 0.053711 0.134700
0 0.637207 0.469985 0.053711 0.128843
0 0.686035 0.470717 0.051758 0.127379
0 0.728516 0.475110 0.052734 0.127379
0 0.258789 0.598097 0.052734 0.142020
0 0.307617 0.596633 0.046875 0.139092
0 0.355957 0.596633 0.051758 0.139092
0 0.404785 0.595900 0.049805 0.137628
0 0.453125 0.595900 0.046875 0.137628
0 0.501953 0.595900 0.050781 0.137628
0 0.550293 0.595900 0.045898 0.137628
0 0.597656 0.598097 0.050781 0.133236
0 0.644043 0.601757 0.053711 0.137628
0 0.691895 0.601025 0.055664 0.136164
0 0.732422 0.603953 0.042969 0.136164
0 0.251953 0.739385 0.054688 0.149341
0 0.302734 0.740117 0.050781 0.144949
0 0.352051 0.738653 0.053711 0.147877
0 0.404785 0.737189 0.051758 0.144949
0 0.453125 0.736457 0.048828 0.146413
0 0.501953 0.738653 0.052734 0.147877
0 0.552246 0.737189 0.047852 0.150805
0 0.603027 0.736457 0.053711 0.149341
0 0.652344 0.739385 0.044922 0.143485
0 0.698242 0.740117 0.058594 0.144949
0 0.737793 0.745242 0.038086 0.137628
0 0.247559 0.878477 0.061523 0.131772
0 0.300781 0.885066 0.054688 0.150805
0 0.351074 0.882870 0.051758 0.137628
0 0.403809 0.880673 0.053711 0.136164
0 0.456055 0.881406 0.052734 0.137628
0 0.506836 0.881406 0.056641 0.137628
0 0.556641 0.878477 0.054688 0.131772
0 0.608398 0.879209 0.056641 0.136164
0 0.656250 0.879209 0.058594 0.139092
0 0.706543 0.883602 0.061523 0.139092
0 0.746582 0.887994 0.040039 0.144949
