0 0.320801 0.525622 0.036133 0.269400
0 0.365723 0.526354 0.034180 0.270864
0 0.410156 0.524890 0.033203 0.270864
0 0.454102 0.523426 0.035156 0.270864
0 0.512695 0.526354 0.035156 0.270864
0 0.557617 0.526354 0.035156 0.273792
0 0.601562 0.524890 0.029297 0.270864
0 0.645996 0.524890 0.034180 0.267936
0 0.020996 0.059297 0.034180 0.115666
0 0.062012 0.060029 0.049805 0.117130
0 0.020020 0.158858 0.038086 0.083455
0 0.062988 0.159590 0.047852 0.084919
0 0.020996 0.234261 0.036133 0.067350
0 0.062500 0.233529 0.046875 0.065886
0 0.062500 0.302343 0.046875 0.071742
0 0.020508 0.303807 0.037109 0.068814
0 0.063477 0.391654 0.048828 0.098097
0 0.063965 0.491947 0.047852 0.102489
0 0.158691 0.072474 0.043945 0.142020
0 0.240723 0.072474 0.079102 0.142020
0 0.159180 0.196193 0.041016 0.105417
0 0.240723 0.194729 0.079102 0.102489
0 0.160645 0.450952 0.045898 0.401171
0 0.241699 0.450220 0.077148 0.405564
0 0.339355 0.071010 0.081055 0.139092
0 0.338379 0.162518 0.081055 0.043924
0 0.436035 0.069546 0.083008 0.136164
0 0.435059 0.163250 0.083008 0.045388
0 0.531250 0.071010 0.083984 0.139092
0 0.531738 0.163250 0.083008 0.045388
0 0.628906 0.071010 0.082031 0.139092
0 0.627930 0.163982 0.082031 0.043924
0 0.726562 0.071010 0.078125 0.139092
0 0.726074 0.193997 0.077148 0.103953
0 0.725586 0.450220 0.076172 0.405564
0 0.825684 0.071742 0.077148 0.140556
0 0.906738 0.070278 0.045898 0.137628
0 0.824707 0.194729 0.075195 0.105417
0 0.906738 0.193265 0.047852 0.102489
0 0.822754 0.450952 0.071289 0.404100
0 0.903809 0.448755 0.045898 0.408492
