0 0.044922 0.565060 0.079427 0.132530
0 0.120443 0.579518 0.066406 0.113253
0 0.164062 0.592771 0.023438 0.096386
0 0.045573 0.661446 0.078125 0.079518
0 0.117839 0.666265 0.066406 0.065060
0 0.163411 0.690361 0.022135 0.098795
0 0.162760 0.789157 0.026042 0.098795
0 0.164062 0.887952 0.023438 0.093976
0 0.048177 0.781928 0.052083 0.098795
0 0.116536 0.779518 0.042969 0.089157
0 0.046224 0.887952 0.053385 0.055422
0 0.116536 0.873494 0.042969 0.055422
4 0.078125 0.838554 0.148438 0.284337
0 0.221354 0.578313 0.065104 0.125301
0 0.221354 0.683133 0.062500 0.108434
0 0.221354 0.784337 0.062500 0.098795
0 0.218750 0.893976 0.065104 0.125301
