0 0.013672 0.065430 0.023438 0.095703
0 0.047852 0.067383 0.044922 0.091797
0 0.124023 0.065430 0.107422 0.087891
0 0.199219 0.064453 0.042969 0.089844
0 0.277344 0.064453 0.113281 0.089844
0 0.355469 0.061523 0.042969 0.095703
0 0.417969 0.059570 0.085938 0.095703
0 0.480469 0.060547 0.039062 0.093750
0 0.531250 0.059570 0.023438 0.091797
0 0.583008 0.061523 0.080078 0.087891
0 0.649414 0.062500 0.052734 0.089844
0 0.719727 0.063477 0.087891 0.087891
0 0.788086 0.064453 0.048828 0.089844
0 0.873047 0.065430 0.121094 0.087891
0 0.957031 0.066406 0.046875 0.089844
0 0.990234 0.066406 0.019531 0.089844
0 0.015625 0.134766 0.027344 0.046875
0 0.050781 0.135742 0.042969 0.044922
0 0.125000 0.133789 0.105469 0.041016
0 0.200195 0.132812 0.041016 0.042969
0 0.278320 0.134766 0.115234 0.046875
0 0.355469 0.131836 0.039062 0.052734
0 0.419922 0.126953 0.089844 0.042969
0 0.488281 0.128906 0.046875 0.039062
0 0.525391 0.128906 0.027344 0.039062
0 0.581055 0.127930 0.083984 0.041016
0 0.650391 0.130859 0.046875 0.042969
0 0.718750 0.129883 0.089844 0.044922
0 0.787109 0.132812 0.046875 0.050781
0 0.873047 0.132812 0.125000 0.050781
0 0.957031 0.133789 0.042969 0.052734
0 0.989258 0.137695 0.021484 0.044922
0 0.016602 0.211914 0.029297 0.099609
0 0.050781 0.209961 0.039062 0.103516
0 0.124023 0.209961 0.107422 0.103516
0 0.198242 0.209961 0.041016 0.103516
0 0.277344 0.208984 0.117188 0.101562
0 0.355469 0.208984 0.039062 0.101562
0 0.419922 0.207031 0.089844 0.097656
0 0.486328 0.204102 0.042969 0.103516
0 0.521484 0.204102 0.027344 0.103516
0 0.581055 0.203125 0.091797 0.105469
0 0.649414 0.200195 0.044922 0.099609
0 0.714844 0.204102 0.085938 0.091797
0 0.785156 0.206055 0.054688 0.095703
0 0.874023 0.206055 0.123047 0.095703
0 0.958984 0.205078 0.046875 0.093750
0 0.990234 0.204102 0.015625 0.095703
0 0.015625 0.287109 0.027344 0.050781
0 0.048828 0.288086 0.039062 0.048828
0 0.124023 0.285156 0.111328 0.042969
0 0.198242 0.283203 0.037109 0.046875
0 0.276367 0.281250 0.119141 0.042969
0 0.355469 0.280273 0.039062 0.044922
0 0.416992 0.279297 0.083984 0.042969
0 0.481445 0.277344 0.044922 0.046875
0 0.520508 0.276367 0.033203 0.044922
0 0.581055 0.275391 0.087891 0.046875
0 0.647461 0.279297 0.044922 0.050781
0 0.713867 0.279297 0.087891 0.050781
0 0.782227 0.280273 0.048828 0.052734
0 0.871094 0.280273 0.128906 0.052734
0 0.957031 0.282227 0.042969 0.056641
0 0.988281 0.282227 0.019531 0.056641
0 0.016602 0.362305 0.029297 0.099609
0 0.051758 0.360352 0.041016 0.103516
0 0.125000 0.358398 0.105469 0.099609
0 0.197266 0.357422 0.039062 0.101562
0 0.276367 0.354492 0.119141 0.095703
0 0.356445 0.352539 0.044922 0.099609
0 0.419922 0.352539 0.082031 0.099609
0 0.484375 0.350586 0.046875 0.103516
0 0.524414 0.349609 0.033203 0.101562
0 0.583008 0.351562 0.083984 0.097656
0 0.647461 0.350586 0.044922 0.095703
0 0.710938 0.350586 0.082031 0.095703
0 0.781250 0.350586 0.058594 0.095703
0 0.873047 0.351562 0.125000 0.093750
0 0.958008 0.356445 0.044922 0.103516
0 0.988281 0.356445 0.015625 0.103516
0 0.018555 0.431641 0.033203 0.046875
0 0.052734 0.432617 0.035156 0.044922
0 0.125977 0.434570 0.111328 0.048828
0 0.198242 0.430664 0.037109 0.052734
0 0.276367 0.426758 0.119141 0.044922
0 0.355469 0.424805 0.039062 0.048828
0 0.417969 0.425781 0.085938 0.050781
0 0.485352 0.426758 0.048828 0.048828
0 0.524414 0.427734 0.029297 0.050781
0 0.583008 0.428711 0.087891 0.048828
0 0.651367 0.426758 0.048828 0.044922
0 0.718750 0.422852 0.085938 0.052734
0 0.786133 0.424805 0.048828 0.056641
0 0.874023 0.427734 0.123047 0.050781
0 0.958008 0.425781 0.044922 0.046875
0 0.990234 0.425781 0.019531 0.046875
0 0.014648 0.505859 0.025391 0.101562
0 0.048828 0.505859 0.042969 0.101562
0 0.125000 0.503906 0.109375 0.097656
0 0.198242 0.501953 0.037109 0.101562
0 0.275391 0.500977 0.117188 0.099609
0 0.354492 0.500977 0.041016 0.099609
0 0.417969 0.501953 0.085938 0.101562
0 0.485352 0.502930 0.048828 0.099609
0 0.525391 0.502930 0.031250 0.099609
0 0.582031 0.501953 0.082031 0.101562
0 0.647461 0.500000 0.048828 0.097656
0 0.716797 0.499023 0.089844 0.099609
0 0.785156 0.499023 0.046875 0.099609
0 0.871094 0.498047 0.125000 0.101562
0 0.954102 0.499023 0.041016 0.103516
0 0.987305 0.501953 0.025391 0.097656
0 0.018555 0.577148 0.033203 0.048828
0 0.053711 0.577148 0.037109 0.048828
0 0.125000 0.575195 0.105469 0.044922
0 0.198242 0.574219 0.041016 0.046875
0 0.280273 0.572266 0.119141 0.042969
0 0.357422 0.571289 0.035156 0.044922
0 0.419922 0.571289 0.089844 0.044922
0 0.488281 0.573242 0.046875 0.041016
0 0.528320 0.577148 0.029297 0.048828
0 0.583008 0.576172 0.080078 0.050781
0 0.644531 0.572266 0.042969 0.042969
0 0.711914 0.571289 0.091797 0.044922
0 0.785156 0.576172 0.050781 0.054688
0 0.014648 0.649414 0.025391 0.095703
0 0.048828 0.647461 0.042969 0.099609
0 0.124023 0.648438 0.107422 0.101562
0 0.198242 0.647461 0.041016 0.103516
0 0.277344 0.645508 0.117188 0.099609
0 0.356445 0.645508 0.041016 0.099609
0 0.418945 0.644531 0.083984 0.097656
0 0.485352 0.647461 0.048828 0.091797
0 0.524414 0.648438 0.029297 0.097656
0 0.581055 0.647461 0.083984 0.099609
0 0.646484 0.647461 0.046875 0.099609
0 0.714844 0.647461 0.089844 0.099609
0 0.784180 0.648438 0.048828 0.101562
0 0.870117 0.650391 0.123047 0.097656
0 0.954102 0.650391 0.044922 0.097656
0 0.988281 0.648438 0.023438 0.101562
0 0.017578 0.719727 0.027344 0.048828
0 0.050781 0.720703 0.039062 0.046875
0 0.124023 0.718750 0.107422 0.042969
0 0.199219 0.717773 0.042969 0.044922
0 0.277344 0.717773 0.113281 0.044922
0 0.356445 0.715820 0.044922 0.048828
0 0.416992 0.715820 0.080078 0.044922
0 0.482422 0.715820 0.050781 0.044922
0 0.522461 0.718750 0.029297 0.050781
0 0.581055 0.719727 0.087891 0.048828
0 0.646484 0.718750 0.039062 0.046875
0 0.712891 0.719727 0.093750 0.044922
0 0.784180 0.718750 0.048828 0.042969
0 0.870117 0.719727 0.123047 0.041016
0 0.955078 0.721680 0.046875 0.044922
0 0.989258 0.718750 0.021484 0.050781
0 0.419922 0.791016 0.082031 0.097656
0 0.483398 0.790039 0.044922 0.099609
0 0.521484 0.790039 0.031250 0.099609
0 0.582031 0.791016 0.089844 0.097656
0 0.646484 0.790039 0.039062 0.095703
0 0.712891 0.789062 0.093750 0.097656
0 0.783203 0.791016 0.046875 0.101562
0 0.869141 0.791992 0.125000 0.099609
0 0.957031 0.791992 0.050781 0.099609
0 0.990234 0.792969 0.015625 0.097656
0 0.017578 0.792969 0.027344 0.101562
0 0.051758 0.790039 0.041016 0.107422
0 0.127930 0.787109 0.111328 0.101562
0 0.202148 0.789062 0.037109 0.097656
0 0.275391 0.790039 0.109375 0.099609
0 0.355469 0.789062 0.050781 0.101562
0 0.017578 0.863281 0.027344 0.046875
0 0.051758 0.860352 0.041016 0.052734
0 0.126953 0.859375 0.109375 0.050781
0 0.201172 0.860352 0.039062 0.048828
0 0.278320 0.862305 0.115234 0.052734
0 0.357422 0.864258 0.042969 0.048828
0 0.418945 0.863281 0.080078 0.046875
0 0.483398 0.864258 0.048828 0.044922
0 0.524414 0.864258 0.033203 0.044922
0 0.582031 0.861328 0.082031 0.050781
0 0.646484 0.861328 0.046875 0.050781
0 0.736328 0.864258 0.132812 0.044922
0 0.867188 0.866211 0.128906 0.048828
0 0.956055 0.866211 0.048828 0.048828
0 0.990234 0.865234 0.019531 0.046875
0 0.015625 0.940430 0.027344 0.103516
0 0.051758 0.940430 0.044922 0.103516
0 0.126953 0.937500 0.105469 0.097656
0 0.200195 0.935547 0.041016 0.101562
0 0.276367 0.939453 0.111328 0.109375
0 0.354492 0.941406 0.044922 0.105469
0 0.417969 0.937500 0.082031 0.097656
0 0.481445 0.935547 0.044922 0.101562
0 0.519531 0.936523 0.031250 0.103516
0 0.580078 0.937500 0.089844 0.101562
0 0.645508 0.937500 0.041016 0.101562
0 0.712891 0.937500 0.093750 0.101562
0 0.784180 0.938477 0.048828 0.103516
0 0.869141 0.946289 0.125000 0.107422
0 0.957031 0.945312 0.042969 0.109375
0 0.990234 0.939453 0.019531 0.101562
