0 0.320312 0.262695 0.082031 0.099609
0 0.395508 0.240234 0.068359 0.097656
0 0.466797 0.216797 0.078125 0.101562
0 0.543945 0.183594 0.080078 0.105469
0 0.619141 0.160156 0.066406 0.093750
0 0.614258 0.336914 0.072266 0.111328
0 0.541016 0.359375 0.082031 0.117188
0 0.463867 0.382812 0.080078 0.105469
0 0.389648 0.405273 0.076172 0.099609
0 0.319336 0.422852 0.072266 0.095703
0 0.391602 0.573242 0.076172 0.095703
0 0.465820 0.548828 0.068359 0.093750
0 0.541992 0.527344 0.076172 0.101562
0 0.619141 0.512695 0.066406 0.099609
0 0.617188 0.690430 0.070312 0.111328
0 0.542969 0.703125 0.082031 0.105469
0 0.459961 0.722656 0.083984 0.085938
0 0.460938 0.906250 0.085938 0.121094
0 0.538086 0.876953 0.076172 0.089844
0 0.611328 0.863281 0.074219 0.078125
0 0.391602 0.898438 0.064453 0.070312
