0 0.796875 0.606445 0.101562 0.158203
0 0.041992 0.318359 0.060547 0.203125
0 0.152344 0.394531 0.066406 0.160156
0 0.155273 0.581055 0.072266 0.158203
0 0.344727 0.038086 0.072266 0.048828
0 0.424805 0.041016 0.087891 0.042969
0 0.512695 0.038086 0.087891 0.037109
0 0.574219 0.037109 0.035156 0.039062
0 0.339844 0.179688 0.042969 0.238281
0 0.392578 0.179688 0.062500 0.238281
0 0.448242 0.182617 0.048828 0.244141
0 0.510742 0.181641 0.076172 0.246094
0 0.567383 0.179688 0.037109 0.246094
0 0.344727 0.430664 0.041016 0.240234
0 0.394531 0.431641 0.058594 0.238281
0 0.449219 0.427734 0.050781 0.230469
0 0.508789 0.429688 0.068359 0.226562
0 0.564453 0.430664 0.042969 0.228516
0 0.344727 0.672852 0.041016 0.240234
0 0.394531 0.675781 0.058594 0.234375
0 0.447266 0.671875 0.046875 0.226562
0 0.507812 0.671875 0.074219 0.226562
0 0.564453 0.672852 0.039062 0.228516
0 0.342773 0.900391 0.041016 0.195312
0 0.393555 0.900391 0.060547 0.191406
0 0.450195 0.901367 0.052734 0.193359
0 0.502930 0.900391 0.052734 0.191406
0 0.540039 0.901367 0.021484 0.193359
0 0.565430 0.900391 0.033203 0.191406
