0 0.167969 0.038086 0.062500 0.072266
0 0.213867 0.038086 0.029297 0.072266
0 0.241211 0.038086 0.025391 0.072266
0 0.265625 0.037109 0.019531 0.070312
0 0.290039 0.037109 0.029297 0.070312
0 0.317383 0.037109 0.025391 0.070312
0 0.346680 0.037109 0.033203 0.070312
0 0.380859 0.036133 0.035156 0.068359
0 0.415039 0.036133 0.033203 0.068359
0 0.450195 0.035156 0.037109 0.066406
0 0.480469 0.035156 0.023438 0.066406
0 0.527344 0.035156 0.027344 0.066406
0 0.560547 0.035156 0.039062 0.066406
0 0.597656 0.035156 0.035156 0.066406
0 0.633789 0.035156 0.037109 0.066406
0 0.668945 0.035156 0.037109 0.066406
0 0.717773 0.035156 0.017578 0.066406
0 0.737305 0.034180 0.021484 0.064453
0 0.759766 0.034180 0.023438 0.064453
0 0.782227 0.033203 0.021484 0.062500
0 0.805664 0.033203 0.025391 0.062500
0 0.831055 0.034180 0.025391 0.064453
0 0.852539 0.034180 0.017578 0.064453
0 0.855469 0.131836 0.019531 0.080078
0 0.718750 0.133789 0.019531 0.083984
0 0.738281 0.132812 0.019531 0.085938
0 0.761719 0.130859 0.027344 0.082031
0 0.785156 0.130859 0.019531 0.082031
0 0.807617 0.131836 0.025391 0.083984
0 0.832031 0.132812 0.023438 0.082031
0 0.719727 0.242188 0.021484 0.089844
0 0.741211 0.242188 0.021484 0.089844
0 0.762695 0.241211 0.021484 0.087891
0 0.785156 0.241211 0.023438 0.087891
0 0.810547 0.240234 0.027344 0.085938
0 0.835938 0.241211 0.023438 0.083984
0 0.856445 0.240234 0.017578 0.082031
0 0.528320 0.133789 0.025391 0.083984
0 0.560547 0.133789 0.039062 0.083984
0 0.597656 0.133789 0.035156 0.083984
0 0.633789 0.134766 0.037109 0.082031
0 0.668945 0.132812 0.033203 0.078125
0 0.527344 0.243164 0.027344 0.083984
0 0.559570 0.244141 0.037109 0.082031
0 0.596680 0.243164 0.037109 0.080078
0 0.632812 0.242188 0.035156 0.082031
0 0.668945 0.242188 0.037109 0.082031
0 0.528320 0.352539 0.025391 0.083984
0 0.558594 0.353516 0.035156 0.082031
0 0.594727 0.353516 0.037109 0.082031
0 0.631836 0.354492 0.037109 0.080078
0 0.668945 0.354492 0.037109 0.080078
0 0.720703 0.354492 0.023438 0.087891
0 0.744141 0.354492 0.023438 0.087891
0 0.768555 0.353516 0.025391 0.085938
0 0.789062 0.353516 0.015625 0.085938
0 0.808594 0.354492 0.023438 0.087891
0 0.833008 0.354492 0.025391 0.087891
0 0.857422 0.354492 0.023438 0.087891
0 0.528320 0.467773 0.025391 0.091797
0 0.559570 0.468750 0.037109 0.089844
0 0.596680 0.467773 0.037109 0.087891
0 0.633789 0.467773 0.037109 0.087891
0 0.668945 0.468750 0.033203 0.089844
0 0.719727 0.468750 0.021484 0.089844
0 0.743164 0.467773 0.025391 0.091797
0 0.766602 0.466797 0.021484 0.089844
0 0.787109 0.466797 0.019531 0.089844
0 0.810547 0.466797 0.027344 0.089844
0 0.833984 0.466797 0.019531 0.089844
0 0.856445 0.466797 0.025391 0.089844
0 0.528320 0.584961 0.025391 0.087891
0 0.560547 0.584961 0.039062 0.087891
0 0.597656 0.584961 0.035156 0.087891
0 0.633789 0.584961 0.037109 0.087891
0 0.668945 0.583984 0.033203 0.085938
0 0.720703 0.585938 0.023438 0.089844
0 0.745117 0.584961 0.025391 0.091797
0 0.767578 0.582031 0.019531 0.085938
0 0.788086 0.582031 0.021484 0.085938
0 0.810547 0.583008 0.023438 0.087891
0 0.834961 0.583008 0.025391 0.087891
0 0.856445 0.583008 0.017578 0.087891
0 0.528320 0.700195 0.029297 0.091797
0 0.561523 0.700195 0.037109 0.091797
0 0.598633 0.700195 0.037109 0.091797
0 0.634766 0.700195 0.035156 0.091797
0 0.669922 0.700195 0.035156 0.091797
0 0.720703 0.699219 0.019531 0.085938
0 0.743164 0.700195 0.025391 0.091797
0 0.766602 0.699219 0.021484 0.089844
0 0.786133 0.698242 0.017578 0.091797
0 0.806641 0.698242 0.023438 0.091797
0 0.832031 0.699219 0.027344 0.089844
0 0.856445 0.698242 0.021484 0.087891
0 0.528320 0.814453 0.029297 0.082031
0 0.561523 0.813477 0.037109 0.083984
0 0.598633 0.813477 0.037109 0.083984
0 0.633789 0.813477 0.033203 0.083984
0 0.669922 0.813477 0.039062 0.083984
0 0.720703 0.815430 0.023438 0.083984
0 0.742188 0.815430 0.019531 0.083984
0 0.765625 0.815430 0.027344 0.083984
0 0.789062 0.814453 0.019531 0.085938
0 0.809570 0.813477 0.021484 0.083984
0 0.832031 0.812500 0.023438 0.085938
0 0.857422 0.812500 0.027344 0.085938
0 0.529297 0.926758 0.027344 0.083984
0 0.560547 0.925781 0.035156 0.085938
0 0.596680 0.925781 0.037109 0.085938
0 0.632812 0.925781 0.035156 0.085938
0 0.668945 0.924805 0.037109 0.083984
0 0.720703 0.926758 0.023438 0.083984
0 0.744141 0.925781 0.023438 0.085938
0 0.765625 0.923828 0.019531 0.082031
0 0.786133 0.922852 0.021484 0.083984
0 0.809570 0.923828 0.025391 0.085938
0 0.834961 0.923828 0.025391 0.085938
0 0.857422 0.923828 0.019531 0.085938
0 0.168945 0.142578 0.056641 0.078125
0 0.212891 0.141602 0.031250 0.080078
0 0.241211 0.140625 0.025391 0.078125
0 0.265625 0.139648 0.023438 0.080078
0 0.291992 0.139648 0.029297 0.080078
0 0.318359 0.138672 0.023438 0.082031
0 0.347656 0.138672 0.035156 0.082031
0 0.381836 0.137695 0.033203 0.083984
0 0.415039 0.136719 0.033203 0.082031
0 0.450195 0.136719 0.037109 0.082031
0 0.482422 0.137695 0.027344 0.080078
0 0.166992 0.250000 0.060547 0.082031
0 0.210938 0.249023 0.027344 0.083984
0 0.240234 0.249023 0.031250 0.083984
0 0.265625 0.249023 0.019531 0.083984
0 0.290039 0.248047 0.029297 0.082031
0 0.316406 0.247070 0.023438 0.083984
0 0.345703 0.247070 0.035156 0.083984
0 0.378906 0.247070 0.031250 0.083984
0 0.413086 0.248047 0.037109 0.085938
0 0.449219 0.248047 0.035156 0.085938
0 0.480469 0.246094 0.027344 0.082031
0 0.166992 0.359375 0.060547 0.082031
0 0.211914 0.359375 0.029297 0.082031
0 0.240234 0.359375 0.027344 0.082031
0 0.264648 0.358398 0.021484 0.083984
0 0.289062 0.357422 0.027344 0.082031
0 0.316406 0.356445 0.027344 0.083984
0 0.346680 0.355469 0.033203 0.082031
0 0.380859 0.355469 0.035156 0.082031
0 0.414062 0.355469 0.031250 0.082031
0 0.448242 0.355469 0.037109 0.082031
0 0.480469 0.356445 0.027344 0.083984
0 0.166992 0.470703 0.060547 0.089844
0 0.211914 0.471680 0.029297 0.087891
0 0.240234 0.471680 0.027344 0.087891
0 0.264648 0.470703 0.021484 0.089844
0 0.290039 0.469727 0.029297 0.087891
0 0.316406 0.468750 0.023438 0.089844
0 0.345703 0.468750 0.035156 0.089844
0 0.379883 0.468750 0.033203 0.089844
0 0.414062 0.469727 0.035156 0.091797
0 0.449219 0.469727 0.035156 0.091797
0 0.479492 0.469727 0.025391 0.091797
0 0.163086 0.584961 0.060547 0.091797
0 0.209961 0.587891 0.033203 0.085938
0 0.240234 0.586914 0.027344 0.083984
0 0.264648 0.586914 0.021484 0.083984
0 0.290039 0.585938 0.029297 0.082031
0 0.316406 0.585938 0.023438 0.082031
0 0.344727 0.585938 0.033203 0.082031
0 0.378906 0.585938 0.035156 0.082031
0 0.412109 0.584961 0.031250 0.080078
0 0.446289 0.584961 0.037109 0.080078
0 0.478516 0.585938 0.027344 0.082031
0 0.165039 0.699219 0.060547 0.089844
0 0.211914 0.700195 0.033203 0.087891
0 0.241211 0.699219 0.025391 0.085938
0 0.264648 0.699219 0.021484 0.085938
0 0.291992 0.701172 0.033203 0.089844
0 0.319336 0.701172 0.021484 0.089844
0 0.346680 0.700195 0.033203 0.087891
0 0.379883 0.700195 0.033203 0.087891
0 0.412109 0.700195 0.031250 0.087891
0 0.447266 0.700195 0.039062 0.087891
0 0.479492 0.700195 0.025391 0.087891
0 0.166992 0.813477 0.064453 0.083984
0 0.214844 0.815430 0.031250 0.080078
0 0.241211 0.813477 0.021484 0.076172
0 0.263672 0.814453 0.023438 0.074219
0 0.291992 0.814453 0.029297 0.078125
0 0.319336 0.814453 0.025391 0.078125
0 0.346680 0.812500 0.029297 0.074219
0 0.378906 0.812500 0.035156 0.074219
0 0.414062 0.813477 0.035156 0.076172
0 0.450195 0.813477 0.037109 0.076172
0 0.479492 0.815430 0.021484 0.080078
0 0.153320 0.921875 0.044922 0.082031
0 0.186523 0.922852 0.017578 0.083984
0 0.212891 0.921875 0.035156 0.085938
0 0.242188 0.922852 0.027344 0.083984
0 0.265625 0.922852 0.019531 0.083984
0 0.291016 0.922852 0.031250 0.083984
0 0.318359 0.922852 0.023438 0.083984
0 0.346680 0.922852 0.033203 0.083984
0 0.378906 0.923828 0.031250 0.082031
0 0.412109 0.924805 0.035156 0.083984
0 0.448242 0.925781 0.037109 0.082031
0 0.479492 0.926758 0.025391 0.083984
