0 0.210938 0.213867 0.113281 0.240234
0 0.309570 0.234375 0.087891 0.226562
0 0.213867 0.053711 0.123047 0.103516
0 0.311523 0.068359 0.080078 0.132812
0 0.374023 0.077148 0.048828 0.150391
0 0.109375 0.039062 0.062500 0.074219
0 0.053711 0.036133 0.052734 0.068359
0 0.018555 0.026367 0.033203 0.048828
0 0.017578 0.160156 0.031250 0.222656
0 0.056641 0.166016 0.054688 0.226562
0 0.106445 0.171875 0.056641 0.214844
0 0.439453 0.083984 0.093750 0.164062
0 0.503906 0.089844 0.050781 0.175781
0 0.548828 0.099609 0.035156 0.195312
0 0.607422 0.113281 0.082031 0.210938
0 0.682617 0.131836 0.068359 0.197266
0 0.742188 0.142578 0.039062 0.199219
0 0.793945 0.158203 0.072266 0.199219
0 0.857422 0.171875 0.054688 0.199219
0 0.850586 0.041992 0.052734 0.080078
0 0.797852 0.041992 0.072266 0.080078
0 0.741211 0.035156 0.044922 0.066406
0 0.686523 0.025391 0.072266 0.046875
0 0.371094 0.241211 0.042969 0.205078
0 0.435547 0.257812 0.082031 0.214844
0 0.504883 0.278320 0.052734 0.208984
0 0.548828 0.288086 0.035156 0.208984
0 0.610352 0.302734 0.087891 0.207031
0 0.685547 0.321289 0.074219 0.197266
0 0.742188 0.329102 0.042969 0.193359
0 0.795898 0.348633 0.064453 0.197266
0 0.847656 0.351562 0.046875 0.191406
0 0.017578 0.384766 0.023438 0.234375
0 0.055664 0.392578 0.056641 0.242188
0 0.112305 0.397461 0.064453 0.251953
0 0.211914 0.417969 0.123047 0.242188
0 0.306641 0.446289 0.082031 0.228516
0 0.375000 0.452148 0.050781 0.216797
0 0.440430 0.468750 0.087891 0.222656
0 0.500977 0.470703 0.052734 0.218750
0 0.546875 0.486328 0.035156 0.203125
0 0.605469 0.500000 0.085938 0.218750
0 0.683594 0.511719 0.066406 0.210938
0 0.739258 0.525391 0.044922 0.199219
0 0.791992 0.531250 0.064453 0.199219
0 0.851562 0.536133 0.050781 0.185547
0 0.016602 0.614258 0.029297 0.224609
0 0.057617 0.621094 0.052734 0.222656
0 0.112305 0.628906 0.064453 0.222656
0 0.209961 0.643555 0.111328 0.232422
0 0.308594 0.661133 0.085938 0.216797
0 0.372070 0.666992 0.052734 0.216797
0 0.437500 0.676758 0.082031 0.216797
0 0.503906 0.687500 0.042969 0.218750
0 0.545898 0.688477 0.041016 0.212891
0 0.605469 0.699219 0.085938 0.210938
0 0.683594 0.713867 0.066406 0.208984
0 0.739258 0.718750 0.048828 0.199219
0 0.798828 0.725586 0.066406 0.201172
0 0.852539 0.728516 0.052734 0.195312
0 0.018555 0.833008 0.033203 0.197266
0 0.055664 0.778320 0.048828 0.095703
0 0.054688 0.875000 0.054688 0.113281
0 0.109375 0.833984 0.058594 0.203125
0 0.210938 0.847656 0.113281 0.191406
0 0.308594 0.857422 0.082031 0.175781
0 0.374023 0.860352 0.048828 0.181641
0 0.440430 0.868164 0.087891 0.166016
0 0.509766 0.874023 0.046875 0.162109
0 0.548828 0.875977 0.035156 0.162109
0 0.608398 0.881836 0.087891 0.162109
0 0.683594 0.890625 0.066406 0.152344
0 0.746094 0.894531 0.046875 0.164062
0 0.799805 0.902344 0.068359 0.164062
0 0.858398 0.908203 0.052734 0.164062
