0 0.248047 0.417277 0.031250 0.084919
0 0.278320 0.417277 0.029297 0.084919
0 0.308594 0.416545 0.031250 0.083455
0 0.339355 0.416545 0.030273 0.083455
0 0.369629 0.416545 0.030273 0.083455
0 0.399902 0.416545 0.030273 0.083455
0 0.430176 0.416545 0.030273 0.083455
0 0.460938 0.416545 0.031250 0.083455
0 0.491211 0.417277 0.029297 0.084919
0 0.521484 0.418009 0.031250 0.083455
0 0.552734 0.418009 0.031250 0.083455
0 0.583496 0.418009 0.030273 0.083455
0 0.613770 0.418009 0.030273 0.083455
0 0.644043 0.418009 0.030273 0.083455
0 0.674805 0.417277 0.031250 0.081991
0 0.705566 0.417277 0.030273 0.081991
0 0.735840 0.418009 0.030273 0.083455
0 0.767578 0.417277 0.033203 0.084919
0 0.247559 0.261347 0.030273 0.183016
0 0.277832 0.261347 0.030273 0.183016
0 0.308105 0.261347 0.030273 0.183016
0 0.338867 0.260615 0.031250 0.184480
0 0.369629 0.260615 0.030273 0.184480
0 0.400391 0.261347 0.031250 0.183016
0 0.431152 0.259883 0.030273 0.180088
0 0.461426 0.259151 0.030273 0.181552
0 0.491699 0.259883 0.030273 0.183016
0 0.522949 0.260615 0.032227 0.181552
0 0.553711 0.260615 0.029297 0.181552
0 0.583496 0.260615 0.030273 0.181552
0 0.614258 0.261347 0.031250 0.183016
0 0.644531 0.262079 0.029297 0.181552
0 0.674805 0.262079 0.031250 0.181552
0 0.706055 0.261347 0.031250 0.183016
0 0.736328 0.260615 0.029297 0.181552
0 0.766602 0.259883 0.031250 0.183016
