0 0.393555 0.259766 0.224609 0.234375
0 0.618164 0.260742 0.224609 0.232422
0 0.775391 0.261719 0.089844 0.234375
0 0.772461 0.525391 0.095703 0.292969
0 0.777344 0.782227 0.105469 0.220703
0 0.603516 0.530273 0.210938 0.294922
0 0.604492 0.787109 0.208984 0.218750
0 0.395508 0.784180 0.212891 0.216797
0 0.249023 0.782227 0.072266 0.212891
0 0.249023 0.516602 0.060547 0.302734
0 0.250000 0.262695 0.058594 0.224609
0 0.253906 0.100586 0.058594 0.056641
0 0.253906 0.034180 0.054688 0.064453
0 0.390625 0.035156 0.207031 0.066406
0 0.393555 0.104492 0.216797 0.072266
0 0.610352 0.109375 0.216797 0.062500
0 0.771484 0.108398 0.105469 0.060547
0 0.608398 0.041016 0.216797 0.070312
0 0.770508 0.039062 0.107422 0.066406
