1 0.234375 0.292094 0.070312 0.581259
1 0.479004 0.296486 0.047852 0.590044
1 0.083008 0.308931 0.138672 0.614934
1 0.737793 0.295754 0.102539 0.588580
1 0.866699 0.311127 0.131836 0.619327
0 0.665527 0.164714 0.032227 0.115666
0 0.630859 0.163982 0.035156 0.117130
0 0.530762 0.163250 0.032227 0.118594
0 0.563965 0.162518 0.034180 0.120059
0 0.597656 0.161786 0.033203 0.118594
0 0.530273 0.088580 0.033203 0.027818
0 0.564453 0.088580 0.035156 0.027818
0 0.598633 0.088580 0.033203 0.027818
0 0.632324 0.088580 0.034180 0.027818
0 0.665527 0.089312 0.032227 0.029283
0 0.530762 0.240117 0.032227 0.035139
0 0.563477 0.240117 0.033203 0.035139
0 0.596680 0.239385 0.033203 0.033675
0 0.630371 0.240117 0.034180 0.032211
0 0.664551 0.240117 0.034180 0.032211
0 0.664062 0.271596 0.035156 0.030747
0 0.630859 0.272328 0.031250 0.029283
0 0.597168 0.273792 0.032227 0.029283
0 0.564453 0.273060 0.033203 0.030747
0 0.530762 0.273060 0.034180 0.030747
0 0.563965 0.333089 0.034180 0.089312
0 0.530762 0.331625 0.032227 0.092240
0 0.597168 0.333821 0.032227 0.087848
0 0.629883 0.333089 0.033203 0.089312
0 0.663086 0.331625 0.033203 0.086384
0 0.530273 0.394583 0.033203 0.036603
0 0.563477 0.395315 0.033203 0.035139
0 0.596680 0.394583 0.033203 0.033675
0 0.629883 0.393851 0.033203 0.035139
0 0.663574 0.393851 0.034180 0.035139
0 0.530762 0.437042 0.034180 0.048316
0 0.563965 0.437042 0.032227 0.048316
0 0.597168 0.437775 0.034180 0.049780
0 0.630859 0.437042 0.033203 0.051245
0 0.664062 0.436310 0.033203 0.049780
0 0.530762 0.513177 0.034180 0.101025
0 0.563965 0.513909 0.032227 0.099561
0 0.597168 0.513909 0.034180 0.099561
0 0.630859 0.513177 0.033203 0.101025
0 0.664062 0.513177 0.033203 0.101025
0 0.295898 0.086384 0.035156 0.032211
0 0.329590 0.086384 0.032227 0.032211
0 0.362305 0.086384 0.033203 0.032211
0 0.395996 0.087116 0.034180 0.030747
0 0.429688 0.086384 0.033203 0.029283
0 0.295898 0.161054 0.033203 0.117130
0 0.329102 0.160322 0.033203 0.118594
0 0.362793 0.158858 0.034180 0.115666
0 0.396484 0.158858 0.033203 0.115666
0 0.429688 0.159590 0.033203 0.117130
0 0.295898 0.236457 0.033203 0.033675
0 0.328125 0.237189 0.031250 0.032211
0 0.361328 0.236457 0.035156 0.036603
0 0.395996 0.236457 0.034180 0.036603
0 0.430176 0.237189 0.034180 0.035139
0 0.295410 0.268668 0.034180 0.030747
0 0.328125 0.268668 0.031250 0.030747
0 0.361328 0.270132 0.035156 0.033675
0 0.395508 0.271596 0.033203 0.030747
0 0.429199 0.272328 0.034180 0.032211
0 0.296387 0.329429 0.034180 0.090776
0 0.329102 0.329429 0.031250 0.090776
0 0.361816 0.329429 0.034180 0.090776
0 0.395996 0.330161 0.034180 0.089312
0 0.429688 0.330161 0.033203 0.089312
0 0.295410 0.393119 0.034180 0.036603
0 0.328613 0.393119 0.032227 0.036603
0 0.361816 0.393851 0.034180 0.038067
0 0.395996 0.393851 0.034180 0.038067
0 0.429688 0.393119 0.033203 0.036603
0 0.294922 0.437042 0.035156 0.051245
0 0.328613 0.436310 0.032227 0.052709
0 0.361816 0.436310 0.034180 0.052709
0 0.396484 0.437042 0.035156 0.051245
0 0.430176 0.435578 0.032227 0.048316
0 0.294434 0.513177 0.034180 0.101025
0 0.328613 0.513177 0.034180 0.101025
0 0.361816 0.513177 0.032227 0.101025
0 0.395996 0.512445 0.036133 0.102489
0 0.430664 0.513177 0.033203 0.103953
