0 0.076172 0.052734 0.102865 0.058594
0 0.180339 0.053711 0.105469 0.056641
0 0.285156 0.052734 0.104167 0.054688
0 0.389974 0.052734 0.105469 0.054688
0 0.496094 0.054688 0.106771 0.058594
0 0.599609 0.055176 0.100260 0.057617
0 0.690104 0.054199 0.080729 0.055664
0 0.691406 0.124023 0.078125 0.083984
0 0.600911 0.125977 0.102865 0.080078
0 0.496745 0.125977 0.105469 0.080078
0 0.391927 0.125000 0.104167 0.082031
0 0.287760 0.125000 0.104167 0.082031
0 0.182943 0.124512 0.105469 0.083008
0 0.077474 0.124512 0.105469 0.083008
0 0.076172 0.206543 0.102865 0.081055
0 0.181641 0.207031 0.108073 0.080078
0 0.286458 0.205566 0.101562 0.077148
0 0.390625 0.205566 0.106771 0.077148
0 0.494792 0.205078 0.101562 0.076172
0 0.597656 0.205078 0.104167 0.076172
0 0.688802 0.206055 0.078125 0.078125
0 0.690755 0.269043 0.074219 0.047852
0 0.599609 0.270020 0.108073 0.045898
0 0.493490 0.268555 0.104167 0.042969
0 0.388672 0.267090 0.105469 0.045898
0 0.285156 0.268066 0.101562 0.047852
0 0.182292 0.268555 0.104167 0.046875
0 0.076823 0.269531 0.106771 0.048828
0 0.075521 0.322754 0.104167 0.057617
0 0.180339 0.322754 0.105469 0.057617
0 0.284505 0.322754 0.102865 0.057617
0 0.388672 0.321289 0.105469 0.060547
0 0.507161 0.321289 0.131510 0.060547
0 0.613932 0.322754 0.082031 0.057617
0 0.694010 0.325195 0.078125 0.062500
0 0.691406 0.395508 0.083333 0.078125
0 0.611979 0.393555 0.075521 0.082031
0 0.507812 0.368652 0.132812 0.032227
0 0.075521 0.392578 0.106771 0.080078
0 0.180990 0.393066 0.104167 0.079102
0 0.283854 0.394043 0.101562 0.081055
0 0.074870 0.472656 0.105469 0.076172
0 0.179688 0.472656 0.104167 0.076172
0 0.283854 0.474121 0.104167 0.079102
0 0.388021 0.475098 0.104167 0.077148
0 0.611328 0.474609 0.076823 0.080078
0 0.692057 0.475098 0.084635 0.079102
0 0.758464 0.378418 0.048177 0.112305
0 0.820964 0.328125 0.079427 0.089844
0 0.821615 0.381836 0.078125 0.082031
0 0.930990 0.300781 0.135417 0.199219
0 0.759766 0.471191 0.050781 0.094727
0 0.824870 0.461914 0.076823 0.123047
