0 0.191895 0.774194 0.088867 0.140762
0 0.047852 0.894428 0.056641 0.140762
0 0.181641 0.909091 0.091797 0.129032
0 0.266113 0.772727 0.077148 0.143695
0 0.264648 0.909824 0.074219 0.145161
0 0.177246 0.986070 0.094727 0.027859
0 0.254883 0.986804 0.076172 0.026393
0 0.428711 0.639296 0.097656 0.158358
0 0.521973 0.637097 0.094727 0.159824
0 0.424805 0.777859 0.097656 0.142229
0 0.520996 0.779326 0.094727 0.145161
0 0.421875 0.921554 0.099609 0.151026
0 0.519043 0.923021 0.094727 0.153959
0 0.708496 0.761730 0.086914 0.145161
0 0.799316 0.759531 0.094727 0.140762
0 0.712402 0.898827 0.084961 0.137830
0 0.803223 0.894428 0.096680 0.129032
0 0.714355 0.982405 0.090820 0.035191
0 0.802734 0.980205 0.095703 0.039589
