0 0.038574 0.047896 0.075195 0.092888
0 0.126465 0.047896 0.090820 0.092888
0 0.213379 0.047170 0.083008 0.091437
0 0.298828 0.047170 0.087891 0.091437
0 0.386230 0.047170 0.086914 0.091437
0 0.473633 0.048621 0.087891 0.088534
0 0.561035 0.050073 0.086914 0.091437
0 0.648926 0.049347 0.088867 0.092888
0 0.737793 0.047896 0.088867 0.089985
0 0.831543 0.047170 0.098633 0.091437
0 0.041992 0.206096 0.078125 0.148041
0 0.124512 0.208273 0.086914 0.143687
0 0.211914 0.208273 0.087891 0.143687
0 0.299805 0.207547 0.087891 0.145138
0 0.386719 0.203919 0.085938 0.137881
0 0.475586 0.205370 0.091797 0.134978
0 0.563965 0.207547 0.084961 0.139332
0 0.649902 0.206821 0.086914 0.140784
0 0.739258 0.206821 0.091797 0.140784
0 0.831055 0.208273 0.091797 0.137881
0 0.040527 0.389695 0.079102 0.140784
0 0.124023 0.390421 0.087891 0.139332
0 0.213379 0.387518 0.090820 0.133527
0 0.300781 0.384615 0.083984 0.139332
0 0.387207 0.386067 0.088867 0.142235
0 0.474121 0.388244 0.084961 0.137881
0 0.560059 0.390421 0.086914 0.142235
0 0.649902 0.388970 0.092773 0.145138
0 0.740723 0.387518 0.088867 0.142235
0 0.831055 0.388970 0.091797 0.139332
0 0.041992 0.571118 0.078125 0.143687
0 0.124512 0.571118 0.086914 0.143687
0 0.213379 0.571843 0.090820 0.145138
0 0.300781 0.572569 0.083984 0.143687
0 0.388184 0.571118 0.090820 0.140784
0 0.478516 0.571843 0.089844 0.139332
0 0.565430 0.572569 0.083984 0.140784
0 0.649902 0.571843 0.084961 0.142235
0 0.737305 0.573295 0.089844 0.139332
0 0.832031 0.571843 0.099609 0.142235
0 0.040527 0.754717 0.079102 0.139332
0 0.124512 0.751814 0.088867 0.145138
0 0.213379 0.749637 0.088867 0.140784
0 0.301758 0.751089 0.087891 0.137881
0 0.389160 0.751814 0.086914 0.139332
0 0.476562 0.751814 0.087891 0.139332
0 0.563965 0.751089 0.086914 0.137881
0 0.651367 0.753991 0.087891 0.132075
0 0.739258 0.755443 0.087891 0.134978
0 0.831055 0.751814 0.095703 0.142235
0 0.043945 0.926705 0.080078 0.129173
0 0.125977 0.929608 0.083984 0.123367
0 0.212891 0.931060 0.089844 0.126270
0 0.301758 0.931060 0.087891 0.126270
0 0.387695 0.933237 0.083984 0.130624
0 0.476074 0.931060 0.092773 0.134978
0 0.563965 0.931060 0.083008 0.132075
0 0.651367 0.928882 0.091797 0.136430
0 0.741211 0.926705 0.087891 0.132075
0 0.829102 0.929608 0.087891 0.126270
