0 0.033203 0.138672 0.039062 0.050781
0 0.083008 0.138672 0.060547 0.050781
0 0.147461 0.136719 0.068359 0.046875
0 0.212891 0.136719 0.062500 0.046875
0 0.258789 0.137695 0.029297 0.048828
0 0.290039 0.138672 0.033203 0.046875
0 0.338867 0.137695 0.064453 0.044922
0 0.407227 0.138672 0.072266 0.042969
0 0.479492 0.140625 0.072266 0.046875
0 0.546875 0.142578 0.062500 0.042969
0 0.613281 0.141602 0.070312 0.041016
0 0.687500 0.141602 0.074219 0.041016
0 0.762695 0.141602 0.076172 0.041016
0 0.833984 0.140625 0.066406 0.042969
0 0.905273 0.142578 0.076172 0.042969
0 0.971680 0.142578 0.056641 0.042969
0 0.032227 0.249023 0.041016 0.169922
0 0.082031 0.248047 0.058594 0.171875
0 0.149414 0.246094 0.076172 0.167969
0 0.214844 0.246094 0.054688 0.167969
0 0.255859 0.246094 0.027344 0.167969
0 0.289062 0.245117 0.035156 0.169922
0 0.340820 0.246094 0.068359 0.171875
0 0.408203 0.248047 0.066406 0.167969
0 0.476562 0.247070 0.070312 0.166016
0 0.546875 0.246094 0.070312 0.167969
0 0.618164 0.247070 0.072266 0.169922
0 0.690430 0.248047 0.072266 0.167969
0 0.761719 0.249023 0.070312 0.169922
0 0.831055 0.247070 0.068359 0.173828
0 0.904297 0.245117 0.078125 0.169922
0 0.968750 0.248047 0.050781 0.164062
0 0.030273 0.368164 0.033203 0.072266
0 0.081055 0.368164 0.068359 0.072266
0 0.149414 0.367188 0.068359 0.070312
0 0.212891 0.366211 0.058594 0.072266
0 0.275391 0.365234 0.066406 0.070312
0 0.338867 0.367188 0.060547 0.066406
0 0.404297 0.370117 0.070312 0.072266
0 0.474609 0.369141 0.070312 0.074219
0 0.544922 0.368164 0.070312 0.072266
0 0.614258 0.369141 0.068359 0.070312
0 0.684570 0.369141 0.072266 0.070312
0 0.760742 0.368164 0.076172 0.072266
0 0.832031 0.368164 0.066406 0.072266
0 0.903320 0.369141 0.076172 0.070312
0 0.969727 0.369141 0.056641 0.070312
0 0.970703 0.492188 0.054688 0.175781
0 0.908203 0.494141 0.070312 0.171875
0 0.835938 0.494141 0.074219 0.171875
0 0.761719 0.494141 0.074219 0.171875
0 0.686523 0.494141 0.076172 0.171875
0 0.614258 0.491211 0.068359 0.177734
0 0.544922 0.488281 0.070312 0.171875
0 0.476562 0.492188 0.066406 0.164062
0 0.407227 0.493164 0.068359 0.169922
0 0.342773 0.490234 0.060547 0.175781
0 0.291016 0.493164 0.042969 0.181641
0 0.255859 0.493164 0.027344 0.181641
0 0.032227 0.492188 0.041016 0.175781
0 0.082031 0.493164 0.058594 0.173828
0 0.146484 0.492188 0.070312 0.171875
0 0.211914 0.490234 0.060547 0.175781
0 0.030273 0.615234 0.033203 0.070312
0 0.079102 0.613281 0.064453 0.074219
0 0.146484 0.612305 0.070312 0.072266
0 0.210938 0.615234 0.058594 0.066406
0 0.272461 0.615234 0.064453 0.066406
0 0.335938 0.616211 0.066406 0.068359
0 0.403320 0.619141 0.068359 0.074219
0 0.473633 0.617188 0.072266 0.078125
0 0.543945 0.612305 0.068359 0.068359
0 0.612305 0.611328 0.072266 0.066406
0 0.684570 0.614258 0.072266 0.072266
0 0.758789 0.616211 0.076172 0.068359
0 0.833008 0.615234 0.072266 0.066406
0 0.906250 0.614258 0.074219 0.068359
0 0.970703 0.615234 0.054688 0.070312
0 0.971680 0.703125 0.052734 0.105469
0 0.909180 0.713867 0.072266 0.130859
0 0.836914 0.702148 0.076172 0.107422
0 0.760742 0.715820 0.080078 0.130859
0 0.684570 0.708984 0.072266 0.117188
0 0.612305 0.705078 0.076172 0.109375
0 0.541016 0.711914 0.066406 0.119141
0 0.474609 0.704102 0.070312 0.103516
0 0.402344 0.708984 0.070312 0.125000
0 0.336914 0.708008 0.064453 0.119141
0 0.273438 0.701172 0.066406 0.109375
0 0.211914 0.705078 0.064453 0.105469
0 0.147461 0.701172 0.072266 0.105469
0 0.080078 0.708984 0.062500 0.117188
0 0.029297 0.708008 0.039062 0.119141
