0 0.042969 0.549805 0.082031 0.107422
0 0.139648 0.550781 0.091797 0.113281
0 0.238281 0.554688 0.105469 0.121094
0 0.338867 0.551758 0.095703 0.126953
0 0.439453 0.549805 0.101562 0.123047
0 0.746094 0.556641 0.082031 0.128906
0 0.830078 0.561523 0.085938 0.119141
0 0.042969 0.782227 0.082031 0.107422
0 0.133789 0.781250 0.099609 0.109375
0 0.236328 0.779297 0.105469 0.105469
0 0.339844 0.782227 0.101562 0.099609
0 0.438477 0.785156 0.095703 0.105469
0 0.542969 0.778320 0.113281 0.119141
0 0.649414 0.781250 0.099609 0.117188
0 0.745117 0.781250 0.091797 0.117188
0 0.833008 0.779297 0.083984 0.113281
0 0.913086 0.802734 0.060547 0.175781
0 0.919922 0.549805 0.070312 0.138672
0 0.750000 0.256836 0.085938 0.310547
0 0.838867 0.253906 0.091797 0.304688
0 0.041992 0.451172 0.076172 0.105469
0 0.133789 0.451172 0.107422 0.105469
0 0.238281 0.447266 0.101562 0.097656
0 0.340820 0.447266 0.103516 0.097656
0 0.440430 0.444336 0.095703 0.091797
