0 0.092773 0.139648 0.181641 0.275391
0 0.385742 0.142578 0.388672 0.281250
0 0.743164 0.141602 0.322266 0.275391
0 0.952148 0.144531 0.095703 0.281250
0 0.094727 0.411133 0.177734 0.259766
0 0.382812 0.410156 0.398438 0.261719
0 0.734375 0.405273 0.304688 0.251953
0 0.943359 0.415039 0.113281 0.232422
0 0.095703 0.600586 0.187500 0.119141
0 0.385742 0.598633 0.392578 0.123047
0 0.743164 0.602539 0.322266 0.130859
0 0.951172 0.600586 0.093750 0.134766
0 0.095703 0.818359 0.187500 0.312500
0 0.385742 0.820312 0.404297 0.300781
0 0.748047 0.825195 0.320312 0.310547
0 0.954102 0.827148 0.091797 0.291016
