0 0.776367 0.167969 0.119141 0.246094
0 0.668945 0.223633 0.095703 0.236328
0 0.577148 0.273438 0.083984 0.210938
0 0.497070 0.316406 0.072266 0.203125
0 0.428711 0.354492 0.056641 0.177734
0 0.366211 0.399414 0.060547 0.173828
0 0.318359 0.425781 0.042969 0.148438
0 0.273438 0.451172 0.042969 0.132812
0 0.268555 0.613281 0.052734 0.132812
0 0.320312 0.596680 0.042969 0.138672
0 0.369141 0.585938 0.046875 0.152344
0 0.425781 0.575195 0.054688 0.173828
0 0.494141 0.547852 0.082031 0.181641
0 0.580078 0.519531 0.085938 0.203125
0 0.664062 0.495117 0.097656 0.205078
0 0.267578 0.784180 0.050781 0.119141
0 0.316406 0.783203 0.042969 0.132812
0 0.370117 0.787109 0.056641 0.160156
0 0.432617 0.784180 0.056641 0.158203
0 0.495117 0.783203 0.068359 0.171875
0 0.576172 0.779297 0.089844 0.187500
0 0.666992 0.775391 0.107422 0.207031
0 0.770508 0.772461 0.107422 0.220703
0 0.143555 0.465820 0.029297 0.072266
0 0.173828 0.441406 0.027344 0.066406
0 0.141602 0.517578 0.029297 0.066406
0 0.174805 0.490234 0.025391 0.050781
0 0.173828 0.535156 0.031250 0.062500
0 0.144531 0.567383 0.027344 0.041016
0 0.145508 0.606445 0.025391 0.056641
0 0.172852 0.621094 0.029297 0.046875
0 0.172852 0.581055 0.029297 0.052734
0 0.144531 0.648438 0.023438 0.042969
0 0.172852 0.662109 0.037109 0.050781
0 0.144531 0.698242 0.023438 0.060547
0 0.171875 0.701172 0.031250 0.046875
0 0.146484 0.748047 0.027344 0.050781
0 0.145508 0.792969 0.025391 0.039062
0 0.175781 0.782227 0.035156 0.037109
0 0.174805 0.743164 0.037109 0.041016
0 0.216797 0.736328 0.042969 0.058594
0 0.217773 0.783203 0.041016 0.046875
0 0.219727 0.833984 0.041016 0.050781
0 0.221680 0.879883 0.037109 0.052734
