0 0.276367 0.500705 0.031250 0.050776
0 0.312988 0.498590 0.041992 0.055007
0 0.275879 0.545839 0.030273 0.045134
0 0.312012 0.541608 0.041992 0.053597
0 0.274902 0.595205 0.030273 0.059238
0 0.311523 0.591678 0.042969 0.063470
0 0.274414 0.635402 0.031250 0.021157
0 0.309570 0.635402 0.039062 0.023977
0 0.410645 0.433709 0.028320 0.077574
0 0.440918 0.419605 0.032227 0.083216
0 0.472656 0.414669 0.031250 0.076164
0 0.505371 0.413963 0.034180 0.074753
0 0.541016 0.416079 0.041016 0.084626
0 0.577637 0.426657 0.036133 0.074753
0 0.410645 0.498590 0.028320 0.071932
0 0.440918 0.489422 0.032227 0.076164
0 0.472656 0.483780 0.033203 0.067701
0 0.505859 0.484485 0.033203 0.069111
0 0.542480 0.488011 0.040039 0.073343
0 0.578125 0.494358 0.035156 0.071932
0 0.410645 0.571932 0.028320 0.091678
0 0.440918 0.568406 0.032227 0.101551
0 0.473145 0.568406 0.032227 0.101551
0 0.506348 0.566996 0.034180 0.101551
0 0.543457 0.566996 0.040039 0.101551
0 0.580078 0.570522 0.035156 0.097320
0 0.666016 0.468970 0.021484 0.060649
0 0.668457 0.523272 0.020508 0.056417
0 0.670410 0.584626 0.022461 0.071932
