0 0.064453 0.174805 0.125000 0.318359
0 0.203125 0.210938 0.148438 0.312500
0 0.346680 0.272461 0.134766 0.259766
0 0.349609 0.106445 0.140625 0.208984
0 0.206055 0.072266 0.150391 0.140625
0 0.064453 0.456055 0.113281 0.248047
0 0.201172 0.478516 0.160156 0.242188
0 0.338867 0.501953 0.119141 0.203125
0 0.062500 0.672852 0.121094 0.099609
0 0.203125 0.668945 0.160156 0.087891
0 0.340820 0.673828 0.119141 0.078125
0 0.063477 0.877930 0.123047 0.244141
0 0.201172 0.877930 0.156250 0.244141
0 0.344727 0.877930 0.126953 0.244141
0 0.886719 0.138672 0.078125 0.269531
0 0.888672 0.294922 0.082031 0.160156
0 0.894531 0.627930 0.097656 0.607422
0 0.715820 0.153320 0.080078 0.154297
0 0.712891 0.048828 0.070312 0.093750
0 0.712891 0.298828 0.074219 0.160156
0 0.708984 0.441406 0.070312 0.179688
0 0.707031 0.578125 0.070312 0.140625
0 0.708984 0.720703 0.074219 0.175781
0 0.709961 0.890625 0.072266 0.214844
