0 0.286133 0.194336 0.279297 0.376953
0 0.521484 0.186523 0.148438 0.169922
0 0.521484 0.323242 0.144531 0.138672
0 0.664062 0.200195 0.136719 0.181641
0 0.665039 0.333984 0.138672 0.117188
0 0.783203 0.216797 0.082031 0.160156
0 0.896484 0.230469 0.128906 0.167969
0 0.980469 0.247070 0.039062 0.134766
0 0.847656 0.364258 0.234375 0.138672
0 0.986328 0.380859 0.027344 0.117188
0 0.052734 0.409180 0.101562 0.259766
0 0.125000 0.473633 0.039062 0.197266
0 0.211914 0.514648 0.126953 0.212891
0 0.350586 0.536133 0.142578 0.208984
0 0.523438 0.563477 0.144531 0.181641
0 0.672852 0.568359 0.138672 0.187500
0 0.784180 0.583008 0.083984 0.158203
0 0.899414 0.585938 0.146484 0.164062
0 0.983398 0.595703 0.021484 0.144531
0 0.055664 0.745117 0.107422 0.208984
0 0.213867 0.819336 0.123047 0.232422
0 0.346680 0.835938 0.142578 0.199219
0 0.522461 0.840820 0.146484 0.197266
0 0.669922 0.839844 0.132812 0.183594
0 0.784180 0.840820 0.095703 0.169922
0 0.900391 0.846680 0.132812 0.173828
0 0.983398 0.842773 0.033203 0.181641
0 0.207031 0.965820 0.132812 0.068359
0 0.345703 0.963867 0.148438 0.068359
0 0.522461 0.967773 0.150391 0.060547
0 0.674805 0.967773 0.138672 0.056641
0 0.781250 0.968750 0.085938 0.062500
0 0.899414 0.961914 0.138672 0.076172
0 0.984375 0.965820 0.027344 0.068359
