0 0.131836 0.428711 0.001953 0.001953
0 0.164062 0.294922 0.062500 0.265625
0 0.167969 0.094727 0.062500 0.185547
0 0.220703 0.069336 0.042969 0.134766
0 0.265625 0.054688 0.042969 0.105469
0 0.309570 0.040039 0.041016 0.076172
0 0.357422 0.023438 0.042969 0.042969
0 0.222656 0.254883 0.046875 0.279297
0 0.268555 0.225586 0.041016 0.271484
0 0.309570 0.200195 0.037109 0.283203
0 0.354492 0.180664 0.041016 0.287109
0 0.397461 0.154297 0.041016 0.296875
0 0.439453 0.137695 0.046875 0.271484
0 0.483398 0.128906 0.037109 0.253906
0 0.523438 0.119141 0.035156 0.234375
0 0.561523 0.109375 0.041016 0.214844
0 0.496094 0.425781 0.156250 0.371094
0 0.398438 0.468750 0.046875 0.308594
0 0.359375 0.489258 0.035156 0.306641
0 0.318359 0.508789 0.050781 0.306641
0 0.273438 0.524414 0.050781 0.302734
0 0.229492 0.545898 0.052734 0.302734
0 0.171875 0.566406 0.074219 0.308594
0 0.543945 0.708984 0.060547 0.296875
0 0.489258 0.718750 0.048828 0.285156
0 0.445312 0.729492 0.050781 0.267578
0 0.398438 0.740234 0.042969 0.253906
0 0.357422 0.750000 0.046875 0.238281
0 0.317383 0.757812 0.037109 0.226562
0 0.276367 0.765625 0.041016 0.218750
0 0.225586 0.776367 0.056641 0.208984
0 0.165039 0.797852 0.076172 0.197266
0 0.166016 0.945312 0.066406 0.109375
0 0.228516 0.940430 0.058594 0.119141
0 0.275391 0.936523 0.042969 0.126953
0 0.340820 0.934570 0.060547 0.130859
0 0.387695 0.932617 0.048828 0.134766
0 0.494141 0.928711 0.164062 0.142578
