0 0.401855 0.029283 0.135742 0.055637
0 0.536133 0.030015 0.132812 0.057101
0 0.668945 0.030747 0.132812 0.055637
0 0.803223 0.030747 0.135742 0.055637
0 0.934570 0.030747 0.126953 0.055637
0 0.401367 0.092972 0.134766 0.074671
0 0.535645 0.095168 0.133789 0.070278
0 0.667969 0.095900 0.130859 0.071742
0 0.802246 0.094436 0.137695 0.074671
0 0.933594 0.092240 0.125000 0.070278
0 0.400879 0.165447 0.133789 0.070278
0 0.534668 0.165447 0.133789 0.070278
0 0.667480 0.166179 0.131836 0.071742
0 0.802734 0.166179 0.138672 0.071742
0 0.935547 0.161054 0.126953 0.061493
0 0.400879 0.234993 0.133789 0.065886
0 0.535156 0.235725 0.134766 0.064422
0 0.668945 0.236457 0.132812 0.065886
0 0.802734 0.234993 0.134766 0.068814
0 0.401855 0.306735 0.133789 0.074671
0 0.536133 0.306735 0.134766 0.074671
0 0.669434 0.306003 0.131836 0.073206
0 0.802246 0.306735 0.133789 0.071742
0 0.401855 0.378477 0.131836 0.065886
0 0.535645 0.377013 0.135742 0.068814
0 0.669922 0.374817 0.132812 0.064422
0 0.803223 0.373353 0.133789 0.067350
0 0.402344 0.450952 0.128906 0.079063
0 0.535156 0.445827 0.136719 0.068814
0 0.670898 0.445095 0.134766 0.070278
0 0.935059 0.445827 0.127930 0.068814
0 0.935059 0.516105 0.127930 0.071742
0 0.934082 0.587116 0.125977 0.070278
0 0.535645 0.516837 0.131836 0.070278
0 0.671387 0.517570 0.139648 0.068814
0 0.806152 0.518302 0.129883 0.070278
0 0.805664 0.587116 0.130859 0.067350
0 0.671387 0.587116 0.139648 0.067350
0 0.532715 0.585652 0.137695 0.064422
0 0.533203 0.648609 0.138672 0.061493
0 0.372070 0.541728 0.046875 0.061493
0 0.432617 0.542460 0.050781 0.065886
0 0.371094 0.642753 0.050781 0.079063
0 0.433105 0.643485 0.049805 0.077599
4 0.401367 0.591508 0.128906 0.202050
