0 0.251953 0.082031 0.164062 0.160156
0 0.391602 0.106445 0.060547 0.197266
0 0.440430 0.137695 0.041016 0.193359
0 0.485352 0.157227 0.048828 0.185547
0 0.250000 0.171875 0.152344 0.105469
0 0.249023 0.249023 0.158203 0.146484
0 0.383789 0.270508 0.060547 0.166016
0 0.464844 0.265625 0.097656 0.097656
0 0.460938 0.329102 0.093750 0.111328
0 0.244141 0.360352 0.128906 0.193359
0 0.386719 0.414062 0.054688 0.152344
0 0.434570 0.435547 0.052734 0.156250
0 0.488281 0.451172 0.050781 0.160156
0 0.170898 0.455078 0.025391 0.054688
0 0.202148 0.461914 0.044922 0.072266
0 0.243164 0.472656 0.044922 0.066406
0 0.291992 0.486328 0.048828 0.054688
0 0.171875 0.514648 0.019531 0.080078
0 0.204102 0.522461 0.041016 0.080078
0 0.244141 0.535156 0.042969 0.078125
0 0.290039 0.541992 0.048828 0.080078
0 0.176758 0.588867 0.021484 0.083984
0 0.206055 0.593750 0.041016 0.085938
0 0.247070 0.604492 0.037109 0.080078
0 0.292969 0.611328 0.046875 0.082031
0 0.390625 0.583984 0.054688 0.195312
0 0.434570 0.597656 0.041016 0.183594
0 0.481445 0.607422 0.048828 0.171875
0 0.240234 0.686523 0.152344 0.083984
0 0.239258 0.754883 0.150391 0.107422
0 0.216797 0.880859 0.117188 0.175781
0 0.290039 0.892578 0.029297 0.152344
0 0.388672 0.833984 0.054688 0.332031
0 0.463867 0.724609 0.099609 0.082031
0 0.460938 0.794922 0.085938 0.082031
0 0.443359 0.915039 0.046875 0.169922
0 0.486328 0.916016 0.046875 0.167969
0 0.764648 0.244141 0.041016 0.066406
0 0.762695 0.330078 0.041016 0.125000
0 0.761719 0.419922 0.050781 0.066406
0 0.765625 0.492188 0.042969 0.101562
0 0.765625 0.575195 0.039062 0.068359
0 0.765625 0.662109 0.042969 0.117188
0 0.762695 0.742188 0.041016 0.058594
0 0.768555 0.826172 0.044922 0.121094
0 0.767578 0.938477 0.039062 0.123047
0 0.978516 0.375977 0.042969 0.064453
0 0.979492 0.446289 0.033203 0.107422
0 0.979492 0.512695 0.025391 0.052734
0 0.980469 0.577148 0.035156 0.103516
0 0.981445 0.658203 0.037109 0.058594
0 0.977539 0.748047 0.033203 0.125000
0 0.982422 0.856445 0.031250 0.107422
0 0.972656 0.948242 0.027344 0.099609
