0 0.522461 0.114258 0.095703 0.181641
0 0.616211 0.115234 0.091797 0.179688
0 0.727539 0.117188 0.130859 0.183594
0 0.846680 0.118164 0.107422 0.181641
0 0.941406 0.119141 0.082031 0.183594
0 0.523438 0.290039 0.101562 0.177734
0 0.619141 0.291992 0.089844 0.173828
0 0.731445 0.293945 0.126953 0.181641
0 0.840820 0.293945 0.099609 0.173828
0 0.935547 0.295898 0.089844 0.177734
0 0.524414 0.474609 0.103516 0.195312
0 0.622070 0.476562 0.091797 0.191406
0 0.727539 0.476562 0.126953 0.187500
0 0.838867 0.477539 0.095703 0.185547
0 0.934570 0.477539 0.095703 0.185547
0 0.936523 0.657227 0.091797 0.173828
0 0.842773 0.658203 0.095703 0.171875
0 0.731445 0.658203 0.126953 0.171875
0 0.622070 0.656250 0.091797 0.175781
0 0.524414 0.654297 0.103516 0.171875
0 0.520508 0.822266 0.099609 0.156250
0 0.619141 0.821289 0.097656 0.158203
0 0.731445 0.820312 0.126953 0.156250
0 0.840820 0.821289 0.091797 0.154297
0 0.933594 0.824219 0.093750 0.160156
0 0.430664 0.821289 0.048828 0.162109
0 0.357422 0.822266 0.093750 0.152344
0 0.286133 0.818359 0.044922 0.152344
0 0.238281 0.824219 0.054688 0.152344
0 0.185547 0.822266 0.042969 0.156250
0 0.128906 0.821289 0.070312 0.150391
0 0.043945 0.822266 0.083984 0.148438
0 0.381836 0.659180 0.134766 0.166016
0 0.259766 0.655273 0.101562 0.166016
0 0.146484 0.666016 0.117188 0.167969
0 0.046875 0.656250 0.089844 0.164062
0 0.048828 0.510742 0.089844 0.138672
0 0.149414 0.510742 0.111328 0.138672
0 0.256836 0.507812 0.103516 0.132812
0 0.381836 0.502930 0.146484 0.142578
0 0.045898 0.368164 0.087891 0.146484
0 0.147461 0.370117 0.115234 0.142578
