0 0.304688 0.094727 0.144531 0.103516
0 0.438477 0.100586 0.123047 0.091797
0 0.625977 0.101562 0.251953 0.093750
0 0.838867 0.101562 0.173828 0.093750
0 0.303711 0.233398 0.142578 0.181641
0 0.437500 0.235352 0.125000 0.177734
0 0.626953 0.236328 0.253906 0.179688
0 0.841797 0.238281 0.175781 0.175781
0 0.299805 0.408203 0.150391 0.164062
0 0.440430 0.410156 0.130859 0.160156
0 0.625977 0.414062 0.240234 0.167969
0 0.835938 0.416016 0.179688 0.164062
0 0.300781 0.571289 0.144531 0.169922
0 0.438477 0.573242 0.130859 0.166016
0 0.625000 0.573242 0.242188 0.166016
0 0.834961 0.574219 0.177734 0.164062
0 0.298828 0.731445 0.148438 0.154297
0 0.436523 0.735352 0.126953 0.146484
0 0.624023 0.741211 0.248047 0.158203
0 0.836914 0.741211 0.177734 0.158203
0 0.297852 0.889648 0.150391 0.162109
0 0.436523 0.892578 0.126953 0.156250
0 0.624023 0.893555 0.248047 0.158203
0 0.833984 0.895508 0.171875 0.154297
