0 0.010742 0.230938 0.019531 0.068915
0 0.010742 0.301320 0.019531 0.065982
0 0.059082 0.231672 0.077148 0.073314
0 0.059082 0.397361 0.077148 0.260997
0 0.136230 0.431085 0.077148 0.193548
0 0.136719 0.301320 0.076172 0.065982
0 0.138672 0.230938 0.080078 0.074780
0 0.217773 0.230205 0.078125 0.073314
0 0.296875 0.230938 0.080078 0.071848
0 0.217773 0.398094 0.078125 0.262463
0 0.296387 0.398094 0.079102 0.262463
0 0.375000 0.302053 0.078125 0.070381
0 0.375488 0.432551 0.077148 0.190616
0 0.377930 0.231672 0.078125 0.070381
0 0.456055 0.230205 0.078125 0.079179
0 0.535156 0.228006 0.080078 0.074780
0 0.456055 0.399560 0.080078 0.265396
0 0.535156 0.433284 0.078125 0.197947
0 0.535156 0.300587 0.078125 0.067449
0 0.614746 0.229472 0.079102 0.074780
0 0.614746 0.401760 0.079102 0.266862
0 0.693848 0.403959 0.079102 0.262463
0 0.694336 0.232405 0.078125 0.080645
0 0.772461 0.231672 0.076172 0.076246
0 0.849609 0.231672 0.078125 0.076246
0 0.926270 0.233871 0.075195 0.071848
0 0.980469 0.236070 0.033203 0.076246
0 0.771973 0.307185 0.077148 0.063050
0 0.771973 0.439150 0.077148 0.200880
0 0.849609 0.406158 0.078125 0.266862
0 0.926758 0.307185 0.076172 0.068915
0 0.926758 0.439150 0.076172 0.195015
0 0.982422 0.404692 0.035156 0.258065
