0 0.036133 0.111437 0.066406 0.167155
0 0.103027 0.106305 0.067383 0.159824
0 0.169922 0.109238 0.066406 0.153959
0 0.237305 0.108504 0.068359 0.152493
0 0.303223 0.107771 0.063477 0.153959
0 0.368652 0.109971 0.067383 0.158358
0 0.434570 0.108504 0.064453 0.161290
0 0.499023 0.107771 0.064453 0.159824
0 0.564453 0.109238 0.066406 0.156891
0 0.629883 0.110704 0.064453 0.159824
0 0.694824 0.112903 0.065430 0.155425
0 0.759766 0.115103 0.064453 0.159824
0 0.822754 0.116569 0.061523 0.156891
0 0.887207 0.117302 0.067383 0.158358
0 0.954590 0.115836 0.067383 0.161290
0 0.036621 0.286657 0.065430 0.197947
0 0.103027 0.287390 0.067383 0.196481
0 0.168945 0.287390 0.064453 0.196481
0 0.235840 0.285924 0.069336 0.199413
0 0.300781 0.285191 0.060547 0.197947
0 0.366699 0.287390 0.071289 0.193548
0 0.434082 0.290323 0.063477 0.199413
0 0.498535 0.290323 0.065430 0.199413
0 0.564453 0.288856 0.066406 0.196481
0 0.629883 0.289589 0.064453 0.195015
0 0.693848 0.288123 0.063477 0.192082
0 0.758789 0.288856 0.066406 0.190616
0 0.823730 0.291789 0.063477 0.196481
0 0.888184 0.292522 0.065430 0.195015
0 0.954590 0.292522 0.067383 0.195015
0 0.955078 0.479472 0.066406 0.178886
0 0.889160 0.478739 0.065430 0.180352
0 0.822754 0.478739 0.067383 0.180352
0 0.757812 0.478739 0.062500 0.180352
0 0.692383 0.479472 0.068359 0.181818
0 0.628418 0.478739 0.059570 0.183284
0 0.563477 0.478739 0.070312 0.183284
0 0.497559 0.480205 0.061523 0.180352
0 0.432129 0.480205 0.069336 0.180352
0 0.364746 0.477273 0.065430 0.186217
0 0.299316 0.476540 0.065430 0.184751
0 0.234863 0.478006 0.063477 0.181818
0 0.169434 0.476540 0.067383 0.178886
0 0.103027 0.476540 0.065430 0.178886
0 0.035645 0.480938 0.069336 0.187683
