0 0.133789 0.123047 0.166016 0.242188
0 0.126953 0.392578 0.164062 0.386719
0 0.129883 0.758789 0.162109 0.384766
0 0.125000 0.978516 0.148438 0.042969
0 0.260742 0.971680 0.072266 0.056641
0 0.264648 0.774414 0.080078 0.333984
0 0.251953 0.434570 0.078125 0.318359
0 0.269531 0.146484 0.089844 0.281250
0 0.352539 0.102539 0.068359 0.177734
0 0.439453 0.156250 0.093750 0.199219
0 0.349609 0.243164 0.062500 0.146484
0 0.438477 0.293945 0.103516 0.166016
0 0.343750 0.395508 0.070312 0.181641
0 0.436523 0.433594 0.099609 0.195312
0 0.345703 0.542969 0.085938 0.152344
0 0.438477 0.567383 0.099609 0.138672
0 0.345703 0.768555 0.082031 0.333984
0 0.443359 0.771484 0.101562 0.289062
0 0.350586 0.966797 0.083984 0.066406
0 0.446289 0.958984 0.103516 0.082031
0 0.522461 0.952148 0.060547 0.091797
0 0.518555 0.773438 0.064453 0.261719
0 0.522461 0.513672 0.048828 0.269531
0 0.524414 0.268555 0.060547 0.271484
0 0.578125 0.305664 0.046875 0.244141
0 0.639648 0.337891 0.068359 0.261719
0 0.574219 0.536133 0.054688 0.248047
0 0.638672 0.559570 0.062500 0.232422
0 0.578125 0.773438 0.046875 0.234375
0 0.576172 0.951172 0.046875 0.097656
0 0.640625 0.943359 0.058594 0.101562
0 0.694336 0.380859 0.048828 0.222656
0 0.742188 0.411133 0.046875 0.208984
0 0.785156 0.439453 0.035156 0.199219
0 0.819336 0.456055 0.037109 0.181641
0 0.854492 0.485352 0.033203 0.158203
0 0.892578 0.500000 0.035156 0.160156
0 0.926758 0.519531 0.037109 0.148438
0 0.965820 0.544922 0.033203 0.125000
0 0.694336 0.583984 0.044922 0.210938
0 0.740234 0.596680 0.046875 0.193359
0 0.781250 0.607422 0.027344 0.187500
0 0.816406 0.621094 0.035156 0.167969
0 0.853516 0.629883 0.035156 0.162109
0 0.889648 0.645508 0.033203 0.146484
0 0.927734 0.653320 0.039062 0.134766
0 0.962891 0.663086 0.035156 0.126953
0 0.696289 0.782227 0.060547 0.216797
0 0.745117 0.784180 0.048828 0.193359
0 0.783203 0.783203 0.039062 0.175781
0 0.818359 0.781250 0.035156 0.167969
0 0.851562 0.783203 0.039062 0.156250
0 0.885742 0.784180 0.037109 0.146484
0 0.924805 0.788086 0.037109 0.134766
0 0.959961 0.786133 0.041016 0.126953
0 0.698242 0.935547 0.056641 0.101562
0 0.746094 0.928711 0.042969 0.103516
0 0.783203 0.914062 0.039062 0.093750
0 0.819336 0.908203 0.041016 0.089844
0 0.854492 0.902344 0.033203 0.085938
0 0.889648 0.896484 0.033203 0.074219
0 0.925781 0.892578 0.039062 0.078125
0 0.962891 0.876953 0.035156 0.058594
0 0.963867 0.416992 0.033203 0.150391
0 0.927734 0.386719 0.046875 0.167969
0 0.890625 0.351562 0.035156 0.160156
0 0.859375 0.320312 0.031250 0.175781
0 0.823242 0.290039 0.033203 0.185547
0 0.791016 0.252930 0.039062 0.189453
0 0.753906 0.215820 0.046875 0.212891
0 0.704102 0.184570 0.056641 0.216797
0 0.986328 0.316406 0.019531 0.144531
0 0.960938 0.276367 0.035156 0.169922
0 0.928711 0.240234 0.041016 0.179688
0 0.892578 0.194336 0.035156 0.173828
0 0.859375 0.150391 0.031250 0.171875
0 0.822266 0.104492 0.031250 0.173828
0 0.786133 0.079102 0.033203 0.154297
0 0.746094 0.066406 0.039062 0.128906
0 0.705078 0.060547 0.058594 0.117188
0 0.524414 0.085938 0.068359 0.148438
0 0.587891 0.132812 0.050781 0.148438
0 0.646484 0.179688 0.058594 0.136719
0 0.584961 0.053711 0.056641 0.091797
