0 0.068848 0.036603 0.108398 0.058565
0 0.176758 0.043192 0.109375 0.042460
0 0.285156 0.049780 0.109375 0.043924
0 0.396484 0.055637 0.109375 0.040996
0 0.068359 0.123719 0.107422 0.115666
0 0.176758 0.122987 0.109375 0.117130
0 0.285156 0.126647 0.107422 0.124451
0 0.395508 0.133236 0.113281 0.111274
0 0.506836 0.137628 0.109375 0.120059
0 0.615234 0.138360 0.105469 0.115666
0 0.721680 0.142753 0.107422 0.124451
0 0.829590 0.148609 0.108398 0.112738
0 0.938477 0.152269 0.109375 0.120059
0 0.066406 0.222548 0.107422 0.081991
0 0.175293 0.225476 0.110352 0.076135
0 0.284668 0.229868 0.108398 0.084919
0 0.395020 0.234993 0.112305 0.074671
0 0.506348 0.239385 0.110352 0.083455
0 0.615723 0.242313 0.108398 0.077599
0 0.724121 0.243045 0.108398 0.079063
0 0.832031 0.245974 0.107422 0.073206
0 0.938477 0.251830 0.105469 0.084919
0 0.066406 0.448755 0.111328 0.373353
0 0.176758 0.453880 0.109375 0.363104
0 0.284668 0.459004 0.106445 0.373353
0 0.394531 0.461201 0.113281 0.368960
0 0.506348 0.465593 0.110352 0.377745
0 0.616211 0.469253 0.109375 0.370425
0 0.724121 0.468521 0.106445 0.368960
0 0.831055 0.471449 0.107422 0.363104
0 0.936523 0.477306 0.107422 0.371889
