0 0.264648 0.136719 0.138672 0.222656
0 0.547852 0.138672 0.130859 0.218750
0 0.829102 0.143555 0.115234 0.228516
0 0.956055 0.089844 0.087891 0.175781
0 0.029297 0.107422 0.054688 0.183594
0 0.271484 0.376953 0.160156 0.175781
0 0.549805 0.375977 0.134766 0.185547
0 0.665039 0.374023 0.060547 0.185547
0 0.830078 0.376953 0.128906 0.183594
0 0.958984 0.372070 0.082031 0.166016
0 0.271484 0.573242 0.152344 0.228516
0 0.549805 0.604492 0.134766 0.169922
0 0.827148 0.604492 0.126953 0.173828
0 0.958008 0.607422 0.083984 0.175781
0 0.268555 0.737305 0.142578 0.095703
0 0.547852 0.738281 0.123047 0.097656
0 0.830078 0.738281 0.121094 0.101562
0 0.271484 0.874023 0.144531 0.181641
0 0.547852 0.871094 0.123047 0.183594
0 0.668945 0.877930 0.052734 0.169922
0 0.832031 0.866211 0.121094 0.181641
0 0.958984 0.868164 0.082031 0.169922
