0 0.782227 0.211914 0.060547 0.419922
0 0.850586 0.239258 0.080078 0.439453
0 0.924805 0.284180 0.095703 0.435547
0 0.784180 0.529297 0.060547 0.253906
0 0.853516 0.553711 0.074219 0.251953
0 0.934570 0.589844 0.080078 0.246094
0 0.782227 0.790039 0.056641 0.283203
0 0.853516 0.801758 0.074219 0.267578
0 0.938477 0.815430 0.080078 0.255859
0 0.789062 0.965820 0.062500 0.068359
0 0.857422 0.963867 0.082031 0.068359
0 0.938477 0.967773 0.080078 0.060547
0 0.137695 0.602539 0.029297 0.310547
0 0.193359 0.568359 0.078125 0.367188
0 0.292969 0.518555 0.136719 0.427734
0 0.546875 0.385742 0.378906 0.607422
0 0.546875 0.760742 0.386719 0.392578
0 0.277344 0.823242 0.171875 0.283203
0 0.153320 0.859375 0.076172 0.238281
