0 0.084459 0.919028 0.166216 0.133603
0 0.125676 0.819838 0.132432 0.056680
0 0.164865 0.739879 0.143243 0.095142
0 0.206081 0.679150 0.098649 0.038462
0 0.221622 0.634615 0.105405 0.054656
0 0.331757 0.629555 0.085135 0.040486
0 0.326351 0.672065 0.095946 0.040486
0 0.303378 0.741903 0.125676 0.099190
0 0.287162 0.817814 0.125676 0.060729
0 0.258108 0.923077 0.175676 0.145749
0 0.466216 0.915992 0.148649 0.135628
0 0.453378 0.821862 0.120270 0.064777
0 0.444595 0.743927 0.097297 0.111336
0 0.441216 0.672065 0.082432 0.032389
0 0.439865 0.632591 0.074324 0.058704
0 0.549324 0.632591 0.090541 0.050607
0 0.562838 0.672065 0.093243 0.032389
0 0.591216 0.740891 0.136486 0.101215
0 0.620946 0.817814 0.133784 0.060729
0 0.667568 0.920040 0.202703 0.151822
0 0.864189 0.918016 0.231081 0.139676
0 0.783108 0.819838 0.155405 0.056680
0 0.729730 0.737854 0.164865 0.099190
0 0.679730 0.674089 0.113514 0.032389
0 0.647973 0.631579 0.106757 0.056680
0 0.282432 0.521255 0.091892 0.099190
0 0.356081 0.522267 0.071622 0.093117
0 0.431081 0.523279 0.070270 0.091093
0 0.506081 0.521255 0.093243 0.095142
0 0.579730 0.526316 0.113514 0.093117
0 0.328378 0.441296 0.056757 0.040486
0 0.375676 0.443320 0.048649 0.048583
0 0.425000 0.442308 0.041892 0.046559
0 0.473649 0.443320 0.052703 0.040486
0 0.522297 0.446356 0.063514 0.038462
0 0.348649 0.405870 0.035135 0.026316
0 0.384459 0.403846 0.033784 0.022267
0 0.420946 0.403846 0.031081 0.022267
0 0.458108 0.404858 0.037838 0.024291
0 0.492568 0.404858 0.041892 0.028340
0 0.363514 0.378543 0.032432 0.016194
0 0.391892 0.379555 0.024324 0.014170
0 0.420270 0.381579 0.029730 0.018219
0 0.449324 0.381579 0.028378 0.018219
0 0.477703 0.382591 0.033784 0.016194
