0 0.135742 0.420821 0.025391 0.099707
0 0.155762 0.426686 0.016602 0.105572
0 0.036133 0.409091 0.017578 0.046921
0 0.053223 0.410557 0.016602 0.043988
0 0.082520 0.408358 0.020508 0.048387
0 0.101562 0.415689 0.015625 0.063050
0 0.275879 0.441349 0.020508 0.038123
0 0.255859 0.565982 0.103516 0.055718
0 0.376465 0.568182 0.102539 0.051320
0 0.494629 0.567449 0.104492 0.055718
0 0.234375 0.694282 0.050781 0.189150
0 0.282227 0.693548 0.044922 0.190616
0 0.351074 0.695015 0.047852 0.193548
0 0.401855 0.695748 0.045898 0.192082
0 0.468262 0.694282 0.043945 0.186217
0 0.520020 0.695748 0.045898 0.183284
0 0.614258 0.568915 0.103516 0.046921
0 0.729980 0.571114 0.100586 0.045455
0 0.585938 0.700880 0.044922 0.187683
0 0.636719 0.700880 0.042969 0.190616
0 0.703613 0.700147 0.045898 0.186217
0 0.751953 0.700147 0.050781 0.186217
0 0.006836 0.401026 0.011719 0.042522
