0 0.063000 0.034667 0.118000 0.066667
0 0.174000 0.030667 0.108000 0.058667
0 0.066000 0.206667 0.112000 0.064000
0 0.173000 0.198000 0.110000 0.068000
0 0.060000 0.380667 0.112000 0.070667
0 0.172000 0.372667 0.112000 0.065333
0 0.059000 0.559333 0.114000 0.070667
0 0.170000 0.552000 0.112000 0.072000
0 0.056000 0.774667 0.108000 0.074667
0 0.164000 0.766000 0.116000 0.070667
0 0.051000 0.966667 0.098000 0.064000
0 0.158000 0.963333 0.124000 0.070667
0 0.449000 0.150000 0.098000 0.060000
0 0.545000 0.142000 0.098000 0.062667
0 0.448000 0.304667 0.096000 0.065333
0 0.547000 0.298000 0.098000 0.062667
0 0.450000 0.466667 0.100000 0.064000
0 0.551000 0.458000 0.098000 0.062667
0 0.452000 0.632000 0.104000 0.066667
0 0.556000 0.625333 0.100000 0.064000
0 0.455000 0.805333 0.102000 0.069333
0 0.562000 0.798667 0.104000 0.069333
0 0.761000 0.086000 0.090000 0.057333
0 0.855000 0.076000 0.090000 0.058667
0 0.763000 0.230667 0.094000 0.058667
0 0.858000 0.223333 0.092000 0.060000
0 0.773000 0.378667 0.094000 0.058667
0 0.867000 0.371333 0.094000 0.060000
0 0.779000 0.531333 0.094000 0.062667
0 0.875000 0.523333 0.094000 0.060000
0 0.785000 0.684000 0.094000 0.064000
0 0.880000 0.680000 0.096000 0.064000
0 0.795000 0.848667 0.098000 0.068000
0 0.894000 0.844000 0.092000 0.064000
