0 0.038574 0.367302 0.055664 0.077713
0 0.091309 0.368035 0.049805 0.076246
0 0.141602 0.366569 0.050781 0.073314
0 0.193848 0.366569 0.053711 0.073314
0 0.246094 0.369501 0.050781 0.079179
0 0.297363 0.370235 0.051758 0.077713
0 0.038086 0.445015 0.050781 0.077713
0 0.091309 0.443548 0.055664 0.080645
0 0.143066 0.444282 0.047852 0.082111
0 0.194336 0.445748 0.054688 0.079179
0 0.246582 0.447214 0.049805 0.082111
0 0.297852 0.448680 0.052734 0.079179
0 0.353027 0.395894 0.036133 0.076246
0 0.393555 0.397361 0.044922 0.073314
0 0.438477 0.398827 0.044922 0.076246
0 0.483887 0.397361 0.045898 0.079179
0 0.529297 0.396628 0.044922 0.077713
0 0.575195 0.398094 0.046875 0.074780
0 0.353516 0.470674 0.035156 0.073314
0 0.393555 0.471408 0.044922 0.071848
0 0.438477 0.472141 0.044922 0.073314
0 0.483887 0.472141 0.045898 0.073314
0 0.529785 0.472141 0.045898 0.073314
0 0.576660 0.470674 0.047852 0.076246
0 0.042969 0.847507 0.074219 0.131965
0 0.117188 0.848240 0.074219 0.130499
0 0.043457 0.959677 0.073242 0.080645
0 0.120117 0.959677 0.076172 0.074780
