0 0.033691 0.050293 0.065430 0.096680
0 0.104004 0.050781 0.075195 0.097656
0 0.174316 0.050293 0.065430 0.098633
0 0.245117 0.048340 0.076172 0.094727
0 0.319336 0.049805 0.072266 0.091797
0 0.391113 0.051270 0.071289 0.094727
0 0.461914 0.049805 0.070312 0.097656
0 0.533203 0.049316 0.072266 0.096680
0 0.605957 0.049316 0.073242 0.096680
0 0.677734 0.050293 0.070312 0.098633
0 0.750488 0.050293 0.075195 0.098633
0 0.823242 0.050293 0.070312 0.098633
0 0.895020 0.050293 0.073242 0.098633
0 0.964355 0.051270 0.065430 0.100586
0 0.033203 0.133789 0.064453 0.074219
0 0.103516 0.135254 0.076172 0.071289
0 0.175781 0.134277 0.068359 0.069336
0 0.247070 0.132812 0.074219 0.072266
0 0.318848 0.133301 0.069336 0.073242
0 0.389648 0.136230 0.072266 0.067383
0 0.461914 0.135742 0.072266 0.066406
0 0.534668 0.135254 0.073242 0.067383
0 0.607422 0.136719 0.072266 0.070312
0 0.679688 0.136719 0.072266 0.070312
0 0.750977 0.134277 0.070312 0.065430
0 0.821777 0.133301 0.071289 0.067383
0 0.894531 0.134277 0.074219 0.069336
0 0.965820 0.134277 0.068359 0.069336
0 0.032715 0.209473 0.063477 0.073242
0 0.103516 0.207520 0.078125 0.077148
0 0.174805 0.206055 0.064453 0.074219
0 0.246094 0.207520 0.078125 0.071289
0 0.320312 0.207520 0.070312 0.071289
0 0.389648 0.207520 0.068359 0.071289
0 0.461426 0.206055 0.075195 0.068359
0 0.534180 0.206055 0.070312 0.068359
0 0.605469 0.208008 0.072266 0.072266
0 0.678223 0.207031 0.073242 0.074219
0 0.751465 0.208008 0.073242 0.076172
0 0.823730 0.208496 0.071289 0.075195
0 0.896973 0.207520 0.075195 0.073242
0 0.967285 0.208008 0.065430 0.072266
0 0.034180 0.318359 0.060547 0.140625
0 0.102051 0.316406 0.075195 0.144531
0 0.174316 0.314941 0.069336 0.141602
0 0.247070 0.313965 0.076172 0.143555
0 0.320312 0.314453 0.070312 0.144531
0 0.390137 0.315918 0.069336 0.141602
0 0.460449 0.315918 0.071289 0.141602
0 0.534180 0.314453 0.076172 0.144531
0 0.607422 0.314453 0.070312 0.144531
0 0.678711 0.316406 0.072266 0.140625
0 0.750488 0.317383 0.071289 0.142578
0 0.822266 0.315918 0.072266 0.145508
0 0.895020 0.316406 0.073242 0.146484
0 0.964355 0.315918 0.065430 0.147461
0 0.036621 0.426270 0.063477 0.073242
0 0.104004 0.424316 0.071289 0.077148
0 0.173340 0.420898 0.067383 0.070312
0 0.244629 0.422363 0.075195 0.067383
0 0.319336 0.426270 0.074219 0.075195
0 0.391113 0.424805 0.069336 0.078125
0 0.461914 0.423828 0.072266 0.076172
0 0.534180 0.425781 0.072266 0.072266
0 0.606934 0.425781 0.073242 0.072266
0 0.679199 0.424316 0.071289 0.075195
0 0.750488 0.423340 0.071289 0.073242
0 0.822754 0.424316 0.073242 0.071289
0 0.896973 0.424316 0.075195 0.071289
0 0.965820 0.425293 0.062500 0.069336
0 0.034180 0.499512 0.064453 0.071289
0 0.102539 0.497559 0.072266 0.075195
0 0.175293 0.497559 0.073242 0.075195
0 0.247559 0.496582 0.071289 0.077148
0 0.318359 0.497070 0.070312 0.078125
0 0.389648 0.498047 0.072266 0.076172
0 0.461914 0.497559 0.072266 0.075195
0 0.534668 0.497070 0.073242 0.076172
0 0.608887 0.498047 0.075195 0.078125
0 0.681641 0.497559 0.070312 0.079102
0 0.753418 0.497070 0.073242 0.078125
0 0.824219 0.497559 0.068359 0.077148
0 0.895508 0.497559 0.074219 0.077148
0 0.963379 0.500000 0.061523 0.072266
0 0.033691 0.605957 0.061523 0.139648
0 0.101562 0.604492 0.074219 0.142578
0 0.175781 0.604980 0.074219 0.143555
0 0.248535 0.604492 0.071289 0.144531
0 0.319824 0.604004 0.071289 0.143555
0 0.390137 0.605957 0.069336 0.139648
0 0.460938 0.604980 0.072266 0.137695
0 0.534180 0.603027 0.074219 0.141602
0 0.608887 0.607910 0.075195 0.151367
0 0.681641 0.609375 0.070312 0.148438
0 0.752441 0.606445 0.071289 0.142578
0 0.824707 0.606934 0.073242 0.141602
0 0.896973 0.606445 0.071289 0.140625
0 0.965332 0.604492 0.065430 0.144531
0 0.033691 0.714355 0.063477 0.073242
0 0.102051 0.714355 0.073242 0.073242
0 0.175293 0.713867 0.073242 0.072266
0 0.247070 0.713867 0.070312 0.072266
0 0.317383 0.713379 0.070312 0.071289
0 0.389648 0.712402 0.074219 0.073242
0 0.461914 0.713379 0.070312 0.075195
0 0.532715 0.712402 0.071289 0.077148
0 0.608398 0.713379 0.080078 0.079102
0 0.682129 0.714844 0.067383 0.076172
0 0.752441 0.713867 0.073242 0.074219
0 0.825195 0.713867 0.072266 0.074219
0 0.898438 0.714844 0.074219 0.076172
0 0.967285 0.715820 0.063477 0.074219
0 0.033203 0.787109 0.062500 0.074219
0 0.102539 0.787598 0.074219 0.073242
0 0.175781 0.788086 0.072266 0.074219
0 0.247559 0.787109 0.071289 0.076172
0 0.319824 0.785645 0.073242 0.073242
0 0.390625 0.786133 0.068359 0.072266
0 0.462402 0.786133 0.075195 0.072266
0 0.535645 0.786621 0.071289 0.071289
0 0.607910 0.786621 0.073242 0.071289
0 0.681152 0.786133 0.073242 0.072266
0 0.753418 0.786621 0.071289 0.073242
0 0.823730 0.787598 0.069336 0.071289
0 0.895508 0.786133 0.074219 0.068359
0 0.965820 0.785645 0.062500 0.069336
0 0.034668 0.894531 0.063477 0.142578
0 0.102539 0.895020 0.072266 0.141602
0 0.174805 0.893555 0.072266 0.138672
0 0.248535 0.892578 0.073242 0.140625
0 0.320312 0.893555 0.070312 0.142578
0 0.390137 0.894531 0.069336 0.140625
0 0.464355 0.896484 0.079102 0.144531
0 0.537598 0.895508 0.067383 0.146484
0 0.608887 0.894043 0.075195 0.143555
0 0.682129 0.895020 0.071289 0.141602
0 0.754883 0.894531 0.074219 0.140625
0 0.825684 0.893066 0.067383 0.141602
0 0.897461 0.894531 0.076172 0.144531
0 0.967285 0.893066 0.063477 0.147461
0 0.037109 0.983398 0.060547 0.033203
0 0.100586 0.982910 0.070312 0.034180
0 0.173340 0.982422 0.071289 0.035156
0 0.247559 0.982422 0.077148 0.035156
0 0.319824 0.982422 0.069336 0.035156
0 0.391113 0.981934 0.077148 0.036133
0 0.463867 0.982910 0.076172 0.034180
0 0.538086 0.982910 0.076172 0.034180
0 0.609375 0.984375 0.074219 0.031250
0 0.682129 0.984375 0.073242 0.031250
0 0.756348 0.982910 0.077148 0.034180
0 0.826660 0.980957 0.067383 0.038086
0 0.898438 0.984375 0.078125 0.031250
0 0.968750 0.982422 0.062500 0.027344
