0 0.249023 0.250000 0.076172 0.140625
0 0.346680 0.247070 0.076172 0.130859
0 0.447266 0.245117 0.074219 0.138672
0 0.546875 0.248047 0.074219 0.140625
0 0.647461 0.244141 0.068359 0.132812
0 0.745117 0.244141 0.072266 0.140625
0 0.251953 0.473633 0.074219 0.138672
0 0.347656 0.470703 0.074219 0.132812
0 0.447266 0.472656 0.070312 0.140625
0 0.545898 0.472656 0.080078 0.136719
0 0.647461 0.470703 0.076172 0.136719
0 0.745117 0.470703 0.072266 0.144531
0 0.249023 0.701172 0.076172 0.132812
0 0.347656 0.700195 0.074219 0.134766
0 0.447266 0.699219 0.070312 0.136719
0 0.546875 0.697266 0.074219 0.132812
0 0.648438 0.698242 0.066406 0.130859
0 0.749023 0.697266 0.076172 0.136719
0 0.250000 0.930664 0.070312 0.138672
0 0.350586 0.929688 0.076172 0.140625
0 0.450195 0.928711 0.080078 0.142578
0 0.549805 0.929688 0.080078 0.140625
0 0.649414 0.928711 0.072266 0.142578
0 0.747070 0.928711 0.080078 0.142578
0 0.907227 0.586914 0.029297 0.103516
0 0.907227 0.759766 0.021484 0.105469
0 0.908203 0.941406 0.031250 0.105469
0 0.047852 0.458984 0.021484 0.066406
0 0.094727 0.458008 0.048828 0.064453
0 0.094727 0.516602 0.048828 0.052734
0 0.040039 0.713867 0.060547 0.130859
0 0.095703 0.710938 0.054688 0.121094
0 0.040039 0.933594 0.056641 0.132812
0 0.092773 0.933594 0.044922 0.132812
