0 0.242188 0.791992 0.085938 0.181641
0 0.038086 0.816406 0.064453 0.160156
0 0.036133 0.945312 0.068359 0.097656
0 0.243164 0.941406 0.083984 0.117188
0 0.521484 0.763672 0.105469 0.218750
0 0.625000 0.750977 0.097656 0.232422
0 0.521484 0.934570 0.101562 0.130859
0 0.624023 0.931641 0.103516 0.136719
0 0.515625 0.500977 0.109375 0.255859
0 0.625000 0.484375 0.113281 0.253906
0 0.516602 0.269531 0.107422 0.253906
0 0.622070 0.230469 0.107422 0.261719
0 0.244141 0.374023 0.082031 0.205078
0 0.238281 0.573242 0.082031 0.212891
0 0.041992 0.624023 0.076172 0.181641
0 0.041992 0.458008 0.076172 0.185547
