0 0.070312 0.063690 0.126953 0.077599
0 0.193848 0.061493 0.120117 0.081991
0 0.314453 0.061493 0.121094 0.081991
0 0.433105 0.064422 0.116211 0.076135
0 0.550781 0.065886 0.119141 0.079063
0 0.550781 0.144217 0.119141 0.077599
0 0.432129 0.143485 0.118164 0.079063
0 0.313477 0.143485 0.119141 0.079063
0 0.193359 0.141288 0.121094 0.083455
0 0.071777 0.141288 0.122070 0.083455
0 0.071777 0.222548 0.122070 0.079063
0 0.193359 0.221083 0.121094 0.081991
0 0.312988 0.220351 0.118164 0.080527
0 0.432617 0.221816 0.121094 0.077599
0 0.551758 0.223280 0.117188 0.080527
0 0.551758 0.303807 0.117188 0.080527
0 0.432617 0.301611 0.121094 0.084919
0 0.312012 0.300878 0.120117 0.083455
0 0.191895 0.302343 0.120117 0.080527
0 0.070801 0.302343 0.122070 0.080527
0 0.071289 0.384334 0.123047 0.083455
0 0.192871 0.384334 0.120117 0.083455
0 0.312988 0.382870 0.120117 0.080527
0 0.433105 0.384334 0.120117 0.077599
0 0.552734 0.383602 0.119141 0.076135
0 0.552734 0.456076 0.119141 0.068814
0 0.433105 0.456808 0.120117 0.067350
0 0.312500 0.456076 0.121094 0.065886
0 0.192871 0.461933 0.120117 0.074671
0 0.071289 0.463397 0.123047 0.083455
0 0.072266 0.542460 0.123047 0.077599
0 0.192871 0.542460 0.118164 0.077599
0 0.071289 0.600293 0.123047 0.038067
0 0.192871 0.598829 0.120117 0.040996
0 0.312988 0.554905 0.120117 0.108346
0 0.433105 0.555637 0.120117 0.106881
0 0.552246 0.553441 0.118164 0.102489
0 0.670410 0.068082 0.116211 0.077599
0 0.788086 0.066618 0.119141 0.080527
0 0.908203 0.066618 0.121094 0.080527
0 0.909180 0.147145 0.119141 0.080527
0 0.789062 0.146413 0.121094 0.081991
0 0.669922 0.145681 0.117188 0.080527
0 0.670410 0.226208 0.118164 0.080527
0 0.790039 0.225476 0.121094 0.081991
0 0.910156 0.223280 0.119141 0.077599
0 0.909180 0.303807 0.121094 0.083455
0 0.789062 0.303807 0.119141 0.083455
0 0.669922 0.303807 0.119141 0.083455
0 0.669922 0.385798 0.119141 0.080527
0 0.789551 0.385798 0.120117 0.080527
0 0.909180 0.385066 0.119141 0.079063
0 0.909668 0.463397 0.118164 0.077599
0 0.790527 0.463397 0.120117 0.077599
0 0.670898 0.463397 0.119141 0.077599
0 0.670410 0.540996 0.118164 0.077599
0 0.790039 0.540264 0.121094 0.079063
0 0.909668 0.540264 0.118164 0.079063
