0 0.091797 0.486070 0.085938 0.098240
0 0.195801 0.489736 0.079102 0.105572
0 0.295898 0.491202 0.082031 0.105572
0 0.405762 0.489736 0.073242 0.090909
0 0.506836 0.480938 0.072266 0.085044
0 0.607422 0.484604 0.070312 0.086510
0 0.710449 0.494868 0.069336 0.098240
0 0.811523 0.491202 0.064453 0.099707
0 0.909180 0.482405 0.078125 0.096774
0 0.056152 0.681818 0.102539 0.143695
0 0.166992 0.687683 0.087891 0.131965
0 0.280273 0.694282 0.097656 0.136364
0 0.396484 0.692815 0.082031 0.115836
0 0.510742 0.692815 0.070312 0.112903
0 0.850098 0.692082 0.083008 0.137830
0 0.955078 0.694282 0.089844 0.130499
0 0.034180 0.934751 0.066406 0.118768
0 0.134766 0.934751 0.093750 0.130499
0 0.261230 0.938416 0.084961 0.123167
0 0.393555 0.941349 0.085938 0.117302
0 0.519531 0.931818 0.080078 0.136364
0 0.641113 0.933284 0.084961 0.133431
0 0.774902 0.932551 0.088867 0.134897
0 0.895508 0.934018 0.099609 0.131965
0 0.985352 0.926686 0.027344 0.146628
0 0.469238 0.222874 0.041992 0.085044
0 0.533203 0.218475 0.039062 0.082111
0 0.696289 0.304985 0.042969 0.049853
0 0.686035 0.237537 0.036133 0.041056
0 0.786133 0.231672 0.027344 0.055718
0 0.835938 0.230205 0.033203 0.046921
0 0.812500 0.302786 0.035156 0.039589
0 0.851074 0.299853 0.036133 0.045455
0 0.173340 0.207478 0.034180 0.045455
0 0.226074 0.223607 0.034180 0.042522
0 0.165527 0.291789 0.030273 0.043988
0 0.208496 0.296188 0.024414 0.041056
0 0.323730 0.295455 0.032227 0.039589
0 0.335938 0.228006 0.027344 0.030792
