0 0.314453 0.080078 0.078125 0.093750
0 0.314453 0.221680 0.074219 0.255859
0 0.312500 0.473633 0.082031 0.298828
0 0.308594 0.752930 0.074219 0.291016
0 0.312500 0.945312 0.085938 0.109375
0 0.402344 0.117188 0.093750 0.101562
0 0.401367 0.250977 0.091797 0.244141
0 0.395508 0.494141 0.095703 0.304688
0 0.398438 0.765625 0.089844 0.277344
0 0.400391 0.951172 0.093750 0.097656
0 0.494141 0.165039 0.082031 0.103516
0 0.493164 0.289062 0.083984 0.238281
0 0.571289 0.207031 0.060547 0.089844
0 0.569336 0.324219 0.064453 0.214844
0 0.623047 0.242188 0.042969 0.074219
0 0.626953 0.354492 0.035156 0.201172
0 0.668945 0.259766 0.048828 0.078125
0 0.667969 0.379883 0.050781 0.212891
0 0.720703 0.378906 0.046875 0.242188
0 0.487305 0.520508 0.087891 0.294922
0 0.566406 0.544922 0.066406 0.277344
0 0.622070 0.568359 0.041016 0.265625
0 0.666992 0.586914 0.052734 0.255859
0 0.714844 0.604492 0.039062 0.240234
0 0.487305 0.779297 0.095703 0.269531
0 0.568359 0.795898 0.066406 0.244141
0 0.623047 0.807617 0.046875 0.236328
0 0.667969 0.825195 0.046875 0.232422
0 0.714844 0.829102 0.042969 0.216797
0 0.489258 0.953125 0.087891 0.093750
0 0.567383 0.961914 0.064453 0.076172
0 0.624023 0.955078 0.044922 0.074219
0 0.670898 0.965820 0.044922 0.068359
0 0.709961 0.971680 0.033203 0.056641
