0 0.904297 0.412109 0.152344 0.820312
0 0.760742 0.402344 0.138672 0.800781
0 0.631836 0.394531 0.123047 0.785156
0 0.524414 0.403320 0.087891 0.740234
0 0.442383 0.413086 0.083984 0.669922
0 0.355469 0.419922 0.078125 0.628906
0 0.282227 0.423828 0.068359 0.589844
0 0.217773 0.432617 0.064453 0.544922
0 0.157227 0.427734 0.060547 0.511719
0 0.098633 0.432617 0.044922 0.486328
0 0.048828 0.438477 0.054688 0.466797
0 0.099609 0.101562 0.054688 0.199219
0 0.157227 0.101562 0.060547 0.199219
0 0.217773 0.095703 0.064453 0.187500
0 0.283203 0.079102 0.074219 0.154297
0 0.358398 0.062500 0.083984 0.121094
0 0.439453 0.047852 0.078125 0.091797
0 0.525391 0.039062 0.078125 0.074219
