0 0.071875 0.033411 0.134375 0.064478
0 0.234766 0.033411 0.200781 0.055100
0 0.434375 0.031067 0.198437 0.050410
0 0.633594 0.028722 0.200000 0.055100
0 0.835547 0.029308 0.200781 0.053927
0 0.967969 0.023447 0.064062 0.042204
0 0.069141 0.140680 0.132031 0.154748
0 0.233203 0.140094 0.196094 0.155920
0 0.430078 0.134818 0.197656 0.145369
0 0.630859 0.127784 0.203906 0.159437
0 0.835156 0.125440 0.204687 0.154748
0 0.967578 0.123681 0.060156 0.158265
0 0.067578 0.293083 0.128906 0.147714
0 0.232031 0.285463 0.200000 0.162954
0 0.432422 0.278429 0.200781 0.148886
0 0.634766 0.275498 0.203906 0.154748
0 0.839063 0.276084 0.204687 0.153576
0 0.967969 0.276084 0.053125 0.153576
0 0.068359 0.433763 0.125781 0.143025
0 0.231250 0.428488 0.200000 0.153576
0 0.431250 0.427902 0.200000 0.152403
0 0.632031 0.427902 0.201563 0.152403
0 0.836719 0.425557 0.207813 0.147714
0 0.967969 0.422626 0.054688 0.153576
0 0.065625 0.581477 0.129688 0.152403
0 0.230859 0.581477 0.203906 0.152403
0 0.430469 0.580891 0.204687 0.153576
0 0.634375 0.580305 0.203125 0.152403
0 0.837891 0.581477 0.203906 0.150059
0 0.969141 0.579719 0.058594 0.146542
0 0.973828 0.730950 0.049219 0.155920
0 0.973437 0.893318 0.048438 0.168816
0 0.065625 0.735053 0.125000 0.152403
0 0.229687 0.735639 0.203125 0.153576
0 0.432031 0.738570 0.201563 0.147714
0 0.066406 0.889801 0.121875 0.168816
0 0.229297 0.889215 0.203906 0.167644
0 0.431641 0.893904 0.200781 0.158265
0 0.582422 0.818288 0.099219 0.318875
0 0.685937 0.819461 0.107813 0.316530
0 0.790625 0.819461 0.101562 0.316530
0 0.892969 0.814771 0.103125 0.325909
