0 0.876465 0.074047 0.083008 0.136364
0 0.959961 0.077713 0.078125 0.140762
0 0.878418 0.222141 0.086914 0.156891
0 0.960938 0.224340 0.078125 0.152493
0 0.877930 0.468475 0.085938 0.332845
0 0.960449 0.469941 0.079102 0.329912
0 0.029297 0.436217 0.029297 0.074780
0 0.058594 0.436950 0.029297 0.073314
0 0.028809 0.509531 0.028320 0.071848
0 0.058105 0.509531 0.030273 0.071848
0 0.028809 0.580645 0.030273 0.067449
0 0.058105 0.581378 0.028320 0.065982
0 0.126953 0.434751 0.029297 0.071848
0 0.155762 0.436217 0.028320 0.068915
0 0.126465 0.508798 0.028320 0.076246
0 0.155273 0.509531 0.029297 0.074780
0 0.126465 0.582111 0.028320 0.070381
0 0.155273 0.582845 0.029297 0.068915
0 0.224609 0.434018 0.031250 0.070381
0 0.253906 0.435484 0.027344 0.067449
0 0.223633 0.508065 0.031250 0.077713
0 0.253418 0.508798 0.028320 0.076246
0 0.223633 0.582111 0.029297 0.067449
0 0.252930 0.582111 0.029297 0.067449
0 0.320801 0.434018 0.030273 0.067449
0 0.350586 0.435484 0.029297 0.070381
0 0.321289 0.508798 0.029297 0.079179
0 0.350586 0.510264 0.029297 0.076246
0 0.321289 0.583578 0.029297 0.070381
0 0.350586 0.584311 0.029297 0.068915
0 0.420410 0.436217 0.034180 0.068915
0 0.453613 0.436217 0.032227 0.068915
0 0.419922 0.510997 0.035156 0.077713
0 0.454102 0.510997 0.033203 0.077713
0 0.420410 0.583578 0.034180 0.067449
0 0.454102 0.582845 0.033203 0.068915
0 0.525879 0.436950 0.034180 0.070381
0 0.560059 0.436950 0.034180 0.070381
0 0.525391 0.510997 0.033203 0.074780
0 0.559082 0.510264 0.034180 0.076246
0 0.526367 0.584311 0.033203 0.068915
0 0.559570 0.583578 0.033203 0.070381
0 0.632324 0.434751 0.034180 0.068915
0 0.665527 0.435484 0.032227 0.067449
0 0.633301 0.510997 0.034180 0.077713
0 0.666016 0.511730 0.031250 0.076246
0 0.632812 0.585777 0.035156 0.071848
0 0.666504 0.586510 0.032227 0.070381
0 0.021484 0.087243 0.033203 0.068915
0 0.020996 0.193548 0.032227 0.126100
0 0.020508 0.293255 0.033203 0.067449
0 0.069336 0.086510 0.033203 0.064516
0 0.068848 0.145894 0.038086 0.042522
0 0.068359 0.212610 0.033203 0.082111
0 0.069336 0.294721 0.037109 0.073314
0 0.117188 0.088710 0.039062 0.068915
0 0.117676 0.189883 0.040039 0.130499
0 0.116699 0.291789 0.038086 0.073314
0 0.166016 0.086510 0.037109 0.070381
0 0.165527 0.190616 0.038086 0.134897
0 0.166504 0.291789 0.040039 0.073314
0 0.213867 0.086510 0.037109 0.067449
0 0.215332 0.190616 0.040039 0.129032
0 0.214844 0.290323 0.039062 0.067449
0 0.264160 0.086510 0.036133 0.064516
0 0.264648 0.142962 0.037109 0.039589
0 0.264160 0.210411 0.034180 0.083578
0 0.264648 0.293255 0.037109 0.073314
0 0.312500 0.085044 0.037109 0.067449
0 0.312988 0.189883 0.038086 0.130499
0 0.312012 0.292522 0.038086 0.071848
0 0.361816 0.085777 0.034180 0.068915
0 0.362305 0.188416 0.037109 0.127566
0 0.361328 0.291789 0.039062 0.067449
0 0.409668 0.084311 0.036133 0.068915
0 0.408203 0.189150 0.037109 0.131965
0 0.408203 0.291789 0.039062 0.073314
0 0.455566 0.085044 0.034180 0.070381
0 0.456055 0.142229 0.035156 0.043988
0 0.456055 0.210411 0.029297 0.080645
0 0.456055 0.292522 0.033203 0.074780
0 0.502441 0.084311 0.036133 0.068915
0 0.502441 0.186950 0.036133 0.133431
0 0.502930 0.290323 0.037109 0.070381
0 0.550293 0.083578 0.034180 0.070381
0 0.549805 0.187683 0.035156 0.129032
0 0.549805 0.291789 0.035156 0.073314
0 0.595215 0.082845 0.034180 0.068915
0 0.596191 0.186217 0.034180 0.131965
0 0.597656 0.291056 0.037109 0.074780
0 0.644531 0.082845 0.035156 0.068915
0 0.644531 0.185484 0.033203 0.133431
0 0.645020 0.290323 0.034180 0.076246
0 0.690918 0.082111 0.036133 0.067449
0 0.689941 0.185484 0.034180 0.136364
0 0.690430 0.291056 0.037109 0.074780
