0 0.233000 0.465732 0.062000 0.155763
0 0.295500 0.446262 0.065000 0.154206
0 0.359000 0.428349 0.066000 0.152648
0 0.422500 0.419003 0.063000 0.161994
0 0.362000 0.702492 0.038000 0.074766
0 0.245500 0.885514 0.047000 0.135514
0 0.292000 0.885514 0.046000 0.135514
0 0.368500 0.887850 0.107000 0.140187
0 0.454000 0.871495 0.034000 0.119938
0 0.530500 0.863707 0.041000 0.116822
0 0.570000 0.862928 0.038000 0.115265
1 0.245500 0.706386 0.023000 0.141745
1 0.428500 0.675234 0.023000 0.157321
1 0.430500 0.878505 0.017000 0.146417
1 0.606000 0.862928 0.022000 0.168224
1 0.610000 0.519470 0.024000 0.425234
1 0.864000 0.442368 0.018000 0.495327
1 0.863000 0.840343 0.022000 0.185358
4 0.959500 0.830218 0.047000 0.133956
4 0.755500 0.845794 0.037000 0.133956
1 0.247500 0.888629 0.023000 0.138629
