0 0.600355 0.333643 0.081705 0.165428
0 0.690053 0.325279 0.094139 0.171004
0 0.786856 0.314126 0.103020 0.178439
0 0.849911 0.315985 0.026643 0.174721
0 0.602131 0.490706 0.081705 0.163569
0 0.688277 0.486059 0.094139 0.169145
0 0.785080 0.483271 0.103020 0.174721
0 0.849911 0.483271 0.023091 0.174721
0 0.601243 0.649628 0.087034 0.154275
0 0.690053 0.648699 0.094139 0.156134
0 0.786856 0.653346 0.103020 0.165428
0 0.849911 0.653346 0.023091 0.169145
0 0.263766 0.380112 0.087034 0.128253
0 0.336590 0.383829 0.051510 0.146840
5 0.227353 0.646840 0.259325 0.126394
