0 0.388672 0.191406 0.050781 0.218750
0 0.427734 0.170898 0.039062 0.228516
0 0.475586 0.148438 0.044922 0.253906
0 0.538086 0.121094 0.064453 0.238281
0 0.607422 0.107422 0.074219 0.210938
0 0.671875 0.086914 0.046875 0.169922
0 0.392578 0.060547 0.023438 0.101562
0 0.428711 0.044922 0.037109 0.085938
0 0.474609 0.027344 0.058594 0.050781
0 0.389648 0.387695 0.041016 0.205078
0 0.430664 0.375000 0.044922 0.214844
0 0.478516 0.357422 0.050781 0.226562
0 0.540039 0.336914 0.064453 0.248047
0 0.606445 0.310547 0.080078 0.261719
0 0.394531 0.580078 0.031250 0.191406
0 0.431641 0.574219 0.042969 0.207031
0 0.480469 0.569336 0.054688 0.220703
0 0.542969 0.559570 0.062500 0.240234
0 0.609375 0.547852 0.078125 0.251953
0 0.671875 0.541992 0.050781 0.267578
0 0.348633 0.762695 0.029297 0.169922
0 0.318359 0.761719 0.027344 0.167969
0 0.291016 0.756836 0.027344 0.154297
0 0.259766 0.754883 0.031250 0.154297
0 0.247070 0.603516 0.029297 0.148438
0 0.294922 0.594727 0.019531 0.150391
0 0.321289 0.592773 0.021484 0.166016
0 0.343750 0.590820 0.019531 0.169922
0 0.284180 0.270508 0.021484 0.177734
0 0.305664 0.254883 0.025391 0.189453
0 0.333984 0.232422 0.027344 0.199219
0 0.250000 0.291016 0.050781 0.187500
0 0.211914 0.123047 0.021484 0.132812
0 0.238281 0.099609 0.027344 0.140625
0 0.270508 0.071289 0.033203 0.138672
0 0.307617 0.053711 0.029297 0.103516
0 0.337891 0.039062 0.023438 0.074219
