0 0.500977 0.320312 0.037109 0.078125
0 0.539062 0.308594 0.035156 0.085938
0 0.575195 0.291992 0.033203 0.083984
0 0.612305 0.272461 0.033203 0.083984
0 0.648438 0.257812 0.035156 0.093750
0 0.688477 0.242188 0.041016 0.093750
0 0.502930 0.251953 0.037109 0.093750
0 0.538086 0.233398 0.033203 0.095703
0 0.573242 0.212891 0.029297 0.105469
0 0.608398 0.196289 0.041016 0.103516
0 0.646484 0.174805 0.039062 0.099609
0 0.688477 0.153320 0.048828 0.111328
0 0.539062 0.378906 0.035156 0.089844
0 0.575195 0.363281 0.033203 0.089844
0 0.609375 0.350586 0.039062 0.087891
0 0.650391 0.334961 0.039062 0.095703
0 0.688477 0.318359 0.037109 0.093750
0 0.691406 0.379883 0.042969 0.056641
0 0.649414 0.395508 0.041016 0.060547
0 0.609375 0.409180 0.042969 0.052734
0 0.576172 0.547852 0.031250 0.294922
0 0.614258 0.470703 0.033203 0.097656
0 0.612305 0.598633 0.037109 0.177734
0 0.653320 0.545898 0.037109 0.275391
0 0.692383 0.446289 0.044922 0.107422
0 0.693359 0.541992 0.046875 0.099609
0 0.695312 0.634766 0.042969 0.085938
0 0.538086 0.551758 0.037109 0.294922
0 0.501953 0.487305 0.039062 0.138672
0 0.503906 0.624023 0.035156 0.150391
0 0.434570 0.671875 0.037109 0.062500
0 0.470703 0.675781 0.031250 0.066406
0 0.233398 0.385742 0.025391 0.115234
0 0.254883 0.348633 0.017578 0.064453
0 0.275391 0.334961 0.019531 0.076172
0 0.300781 0.317383 0.027344 0.076172
0 0.331055 0.304688 0.029297 0.078125
0 0.358398 0.282227 0.029297 0.076172
0 0.393555 0.265625 0.037109 0.078125
0 0.391602 0.325195 0.029297 0.080078
0 0.360352 0.344727 0.033203 0.076172
0 0.328125 0.360352 0.031250 0.080078
0 0.300781 0.379883 0.027344 0.068359
0 0.275391 0.391602 0.023438 0.076172
0 0.253906 0.409180 0.015625 0.064453
0 0.391602 0.393555 0.033203 0.083984
0 0.359375 0.414062 0.031250 0.082031
0 0.330078 0.426758 0.031250 0.080078
0 0.296875 0.442383 0.035156 0.076172
0 0.390625 0.459961 0.035156 0.064453
0 0.357422 0.472656 0.031250 0.058594
0 0.395508 0.515625 0.037109 0.078125
0 0.364258 0.603516 0.033203 0.226562
0 0.396484 0.596680 0.035156 0.103516
0 0.398438 0.676758 0.035156 0.072266
0 0.330078 0.587891 0.031250 0.269531
0 0.297852 0.598633 0.033203 0.267578
0 0.267578 0.667969 0.023438 0.140625
0 0.237305 0.673828 0.037109 0.140625
0 0.433594 0.624023 0.042969 0.037109
0 0.470703 0.627930 0.031250 0.037109
