0 0.086914 0.022495 0.058594 0.040900
0 0.141602 0.020450 0.056641 0.036810
0 0.198242 0.021472 0.058594 0.038855
0 0.252441 0.020450 0.057617 0.036810
0 0.085449 0.065440 0.057617 0.049080
0 0.140625 0.066462 0.056641 0.055215
0 0.194336 0.066462 0.058594 0.055215
0 0.251465 0.069530 0.059570 0.057260
0 0.081543 0.118609 0.061523 0.053170
0 0.138672 0.117587 0.056641 0.055215
0 0.194336 0.120654 0.058594 0.053170
0 0.249023 0.117587 0.058594 0.055215
0 0.078613 0.169734 0.061523 0.049080
0 0.136719 0.167689 0.058594 0.053170
0 0.191406 0.167689 0.056641 0.053170
0 0.248047 0.169734 0.060547 0.053170
0 0.076172 0.221881 0.060547 0.051125
0 0.133789 0.218814 0.058594 0.053170
0 0.189453 0.218814 0.058594 0.053170
0 0.245605 0.222904 0.057617 0.053170
0 0.073730 0.271984 0.059570 0.057260
0 0.130859 0.271984 0.060547 0.057260
0 0.186523 0.271984 0.060547 0.057260
0 0.245117 0.274029 0.058594 0.053170
0 0.070801 0.326176 0.059570 0.055215
0 0.128906 0.325153 0.060547 0.053170
0 0.186035 0.330266 0.059570 0.055215
0 0.243164 0.327198 0.058594 0.053170
0 0.067871 0.383436 0.059570 0.051125
0 0.125488 0.383436 0.061523 0.059305
0 0.182617 0.384458 0.058594 0.049080
0 0.241211 0.381391 0.058594 0.055215
0 0.065430 0.437628 0.060547 0.053170
0 0.123047 0.439673 0.062500 0.057260
0 0.181641 0.439673 0.060547 0.053170
0 0.238770 0.439673 0.059570 0.053170
0 0.063965 0.495910 0.059570 0.059305
0 0.120605 0.495910 0.059570 0.063395
0 0.179199 0.493865 0.061523 0.055215
0 0.238281 0.495910 0.060547 0.055215
0 0.062988 0.555215 0.057617 0.059305
0 0.117676 0.555215 0.061523 0.063395
0 0.176758 0.556237 0.062500 0.061350
0 0.236328 0.555215 0.062500 0.063395
0 0.060059 0.610429 0.051758 0.059305
0 0.116211 0.613497 0.060547 0.057260
0 0.174316 0.609407 0.059570 0.057260
0 0.233887 0.611452 0.061523 0.061350
0 0.058594 0.669734 0.048828 0.059305
0 0.114258 0.669734 0.064453 0.059305
0 0.172852 0.668712 0.060547 0.057260
0 0.231934 0.666667 0.061523 0.057260
0 0.059082 0.728016 0.045898 0.061350
0 0.108887 0.728016 0.063477 0.057260
0 0.170898 0.728016 0.062500 0.065440
0 0.231934 0.729039 0.061523 0.059305
0 0.057129 0.789366 0.043945 0.061350
0 0.107422 0.788344 0.064453 0.067485
0 0.168945 0.788344 0.064453 0.067485
0 0.229492 0.796524 0.060547 0.059305
0 0.054688 0.847648 0.042969 0.067485
0 0.104004 0.851738 0.063477 0.059305
0 0.165039 0.852761 0.060547 0.061350
0 0.227051 0.850716 0.063477 0.065440
0 0.052734 0.915133 0.037109 0.063395
0 0.052734 0.972393 0.033203 0.055215
0 0.102539 0.911043 0.066406 0.063395
0 0.098633 0.974438 0.058594 0.051125
0 0.160645 0.972393 0.061523 0.055215
0 0.161621 0.917178 0.067383 0.063395
0 0.221680 0.973415 0.062500 0.053170
0 0.223145 0.914110 0.067383 0.065440
0 0.285156 0.972393 0.062500 0.051125
0 0.285156 0.914110 0.066406 0.065440
0 0.286133 0.851738 0.064453 0.059305
0 0.288086 0.792434 0.062500 0.075665
0 0.291504 0.731084 0.059570 0.055215
0 0.293457 0.669734 0.059570 0.063395
0 0.292969 0.611452 0.060547 0.061350
0 0.293457 0.554192 0.057617 0.065440
0 0.296875 0.492843 0.060547 0.061350
0 0.296875 0.442740 0.058594 0.055215
0 0.299805 0.385481 0.060547 0.055215
0 0.300781 0.331288 0.058594 0.061350
0 0.301270 0.277096 0.057617 0.051125
0 0.301270 0.223926 0.057617 0.055215
0 0.304199 0.169734 0.055664 0.053170
0 0.305664 0.122699 0.056641 0.053170
0 0.307617 0.072597 0.052734 0.051125
0 0.308594 0.022495 0.054688 0.040900
0 0.363281 0.024540 0.054688 0.044990
0 0.417969 0.023517 0.054688 0.038855
0 0.471680 0.023517 0.052734 0.042945
0 0.524902 0.022495 0.053711 0.040900
0 0.581543 0.020450 0.055664 0.036810
0 0.360840 0.066462 0.055664 0.047035
0 0.416992 0.067485 0.056641 0.049080
0 0.472656 0.068507 0.052734 0.051125
0 0.526855 0.066462 0.055664 0.047035
0 0.582031 0.068507 0.060547 0.051125
0 0.359863 0.117587 0.053711 0.051125
0 0.415527 0.116564 0.055664 0.053170
0 0.471680 0.116564 0.056641 0.053170
0 0.526855 0.116564 0.053711 0.053170
0 0.582031 0.117587 0.056641 0.055215
0 0.360840 0.169734 0.055664 0.049080
0 0.415527 0.165644 0.053711 0.057260
0 0.472168 0.166667 0.059570 0.059305
0 0.527344 0.168712 0.050781 0.055215
0 0.582031 0.168712 0.056641 0.055215
0 0.581543 0.221881 0.057617 0.051125
0 0.526855 0.223926 0.051758 0.047035
0 0.472656 0.221881 0.056641 0.042945
0 0.416992 0.221881 0.054688 0.042945
0 0.359863 0.223926 0.059570 0.047035
0 0.357910 0.277096 0.055664 0.059305
0 0.414551 0.277096 0.057617 0.059305
0 0.470703 0.274029 0.052734 0.053170
0 0.524902 0.274029 0.055664 0.053170
0 0.583496 0.275051 0.061523 0.055215
0 0.586914 0.330266 0.054688 0.055215
0 0.528809 0.330266 0.061523 0.055215
0 0.470703 0.330266 0.054688 0.055215
0 0.416016 0.331288 0.054688 0.053170
0 0.358398 0.331288 0.060547 0.053170
0 0.357422 0.385481 0.058594 0.055215
0 0.415039 0.385481 0.056641 0.055215
0 0.472168 0.388548 0.057617 0.061350
0 0.530273 0.387526 0.058594 0.063395
0 0.588379 0.385481 0.055664 0.055215
0 0.586914 0.440695 0.058594 0.055215
0 0.529785 0.442740 0.055664 0.051125
0 0.471680 0.442740 0.060547 0.051125
0 0.415039 0.440695 0.052734 0.055215
0 0.357910 0.439673 0.061523 0.053170
0 0.355469 0.496933 0.056641 0.061350
0 0.413574 0.495910 0.059570 0.063395
0 0.471191 0.491820 0.055664 0.055215
0 0.527344 0.493865 0.056641 0.051125
0 0.584961 0.495910 0.058594 0.055215
0 0.586426 0.555215 0.055664 0.063395
0 0.530273 0.557260 0.056641 0.059305
0 0.472168 0.554192 0.059570 0.053170
0 0.413574 0.552147 0.057617 0.057260
0 0.353516 0.553170 0.062500 0.059305
0 0.352539 0.609407 0.060547 0.053170
0 0.412598 0.606339 0.059570 0.059305
0 0.472656 0.608384 0.060547 0.063395
0 0.530273 0.611452 0.054688 0.057260
0 0.589844 0.611452 0.064453 0.057260
0 0.591309 0.667689 0.061523 0.055215
0 0.531250 0.668712 0.058594 0.053170
0 0.471680 0.669734 0.060547 0.055215
0 0.412598 0.666667 0.057617 0.061350
0 0.352539 0.670757 0.062500 0.069530
0 0.351562 0.731084 0.060547 0.051125
0 0.411133 0.725971 0.058594 0.061350
0 0.470703 0.726994 0.060547 0.063395
0 0.529297 0.726994 0.056641 0.063395
0 0.590332 0.726994 0.065430 0.063395
0 0.591309 0.788344 0.063477 0.059305
0 0.530273 0.787321 0.058594 0.061350
0 0.471191 0.787321 0.059570 0.061350
0 0.412598 0.793456 0.057617 0.049080
0 0.351562 0.794479 0.064453 0.051125
0 0.350098 0.850716 0.061523 0.061350
0 0.410156 0.848671 0.058594 0.065440
0 0.470703 0.847648 0.062500 0.063395
0 0.531250 0.848671 0.058594 0.061350
0 0.592285 0.845603 0.063477 0.055215
0 0.592773 0.906953 0.062500 0.067485
0 0.532227 0.912065 0.058594 0.057260
0 0.471680 0.914110 0.062500 0.061350
0 0.411133 0.913088 0.058594 0.063395
0 0.350098 0.913088 0.063477 0.063395
0 0.348633 0.970348 0.060547 0.051125
0 0.410156 0.969325 0.062500 0.053170
0 0.471680 0.968303 0.060547 0.051125
0 0.531738 0.967280 0.059570 0.053170
0 0.593750 0.967280 0.064453 0.053170
0 0.655762 0.967280 0.059570 0.053170
0 0.717285 0.968303 0.063477 0.055215
0 0.779297 0.967280 0.060547 0.057260
0 0.840820 0.966258 0.062500 0.055215
0 0.901855 0.965235 0.059570 0.057260
0 0.964355 0.964213 0.065430 0.055215
0 0.655762 0.904908 0.055664 0.055215
0 0.715820 0.908998 0.064453 0.063395
0 0.776855 0.908998 0.057617 0.063395
0 0.837891 0.906953 0.064453 0.059305
0 0.897949 0.907975 0.055664 0.057260
0 0.959473 0.905930 0.067383 0.053170
0 0.653320 0.849693 0.060547 0.063395
0 0.714355 0.849693 0.055664 0.063395
0 0.773926 0.847648 0.063477 0.059305
0 0.834961 0.845603 0.058594 0.063395
0 0.895996 0.845603 0.063477 0.063395
0 0.957520 0.848671 0.067383 0.057260
0 0.652832 0.790389 0.057617 0.059305
0 0.711914 0.785276 0.056641 0.061350
0 0.771973 0.789366 0.061523 0.065440
0 0.832520 0.786299 0.059570 0.071575
0 0.893555 0.784254 0.062500 0.067485
0 0.954102 0.784254 0.058594 0.067485
0 0.824219 0.607362 0.062500 0.053170
0 0.883301 0.608384 0.061523 0.051125
0 0.942871 0.606339 0.063477 0.055215
0 0.984863 0.607362 0.030273 0.057260
0 0.825195 0.666667 0.062500 0.057260
0 0.885254 0.662577 0.061523 0.057260
0 0.945312 0.665644 0.060547 0.063395
0 0.831543 0.724949 0.063477 0.051125
0 0.891113 0.725971 0.067383 0.057260
0 0.948242 0.720859 0.064453 0.051125
0 0.987305 0.663599 0.025391 0.055215
0 0.989258 0.722904 0.021484 0.063395
0 0.639160 0.021472 0.057617 0.038855
0 0.690430 0.020450 0.052734 0.036810
0 0.745117 0.020450 0.054688 0.036810
0 0.800293 0.022495 0.055664 0.040900
0 0.853516 0.022495 0.050781 0.040900
0 0.906738 0.020450 0.055664 0.036810
0 0.963867 0.023517 0.060547 0.042945
0 0.637695 0.068507 0.052734 0.055215
0 0.691406 0.064417 0.056641 0.051125
0 0.746582 0.065440 0.053711 0.049080
0 0.800781 0.065440 0.054688 0.049080
0 0.854004 0.065440 0.051758 0.049080
0 0.910645 0.066462 0.061523 0.051125
0 0.967773 0.066462 0.052734 0.051125
0 0.638672 0.117587 0.052734 0.047035
0 0.638672 0.166667 0.052734 0.051125
0 0.641113 0.220859 0.053711 0.057260
0 0.641113 0.274029 0.053711 0.049080
0 0.642090 0.330266 0.055664 0.063395
0 0.643555 0.387526 0.052734 0.051125
0 0.645020 0.437628 0.055664 0.049080
0 0.644531 0.492843 0.056641 0.061350
0 0.645996 0.551125 0.059570 0.055215
0 0.692383 0.116564 0.056641 0.053170
0 0.693848 0.168712 0.053711 0.051125
0 0.695801 0.220859 0.057617 0.053170
0 0.697754 0.270961 0.053711 0.047035
0 0.699219 0.328221 0.056641 0.067485
0 0.699707 0.386503 0.055664 0.049080
0 0.700195 0.437628 0.056641 0.053170
0 0.702148 0.493865 0.052734 0.059305
0 0.706055 0.550102 0.060547 0.049080
0 0.736816 0.571575 0.000977 0.002045
0 0.750000 0.167689 0.058594 0.049080
0 0.751953 0.219836 0.054688 0.055215
0 0.753418 0.274029 0.057617 0.053170
0 0.754395 0.330266 0.055664 0.059305
0 0.756348 0.386503 0.059570 0.053170
0 0.758301 0.438650 0.055664 0.051125
0 0.760254 0.494888 0.059570 0.061350
0 0.762207 0.554192 0.055664 0.057260
0 0.803223 0.116564 0.059570 0.053170
0 0.806152 0.173824 0.053711 0.049080
0 0.808105 0.223926 0.055664 0.063395
0 0.808594 0.274029 0.058594 0.057260
0 0.812500 0.329243 0.060547 0.061350
0 0.814453 0.385481 0.058594 0.055215
0 0.815918 0.438650 0.057617 0.051125
0 0.820312 0.491820 0.058594 0.063395
0 0.823242 0.551125 0.064453 0.055215
0 0.858398 0.113497 0.056641 0.051125
0 0.912109 0.115542 0.060547 0.059305
0 0.969238 0.115542 0.061523 0.055215
0 0.860352 0.171779 0.056641 0.053170
0 0.915527 0.167689 0.061523 0.053170
0 0.970703 0.165644 0.058594 0.044990
0 0.863770 0.221881 0.057617 0.059305
0 0.918457 0.220859 0.059570 0.053170
0 0.972656 0.218814 0.054688 0.057260
0 0.866211 0.273006 0.060547 0.059305
0 0.922363 0.274029 0.059570 0.057260
0 0.974609 0.270961 0.050781 0.051125
0 0.868164 0.326176 0.058594 0.059305
0 0.926270 0.327198 0.061523 0.057260
0 0.975586 0.327198 0.048828 0.049080
0 0.870117 0.385481 0.060547 0.055215
0 0.928223 0.381391 0.063477 0.055215
0 0.977539 0.378323 0.044922 0.057260
0 0.874023 0.440695 0.058594 0.047035
0 0.931641 0.437628 0.060547 0.044990
0 0.979980 0.436605 0.040039 0.055215
0 0.877930 0.490798 0.058594 0.057260
0 0.934082 0.492843 0.065430 0.065440
0 0.980957 0.490798 0.038086 0.061350
0 0.880371 0.553170 0.065430 0.059305
0 0.938965 0.549080 0.063477 0.059305
0 0.983398 0.552147 0.033203 0.065440
