0 0.268555 0.099609 0.248047 0.195312
0 0.524414 0.094727 0.263672 0.185547
0 0.786133 0.094727 0.259766 0.185547
0 0.958008 0.091797 0.083984 0.175781
0 0.270508 0.329102 0.244141 0.236328
0 0.522461 0.328125 0.259766 0.238281
0 0.825195 0.327148 0.345703 0.236328
0 0.319336 0.577148 0.146484 0.193359
0 0.522461 0.577148 0.259766 0.193359
0 0.781250 0.572266 0.257812 0.183594
0 0.955078 0.569336 0.089844 0.189453
0 0.313477 0.795898 0.158203 0.228516
0 0.520508 0.798828 0.255859 0.222656
0 0.778320 0.796875 0.259766 0.218750
0 0.954102 0.797852 0.091797 0.216797
0 0.316406 0.958984 0.152344 0.074219
0 0.519531 0.961914 0.253906 0.068359
0 0.774414 0.958008 0.255859 0.060547
0 0.951172 0.953125 0.097656 0.070312
