0 0.629883 0.375000 0.162109 0.382812
0 0.473633 0.262695 0.150391 0.158203
0 0.322266 0.260742 0.156250 0.169922
0 0.164062 0.255859 0.140625 0.164062
0 0.046875 0.259766 0.089844 0.164062
0 0.046875 0.454102 0.089844 0.224609
0 0.165039 0.452148 0.146484 0.228516
0 0.318359 0.424805 0.160156 0.173828
0 0.318359 0.541992 0.160156 0.060547
0 0.475586 0.452148 0.158203 0.228516
0 0.050781 0.656250 0.097656 0.187500
0 0.166016 0.655273 0.144531 0.189453
0 0.315430 0.744141 0.154297 0.367188
0 0.479492 0.658203 0.158203 0.183594
0 0.642578 0.751953 0.167969 0.371094
0 0.472656 0.840820 0.164062 0.185547
0 0.048828 0.840820 0.093750 0.181641
0 0.167969 0.842773 0.152344 0.185547
