0 0.067871 0.040996 0.108398 0.049780
0 0.176270 0.043192 0.108398 0.054173
0 0.286621 0.048316 0.112305 0.043924
0 0.396484 0.049780 0.107422 0.046852
0 0.506836 0.053441 0.113281 0.039531
0 0.067383 0.125183 0.111328 0.115666
0 0.176758 0.126647 0.107422 0.112738
0 0.285156 0.128843 0.109375 0.117130
0 0.394531 0.131772 0.109375 0.111274
0 0.504395 0.133968 0.110352 0.115666
0 0.613281 0.135432 0.107422 0.112738
0 0.721191 0.142753 0.108398 0.127379
0 0.830566 0.148609 0.104492 0.115666
0 0.937500 0.150805 0.109375 0.120059
0 0.067383 0.227672 0.109375 0.086384
0 0.176758 0.231332 0.109375 0.079063
0 0.285645 0.230600 0.108398 0.077599
0 0.394043 0.230600 0.108398 0.077599
0 0.504883 0.232796 0.113281 0.081991
0 0.614746 0.236457 0.106445 0.074671
0 0.722656 0.240117 0.109375 0.081991
0 0.830566 0.244510 0.106445 0.073206
0 0.937988 0.251098 0.108398 0.086384
0 0.064941 0.453148 0.108398 0.373353
0 0.175293 0.456808 0.112305 0.366032
0 0.285645 0.459004 0.108398 0.370425
0 0.395020 0.460469 0.110352 0.367496
0 0.504395 0.464129 0.108398 0.374817
0 0.613281 0.467789 0.109375 0.367496
0 0.722656 0.468521 0.109375 0.368960
0 0.831055 0.471449 0.107422 0.363104
0 0.938965 0.475842 0.108398 0.371889
