0 0.025879 0.104839 0.049805 0.206745
0 0.027344 0.309384 0.052734 0.199413
0 0.028320 0.510997 0.054688 0.203812
0 0.091309 0.138563 0.069336 0.239003
0 0.091309 0.321848 0.067383 0.215543
0 0.095703 0.508065 0.074219 0.203812
0 0.241211 0.042522 0.218750 0.082111
0 0.241699 0.169355 0.223633 0.171554
0 0.238770 0.342375 0.219727 0.174487
0 0.241211 0.509531 0.216797 0.156891
0 0.460449 0.046188 0.217773 0.089443
0 0.461914 0.173754 0.218750 0.171554
0 0.458008 0.343842 0.216797 0.177419
0 0.457031 0.508798 0.216797 0.158358
0 0.673340 0.047654 0.208008 0.092375
0 0.886719 0.049120 0.205078 0.095308
0 0.676270 0.181818 0.213867 0.178886
0 0.890625 0.185484 0.208984 0.183284
0 0.675293 0.348974 0.217773 0.164223
0 0.888184 0.355572 0.208008 0.151026
0 0.678223 0.510997 0.209961 0.151026
0 0.886719 0.519062 0.210938 0.161290
