0 0.200684 0.071178 0.038086 0.138840
0 0.401367 0.071178 0.044922 0.138840
0 0.601074 0.071178 0.040039 0.138840
0 0.409668 0.395431 0.061523 0.221441
0 0.593750 0.392794 0.068359 0.244288
0 0.213379 0.401582 0.038086 0.240773
1 0.127930 0.391037 0.037109 0.332162
1 0.239746 0.388401 0.036133 0.326889
1 0.336426 0.391916 0.030273 0.330404
1 0.450195 0.391916 0.029297 0.326889
1 0.548828 0.388401 0.031250 0.323374
1 0.665527 0.392794 0.030273 0.328647
1 0.759766 0.393673 0.031250 0.326889
1 0.875000 0.391037 0.035156 0.321617
