1 0.119141 0.431186 0.027344 0.282577
1 0.239258 0.407760 0.042969 0.387994
1 0.312012 0.428258 0.028320 0.276720
1 0.570801 0.433382 0.018555 0.269400
1 0.603516 0.407760 0.033203 0.385066
1 0.746094 0.465593 0.035156 0.155198
1 0.824219 0.431186 0.025391 0.273792
1 0.959473 0.405564 0.059570 0.386530
0 0.028809 0.076867 0.055664 0.095168
0 0.094727 0.075403 0.076172 0.095168
0 0.171387 0.074671 0.077148 0.096633
0 0.249512 0.074671 0.079102 0.096633
0 0.327637 0.073206 0.077148 0.099561
0 0.405273 0.071742 0.078125 0.096633
0 0.483887 0.073939 0.079102 0.092240
0 0.559570 0.078331 0.072266 0.101025
0 0.635254 0.076135 0.075195 0.090776
0 0.710938 0.076867 0.076172 0.092240
0 0.787109 0.079063 0.076172 0.087848
0 0.865234 0.073939 0.076172 0.086384
0 0.942383 0.074671 0.078125 0.087848
0 0.334961 0.453880 0.025391 0.043924
0 0.368652 0.454612 0.041992 0.042460
0 0.410156 0.453880 0.041016 0.040996
0 0.452148 0.453880 0.042969 0.040996
0 0.494629 0.454612 0.041992 0.042460
0 0.536133 0.454612 0.041016 0.042460
0 0.185547 0.404832 0.076172 0.171303
0 0.034668 0.426061 0.032227 0.102489
0 0.062988 0.393119 0.018555 0.030747
0 0.082031 0.412152 0.017578 0.068814
0 0.100586 0.418741 0.013672 0.081991
0 0.083984 0.463397 0.017578 0.030747
