0 0.092773 0.101757 0.144531 0.142020
0 0.091797 0.241581 0.146484 0.137628
0 0.091309 0.382138 0.145508 0.143485
0 0.090332 0.517570 0.147461 0.127379
0 0.089355 0.652269 0.145508 0.142020
0 0.090820 0.789898 0.142578 0.133236
0 0.092285 0.924597 0.145508 0.136164
0 0.268555 0.105417 0.142578 0.140556
0 0.411133 0.108346 0.142578 0.134700
0 0.270996 0.243777 0.141602 0.142020
0 0.268555 0.382138 0.146484 0.134700
0 0.267578 0.516837 0.144531 0.134700
0 0.267578 0.654466 0.144531 0.140556
0 0.269043 0.790630 0.147461 0.131772
0 0.269043 0.928258 0.147461 0.143485
0 0.410645 0.241581 0.141602 0.134700
0 0.411621 0.377013 0.139648 0.136164
0 0.412109 0.513909 0.140625 0.137628
0 0.410156 0.653734 0.144531 0.142020
0 0.411621 0.791362 0.147461 0.133236
0 0.415039 0.926061 0.142578 0.136164
0 0.588867 0.102489 0.142578 0.143485
0 0.729492 0.103221 0.138672 0.142020
0 0.587402 0.240849 0.143555 0.139092
0 0.587891 0.377745 0.142578 0.134700
0 0.588867 0.513177 0.142578 0.136164
0 0.588867 0.651537 0.140625 0.140556
0 0.587891 0.792826 0.138672 0.142020
0 0.584961 0.933382 0.132812 0.133236
0 0.730469 0.240849 0.146484 0.130307
0 0.731445 0.377745 0.144531 0.143485
0 0.731445 0.516837 0.144531 0.134700
0 0.733398 0.653734 0.140625 0.139092
0 0.734375 0.795022 0.142578 0.143485
0 0.731445 0.931186 0.148438 0.128843
0 0.908691 0.103953 0.141602 0.143485
0 0.906250 0.243777 0.146484 0.136164
0 0.905273 0.382138 0.144531 0.140556
0 0.906738 0.517570 0.141602 0.130307
0 0.906250 0.652269 0.140625 0.139092
0 0.905273 0.789898 0.144531 0.147877
0 0.907715 0.929722 0.145508 0.131772
0 0.980957 0.994876 0.000977 0.001464
