0 0.023926 0.436879 0.045898 0.218440
0 0.071289 0.435461 0.054688 0.224113
0 0.122070 0.430496 0.052734 0.205674
0 0.173340 0.429078 0.055664 0.211348
0 0.226074 0.424113 0.053711 0.201418
0 0.280762 0.422695 0.055664 0.204255
0 0.333984 0.421277 0.054688 0.204255
0 0.389160 0.419149 0.055664 0.208511
0 0.443359 0.419858 0.052734 0.209929
0 0.498535 0.417021 0.057617 0.215603
0 0.554688 0.414894 0.054688 0.211348
0 0.610352 0.413475 0.056641 0.214184
0 0.667969 0.413475 0.058594 0.214184
0 0.726074 0.409220 0.057617 0.214184
0 0.784668 0.409929 0.059570 0.215603
0 0.843750 0.406383 0.058594 0.222695
0 0.900391 0.404965 0.054688 0.219858
0 0.503418 0.590780 0.036133 0.049645
0 0.536133 0.592199 0.029297 0.052482
0 0.566895 0.590780 0.032227 0.055319
0 0.596680 0.591489 0.027344 0.056738
0 0.629395 0.592199 0.038086 0.055319
0 0.664551 0.590071 0.032227 0.051064
0 0.697266 0.590780 0.033203 0.049645
0 0.728516 0.590780 0.029297 0.049645
0 0.762695 0.589362 0.039062 0.052482
0 0.798340 0.589362 0.032227 0.052482
0 0.832520 0.588652 0.036133 0.053901
0 0.865723 0.587943 0.030273 0.052482
0 0.905273 0.587234 0.039062 0.053901
0 0.502930 0.658865 0.037109 0.086525
0 0.537598 0.658156 0.032227 0.085106
0 0.568359 0.660284 0.029297 0.080851
0 0.501465 0.746099 0.038086 0.082270
0 0.537109 0.743972 0.033203 0.086525
0 0.568359 0.746099 0.029297 0.090780
0 0.596680 0.747518 0.027344 0.087943
0 0.629395 0.748936 0.038086 0.090780
0 0.664551 0.749645 0.032227 0.089362
0 0.697754 0.748936 0.034180 0.087943
0 0.731445 0.745390 0.031250 0.089362
0 0.765137 0.744681 0.036133 0.087943
0 0.799805 0.745390 0.033203 0.086525
0 0.833984 0.747518 0.035156 0.090780
0 0.867188 0.747518 0.031250 0.090780
0 0.904297 0.746809 0.039062 0.086525
0 0.632812 0.832624 0.035156 0.082270
0 0.666504 0.833333 0.032227 0.080851
0 0.699219 0.834043 0.033203 0.082270
0 0.730957 0.834043 0.030273 0.082270
0 0.766602 0.836170 0.031250 0.080851
0 0.799805 0.836170 0.035156 0.080851
0 0.834961 0.836170 0.035156 0.080851
0 0.869141 0.836170 0.033203 0.080851
0 0.905273 0.835461 0.037109 0.085106
0 0.465332 0.591489 0.030273 0.053901
0 0.465332 0.658156 0.030273 0.079433
0 0.464355 0.742553 0.028320 0.089362
0 0.079590 0.258865 0.034180 0.137589
0 0.111816 0.271631 0.030273 0.109220
0 0.142090 0.281560 0.028320 0.083688
0 0.081543 0.115603 0.034180 0.200000
0 0.113770 0.143972 0.030273 0.191489
0 0.143555 0.168794 0.027344 0.181560
0 0.048340 0.257447 0.026367 0.137589
0 0.032227 0.104255 0.062500 0.168794
0 0.083008 0.024823 0.033203 0.046809
0 0.115234 0.039007 0.031250 0.075177
0 0.145996 0.050355 0.030273 0.097872
0 0.162598 0.114184 0.006836 0.041135
0 0.172363 0.124113 0.010742 0.046809
0 0.183105 0.132624 0.010742 0.043972
0 0.194336 0.144681 0.013672 0.048227
