0 0.115000 0.034167 0.120000 0.065000
0 0.260625 0.032500 0.128750 0.061667
0 0.406250 0.029167 0.140000 0.055000
0 0.551875 0.030000 0.148750 0.056667
0 0.703125 0.029167 0.153750 0.055000
0 0.855000 0.029167 0.147500 0.055000
0 0.117500 0.189167 0.117500 0.248333
0 0.260625 0.187500 0.128750 0.255000
0 0.405000 0.184167 0.142500 0.255000
0 0.551875 0.183333 0.151250 0.256667
0 0.703750 0.180000 0.152500 0.250000
0 0.855625 0.175833 0.151250 0.258333
0 0.115625 0.440833 0.118750 0.255000
0 0.257500 0.440000 0.130000 0.250000
0 0.405625 0.436667 0.136250 0.260000
0 0.550625 0.438333 0.156250 0.263333
0 0.698750 0.442500 0.152500 0.261667
0 0.855625 0.439167 0.156250 0.265000
0 0.115625 0.698333 0.118750 0.266667
0 0.259375 0.699167 0.131250 0.261667
0 0.406875 0.697500 0.141250 0.261667
0 0.550625 0.695000 0.151250 0.246667
0 0.701250 0.703333 0.157500 0.266667
0 0.853125 0.699167 0.146250 0.258333
0 0.963125 0.695000 0.073750 0.263333
0 0.965000 0.438333 0.067500 0.266667
0 0.966250 0.176667 0.067500 0.256667
0 0.965625 0.025000 0.068750 0.046667
0 0.015000 0.036667 0.027500 0.070000
0 0.015000 0.191667 0.027500 0.250000
0 0.016250 0.440000 0.027500 0.256667
0 0.015625 0.693333 0.028750 0.250000
