0 0.558594 0.092773 0.113281 0.181641
0 0.676758 0.111328 0.111328 0.195312
0 0.783203 0.143555 0.105469 0.189453
0 0.859375 0.167969 0.042969 0.175781
0 0.556641 0.329102 0.117188 0.220703
0 0.676758 0.363281 0.123047 0.214844
0 0.758789 0.381836 0.044922 0.189453
0 0.810547 0.390625 0.074219 0.199219
0 0.859375 0.403320 0.027344 0.185547
0 0.555664 0.597656 0.123047 0.242188
0 0.677734 0.621094 0.128906 0.230469
0 0.794922 0.638672 0.105469 0.214844
0 0.864258 0.648438 0.037109 0.207031
0 0.552734 0.881836 0.125000 0.228516
0 0.669922 0.889648 0.109375 0.216797
0 0.742188 0.895508 0.042969 0.205078
0 0.788086 0.897461 0.052734 0.205078
0 0.828125 0.899414 0.035156 0.201172
0 0.863281 0.900391 0.031250 0.195312
