0 0.798828 0.239258 0.070312 0.197266
0 0.870117 0.240234 0.072266 0.195312
0 0.951172 0.244141 0.089844 0.203125
0 0.799805 0.449219 0.076172 0.195312
0 0.871094 0.451172 0.066406 0.191406
0 0.952148 0.455078 0.095703 0.199219
0 0.792969 0.666992 0.074219 0.197266
0 0.867188 0.668945 0.074219 0.193359
0 0.952148 0.666992 0.095703 0.189453
0 0.797852 0.884766 0.080078 0.214844
0 0.870117 0.885742 0.064453 0.212891
0 0.949219 0.883789 0.093750 0.208984
0 0.795898 0.058594 0.076172 0.113281
0 0.870117 0.061523 0.072266 0.119141
0 0.950195 0.062500 0.087891 0.117188
0 0.704102 0.061523 0.099609 0.119141
0 0.708984 0.243164 0.093750 0.205078
0 0.705078 0.454102 0.097656 0.205078
0 0.706055 0.666992 0.099609 0.193359
0 0.708984 0.885742 0.093750 0.212891
0 0.034180 0.065430 0.052734 0.126953
0 0.085938 0.057617 0.054688 0.111328
0 0.135742 0.057617 0.044922 0.111328
0 0.184570 0.059570 0.052734 0.115234
0 0.256836 0.061523 0.056641 0.119141
0 0.289062 0.056641 0.019531 0.109375
0 0.319336 0.055664 0.041016 0.107422
0 0.367188 0.055664 0.054688 0.107422
0 0.429688 0.062500 0.035156 0.113281
0 0.492188 0.051758 0.058594 0.099609
0 0.550781 0.050781 0.058594 0.097656
0 0.613281 0.050781 0.066406 0.097656
0 0.083984 0.251953 0.054688 0.140625
0 0.136719 0.250977 0.050781 0.142578
0 0.191406 0.251953 0.058594 0.144531
0 0.317383 0.246094 0.052734 0.144531
0 0.367188 0.247070 0.046875 0.142578
0 0.494141 0.238281 0.054688 0.199219
0 0.552734 0.239258 0.062500 0.197266
0 0.616211 0.237305 0.064453 0.193359
0 0.557617 0.455078 0.181641 0.195312
0 0.498047 0.675781 0.058594 0.171875
0 0.555664 0.676758 0.056641 0.169922
0 0.617188 0.679688 0.066406 0.175781
0 0.496094 0.879883 0.062500 0.189453
0 0.557617 0.878906 0.060547 0.191406
0 0.616211 0.879883 0.056641 0.193359
0 0.348633 0.867188 0.103516 0.179688
0 0.083984 0.877930 0.050781 0.158203
0 0.139648 0.879883 0.060547 0.154297
0 0.194336 0.880859 0.048828 0.156250
0 0.319336 0.663086 0.044922 0.154297
0 0.369141 0.666992 0.054688 0.146484
0 0.315430 0.449219 0.048828 0.156250
0 0.363281 0.453125 0.046875 0.148438
0 0.083984 0.662109 0.050781 0.152344
0 0.134766 0.663086 0.050781 0.150391
0 0.186523 0.662109 0.052734 0.148438
0 0.084961 0.456055 0.052734 0.146484
0 0.136719 0.456055 0.050781 0.146484
0 0.191406 0.457031 0.058594 0.148438
