0 0.710802 0.305093 0.072222 0.147222
0 0.555864 0.347222 0.089506 0.062963
0 0.635494 0.346759 0.069753 0.063889
0 0.554012 0.573148 0.047531 0.222222
1 0.105864 0.568981 0.024074 0.262037
1 0.129630 0.571759 0.020988 0.252778
1 0.150617 0.573611 0.020988 0.243519
1 0.167901 0.572685 0.020988 0.237963
1 0.183642 0.570370 0.015432 0.225926
1 0.200000 0.577315 0.013580 0.215741
1 0.212346 0.575000 0.013580 0.211111
1 0.225309 0.578704 0.011111 0.194444
1 0.238272 0.581019 0.009877 0.186111
1 0.249074 0.584722 0.009259 0.176852
1 0.260185 0.584259 0.010494 0.174074
