0 0.015137 0.058565 0.026367 0.114202
0 0.069824 0.059297 0.079102 0.115666
0 0.147461 0.058565 0.076172 0.114202
0 0.221191 0.059297 0.071289 0.115666
0 0.297852 0.059297 0.078125 0.115666
0 0.375977 0.060029 0.076172 0.114202
0 0.450684 0.057101 0.073242 0.111274
0 0.524414 0.057833 0.074219 0.109810
0 0.601074 0.057833 0.079102 0.109810
0 0.678223 0.057101 0.075195 0.111274
0 0.753906 0.058565 0.076172 0.114202
0 0.017578 0.206442 0.033203 0.178624
0 0.070801 0.205710 0.073242 0.180088
0 0.145020 0.204978 0.075195 0.178624
0 0.219727 0.206442 0.074219 0.175695
0 0.295410 0.209370 0.077148 0.181552
0 0.372559 0.207906 0.077148 0.184480
0 0.449219 0.207174 0.076172 0.183016
0 0.525391 0.207906 0.076172 0.181552
0 0.601074 0.207906 0.075195 0.181552
0 0.676270 0.208638 0.075195 0.180088
0 0.753906 0.207174 0.080078 0.177160
0 0.757324 0.390190 0.073242 0.188873
0 0.681152 0.392387 0.079102 0.184480
0 0.604492 0.392387 0.074219 0.184480
0 0.529297 0.393119 0.076172 0.183016
0 0.453125 0.393119 0.076172 0.183016
0 0.375488 0.393119 0.079102 0.183016
0 0.297852 0.391654 0.076172 0.180088
0 0.221680 0.391654 0.076172 0.180088
0 0.145996 0.393119 0.075195 0.183016
0 0.071777 0.391654 0.073242 0.185944
0 0.018066 0.392387 0.034180 0.187408
0 0.014648 0.576135 0.027344 0.183016
0 0.067871 0.577599 0.079102 0.180088
0 0.145020 0.576867 0.075195 0.178624
0 0.221191 0.576867 0.077148 0.178624
0 0.297852 0.579063 0.076172 0.183016
0 0.373047 0.577599 0.074219 0.185944
0 0.449219 0.577599 0.078125 0.185944
0 0.525879 0.579795 0.075195 0.181552
0 0.602051 0.579795 0.077148 0.181552
0 0.679199 0.580527 0.077148 0.180088
0 0.754883 0.579063 0.074219 0.177160
0 0.826172 0.579063 0.068359 0.177160
0 0.016602 0.764275 0.029297 0.190337
0 0.068848 0.762811 0.075195 0.193265
0 0.144043 0.764275 0.075195 0.196193
0 0.221191 0.767204 0.079102 0.190337
0 0.297852 0.763543 0.074219 0.183016
0 0.372559 0.763543 0.075195 0.183016
0 0.448242 0.765007 0.076172 0.185944
0 0.523926 0.765007 0.075195 0.185944
0 0.601562 0.765739 0.080078 0.187408
0 0.679688 0.767204 0.076172 0.184480
0 0.754883 0.766471 0.074219 0.183016
0 0.830566 0.766471 0.077148 0.183016
0 0.908203 0.766471 0.078125 0.183016
0 0.972168 0.764275 0.049805 0.187408
0 0.017090 0.928990 0.030273 0.142020
0 0.067871 0.932650 0.075195 0.134700
0 0.145508 0.929722 0.076172 0.140556
0 0.219727 0.932650 0.076172 0.134700
0 0.298340 0.931186 0.077148 0.137628
0 0.373535 0.928990 0.077148 0.142020
0 0.450195 0.928990 0.074219 0.142020
0 0.524902 0.929722 0.079102 0.140556
0 0.601562 0.929722 0.076172 0.140556
0 0.677246 0.931918 0.077148 0.136164
0 0.755371 0.931918 0.079102 0.136164
0 0.830566 0.929722 0.079102 0.140556
0 0.908203 0.929722 0.078125 0.140556
0 0.973145 0.928990 0.051758 0.142020
