0 0.301270 0.245974 0.049805 0.140556
0 0.351562 0.245974 0.050781 0.140556
0 0.403809 0.245974 0.053711 0.140556
0 0.456055 0.247438 0.050781 0.137628
0 0.508301 0.247438 0.053711 0.137628
0 0.562012 0.245242 0.053711 0.142020
0 0.613770 0.245242 0.049805 0.142020
0 0.655273 0.245242 0.033203 0.142020
0 0.301758 0.387262 0.050781 0.142020
0 0.352539 0.387994 0.050781 0.140556
0 0.403320 0.388726 0.050781 0.142020
0 0.456055 0.389458 0.054688 0.140556
0 0.508301 0.388726 0.049805 0.139092
0 0.560059 0.387994 0.053711 0.140556
0 0.613281 0.387994 0.052734 0.137628
0 0.656738 0.387262 0.034180 0.139092
0 0.301758 0.534407 0.054688 0.149341
0 0.353516 0.534407 0.048828 0.149341
0 0.405762 0.534407 0.055664 0.149341
0 0.458984 0.533675 0.050781 0.150805
0 0.509766 0.532943 0.050781 0.149341
0 0.562012 0.532943 0.053711 0.149341
0 0.614258 0.534407 0.050781 0.152269
0 0.655273 0.534407 0.031250 0.152269
