0 0.688095 0.492840 0.046032 0.159905
0 0.734127 0.492840 0.046032 0.159905
0 0.788095 0.477327 0.046032 0.128878
0 0.836508 0.477327 0.041270 0.133652
0 0.686508 0.359189 0.042857 0.021480
0 0.687302 0.384248 0.041270 0.023866
0 0.735714 0.359189 0.046032 0.021480
0 0.735714 0.384248 0.046032 0.023866
0 0.786508 0.357995 0.046032 0.023866
0 0.786508 0.383055 0.046032 0.021480
0 0.837302 0.355609 0.042857 0.019093
0 0.836508 0.380668 0.044444 0.021480
0 0.454762 0.374702 0.020635 0.081146
0 0.476984 0.374702 0.023810 0.081146
0 0.500794 0.362768 0.023810 0.057279
0 0.530159 0.360382 0.022222 0.057279
0 0.553175 0.371122 0.023810 0.078759
0 0.576984 0.371122 0.023810 0.083532
0 0.323016 0.264916 0.030159 0.057279
0 0.355556 0.263723 0.031746 0.054893
0 0.286508 0.268496 0.030159 0.059666
0 0.386508 0.266110 0.011111 0.054893
0 0.104762 0.285203 0.031746 0.126492
0 0.137302 0.282816 0.026984 0.131265
0 0.169841 0.256563 0.031746 0.093079
0 0.203968 0.258950 0.007937 0.093079
0 0.222222 0.262530 0.022222 0.081146
0 0.530159 0.498807 0.025397 0.081146
0 0.553968 0.498807 0.022222 0.081146
0 0.576984 0.498807 0.023810 0.081146
0 0.500000 0.497613 0.022222 0.078759
0 0.476190 0.497613 0.022222 0.078759
0 0.453968 0.497613 0.022222 0.078759
0 0.407937 0.496420 0.012698 0.076372
0 0.421429 0.494033 0.014286 0.071599
0 0.454762 0.433174 0.020635 0.011933
0 0.476984 0.433174 0.023810 0.011933
0 0.500794 0.431981 0.023810 0.009547
0 0.500794 0.443914 0.023810 0.014320
0 0.476984 0.446301 0.023810 0.009547
0 0.454762 0.446301 0.020635 0.009547
0 0.530159 0.431981 0.022222 0.014320
0 0.553175 0.431981 0.023810 0.014320
0 0.576984 0.431981 0.023810 0.014320
0 0.530159 0.445107 0.022222 0.011933
0 0.553175 0.445107 0.023810 0.011933
0 0.576984 0.443914 0.023810 0.009547
0 0.104762 0.201671 0.028571 0.016706
0 0.138095 0.196897 0.028571 0.016706
0 0.171429 0.194511 0.028571 0.016706
0 0.106349 0.480907 0.028571 0.112172
0 0.138889 0.485680 0.030159 0.116945
0 0.173810 0.491647 0.030159 0.133652
0 0.212698 0.488067 0.025397 0.121718
0 0.239683 0.485680 0.022222 0.107399
0 0.262698 0.489260 0.017460 0.105012
0 0.106349 0.384248 0.028571 0.019093
0 0.106349 0.404535 0.028571 0.016706
0 0.139683 0.383055 0.028571 0.016706
0 0.139683 0.403341 0.028571 0.019093
0 0.172222 0.380668 0.030159 0.021480
0 0.172222 0.402148 0.030159 0.021480
0 0.213492 0.385442 0.026984 0.026253
0 0.213492 0.405728 0.026984 0.023866
0 0.240476 0.394988 0.023810 0.026253
0 0.241270 0.415274 0.022222 0.023866
0 0.263492 0.402148 0.019048 0.026253
0 0.263492 0.421241 0.019048 0.021480
