0 0.035645 0.508053 0.067383 0.143485
0 0.049805 0.376281 0.078125 0.128843
0 0.105469 0.378477 0.074219 0.127379
0 0.083984 0.513909 0.076172 0.143485
0 0.158691 0.380673 0.073242 0.122987
0 0.210938 0.385066 0.068359 0.128843
0 0.265625 0.385798 0.070312 0.133236
0 0.318848 0.387994 0.059570 0.134700
0 0.373047 0.390190 0.058594 0.130307
0 0.426758 0.385798 0.050781 0.124451
0 0.477539 0.391654 0.048828 0.127379
0 0.526855 0.392387 0.049805 0.125915
0 0.578613 0.390922 0.053711 0.122987
0 0.629883 0.396047 0.058594 0.127379
0 0.686035 0.395315 0.071289 0.128843
0 0.141113 0.513177 0.071289 0.133236
0 0.198242 0.515373 0.070312 0.137628
0 0.254883 0.519766 0.068359 0.140556
0 0.310059 0.519766 0.069336 0.134700
0 0.367676 0.518302 0.065430 0.137628
0 0.420898 0.516105 0.056641 0.139092
0 0.475586 0.519766 0.052734 0.146413
0 0.527832 0.522694 0.051758 0.140556
0 0.584473 0.525622 0.061523 0.146413
0 0.635254 0.524158 0.067383 0.143485
0 0.695801 0.530015 0.079102 0.143485
0 0.022461 0.665447 0.042969 0.159590
0 0.062012 0.664714 0.084961 0.166911
0 0.120605 0.661054 0.081055 0.162518
0 0.181152 0.663250 0.077148 0.149341
0 0.243164 0.661786 0.070312 0.158126
0 0.304199 0.664714 0.071289 0.155198
0 0.362793 0.663250 0.065430 0.158126
0 0.421875 0.666179 0.052734 0.163982
0 0.475586 0.668375 0.054688 0.159590
0 0.532715 0.669107 0.059570 0.161054
0 0.587402 0.669839 0.049805 0.159590
0 0.645996 0.670571 0.067383 0.161054
0 0.708496 0.673499 0.083008 0.158126
0 0.030273 0.195461 0.058594 0.112738
0 0.020508 0.281845 0.039062 0.062958
0 0.056152 0.282577 0.057617 0.055637
0 0.070312 0.204978 0.066406 0.108346
0 0.118652 0.206442 0.063477 0.102489
0 0.104492 0.284041 0.054688 0.055637
0 0.153809 0.286969 0.053711 0.052709
0 0.160645 0.210102 0.059570 0.101025
0 0.209961 0.207906 0.058594 0.102489
0 0.255371 0.210835 0.051758 0.096633
0 0.200195 0.284773 0.046875 0.048316
0 0.245605 0.289165 0.051758 0.051245
0 0.292969 0.288433 0.048828 0.055637
0 0.296875 0.212299 0.056641 0.096633
0 0.345215 0.213763 0.051758 0.102489
0 0.338867 0.295022 0.048828 0.048316
0 0.385254 0.297950 0.045898 0.057101
0 0.429199 0.296486 0.041992 0.054173
0 0.473633 0.297218 0.046875 0.052709
0 0.520020 0.297950 0.045898 0.054173
0 0.564453 0.303075 0.042969 0.052709
0 0.603516 0.303807 0.039062 0.054173
0 0.387695 0.214495 0.052734 0.106881
0 0.433594 0.216691 0.046875 0.105417
0 0.476074 0.218887 0.040039 0.109810
0 0.517090 0.222548 0.043945 0.102489
0 0.561523 0.222548 0.044922 0.102489
0 0.601562 0.229136 0.041016 0.106881
0 0.506348 0.051245 0.030273 0.073206
0 0.505859 0.126647 0.031250 0.077599
0 0.474121 0.123719 0.032227 0.083455
0 0.475586 0.046852 0.035156 0.070278
0 0.439941 0.045388 0.034180 0.079063
0 0.437012 0.124451 0.040039 0.079063
0 0.399902 0.120059 0.034180 0.087848
0 0.402832 0.040264 0.040039 0.071742
0 0.367676 0.040996 0.041992 0.076135
0 0.363770 0.120791 0.036133 0.083455
0 0.327148 0.117862 0.042969 0.080527
0 0.333008 0.040996 0.039062 0.076135
0 0.295898 0.038067 0.041016 0.073206
0 0.261230 0.038067 0.043945 0.073206
0 0.290527 0.112738 0.047852 0.084919
0 0.251953 0.114202 0.048828 0.084919
0 0.212891 0.112738 0.048828 0.081991
0 0.177246 0.112006 0.051758 0.083455
0 0.224609 0.035139 0.042969 0.067350
0 0.186523 0.035871 0.044922 0.068814
0 0.150391 0.036603 0.052734 0.070278
0 0.136719 0.111274 0.052734 0.084919
0 0.096191 0.110542 0.053711 0.083455
0 0.109375 0.035139 0.050781 0.067350
0 0.056152 0.106881 0.057617 0.084919
0 0.072266 0.034407 0.048828 0.065886
0 0.036133 0.033675 0.050781 0.064422
0 0.023438 0.106149 0.042969 0.083455
0 0.373047 0.861640 0.050781 0.142020
0 0.424316 0.863104 0.051758 0.139092
0 0.473145 0.861640 0.045898 0.136164
0 0.515137 0.861640 0.038086 0.136164
0 0.551758 0.863836 0.035156 0.140556
0 0.590820 0.858712 0.042969 0.150805
0 0.635742 0.849195 0.054688 0.158126
0 0.685547 0.840410 0.060547 0.161054
0 0.072754 0.863836 0.077148 0.143485
0 0.123535 0.864568 0.071289 0.139092
0 0.173828 0.860176 0.070312 0.144949
0 0.224609 0.866764 0.062500 0.140556
0 0.275879 0.864568 0.063477 0.133236
0 0.060059 0.969253 0.053711 0.061493
0 0.113281 0.965593 0.064453 0.060029
0 0.163574 0.964861 0.061523 0.058565
0 0.216797 0.963397 0.058594 0.064422
0 0.272461 0.964129 0.052734 0.065886
0 0.372559 0.963397 0.055664 0.064422
0 0.424805 0.964861 0.048828 0.067350
0 0.473145 0.965593 0.045898 0.068814
0 0.517578 0.965593 0.041016 0.068814
0 0.554199 0.960469 0.036133 0.061493
0 0.593262 0.963397 0.043945 0.073206
0 0.640625 0.963397 0.048828 0.073206
0 0.690918 0.961933 0.053711 0.076135
0 0.727051 0.961201 0.020508 0.077599
