0 0.421875 0.124023 0.082031 0.189453
0 0.495117 0.124023 0.064453 0.189453
0 0.553711 0.125000 0.052734 0.191406
0 0.624023 0.126953 0.087891 0.187500
0 0.415039 0.269531 0.072266 0.074219
0 0.485352 0.266602 0.068359 0.080078
0 0.551758 0.266602 0.064453 0.080078
0 0.625977 0.267578 0.083984 0.078125
0 0.416016 0.352539 0.074219 0.091797
0 0.485352 0.352539 0.064453 0.091797
0 0.550781 0.350586 0.066406 0.087891
0 0.624023 0.350586 0.080078 0.087891
0 0.414062 0.535156 0.078125 0.273438
0 0.486328 0.533203 0.066406 0.277344
0 0.545898 0.534180 0.052734 0.279297
0 0.619141 0.535156 0.093750 0.277344
0 0.415039 0.713867 0.083984 0.083984
0 0.486328 0.714844 0.058594 0.082031
0 0.546875 0.713867 0.062500 0.080078
0 0.620117 0.713867 0.083984 0.080078
0 0.414062 0.851562 0.082031 0.187500
0 0.485352 0.850586 0.060547 0.189453
0 0.547852 0.849609 0.064453 0.187500
0 0.622070 0.848633 0.083984 0.189453
0 0.414062 0.972656 0.082031 0.054688
0 0.487305 0.972656 0.068359 0.054688
0 0.546875 0.970703 0.066406 0.050781
0 0.624023 0.972656 0.087891 0.054688
0 0.876953 0.128906 0.082031 0.199219
0 0.948242 0.128906 0.060547 0.199219
0 0.874023 0.267578 0.087891 0.074219
0 0.948242 0.262695 0.060547 0.083984
0 0.872070 0.390625 0.083984 0.179688
0 0.944336 0.391602 0.060547 0.177734
0 0.875977 0.526367 0.083984 0.091797
0 0.949219 0.526367 0.062500 0.091797
0 0.874023 0.622070 0.083984 0.099609
0 0.947266 0.620117 0.062500 0.103516
0 0.874023 0.712891 0.080078 0.078125
0 0.947266 0.711914 0.066406 0.080078
0 0.875000 0.850586 0.085938 0.197266
0 0.949219 0.850586 0.062500 0.197266
0 0.868164 0.975586 0.072266 0.048828
0 0.941406 0.971680 0.074219 0.056641
0 0.065430 0.072266 0.076172 0.066406
0 0.160156 0.074219 0.105469 0.070312
0 0.065430 0.193359 0.076172 0.171875
0 0.159180 0.184570 0.103516 0.150391
0 0.065430 0.326172 0.087891 0.105469
0 0.159180 0.320312 0.099609 0.121094
0 0.050781 0.414062 0.054688 0.066406
0 0.110352 0.415039 0.064453 0.064453
0 0.175781 0.416016 0.066406 0.066406
0 0.047852 0.531250 0.048828 0.160156
0 0.104492 0.530273 0.064453 0.162109
0 0.172852 0.532227 0.072266 0.166016
0 0.171875 0.644531 0.074219 0.058594
0 0.100586 0.644531 0.068359 0.058594
0 0.036133 0.643555 0.060547 0.056641
0 0.037109 0.708984 0.062500 0.074219
0 0.102539 0.714844 0.068359 0.062500
0 0.171875 0.714844 0.070312 0.062500
0 0.106445 0.830078 0.208984 0.144531
