0 0.174324 0.374775 0.091892 0.219820
0 0.254054 0.375676 0.067568 0.218018
0 0.320946 0.376577 0.066216 0.219820
0 0.379054 0.376577 0.050000 0.219820
0 0.432432 0.376577 0.056757 0.219820
0 0.487838 0.376577 0.054054 0.219820
0 0.538514 0.375676 0.047297 0.218018
0 0.589189 0.373874 0.054054 0.221622
0 0.650000 0.375676 0.067568 0.218018
0 0.718243 0.374775 0.068919 0.219820
0 0.805405 0.372973 0.105405 0.216216
0 0.175676 0.622523 0.100000 0.228829
0 0.257432 0.624324 0.063514 0.225225
0 0.320946 0.622523 0.063514 0.221622
0 0.379054 0.622523 0.052703 0.221622
0 0.436486 0.623423 0.062162 0.223423
0 0.490541 0.622523 0.045946 0.225225
0 0.536486 0.620721 0.045946 0.221622
0 0.587838 0.619820 0.056757 0.223423
0 0.649324 0.618919 0.066216 0.221622
0 0.716892 0.618919 0.068919 0.221622
0 0.776351 0.620721 0.050000 0.225225
0 0.829730 0.620721 0.056757 0.225225
