0 0.017090 0.463397 0.032227 0.226940
0 0.057617 0.463397 0.048828 0.226940
0 0.105957 0.464129 0.047852 0.228404
0 0.150879 0.464129 0.041992 0.228404
0 0.227539 0.464861 0.044922 0.229868
0 0.274902 0.464861 0.049805 0.229868
0 0.323242 0.464129 0.046875 0.228404
0 0.372070 0.464129 0.050781 0.228404
0 0.420410 0.464129 0.045898 0.228404
0 0.465820 0.464129 0.044922 0.228404
0 0.542969 0.464129 0.044922 0.225476
0 0.589355 0.463397 0.047852 0.226940
0 0.637695 0.463397 0.048828 0.226940
0 0.686035 0.464129 0.047852 0.225476
0 0.733887 0.464861 0.047852 0.226940
0 0.779785 0.464861 0.043945 0.226940
0 0.895508 0.459004 0.029297 0.265007
0 0.930176 0.455344 0.034180 0.286969
0 0.973633 0.452416 0.044922 0.319180
