0 0.278320 0.128906 0.087891 0.253906
0 0.352539 0.149414 0.064453 0.294922
0 0.416016 0.169922 0.050781 0.335938
0 0.470703 0.187500 0.050781 0.371094
0 0.526367 0.200195 0.048828 0.396484
0 0.568359 0.220703 0.042969 0.410156
0 0.275391 0.506836 0.074219 0.404297
0 0.351562 0.539062 0.066406 0.378906
0 0.414062 0.570312 0.050781 0.371094
0 0.465820 0.587891 0.052734 0.335938
0 0.515625 0.606445 0.042969 0.322266
0 0.565430 0.634766 0.052734 0.324219
0 0.278320 0.894531 0.083984 0.210938
0 0.353516 0.903320 0.058594 0.193359
0 0.416992 0.909180 0.052734 0.181641
0 0.473633 0.915039 0.044922 0.169922
0 0.521484 0.917969 0.042969 0.164062
0 0.152344 0.894531 0.085938 0.203125
0 0.061523 0.903320 0.095703 0.193359
0 0.573242 0.920898 0.048828 0.158203
0 0.646484 0.927734 0.023438 0.144531
0 0.678711 0.928711 0.025391 0.142578
