0 0.581055 0.288086 0.083984 0.423828
0 0.676758 0.431641 0.080078 0.269531
0 0.676758 0.166992 0.083984 0.330078
0 0.767578 0.191406 0.070312 0.226562
0 0.755859 0.426758 0.066406 0.337891
0 0.761719 0.663086 0.050781 0.150391
0 0.582031 0.557617 0.082031 0.205078
0 0.674805 0.604492 0.083984 0.177734
0 0.756836 0.655273 0.068359 0.162109
0 0.584961 0.717773 0.076172 0.169922
0 0.676758 0.748047 0.087891 0.164062
0 0.589844 0.886719 0.085938 0.203125
0 0.679688 0.894531 0.089844 0.167969
0 0.473633 0.875977 0.107422 0.224609
0 0.366211 0.871094 0.107422 0.253906
0 0.250977 0.856445 0.123047 0.279297
0 0.249023 0.629883 0.126953 0.220703
0 0.369141 0.655273 0.113281 0.205078
0 0.469727 0.685547 0.099609 0.195312
0 0.471680 0.507812 0.099609 0.214844
0 0.368164 0.465820 0.111328 0.248047
0 0.251953 0.409180 0.121094 0.283203
0 0.085938 0.381836 0.167969 0.369141
0 0.091797 0.609375 0.171875 0.179688
0 0.089844 0.829102 0.171875 0.341797
0 0.077148 0.142578 0.146484 0.281250
0 0.250977 0.212891 0.119141 0.261719
0 0.250977 0.075195 0.123047 0.146484
0 0.367188 0.112305 0.101562 0.220703
0 0.368164 0.276367 0.111328 0.232422
0 0.470703 0.333984 0.093750 0.214844
0 0.473633 0.166992 0.103516 0.216797
0 0.470703 0.064453 0.101562 0.125000
