0 0.125651 0.064941 0.230469 0.127930
0 0.126953 0.490234 0.222656 0.431641
0 0.335938 0.139648 0.065104 0.277344
0 0.426432 0.140137 0.113281 0.278320
0 0.516927 0.141113 0.062500 0.280273
0 0.335286 0.474609 0.066406 0.384766
0 0.427083 0.474609 0.117188 0.382812
0 0.518880 0.475098 0.066406 0.383789
0 0.797526 0.142578 0.092448 0.281250
0 0.897135 0.141602 0.104167 0.281250
0 0.792969 0.470703 0.078125 0.378906
0 0.905599 0.474609 0.087240 0.373047
0 0.974609 0.475098 0.050781 0.374023
0 0.975260 0.141602 0.046875 0.281250
