0 0.727539 0.317383 0.111328 0.431641
0 0.837891 0.359375 0.066406 0.394531
0 0.901367 0.398438 0.056641 0.363281
0 0.960938 0.435547 0.058594 0.324219
0 0.623047 0.382812 0.042969 0.355469
0 0.574219 0.417969 0.054688 0.359375
0 0.519531 0.458008 0.058594 0.322266
0 0.736328 0.579102 0.113281 0.130859
0 0.835938 0.599609 0.070312 0.121094
0 0.900391 0.612305 0.058594 0.111328
0 0.959961 0.626953 0.056641 0.101562
0 0.729492 0.837891 0.107422 0.324219
0 0.889648 0.831055 0.169922 0.310547
0 0.622070 0.839844 0.052734 0.320312
0 0.568359 0.844727 0.054688 0.310547
0 0.513672 0.853516 0.054688 0.292969
