0 0.377358 0.163571 0.327044 0.161429
0 0.378407 0.395714 0.329140 0.174286
0 0.383648 0.627143 0.339623 0.182857
0 0.375262 0.855714 0.327044 0.191429
0 0.271488 0.198571 0.249476 0.088571
0 0.516771 0.202143 0.245283 0.092857
0 0.764151 0.202143 0.249476 0.092857
0 0.270440 0.434286 0.247379 0.102857
0 0.517820 0.435714 0.247379 0.100000
0 0.765199 0.434286 0.247379 0.097143
0 0.268344 0.668571 0.251572 0.097143
0 0.518868 0.667857 0.249476 0.098571
0 0.766247 0.667857 0.245283 0.098571
0 0.267296 0.902857 0.249476 0.097143
0 0.515723 0.906429 0.247379 0.090000
0 0.769392 0.906429 0.259958 0.090000
