0 0.259766 0.095703 0.164062 0.187500
0 0.418945 0.093750 0.154297 0.179688
0 0.583008 0.092773 0.173828 0.181641
0 0.758789 0.091797 0.185547 0.179688
0 0.894531 0.090820 0.078125 0.177734
0 0.260742 0.259766 0.158203 0.152344
0 0.416992 0.258789 0.154297 0.154297
0 0.580078 0.258789 0.171875 0.154297
0 0.758789 0.256836 0.185547 0.158203
0 0.890625 0.256836 0.078125 0.158203
0 0.888672 0.408203 0.082031 0.144531
0 0.757812 0.404297 0.179688 0.152344
0 0.578125 0.406250 0.179688 0.156250
0 0.414062 0.406250 0.148438 0.156250
0 0.408203 0.559570 0.152344 0.150391
0 0.577148 0.557617 0.185547 0.154297
0 0.758789 0.558594 0.177734 0.156250
0 0.886719 0.558594 0.078125 0.156250
0 0.123047 0.708984 0.093750 0.148438
0 0.250977 0.708984 0.162109 0.148438
0 0.409180 0.709961 0.154297 0.150391
0 0.578125 0.710938 0.183594 0.148438
0 0.756836 0.711914 0.173828 0.150391
0 0.881836 0.710938 0.076172 0.152344
0 0.123047 0.860352 0.105469 0.150391
0 0.256836 0.859375 0.162109 0.152344
0 0.415039 0.860352 0.154297 0.154297
0 0.582031 0.860352 0.179688 0.154297
0 0.760742 0.856445 0.177734 0.146484
0 0.885742 0.856445 0.072266 0.146484
0 0.126953 0.968750 0.101562 0.054688
0 0.254883 0.966797 0.154297 0.058594
0 0.414062 0.964844 0.164062 0.054688
0 0.585938 0.959961 0.179688 0.064453
0 0.763672 0.959961 0.175781 0.064453
0 0.888672 0.961914 0.074219 0.060547
