0 0.905273 0.102539 0.189453 0.201172
0 0.905273 0.312500 0.189453 0.402344
0 0.900391 0.605469 0.199219 0.355469
0 0.904297 0.868164 0.187500 0.263672
0 0.716797 0.887695 0.171875 0.224609
0 0.709961 0.666016 0.173828 0.304688
0 0.706055 0.396484 0.173828 0.343750
0 0.711914 0.161133 0.177734 0.318359
0 0.551758 0.243164 0.130859 0.322266
0 0.557617 0.085938 0.130859 0.167969
0 0.554688 0.474609 0.136719 0.308594
0 0.554688 0.706055 0.136719 0.267578
0 0.551758 0.905273 0.138672 0.189453
0 0.423828 0.917969 0.121094 0.164062
0 0.425781 0.748047 0.121094 0.230469
0 0.424805 0.534180 0.119141 0.271484
0 0.422852 0.321289 0.126953 0.291016
0 0.431641 0.129883 0.125000 0.255859
0 0.317383 0.207031 0.095703 0.261719
0 0.315430 0.074219 0.095703 0.144531
0 0.238281 0.113281 0.074219 0.222656
0 0.170898 0.167969 0.052734 0.214844
0 0.121094 0.222656 0.062500 0.199219
0 0.065430 0.273438 0.060547 0.195312
0 0.068359 0.416992 0.050781 0.185547
0 0.117188 0.374023 0.054688 0.193359
0 0.174805 0.333008 0.048828 0.197266
0 0.234375 0.277344 0.074219 0.214844
0 0.316406 0.395508 0.109375 0.248047
0 0.233398 0.452148 0.080078 0.220703
0 0.170898 0.497070 0.068359 0.208984
0 0.115234 0.530273 0.050781 0.193359
0 0.066406 0.572266 0.058594 0.171875
0 0.065430 0.121094 0.056641 0.218750
0 0.118164 0.087891 0.056641 0.171875
0 0.174805 0.050781 0.033203 0.097656
0 0.018555 0.178711 0.033203 0.212891
0 0.022461 0.326172 0.041016 0.132812
0 0.022461 0.447266 0.041016 0.164062
0 0.025391 0.586914 0.046875 0.154297
0 0.309570 0.588867 0.099609 0.232422
0 0.317383 0.588867 0.107422 0.236328
0 0.234375 0.633789 0.074219 0.212891
0 0.165039 0.659180 0.060547 0.189453
0 0.118164 0.688477 0.056641 0.169922
0 0.062500 0.708008 0.050781 0.162109
0 0.021484 0.724609 0.039062 0.136719
0 0.309570 0.785156 0.103516 0.210938
0 0.315430 0.934570 0.107422 0.130859
0 0.229492 0.806641 0.072266 0.191406
0 0.230469 0.940430 0.070312 0.119141
0 0.166992 0.948242 0.056641 0.103516
0 0.168945 0.818359 0.064453 0.171875
0 0.115234 0.832031 0.062500 0.164062
0 0.114258 0.955078 0.056641 0.089844
0 0.061523 0.853516 0.056641 0.152344
0 0.016602 0.863281 0.029297 0.140625
0 0.063477 0.958984 0.052734 0.082031
0 0.019531 0.953125 0.035156 0.058594
