0 0.369141 0.440430 0.304688 0.220703
0 0.680664 0.432617 0.189453 0.216797
0 0.197266 0.177734 0.031250 0.191406
0 0.226562 0.178711 0.027344 0.189453
0 0.249023 0.178711 0.017578 0.189453
0 0.273438 0.178711 0.031250 0.189453
0 0.306641 0.180664 0.035156 0.193359
0 0.339844 0.181641 0.031250 0.191406
0 0.371094 0.180664 0.031250 0.189453
0 0.403320 0.179688 0.033203 0.191406
0 0.436523 0.181641 0.033203 0.195312
0 0.469727 0.181641 0.033203 0.195312
0 0.504883 0.180664 0.037109 0.193359
0 0.537109 0.180664 0.027344 0.193359
0 0.567383 0.180664 0.033203 0.193359
0 0.601562 0.181641 0.031250 0.191406
0 0.631836 0.179688 0.029297 0.195312
0 0.663086 0.178711 0.033203 0.193359
0 0.694336 0.179688 0.029297 0.191406
0 0.725586 0.180664 0.033203 0.193359
0 0.757812 0.178711 0.031250 0.197266
0 0.787109 0.176758 0.027344 0.193359
0 0.200195 0.433594 0.033203 0.296875
0 0.787109 0.434570 0.031250 0.291016
0 0.372070 0.562500 0.310547 0.031250
0 0.540039 0.454102 0.033203 0.248047
0 0.573242 0.453125 0.033203 0.250000
0 0.680664 0.560547 0.185547 0.031250
0 0.252930 0.308594 0.076172 0.039062
0 0.307617 0.308594 0.033203 0.039062
0 0.339844 0.309570 0.031250 0.041016
0 0.372070 0.310547 0.033203 0.039062
0 0.403320 0.309570 0.029297 0.037109
0 0.434570 0.308594 0.033203 0.039062
0 0.468750 0.309570 0.035156 0.041016
0 0.504883 0.309570 0.037109 0.041016
0 0.539062 0.307617 0.031250 0.037109
0 0.571289 0.308594 0.033203 0.035156
0 0.602539 0.308594 0.029297 0.035156
0 0.631836 0.307617 0.029297 0.037109
0 0.663086 0.307617 0.033203 0.037109
0 0.693359 0.307617 0.027344 0.037109
0 0.722656 0.307617 0.031250 0.037109
0 0.754883 0.307617 0.033203 0.037109
0 0.200195 0.599609 0.025391 0.035156
0 0.200195 0.748047 0.025391 0.261719
0 0.399414 0.634766 0.310547 0.035156
0 0.571289 0.635742 0.033203 0.033203
0 0.681641 0.636719 0.187500 0.035156
0 0.680664 0.750977 0.189453 0.193359
0 0.571289 0.763672 0.029297 0.222656
0 0.681641 0.861328 0.191406 0.027344
0 0.785156 0.730469 0.027344 0.300781
0 0.539062 0.767578 0.031250 0.226562
0 0.228516 0.732422 0.031250 0.292969
0 0.383789 0.863281 0.279297 0.031250
0 0.383789 0.750977 0.279297 0.193359
0 0.399414 0.598633 0.306641 0.033203
0 0.569336 0.598633 0.033203 0.033203
0 0.679688 0.599609 0.187500 0.035156
