0 0.076172 0.035156 0.078125 0.066406
0 0.162109 0.035156 0.093750 0.066406
0 0.268555 0.034180 0.076172 0.064453
0 0.356445 0.036133 0.099609 0.060547
0 0.452148 0.036133 0.091797 0.060547
0 0.539062 0.034180 0.082031 0.064453
0 0.622070 0.035156 0.083984 0.066406
0 0.707031 0.035156 0.085938 0.066406
0 0.803711 0.038086 0.072266 0.056641
0 0.882812 0.034180 0.085938 0.064453
0 0.962891 0.034180 0.074219 0.064453
0 0.019531 0.086914 0.027344 0.029297
0 0.076172 0.086914 0.085938 0.029297
0 0.161133 0.087891 0.083984 0.031250
0 0.269531 0.086914 0.082031 0.029297
0 0.355469 0.086914 0.089844 0.033203
0 0.455078 0.086914 0.078125 0.033203
0 0.538086 0.086914 0.083984 0.033203
0 0.622070 0.086914 0.083984 0.033203
0 0.706055 0.087891 0.083984 0.035156
0 0.806641 0.085938 0.078125 0.039062
0 0.886719 0.088867 0.082031 0.033203
0 0.968750 0.085938 0.062500 0.039062
0 0.014648 0.179688 0.021484 0.148438
0 0.075195 0.179688 0.080078 0.152344
0 0.161133 0.177734 0.091797 0.156250
0 0.265625 0.176758 0.078125 0.154297
0 0.355469 0.177734 0.097656 0.156250
0 0.451172 0.180664 0.082031 0.154297
0 0.537109 0.177734 0.089844 0.156250
0 0.623047 0.179688 0.082031 0.152344
0 0.704102 0.180664 0.080078 0.154297
0 0.704102 0.274414 0.080078 0.033203
0 0.806641 0.181641 0.078125 0.156250
0 0.805664 0.277344 0.080078 0.035156
0 0.805664 0.372070 0.080078 0.154297
0 0.805664 0.471680 0.080078 0.044922
0 0.803711 0.570312 0.076172 0.152344
0 0.806641 0.706055 0.070312 0.119141
0 0.885742 0.177734 0.076172 0.156250
0 0.885742 0.275391 0.076172 0.039062
0 0.884766 0.372070 0.074219 0.154297
0 0.885742 0.472656 0.072266 0.046875
0 0.884766 0.570312 0.070312 0.148438
0 0.881836 0.704102 0.076172 0.119141
0 0.968750 0.180664 0.062500 0.150391
0 0.967773 0.275391 0.060547 0.039062
0 0.967773 0.372070 0.060547 0.154297
0 0.967773 0.474609 0.060547 0.050781
0 0.970703 0.573242 0.054688 0.146484
0 0.969727 0.705078 0.052734 0.117188
0 0.624023 0.275391 0.080078 0.035156
0 0.622070 0.370117 0.083984 0.154297
0 0.622070 0.473633 0.083984 0.052734
0 0.624023 0.570312 0.080078 0.140625
0 0.623047 0.701172 0.078125 0.121094
0 0.706055 0.368164 0.076172 0.154297
0 0.705078 0.472656 0.078125 0.054688
0 0.704102 0.574219 0.076172 0.148438
0 0.703125 0.705078 0.078125 0.113281
0 0.536133 0.272461 0.083984 0.037109
0 0.537109 0.368164 0.082031 0.154297
0 0.534180 0.471680 0.076172 0.052734
0 0.534180 0.569336 0.076172 0.142578
0 0.536133 0.703125 0.080078 0.125000
0 0.454102 0.276367 0.083984 0.033203
0 0.456055 0.368164 0.080078 0.150391
0 0.454102 0.543945 0.076172 0.201172
0 0.455078 0.704102 0.074219 0.119141
0 0.353516 0.273438 0.093750 0.035156
0 0.356445 0.370117 0.087891 0.158203
0 0.350586 0.475586 0.076172 0.052734
0 0.351562 0.571289 0.074219 0.138672
0 0.351562 0.702148 0.074219 0.123047
0 0.269531 0.273438 0.082031 0.039062
0 0.269531 0.371094 0.082031 0.156250
0 0.264648 0.477539 0.072266 0.056641
0 0.264648 0.576172 0.072266 0.140625
0 0.267578 0.706055 0.078125 0.119141
0 0.156250 0.273438 0.082031 0.039062
0 0.159180 0.368164 0.076172 0.150391
0 0.159180 0.468750 0.076172 0.050781
0 0.159180 0.571289 0.076172 0.154297
0 0.160156 0.707031 0.078125 0.113281
0 0.076172 0.272461 0.085938 0.041016
0 0.079102 0.372070 0.080078 0.158203
0 0.079102 0.476562 0.080078 0.050781
0 0.079102 0.574219 0.080078 0.144531
0 0.078125 0.704102 0.078125 0.115234
