0 0.345215 0.355051 0.055664 0.247438
0 0.398438 0.355051 0.050781 0.247438
0 0.449219 0.355051 0.050781 0.244510
0 0.500488 0.354319 0.051758 0.245974
0 0.551758 0.353587 0.050781 0.244510
0 0.601562 0.352123 0.048828 0.247438
0 0.651855 0.352123 0.051758 0.247438
0 0.399902 0.765007 0.051758 0.235725
0 0.457031 0.767936 0.062500 0.229868
0 0.529785 0.704978 0.083008 0.103953
0 0.530273 0.819180 0.082031 0.124451
0 0.590820 0.767936 0.037109 0.226940
0 0.622559 0.765739 0.026367 0.231332
0 0.746582 0.767936 0.051758 0.229868
0 0.795898 0.763543 0.046875 0.238653
0 0.843262 0.762079 0.047852 0.235725
0 0.887695 0.760615 0.041016 0.238653
0 0.692871 0.763543 0.053711 0.235725
0 0.305664 0.819912 0.039062 0.125915
0 0.331055 0.822108 0.011719 0.130307
2 0.125977 0.537335 0.242188 0.348463
2 0.850098 0.404100 0.165039 0.415813
