0 0.200195 0.151367 0.025391 0.197266
0 0.225586 0.125977 0.025391 0.208984
0 0.258789 0.102539 0.033203 0.201172
0 0.295898 0.088867 0.041016 0.173828
0 0.333984 0.079102 0.039062 0.154297
0 0.375000 0.060547 0.042969 0.117188
0 0.421875 0.046875 0.046875 0.089844
0 0.463867 0.030273 0.044922 0.056641
0 0.511719 0.017578 0.042969 0.031250
0 0.200195 0.317383 0.021484 0.181641
0 0.228516 0.295898 0.027344 0.181641
0 0.258789 0.277344 0.037109 0.199219
0 0.297852 0.254883 0.037109 0.205078
0 0.333984 0.230469 0.039062 0.210938
0 0.375000 0.205078 0.039062 0.218750
0 0.420898 0.173828 0.044922 0.230469
0 0.466797 0.153320 0.042969 0.228516
0 0.510742 0.125000 0.048828 0.238281
0 0.555664 0.113281 0.044922 0.222656
0 0.601562 0.103516 0.042969 0.203125
0 0.599609 0.303711 0.039062 0.232422
0 0.553711 0.322266 0.041016 0.234375
0 0.508789 0.344727 0.044922 0.232422
0 0.460938 0.364258 0.046875 0.232422
0 0.417969 0.384766 0.046875 0.226562
0 0.374023 0.408203 0.041016 0.218750
0 0.334961 0.424805 0.037109 0.216797
0 0.294922 0.448242 0.031250 0.212891
0 0.260742 0.461914 0.033203 0.208984
0 0.227539 0.478516 0.029297 0.195312
0 0.199219 0.497070 0.023438 0.193359
0 0.596680 0.518555 0.044922 0.220703
0 0.549805 0.534180 0.048828 0.220703
0 0.502930 0.553711 0.044922 0.212891
0 0.452148 0.571289 0.044922 0.208984
0 0.410156 0.590820 0.039062 0.205078
0 0.374023 0.604492 0.041016 0.201172
0 0.333008 0.616211 0.041016 0.193359
0 0.296875 0.630859 0.035156 0.187500
0 0.262695 0.647461 0.037109 0.185547
0 0.230469 0.659180 0.035156 0.181641
0 0.202148 0.670898 0.029297 0.173828
0 0.598633 0.721680 0.044922 0.216797
0 0.549805 0.733398 0.052734 0.212891
0 0.500977 0.746094 0.044922 0.199219
0 0.456055 0.759766 0.048828 0.199219
0 0.410156 0.772461 0.039062 0.185547
0 0.375000 0.779297 0.039062 0.171875
0 0.336914 0.789062 0.037109 0.164062
0 0.298828 0.798828 0.031250 0.160156
0 0.265625 0.804688 0.031250 0.160156
0 0.230469 0.815430 0.035156 0.154297
0 0.205078 0.823242 0.023438 0.146484
0 0.596680 0.912109 0.041016 0.175781
0 0.550781 0.913086 0.046875 0.173828
0 0.504883 0.918945 0.044922 0.162109
0 0.457031 0.923828 0.046875 0.152344
0 0.414062 0.928711 0.039062 0.142578
0 0.375000 0.931641 0.042969 0.136719
0 0.335938 0.932617 0.035156 0.134766
0 0.302734 0.938477 0.031250 0.123047
0 0.271484 0.939453 0.035156 0.121094
0 0.230469 0.942383 0.039062 0.115234
0 0.201172 0.946289 0.023438 0.107422
2 0.721680 0.499023 0.201172 0.994141
2 0.846680 0.500000 0.056641 0.996094
2 0.894531 0.501953 0.042969 0.996094
2 0.957031 0.498047 0.078125 0.992188
