0 0.115234 0.211914 0.078125 0.185547
0 0.036133 0.182617 0.068359 0.193359
0 0.029297 0.343750 0.054688 0.183594
0 0.114258 0.369141 0.072266 0.175781
0 0.193359 0.391602 0.082031 0.162109
0 0.195312 0.559570 0.085938 0.201172
0 0.117188 0.541992 0.089844 0.212891
0 0.033203 0.506836 0.062500 0.197266
0 0.034180 0.713867 0.064453 0.205078
0 0.113281 0.725586 0.074219 0.189453
0 0.195312 0.738281 0.089844 0.179688
0 0.030273 0.898438 0.056641 0.203125
0 0.110352 0.902344 0.087891 0.179688
0 0.197266 0.901367 0.093750 0.181641
0 0.339844 0.276367 0.066406 0.185547
0 0.333008 0.082031 0.068359 0.160156
0 0.411133 0.052734 0.076172 0.101562
0 0.409180 0.153320 0.072266 0.150391
0 0.413086 0.291016 0.080078 0.164062
0 0.341797 0.273438 0.074219 0.167969
0 0.338867 0.431641 0.068359 0.187500
0 0.406250 0.447266 0.078125 0.175781
0 0.337891 0.586914 0.066406 0.173828
0 0.410156 0.603516 0.074219 0.167969
0 0.337891 0.752930 0.066406 0.181641
0 0.406250 0.758789 0.074219 0.181641
0 0.339844 0.912109 0.070312 0.175781
0 0.409180 0.915039 0.064453 0.166016
0 0.528320 0.061523 0.056641 0.119141
0 0.586914 0.062500 0.044922 0.121094
0 0.530273 0.183594 0.048828 0.171875
0 0.584961 0.197266 0.048828 0.160156
0 0.527344 0.334961 0.046875 0.169922
0 0.527344 0.485352 0.046875 0.173828
0 0.521484 0.640625 0.039062 0.148438
0 0.527344 0.782227 0.042969 0.146484
0 0.528320 0.928711 0.041016 0.142578
0 0.579102 0.912109 0.056641 0.121094
0 0.576172 0.757812 0.039062 0.097656
0 0.710938 0.803711 0.046875 0.146484
0 0.714844 0.666016 0.050781 0.148438
0 0.708008 0.523438 0.044922 0.156250
0 0.712891 0.375000 0.050781 0.156250
0 0.716797 0.227539 0.050781 0.173828
0 0.717773 0.089844 0.044922 0.152344
0 0.908203 0.167969 0.046875 0.136719
0 0.954102 0.178711 0.048828 0.154297
0 0.860352 0.272461 0.044922 0.158203
0 0.905273 0.290039 0.041016 0.146484
0 0.952148 0.309570 0.048828 0.154297
0 0.857422 0.415039 0.054688 0.169922
0 0.906250 0.430664 0.050781 0.158203
0 0.953125 0.451172 0.054688 0.152344
0 0.854492 0.555664 0.044922 0.154297
0 0.904297 0.566406 0.054688 0.148438
0 0.946289 0.732422 0.037109 0.453125
0 0.853516 0.698242 0.046875 0.166016
0 0.904297 0.705078 0.054688 0.156250
0 0.906250 0.843750 0.050781 0.121094
0 0.854492 0.827148 0.052734 0.154297
0 0.760742 0.815430 0.048828 0.146484
0 0.762695 0.944336 0.044922 0.111328
0 0.901367 0.954102 0.048828 0.091797
0 0.855469 0.952148 0.054688 0.091797
