0 0.014160 0.461877 0.026367 0.126100
0 0.014648 0.379032 0.027344 0.027859
0 0.061523 0.379765 0.044922 0.026393
0 0.061523 0.462610 0.042969 0.124633
0 0.115234 0.377566 0.044922 0.027859
0 0.114746 0.464076 0.043945 0.127566
0 0.170410 0.379032 0.043945 0.024927
0 0.156250 0.463343 0.023438 0.129032
0 0.180176 0.463343 0.024414 0.129032
0 0.224121 0.379765 0.045898 0.023460
0 0.210449 0.461144 0.024414 0.133431
0 0.235352 0.460411 0.025391 0.134897
0 0.278809 0.379032 0.043945 0.027859
0 0.333008 0.379032 0.044922 0.027859
0 0.386719 0.378299 0.042969 0.026393
0 0.330566 0.411290 0.045898 0.027859
0 0.332520 0.446481 0.043945 0.027859
0 0.331055 0.476540 0.044922 0.023460
0 0.332031 0.510997 0.044922 0.027859
0 0.549316 0.379765 0.043945 0.023460
0 0.548828 0.412023 0.044922 0.026393
0 0.549805 0.444282 0.042969 0.023460
0 0.549316 0.478739 0.041992 0.027859
0 0.548828 0.513196 0.042969 0.023460
