0 0.403320 0.584961 0.064453 0.236328
0 0.463867 0.605469 0.044922 0.230469
0 0.509766 0.617188 0.046875 0.222656
0 0.558594 0.632812 0.046875 0.210938
0 0.606445 0.651367 0.041016 0.208984
0 0.651367 0.660156 0.048828 0.199219
0 0.704102 0.674805 0.060547 0.189453
0 0.751953 0.690430 0.039062 0.185547
0 0.787109 0.695312 0.035156 0.175781
0 0.823242 0.705078 0.037109 0.171875
0 0.859375 0.716797 0.031250 0.164062
0 0.401367 0.426758 0.060547 0.123047
0 0.458984 0.447266 0.050781 0.109375
0 0.509766 0.471680 0.054688 0.111328
0 0.557617 0.487305 0.048828 0.111328
0 0.606445 0.510742 0.052734 0.103516
0 0.656250 0.523438 0.046875 0.101562
0 0.702148 0.538086 0.048828 0.099609
0 0.749023 0.563477 0.037109 0.091797
0 0.785156 0.574219 0.035156 0.085938
0 0.822266 0.592773 0.042969 0.095703
0 0.859375 0.604492 0.031250 0.072266
0 0.404297 0.239258 0.058594 0.287109
0 0.458984 0.268555 0.046875 0.267578
0 0.505859 0.288086 0.058594 0.267578
0 0.563477 0.318359 0.060547 0.246094
0 0.620117 0.348633 0.048828 0.248047
0 0.668945 0.376953 0.048828 0.242188
0 0.711914 0.396484 0.044922 0.238281
0 0.751953 0.416016 0.035156 0.226562
0 0.790039 0.428711 0.044922 0.220703
0 0.838867 0.457031 0.044922 0.226562
0 0.838867 0.326172 0.044922 0.062500
0 0.838867 0.231445 0.044922 0.158203
0 0.891602 0.268555 0.056641 0.166016
0 0.838867 0.095703 0.052734 0.187500
0 0.888672 0.110352 0.054688 0.216797
0 0.396484 0.062500 0.062500 0.121094
0 0.451172 0.078125 0.050781 0.152344
0 0.506836 0.094727 0.060547 0.185547
0 0.562500 0.110352 0.062500 0.216797
0 0.621094 0.131836 0.050781 0.259766
0 0.669922 0.151367 0.042969 0.244141
0 0.713867 0.178711 0.041016 0.244141
0 0.753906 0.203125 0.039062 0.226562
0 0.793945 0.232422 0.041016 0.210938
0 0.792969 0.049805 0.035156 0.091797
0 0.754883 0.041016 0.041016 0.078125
0 0.712891 0.040039 0.042969 0.076172
0 0.666016 0.025391 0.046875 0.046875
0 0.405273 0.742188 0.068359 0.097656
0 0.460938 0.754883 0.042969 0.087891
0 0.507812 0.761719 0.046875 0.085938
0 0.558594 0.769531 0.046875 0.078125
0 0.604492 0.782227 0.048828 0.076172
0 0.649414 0.790039 0.044922 0.076172
0 0.700195 0.797852 0.056641 0.080078
0 0.749023 0.808594 0.041016 0.070312
0 0.786133 0.812500 0.033203 0.066406
0 0.823242 0.819336 0.041016 0.068359
0 0.857422 0.826172 0.027344 0.062500
0 0.406250 0.829102 0.062500 0.087891
0 0.459961 0.834961 0.041016 0.091797
0 0.509766 0.842773 0.050781 0.083984
0 0.556641 0.846680 0.042969 0.083984
0 0.602539 0.853516 0.052734 0.078125
0 0.652344 0.858398 0.042969 0.076172
0 0.699219 0.864258 0.054688 0.072266
0 0.749023 0.872070 0.041016 0.060547
0 0.788086 0.874023 0.033203 0.064453
0 0.823242 0.878906 0.037109 0.062500
0 0.855469 0.882812 0.027344 0.062500
0 0.401367 0.934570 0.056641 0.130859
0 0.455078 0.937500 0.039062 0.125000
0 0.503906 0.941406 0.046875 0.117188
0 0.553711 0.943359 0.048828 0.113281
0 0.602539 0.946289 0.048828 0.107422
0 0.650391 0.946289 0.046875 0.107422
0 0.700195 0.947266 0.048828 0.105469
0 0.747070 0.951172 0.041016 0.097656
0 0.787109 0.952148 0.035156 0.095703
0 0.823242 0.955078 0.037109 0.089844
0 0.856445 0.956055 0.025391 0.087891
0 0.283203 0.308594 0.039062 0.269531
0 0.316406 0.277344 0.031250 0.273438
0 0.348633 0.249023 0.029297 0.287109
0 0.247070 0.387695 0.033203 0.197266
0 0.221680 0.408203 0.017578 0.183594
0 0.199219 0.430664 0.027344 0.185547
0 0.175781 0.457031 0.023438 0.171875
0 0.145508 0.482422 0.037109 0.167969
0 0.116211 0.514648 0.021484 0.158203
0 0.097656 0.530273 0.019531 0.150391
0 0.346680 0.592773 0.029297 0.224609
0 0.316406 0.606445 0.031250 0.216797
0 0.281250 0.628906 0.035156 0.210938
0 0.249023 0.647461 0.025391 0.201172
0 0.221680 0.661133 0.029297 0.193359
0 0.199219 0.675781 0.023438 0.183594
0 0.174805 0.693359 0.021484 0.179688
0 0.146484 0.708008 0.035156 0.181641
0 0.118164 0.733398 0.021484 0.142578
0 0.100586 0.741211 0.017578 0.142578
0 0.346680 0.745117 0.037109 0.099609
0 0.316406 0.753906 0.035156 0.093750
0 0.283203 0.772461 0.035156 0.091797
0 0.250000 0.779297 0.031250 0.082031
0 0.218750 0.788086 0.031250 0.080078
0 0.195312 0.799805 0.023438 0.076172
0 0.172852 0.808594 0.017578 0.066406
0 0.100586 0.835938 0.021484 0.074219
0 0.119141 0.828125 0.015625 0.066406
0 0.137695 0.819336 0.017578 0.064453
0 0.155273 0.814453 0.013672 0.066406
0 0.344727 0.830078 0.037109 0.085938
0 0.313477 0.839844 0.033203 0.085938
0 0.280273 0.848633 0.037109 0.083984
0 0.248047 0.859375 0.031250 0.082031
0 0.221680 0.863281 0.029297 0.082031
0 0.196289 0.874023 0.029297 0.076172
0 0.171875 0.877930 0.019531 0.072266
0 0.152344 0.882812 0.019531 0.070312
0 0.133789 0.889648 0.013672 0.068359
0 0.120117 0.893555 0.017578 0.068359
0 0.102539 0.898438 0.017578 0.070312
0 0.349609 0.934570 0.039062 0.130859
0 0.313477 0.939453 0.029297 0.121094
0 0.281250 0.945312 0.035156 0.109375
0 0.249023 0.948242 0.029297 0.103516
0 0.223633 0.950195 0.029297 0.099609
0 0.197266 0.953125 0.027344 0.093750
0 0.175781 0.956055 0.019531 0.087891
0 0.155273 0.957031 0.017578 0.085938
0 0.138672 0.960938 0.015625 0.078125
0 0.120117 0.962891 0.017578 0.074219
0 0.103516 0.964844 0.015625 0.070312
