0 0.236328 0.083008 0.117188 0.111328
0 0.367188 0.137695 0.105469 0.115234
0 0.474609 0.187500 0.097656 0.101562
0 0.580078 0.230469 0.042969 0.078125
0 0.625977 0.250000 0.041016 0.074219
0 0.688477 0.275391 0.033203 0.062500
0 0.726562 0.290039 0.042969 0.076172
0 0.784180 0.310547 0.068359 0.074219
0 0.847656 0.339844 0.027344 0.062500
0 0.878906 0.348633 0.039062 0.060547
0 0.214844 0.166992 0.062500 0.072266
0 0.280273 0.184570 0.056641 0.083984
0 0.339844 0.217773 0.042969 0.056641
0 0.394531 0.231445 0.050781 0.068359
0 0.449219 0.257812 0.046875 0.054688
0 0.502930 0.274414 0.044922 0.064453
0 0.580078 0.296875 0.039062 0.085938
0 0.626953 0.316406 0.039062 0.085938
0 0.688477 0.348633 0.037109 0.068359
0 0.731445 0.354492 0.037109 0.068359
0 0.766602 0.374023 0.033203 0.056641
0 0.804688 0.381836 0.031250 0.068359
0 0.848633 0.399414 0.033203 0.068359
0 0.881836 0.412109 0.033203 0.062500
0 0.219727 0.227539 0.060547 0.083984
0 0.279297 0.250977 0.058594 0.068359
0 0.340820 0.308594 0.056641 0.148438
0 0.395508 0.386719 0.056641 0.281250
0 0.449219 0.336914 0.054688 0.123047
0 0.503906 0.352539 0.046875 0.123047
0 0.221680 0.280273 0.060547 0.041016
0 0.284180 0.301758 0.056641 0.044922
0 0.284180 0.339844 0.048828 0.070312
0 0.223633 0.381836 0.064453 0.201172
0 0.284180 0.431641 0.048828 0.128906
0 0.339844 0.443359 0.050781 0.132812
0 0.218750 0.521484 0.066406 0.093750
0 0.283203 0.534180 0.054688 0.087891
0 0.339844 0.544922 0.046875 0.089844
0 0.397461 0.607422 0.052734 0.171875
0 0.452148 0.421875 0.048828 0.050781
0 0.451172 0.596680 0.046875 0.283203
0 0.502930 0.482422 0.052734 0.164062
0 0.505859 0.598633 0.046875 0.072266
0 0.504883 0.681641 0.041016 0.105469
0 0.286133 0.629883 0.056641 0.095703
0 0.339844 0.637695 0.054688 0.095703
0 0.202148 0.623047 0.111328 0.105469
0 0.405273 0.796875 0.048828 0.210938
0 0.456055 0.816406 0.052734 0.171875
0 0.505859 0.817383 0.046875 0.177734
0 0.341797 0.709961 0.046875 0.048828
0 0.285156 0.708008 0.042969 0.041016
0 0.287109 0.750977 0.042969 0.064453
0 0.343750 0.829102 0.066406 0.189453
0 0.581055 0.377930 0.041016 0.099609
0 0.628906 0.382812 0.042969 0.074219
0 0.579102 0.491211 0.033203 0.158203
0 0.627930 0.635742 0.037109 0.419922
0 0.577148 0.651367 0.044922 0.162109
0 0.689453 0.414062 0.039062 0.089844
0 0.730469 0.427734 0.039062 0.093750
0 0.768555 0.437500 0.033203 0.093750
0 0.803711 0.454102 0.033203 0.091797
0 0.845703 0.526367 0.035156 0.205078
0 0.879883 0.477539 0.029297 0.087891
0 0.882812 0.580078 0.035156 0.136719
0 0.880859 0.710938 0.031250 0.136719
0 0.688477 0.528320 0.044922 0.154297
0 0.726562 0.541016 0.039062 0.148438
0 0.766602 0.545898 0.037109 0.154297
0 0.805664 0.514648 0.033203 0.060547
0 0.805664 0.585938 0.029297 0.093750
0 0.920898 0.642578 0.041016 0.460938
0 0.691406 0.674805 0.039062 0.154297
0 0.731445 0.683594 0.037109 0.152344
0 0.769531 0.691406 0.039062 0.148438
0 0.805664 0.696289 0.037109 0.142578
0 0.847656 0.771484 0.039062 0.269531
0 0.883789 0.842773 0.033203 0.130859
0 0.691406 0.827148 0.035156 0.146484
0 0.728516 0.776367 0.035156 0.041016
0 0.767578 0.782227 0.039062 0.052734
0 0.806641 0.790039 0.035156 0.044922
0 0.807617 0.855469 0.037109 0.105469
0 0.770508 0.855469 0.033203 0.101562
0 0.732422 0.851562 0.039062 0.105469
