0 0.267090 0.626467 0.051758 0.063885
0 0.250000 0.732073 0.031250 0.147327
0 0.275391 0.734681 0.019531 0.152542
0 0.343262 0.670795 0.051758 0.181226
0 0.395508 0.669492 0.058594 0.189048
0 0.451660 0.668188 0.063477 0.196871
0 0.516602 0.666232 0.072266 0.211213
0 0.342285 0.792047 0.045898 0.071708
0 0.392578 0.797262 0.052734 0.071708
0 0.451172 0.801825 0.060547 0.080834
0 0.515137 0.810952 0.067383 0.086050
0 0.644531 0.662973 0.087891 0.238592
0 0.740723 0.659061 0.102539 0.251630
0 0.849121 0.656454 0.118164 0.277705
0 0.913086 0.792699 0.000000 0.007823
0 0.953613 0.653846 0.092773 0.293351
0 0.645020 0.824641 0.090820 0.092568
0 0.740723 0.833116 0.104492 0.101695
0 0.854004 0.842894 0.124023 0.113429
0 0.956543 0.855932 0.086914 0.118644
