0 0.170898 0.029297 0.095703 0.054688
0 0.290039 0.029297 0.142578 0.054688
0 0.450195 0.031250 0.166016 0.058594
0 0.555664 0.026367 0.029297 0.048828
0 0.641602 0.028320 0.134766 0.052734
0 0.170898 0.194336 0.091797 0.228516
0 0.289062 0.192383 0.144531 0.232422
0 0.449219 0.192383 0.175781 0.232422
0 0.554688 0.191406 0.035156 0.234375
0 0.640625 0.190430 0.136719 0.232422
0 0.641602 0.332031 0.134766 0.050781
0 0.641602 0.448242 0.123047 0.181641
0 0.638672 0.711914 0.128906 0.345703
0 0.557617 0.712891 0.033203 0.343750
0 0.456055 0.620117 0.169922 0.158203
0 0.455078 0.791016 0.167969 0.183594
0 0.167969 0.620117 0.097656 0.154297
0 0.293945 0.620117 0.154297 0.154297
0 0.169922 0.786133 0.093750 0.181641
0 0.292969 0.789062 0.152344 0.175781
0 0.166016 0.448242 0.089844 0.193359
0 0.287109 0.450195 0.152344 0.189453
0 0.452148 0.448242 0.177734 0.185547
0 0.559570 0.448242 0.037109 0.185547
0 0.167969 0.332031 0.089844 0.042969
0 0.289062 0.333008 0.152344 0.041016
0 0.452148 0.334961 0.173828 0.044922
0 0.556641 0.333008 0.035156 0.048828
0 0.640625 0.331055 0.132812 0.044922
