0 0.209265 0.388889 0.092652 0.139601
0 0.337061 0.400285 0.051118 0.133903
0 0.457668 0.430199 0.030351 0.113960
0 0.531150 0.434473 0.033546 0.094017
0 0.630990 0.447293 0.057508 0.148148
0 0.581470 0.445869 0.019169 0.139601
0 0.205272 0.596866 0.094249 0.139601
0 0.335463 0.602564 0.051118 0.128205
0 0.457668 0.632479 0.033546 0.125356
0 0.531150 0.633903 0.030351 0.094017
0 0.630192 0.649573 0.059105 0.153846
0 0.201278 0.804843 0.092652 0.150997
0 0.332268 0.814815 0.054313 0.125356
0 0.456070 0.839031 0.036741 0.133903
0 0.528754 0.839031 0.035144 0.105413
0 0.630192 0.856125 0.055911 0.162393
0 0.753195 0.447293 0.030351 0.165242
0 0.753994 0.649573 0.028754 0.165242
0 0.753994 0.853276 0.028754 0.173789
0 0.866613 0.341880 0.030351 0.170940
0 0.871406 0.558405 0.030351 0.165242
0 0.786741 0.455840 0.036741 0.096866
0 0.788339 0.665242 0.039936 0.111111
0 0.788339 0.880342 0.036741 0.102564
0 0.904153 0.349003 0.044728 0.111111
0 0.908147 0.564103 0.043131 0.119658
0 0.912141 0.784900 0.041534 0.105413
0 0.965655 0.243590 0.023962 0.190883
0 0.972045 0.470085 0.027157 0.176638
0 0.973642 0.696581 0.023962 0.179487
0 0.976837 0.913105 0.023962 0.145299
0 0.180511 0.401709 0.067093 0.079772
0 0.234824 0.413105 0.041534 0.079772
0 0.277157 0.420228 0.039936 0.076923
0 0.320288 0.428775 0.039936 0.076923
0 0.361821 0.434473 0.039936 0.071225
0 0.403355 0.440171 0.039936 0.082621
0 0.441693 0.448718 0.039936 0.082621
0 0.484026 0.458689 0.041534 0.074074
0 0.527157 0.467236 0.038339 0.074074
0 0.571086 0.474359 0.043131 0.076923
0 0.178115 0.618234 0.062300 0.085470
0 0.232428 0.623932 0.043131 0.074074
0 0.275559 0.632479 0.039936 0.079772
0 0.317891 0.638177 0.041534 0.079772
0 0.359425 0.648148 0.041534 0.082621
0 0.402556 0.653846 0.038339 0.076923
0 0.443291 0.658120 0.039936 0.079772
0 0.484026 0.669516 0.038339 0.079772
0 0.525559 0.673789 0.041534 0.082621
0 0.569489 0.679487 0.046326 0.082621
0 0.173323 0.837607 0.068690 0.085470
0 0.228435 0.839031 0.041534 0.082621
0 0.271565 0.847578 0.041534 0.076923
0 0.314696 0.851852 0.041534 0.085470
0 0.357029 0.858974 0.043131 0.076923
0 0.400160 0.867521 0.039936 0.082621
0 0.441693 0.871795 0.043131 0.085470
0 0.483227 0.873219 0.039936 0.082621
0 0.524760 0.883191 0.043131 0.085470
0 0.571885 0.888889 0.047923 0.085470
