0 0.103125 0.161458 0.200000 0.310417
0 0.305208 0.181250 0.204167 0.306250
0 0.497917 0.191667 0.191667 0.281250
0 0.675000 0.206771 0.179167 0.273958
0 0.838542 0.219792 0.166667 0.262500
0 0.103646 0.457292 0.205208 0.302083
0 0.305729 0.464583 0.211458 0.289583
0 0.501563 0.465625 0.186458 0.272917
0 0.680208 0.469271 0.183333 0.267708
0 0.851562 0.475521 0.178125 0.255208
0 0.106250 0.762500 0.210417 0.306250
0 0.312500 0.752083 0.214583 0.287500
0 0.509375 0.747917 0.189583 0.272917
0 0.691667 0.731771 0.195833 0.265625
0 0.860938 0.728646 0.190625 0.253125
