0 0.148438 0.330078 0.105469 0.230469
0 0.246094 0.329102 0.089844 0.232422
0 0.336914 0.327148 0.091797 0.228516
0 0.427734 0.327148 0.089844 0.228516
0 0.517578 0.328125 0.089844 0.230469
0 0.610352 0.329102 0.095703 0.228516
0 0.708008 0.379883 0.099609 0.255859
0 0.820312 0.382812 0.125000 0.250000
0 0.196289 0.645508 0.103516 0.064453
0 0.307617 0.670898 0.123047 0.115234
0 0.414062 0.691406 0.089844 0.074219
0 0.414062 0.642578 0.089844 0.023438
0 0.414062 0.622070 0.089844 0.017578
0 0.509766 0.624023 0.101562 0.021484
0 0.510742 0.645508 0.099609 0.021484
0 0.508789 0.692383 0.095703 0.072266
0 0.509766 0.764648 0.093750 0.072266
0 0.416016 0.764648 0.093750 0.072266
0 0.342773 0.764648 0.052734 0.072266
0 0.280273 0.764648 0.072266 0.072266
0 0.221680 0.765625 0.044922 0.074219
0 0.218750 0.701172 0.042969 0.050781
0 0.170898 0.704102 0.052734 0.056641
0 0.169922 0.767578 0.054688 0.070312
0 0.169922 0.828125 0.054688 0.050781
0 0.223633 0.826172 0.048828 0.054688
0 0.277344 0.829102 0.062500 0.060547
0 0.343750 0.829102 0.054688 0.060547
0 0.416016 0.825195 0.093750 0.052734
0 0.510742 0.827148 0.095703 0.056641
0 0.614258 0.642578 0.080078 0.023438
0 0.615234 0.690430 0.085938 0.076172
0 0.615234 0.766602 0.085938 0.076172
0 0.615234 0.831055 0.085938 0.052734
0 0.709961 0.691406 0.099609 0.082031
0 0.706055 0.640625 0.107422 0.019531
0 0.826172 0.679688 0.132812 0.101562
0 0.708008 0.764648 0.099609 0.072266
0 0.827148 0.767578 0.130859 0.078125
0 0.824219 0.845703 0.136719 0.078125
0 0.707031 0.841797 0.097656 0.085938
