0 0.026367 0.048438 0.050781 0.093750
0 0.080566 0.051562 0.059570 0.100000
0 0.250977 0.052344 0.029297 0.101562
0 0.297363 0.052344 0.063477 0.101562
0 0.358887 0.054688 0.059570 0.106250
0 0.420898 0.053906 0.064453 0.104688
0 0.485352 0.052344 0.060547 0.101562
0 0.647461 0.050000 0.033203 0.096875
0 0.694336 0.052344 0.060547 0.098437
0 0.755859 0.051562 0.062500 0.100000
0 0.817871 0.054688 0.061523 0.106250
0 0.881348 0.054688 0.065430 0.106250
0 0.077148 0.383594 0.068359 0.207813
0 0.021973 0.382031 0.041992 0.210938
0 0.733398 0.387500 0.072266 0.200000
0 0.807617 0.387500 0.076172 0.200000
0 0.880371 0.387500 0.069336 0.200000
4 0.664062 0.415625 0.058594 0.153125
