0 0.154297 0.489258 0.058594 0.611328
0 0.236328 0.444336 0.066406 0.658203
0 0.326172 0.381836 0.074219 0.705078
0 0.429688 0.349609 0.085938 0.695312
0 0.157227 0.893555 0.072266 0.208984
0 0.237305 0.881836 0.080078 0.220703
0 0.328125 0.868164 0.082031 0.259766
0 0.433594 0.851562 0.085938 0.292969
0 0.587891 0.157227 0.058594 0.310547
0 0.651367 0.245117 0.068359 0.310547
0 0.699219 0.331055 0.046875 0.267578
0 0.647461 0.095703 0.072266 0.187500
0 0.698242 0.132812 0.044922 0.226562
0 0.736328 0.284180 0.039062 0.416016
0 0.590820 0.442383 0.072266 0.412109
0 0.650391 0.502930 0.062500 0.357422
0 0.696289 0.571289 0.041016 0.302734
0 0.736328 0.610352 0.039062 0.291016
0 0.590820 0.859375 0.064453 0.281250
0 0.655273 0.869141 0.060547 0.257812
0 0.700195 0.893555 0.029297 0.212891
0 0.732422 0.910156 0.031250 0.179688
