0 0.017216 0.021484 0.031437 0.041016
0 0.057635 0.021484 0.052395 0.041016
0 0.110778 0.021484 0.050898 0.041016
0 0.162425 0.022461 0.049401 0.042969
0 0.211826 0.021484 0.049401 0.041016
0 0.263473 0.021484 0.053892 0.041016
0 0.315868 0.021484 0.050898 0.041016
0 0.367515 0.021973 0.052395 0.040039
0 0.418413 0.023438 0.049401 0.042969
0 0.470060 0.022949 0.053892 0.043945
0 0.522455 0.021484 0.050898 0.041016
0 0.574102 0.021484 0.052395 0.041016
0 0.625749 0.022949 0.050898 0.043945
0 0.678144 0.022949 0.053892 0.043945
0 0.729042 0.022949 0.047904 0.043945
0 0.778443 0.022949 0.053892 0.043945
0 0.830090 0.022461 0.052395 0.042969
0 0.883234 0.022461 0.053892 0.042969
0 0.934880 0.021484 0.049401 0.041016
0 0.979790 0.021484 0.040419 0.041016
0 0.015719 0.067871 0.028443 0.049805
0 0.057635 0.067383 0.055389 0.050781
0 0.111527 0.066895 0.052395 0.049805
0 0.163174 0.066895 0.050898 0.049805
0 0.214072 0.067871 0.050898 0.051758
0 0.265719 0.067871 0.052395 0.051758
0 0.315868 0.066895 0.047904 0.049805
0 0.367515 0.066895 0.055389 0.049805
0 0.419910 0.067871 0.049401 0.051758
0 0.470060 0.069336 0.050898 0.048828
0 0.521707 0.069336 0.052395 0.048828
0 0.573353 0.069336 0.050898 0.048828
0 0.625749 0.069824 0.053892 0.049805
0 0.678892 0.069824 0.052395 0.049805
0 0.729790 0.068359 0.049401 0.046875
0 0.781437 0.066895 0.053892 0.049805
0 0.832335 0.067871 0.047904 0.051758
0 0.882485 0.068359 0.052395 0.050781
0 0.934880 0.068359 0.052395 0.050781
0 0.980539 0.068359 0.038922 0.050781
0 0.017216 0.119141 0.028443 0.048828
0 0.058383 0.118652 0.053892 0.049805
0 0.109281 0.119629 0.047904 0.051758
0 0.160928 0.119629 0.055389 0.051758
0 0.212575 0.119141 0.047904 0.050781
0 0.264222 0.119141 0.055389 0.050781
0 0.316617 0.119629 0.049401 0.051758
0 0.369012 0.119629 0.055389 0.051758
0 0.421407 0.119629 0.049401 0.051758
0 0.471557 0.119629 0.050898 0.051758
0 0.522455 0.119629 0.050898 0.051758
0 0.574102 0.120117 0.052395 0.050781
0 0.626497 0.119629 0.052395 0.049805
0 0.678892 0.118652 0.052395 0.051758
0 0.729790 0.118652 0.049401 0.051758
0 0.780689 0.118652 0.052395 0.051758
0 0.831587 0.118164 0.049401 0.050781
0 0.882485 0.118164 0.052395 0.050781
0 0.934880 0.119141 0.052395 0.052734
0 0.980539 0.119141 0.038922 0.052734
0 0.016467 0.170410 0.029940 0.047852
0 0.058383 0.169434 0.053892 0.049805
0 0.111527 0.170410 0.052395 0.051758
0 0.163922 0.170898 0.052395 0.050781
0 0.214820 0.170898 0.049401 0.050781
0 0.265719 0.170410 0.052395 0.051758
0 0.317365 0.170410 0.050898 0.051758
0 0.368263 0.169922 0.050898 0.052734
0 0.419910 0.169922 0.052395 0.052734
0 0.472305 0.169922 0.052395 0.052734
0 0.522455 0.169434 0.047904 0.051758
0 0.573353 0.169434 0.053892 0.051758
0 0.625749 0.169922 0.050898 0.052734
0 0.678144 0.170410 0.053892 0.051758
0 0.729042 0.169922 0.047904 0.050781
0 0.779940 0.168945 0.053892 0.052734
0 0.831587 0.168945 0.049401 0.052734
0 0.883234 0.168945 0.053892 0.052734
0 0.934880 0.169434 0.049401 0.053711
0 0.979790 0.171387 0.040419 0.049805
0 0.016467 0.222656 0.029940 0.052734
0 0.058383 0.221680 0.053892 0.054688
0 0.111527 0.222656 0.052395 0.056641
0 0.161677 0.224121 0.047904 0.053711
0 0.212575 0.223145 0.053892 0.051758
0 0.265719 0.222168 0.052395 0.053711
0 0.317365 0.222656 0.050898 0.054688
0 0.368263 0.223145 0.050898 0.053711
0 0.419910 0.222168 0.052395 0.051758
0 0.472305 0.222168 0.052395 0.051758
0 0.522455 0.222168 0.047904 0.051758
0 0.573353 0.220703 0.053892 0.054688
0 0.625000 0.220215 0.049401 0.053711
0 0.676647 0.220703 0.053892 0.052734
0 0.729042 0.220215 0.050898 0.051758
0 0.779940 0.221680 0.050898 0.048828
0 0.830090 0.221191 0.049401 0.047852
0 0.882485 0.220703 0.055389 0.048828
0 0.935629 0.222168 0.050898 0.051758
0 0.980539 0.222168 0.038922 0.051758
0 0.016467 0.272949 0.029940 0.049805
0 0.057635 0.272949 0.052395 0.049805
0 0.110778 0.272461 0.053892 0.048828
0 0.163922 0.272461 0.052395 0.048828
0 0.215569 0.272461 0.050898 0.048828
0 0.266467 0.272461 0.050898 0.048828
0 0.316617 0.272949 0.049401 0.049805
0 0.367515 0.272949 0.052395 0.049805
0 0.419162 0.272949 0.050898 0.049805
0 0.472305 0.272461 0.055389 0.050781
0 0.523204 0.271973 0.046407 0.049805
0 0.571108 0.272461 0.049401 0.048828
0 0.624251 0.272461 0.056886 0.048828
0 0.675898 0.271973 0.046407 0.049805
0 0.726796 0.271973 0.055389 0.049805
0 0.779192 0.270996 0.049401 0.051758
0 0.830838 0.270508 0.053892 0.050781
0 0.883234 0.270508 0.050898 0.050781
0 0.934880 0.272949 0.052395 0.055664
0 0.980539 0.275879 0.038922 0.049805
0 0.017216 0.323242 0.031437 0.050781
0 0.058383 0.324219 0.050898 0.048828
0 0.109281 0.324219 0.050898 0.048828
0 0.160928 0.322754 0.052395 0.051758
0 0.213323 0.322754 0.052395 0.051758
0 0.264222 0.323730 0.049401 0.049805
0 0.314371 0.324707 0.050898 0.051758
0 0.365269 0.325195 0.050898 0.050781
0 0.418413 0.325195 0.055389 0.050781
0 0.470808 0.323730 0.049401 0.053711
0 0.522455 0.322754 0.053892 0.051758
0 0.571108 0.322754 0.043413 0.051758
0 0.622754 0.322266 0.059880 0.050781
0 0.676647 0.322266 0.047904 0.050781
0 0.727545 0.323730 0.053892 0.053711
0 0.780689 0.323730 0.052395 0.053711
0 0.831587 0.323242 0.049401 0.052734
0 0.882485 0.323242 0.052395 0.052734
0 0.933383 0.323730 0.049401 0.053711
0 0.976796 0.324707 0.037425 0.051758
0 0.017964 0.375488 0.029940 0.049805
0 0.058383 0.375488 0.050898 0.049805
0 0.110778 0.375488 0.053892 0.049805
0 0.163922 0.374512 0.052395 0.051758
0 0.215569 0.374512 0.050898 0.051758
0 0.265719 0.375488 0.049401 0.049805
0 0.315868 0.375000 0.050898 0.048828
0 0.365269 0.374023 0.047904 0.050781
0 0.418413 0.375000 0.058383 0.052734
0 0.472305 0.375488 0.049401 0.051758
0 0.521707 0.375000 0.049401 0.050781
0 0.573353 0.375488 0.053892 0.049805
0 0.626497 0.375488 0.052395 0.049805
0 0.678144 0.374512 0.050898 0.051758
0 0.729042 0.373535 0.050898 0.049805
0 0.780689 0.375000 0.052395 0.046875
0 0.830838 0.375488 0.047904 0.047852
0 0.880988 0.374512 0.052395 0.049805
0 0.932635 0.375000 0.050898 0.050781
0 0.976796 0.375977 0.037425 0.048828
0 0.018713 0.426270 0.034431 0.051758
0 0.059132 0.426270 0.046407 0.051758
0 0.110030 0.425293 0.055389 0.049805
0 0.162425 0.425293 0.049401 0.049805
0 0.214072 0.426270 0.053892 0.051758
0 0.264970 0.426758 0.047904 0.050781
0 0.314371 0.428223 0.050898 0.053711
0 0.366018 0.427246 0.052395 0.053711
0 0.419162 0.425781 0.056886 0.052734
0 0.473054 0.426758 0.050898 0.050781
0 0.523952 0.425781 0.050898 0.048828
0 0.574850 0.425781 0.050898 0.048828
0 0.625749 0.425781 0.050898 0.048828
0 0.678144 0.425293 0.053892 0.049805
0 0.729790 0.426758 0.049401 0.052734
0 0.780689 0.426758 0.052395 0.052734
0 0.833084 0.426270 0.052395 0.051758
0 0.883982 0.426758 0.049401 0.050781
0 0.934132 0.427246 0.050898 0.051758
0 0.977545 0.426758 0.035928 0.052734
0 0.018713 0.477539 0.028443 0.050781
0 0.059132 0.478027 0.052395 0.049805
0 0.111527 0.478027 0.052395 0.049805
0 0.161677 0.478516 0.047904 0.048828
0 0.212575 0.477539 0.053892 0.046875
0 0.265719 0.477539 0.052395 0.046875
0 0.317365 0.477539 0.050898 0.046875
0 0.368263 0.478027 0.050898 0.045898
0 0.419162 0.478027 0.050898 0.045898
0 0.471557 0.476562 0.053892 0.048828
0 0.523204 0.476562 0.049401 0.048828
0 0.573353 0.477051 0.050898 0.047852
0 0.623503 0.477051 0.049401 0.047852
0 0.676647 0.476562 0.056886 0.048828
0 0.729790 0.476562 0.049401 0.048828
0 0.780689 0.476562 0.052395 0.048828
0 0.833084 0.478027 0.052395 0.051758
0 0.883982 0.478027 0.049401 0.051758
0 0.934880 0.477539 0.052395 0.050781
0 0.980539 0.478027 0.038922 0.049805
0 0.019461 0.526367 0.026946 0.046875
0 0.059880 0.525391 0.053892 0.048828
0 0.111527 0.527344 0.049401 0.052734
0 0.162425 0.527832 0.052395 0.051758
0 0.214820 0.528320 0.052395 0.052734
0 0.266467 0.529297 0.050898 0.050781
0 0.318114 0.529297 0.052395 0.050781
0 0.367515 0.528320 0.046407 0.052734
0 0.416916 0.526855 0.052395 0.049805
0 0.470060 0.527832 0.053892 0.047852
0 0.522455 0.529785 0.050898 0.051758
0 0.574102 0.529785 0.052395 0.051758
0 0.625000 0.528809 0.049401 0.049805
0 0.675898 0.528320 0.052395 0.050781
0 0.728293 0.527832 0.052395 0.049805
0 0.781437 0.527832 0.053892 0.049805
0 0.831587 0.526367 0.046407 0.046875
0 0.882485 0.526855 0.055389 0.045898
0 0.934880 0.527344 0.049401 0.046875
0 0.978293 0.526855 0.037425 0.047852
0 0.018713 0.578613 0.028443 0.051758
0 0.059132 0.579590 0.052395 0.049805
0 0.111527 0.580078 0.052395 0.050781
0 0.163174 0.580078 0.050898 0.050781
0 0.214820 0.579590 0.052395 0.049805
0 0.266467 0.579102 0.050898 0.050781
0 0.316617 0.579102 0.049401 0.050781
0 0.366766 0.580078 0.050898 0.048828
0 0.419910 0.581543 0.055389 0.051758
0 0.470060 0.581543 0.047904 0.051758
0 0.520210 0.581055 0.052395 0.050781
0 0.572605 0.580078 0.052395 0.052734
0 0.625749 0.578125 0.053892 0.048828
0 0.676647 0.579102 0.047904 0.046875
0 0.728293 0.579590 0.055389 0.047852
0 0.781437 0.578613 0.050898 0.049805
0 0.830838 0.578613 0.047904 0.049805
0 0.881737 0.578125 0.053892 0.050781
0 0.934132 0.579102 0.050898 0.052734
0 0.979790 0.579590 0.040419 0.051758
0 0.019461 0.630859 0.032934 0.052734
0 0.059880 0.630859 0.047904 0.052734
0 0.108533 0.630371 0.049401 0.051758
0 0.161677 0.630371 0.056886 0.051758
0 0.214820 0.630371 0.049401 0.051758
0 0.264970 0.631348 0.050898 0.049805
0 0.315120 0.630859 0.049401 0.048828
0 0.367515 0.629883 0.055389 0.050781
0 0.020958 0.682129 0.029940 0.049805
0 0.060629 0.681641 0.049401 0.050781
0 0.112275 0.681641 0.053892 0.050781
0 0.164671 0.681641 0.050898 0.050781
0 0.216317 0.682129 0.052395 0.051758
0 0.266467 0.683105 0.047904 0.049805
0 0.314371 0.682617 0.047904 0.048828
0 0.366766 0.682617 0.056886 0.048828
0 0.018713 0.732910 0.034431 0.053711
0 0.062126 0.733887 0.052395 0.051758
0 0.113024 0.732910 0.049401 0.049805
0 0.163174 0.732422 0.050898 0.050781
0 0.214820 0.731934 0.052395 0.049805
0 0.265719 0.731445 0.049401 0.050781
0 0.316617 0.731934 0.052395 0.051758
0 0.369012 0.732422 0.052395 0.050781
0 0.419162 0.732910 0.047904 0.051758
0 0.470808 0.733887 0.055389 0.049805
0 0.523204 0.733887 0.049401 0.049805
0 0.574850 0.732910 0.053892 0.051758
0 0.625000 0.733398 0.046407 0.052734
0 0.675150 0.733398 0.053892 0.052734
0 0.728293 0.732422 0.052395 0.050781
0 0.779940 0.732422 0.050898 0.050781
0 0.830838 0.733398 0.050898 0.052734
0 0.881737 0.732422 0.050898 0.054688
0 0.934132 0.732422 0.053892 0.054688
0 0.978293 0.732910 0.034431 0.053711
0 0.018713 0.786133 0.031437 0.050781
0 0.060629 0.784180 0.052395 0.054688
0 0.112275 0.783203 0.050898 0.052734
0 0.161677 0.783203 0.047904 0.052734
0 0.213323 0.783203 0.055389 0.052734
0 0.266467 0.783203 0.050898 0.052734
0 0.316617 0.782715 0.049401 0.051758
0 0.368263 0.783203 0.053892 0.050781
0 0.420659 0.783203 0.050898 0.050781
0 0.473054 0.782715 0.053892 0.051758
0 0.525449 0.782715 0.050898 0.051758
0 0.576347 0.782715 0.050898 0.051758
0 0.626497 0.782715 0.049401 0.051758
0 0.676647 0.783203 0.050898 0.050781
0 0.728293 0.782715 0.052395 0.049805
0 0.780689 0.782227 0.052395 0.050781
0 0.833084 0.782715 0.052395 0.051758
0 0.884731 0.783691 0.050898 0.049805
0 0.934132 0.784668 0.047904 0.051758
0 0.976048 0.784180 0.035928 0.052734
0 0.017216 0.834473 0.025449 0.049805
0 0.058383 0.834473 0.056886 0.049805
0 0.111527 0.835449 0.049401 0.051758
0 0.161677 0.834961 0.050898 0.052734
0 0.213323 0.833984 0.052395 0.050781
0 0.264222 0.835449 0.049401 0.047852
0 0.315120 0.836914 0.052395 0.050781
0 0.366766 0.835449 0.050898 0.053711
0 0.419910 0.834473 0.055389 0.051758
0 0.473054 0.834961 0.050898 0.050781
0 0.523204 0.834961 0.049401 0.050781
0 0.574102 0.834473 0.052395 0.051758
0 0.625749 0.834961 0.050898 0.052734
0 0.677395 0.834961 0.052395 0.052734
0 0.729790 0.833984 0.052395 0.050781
0 0.781437 0.834473 0.050898 0.049805
0 0.833084 0.834961 0.052395 0.050781
0 0.883982 0.835449 0.049401 0.049805
0 0.934880 0.835449 0.052395 0.049805
0 0.976796 0.835938 0.031437 0.048828
0 0.017964 0.885742 0.026946 0.050781
0 0.059880 0.885742 0.056886 0.050781
0 0.112275 0.886230 0.047904 0.051758
0 0.163174 0.886719 0.053892 0.050781
0 0.211826 0.886719 0.043413 0.050781
0 0.259731 0.886230 0.052395 0.051758
0 0.313623 0.887207 0.055389 0.053711
0 0.367515 0.887207 0.052395 0.053711
0 0.420659 0.885742 0.053892 0.050781
0 0.472305 0.885742 0.049401 0.050781
0 0.522455 0.884766 0.050898 0.048828
0 0.574102 0.885742 0.052395 0.046875
0 0.626497 0.887207 0.052395 0.049805
0 0.678144 0.886230 0.050898 0.051758
0 0.729042 0.885254 0.050898 0.049805
0 0.782934 0.885742 0.056886 0.048828
0 0.833084 0.886230 0.043413 0.049805
0 0.882485 0.885742 0.055389 0.050781
0 0.935629 0.885254 0.050898 0.049805
0 0.978293 0.886719 0.034431 0.046875
0 0.017216 0.937500 0.028443 0.052734
0 0.058383 0.937988 0.053892 0.051758
0 0.111527 0.937988 0.052395 0.051758
0 0.163922 0.936523 0.052395 0.054688
0 0.214820 0.937988 0.049401 0.057617
0 0.266467 0.939453 0.053892 0.054688
0 0.318114 0.937988 0.049401 0.051758
0 0.367515 0.937988 0.049401 0.051758
0 0.418413 0.937988 0.052395 0.051758
0 0.470808 0.937988 0.052395 0.051758
0 0.521707 0.938477 0.049401 0.052734
0 0.572605 0.937988 0.052395 0.053711
0 0.626497 0.937500 0.055389 0.052734
0 0.678892 0.937500 0.049401 0.052734
0 0.730539 0.937500 0.050898 0.052734
0 0.782186 0.937500 0.052395 0.052734
0 0.833084 0.937500 0.049401 0.052734
0 0.883982 0.937988 0.052395 0.051758
0 0.936377 0.938965 0.052395 0.053711
0 0.979790 0.937988 0.034431 0.055664
0 0.017964 0.982910 0.026946 0.032227
0 0.058383 0.981934 0.053892 0.034180
0 0.110778 0.981934 0.050898 0.034180
0 0.160928 0.980957 0.049401 0.036133
0 0.212575 0.980469 0.053892 0.035156
0 0.265719 0.981445 0.052395 0.033203
0 0.316617 0.981445 0.049401 0.033203
0 0.366766 0.980957 0.050898 0.034180
0 0.419162 0.980957 0.053892 0.034180
0 0.471557 0.980957 0.050898 0.034180
0 0.521707 0.980957 0.049401 0.034180
0 0.573353 0.980957 0.053892 0.034180
0 0.626497 0.981445 0.052395 0.035156
0 0.677395 0.981445 0.049401 0.035156
0 0.727545 0.981445 0.050898 0.035156
0 0.778443 0.981934 0.050898 0.034180
0 0.829341 0.981445 0.050898 0.033203
0 0.881737 0.980957 0.053892 0.034180
0 0.934880 0.980957 0.052395 0.034180
0 0.979790 0.981934 0.037425 0.032227
