0 0.047852 0.090820 0.091797 0.177734
0 0.155273 0.129883 0.103516 0.255859
0 0.252930 0.203125 0.083984 0.253906
0 0.345703 0.267578 0.082031 0.234375
0 0.247070 0.072266 0.099609 0.140625
0 0.342773 0.108398 0.091797 0.212891
0 0.048828 0.307617 0.093750 0.396484
0 0.155273 0.375977 0.107422 0.369141
0 0.251953 0.437500 0.093750 0.351562
0 0.343750 0.488281 0.089844 0.312500
0 0.049805 0.675781 0.095703 0.429688
0 0.152344 0.708008 0.101562 0.404297
0 0.253906 0.741211 0.089844 0.361328
0 0.341797 0.769531 0.085938 0.335938
0 0.047852 0.940430 0.091797 0.119141
0 0.154297 0.948242 0.109375 0.103516
0 0.250977 0.957031 0.091797 0.085938
0 0.343750 0.961914 0.089844 0.076172
