0 0.110352 0.013672 0.021484 0.023438
0 0.167969 0.015625 0.093750 0.027344
0 0.270508 0.015625 0.111328 0.027344
0 0.380859 0.012695 0.109375 0.021484
0 0.495117 0.012695 0.119141 0.021484
0 0.618164 0.014648 0.126953 0.025391
0 0.734375 0.014648 0.105469 0.025391
0 0.838867 0.013672 0.103516 0.023438
0 0.902344 0.013672 0.023438 0.023438
0 0.115234 0.075195 0.027344 0.111328
0 0.172852 0.078125 0.087891 0.105469
0 0.272461 0.077148 0.111328 0.103516
0 0.383789 0.077148 0.111328 0.103516
0 0.497070 0.077148 0.115234 0.103516
0 0.617188 0.076172 0.125000 0.105469
0 0.732422 0.076172 0.105469 0.105469
0 0.837891 0.074219 0.105469 0.109375
0 0.901367 0.075195 0.021484 0.111328
0 0.901367 0.141602 0.021484 0.021484
0 0.837891 0.140625 0.105469 0.023438
0 0.731445 0.139648 0.107422 0.021484
0 0.615234 0.139648 0.125000 0.021484
0 0.494141 0.140625 0.117188 0.023438
0 0.380859 0.141602 0.109375 0.021484
0 0.270508 0.141602 0.111328 0.021484
0 0.172852 0.140625 0.083984 0.023438
0 0.116211 0.137695 0.029297 0.017578
0 0.112305 0.216797 0.021484 0.140625
0 0.167969 0.216797 0.089844 0.140625
0 0.269531 0.218750 0.113281 0.144531
0 0.380859 0.222656 0.109375 0.136719
0 0.493164 0.222656 0.115234 0.136719
0 0.615234 0.220703 0.128906 0.140625
0 0.732422 0.221680 0.105469 0.142578
0 0.836914 0.222656 0.103516 0.140625
0 0.898438 0.219727 0.019531 0.134766
0 0.898438 0.347656 0.019531 0.121094
0 0.835938 0.350586 0.105469 0.115234
0 0.731445 0.352539 0.103516 0.119141
0 0.614258 0.351562 0.130859 0.121094
0 0.492188 0.348633 0.113281 0.115234
0 0.379883 0.346680 0.111328 0.119141
0 0.269531 0.348633 0.109375 0.123047
0 0.168945 0.348633 0.091797 0.123047
0 0.113281 0.347656 0.019531 0.121094
0 0.114258 0.419922 0.021484 0.023438
0 0.169922 0.421875 0.089844 0.019531
0 0.271484 0.421875 0.113281 0.019531
0 0.382812 0.420898 0.109375 0.021484
0 0.495117 0.420898 0.115234 0.021484
0 0.616211 0.421875 0.126953 0.019531
0 0.733398 0.423828 0.107422 0.023438
0 0.836914 0.421875 0.099609 0.027344
0 0.899414 0.420898 0.025391 0.025391
0 0.900391 0.498047 0.023438 0.128906
0 0.836914 0.499023 0.103516 0.126953
0 0.731445 0.498047 0.107422 0.125000
0 0.615234 0.497070 0.125000 0.130859
0 0.495117 0.497070 0.115234 0.130859
0 0.380859 0.497070 0.113281 0.130859
0 0.270508 0.496094 0.107422 0.128906
0 0.172852 0.496094 0.087891 0.128906
0 0.115234 0.496094 0.027344 0.128906
0 0.112305 0.636719 0.021484 0.152344
0 0.170898 0.640625 0.095703 0.144531
0 0.273438 0.640625 0.109375 0.144531
0 0.382812 0.640625 0.109375 0.144531
0 0.495117 0.638672 0.115234 0.140625
0 0.615234 0.638672 0.125000 0.140625
0 0.730469 0.640625 0.105469 0.144531
0 0.836914 0.641602 0.107422 0.142578
0 0.902344 0.642578 0.023438 0.144531
0 0.900391 0.834961 0.027344 0.240234
0 0.835938 0.835938 0.101562 0.238281
0 0.732422 0.835938 0.105469 0.238281
0 0.614258 0.833984 0.130859 0.242188
0 0.492188 0.836914 0.113281 0.248047
0 0.380859 0.837891 0.109375 0.246094
0 0.271484 0.837891 0.109375 0.246094
0 0.170898 0.836914 0.091797 0.248047
0 0.115234 0.835938 0.019531 0.246094
0 0.115234 0.978516 0.019531 0.039062
0 0.170898 0.979492 0.091797 0.037109
0 0.271484 0.977539 0.109375 0.033203
0 0.381836 0.978516 0.111328 0.031250
0 0.496094 0.978516 0.117188 0.031250
0 0.617188 0.977539 0.125000 0.033203
0 0.733398 0.978516 0.107422 0.035156
0 0.836914 0.978516 0.099609 0.035156
0 0.899414 0.978516 0.025391 0.035156
