0 0.152344 0.298828 0.117188 0.234375
0 0.265625 0.260742 0.101562 0.220703
0 0.147461 0.531250 0.103516 0.230469
0 0.260742 0.504883 0.103516 0.244141
0 0.150391 0.776367 0.097656 0.244141
0 0.264648 0.766602 0.091797 0.232422
0 0.535156 0.200195 0.203125 0.291016
0 0.538086 0.454102 0.208984 0.298828
0 0.537109 0.714844 0.210938 0.312500
0 0.533203 0.919922 0.199219 0.144531
0 0.881836 0.900391 0.236328 0.195312
0 0.880859 0.651367 0.238281 0.326172
0 0.878906 0.421875 0.234375 0.214844
0 0.878906 0.283203 0.242188 0.171875
0 0.880859 0.125977 0.234375 0.248047
