0 0.541016 0.645508 0.214844 0.048828
0 0.746094 0.642578 0.195312 0.054688
0 0.921875 0.645508 0.144531 0.060547
0 0.922852 0.715820 0.142578 0.080078
0 0.750000 0.715820 0.203125 0.080078
0 0.534180 0.724609 0.228516 0.097656
0 0.540039 0.591797 0.228516 0.058594
0 0.751953 0.585938 0.195312 0.046875
0 0.925781 0.584961 0.148438 0.048828
0 0.541016 0.544922 0.214844 0.039062
0 0.751953 0.542969 0.207031 0.042969
0 0.927734 0.541992 0.144531 0.041016
0 0.542969 0.493164 0.226562 0.068359
0 0.753906 0.495117 0.195312 0.064453
0 0.925781 0.491211 0.148438 0.056641
0 0.543945 0.398438 0.224609 0.042969
0 0.542969 0.441406 0.226562 0.042969
0 0.731445 0.393555 0.162109 0.044922
0 0.733398 0.438477 0.158203 0.044922
0 0.904297 0.392578 0.183594 0.050781
0 0.904297 0.442383 0.183594 0.048828
0 0.541992 0.344727 0.228516 0.052734
0 0.733398 0.344727 0.154297 0.052734
0 0.905273 0.343750 0.189453 0.050781
0 0.513672 0.041016 0.148438 0.035156
0 0.610352 0.040039 0.044922 0.037109
0 0.715820 0.035156 0.166016 0.027344
0 0.821289 0.032227 0.044922 0.033203
0 0.921875 0.033203 0.156250 0.035156
0 0.922852 0.080078 0.154297 0.054688
0 0.713867 0.079102 0.173828 0.052734
0 0.823242 0.078125 0.044922 0.050781
0 0.612305 0.083008 0.044922 0.048828
0 0.512695 0.080078 0.142578 0.050781
0 0.469727 0.125977 0.056641 0.041016
0 0.544922 0.126953 0.093750 0.039062
0 0.912109 0.125977 0.136719 0.041016
0 0.990234 0.127930 0.019531 0.037109
0 0.611328 0.125977 0.046875 0.044922
0 0.738281 0.126953 0.207031 0.042969
0 0.909180 0.126953 0.134766 0.042969
0 0.466797 0.166992 0.054688 0.037109
0 0.539062 0.166016 0.089844 0.039062
0 0.620117 0.169922 0.072266 0.046875
0 0.748047 0.169922 0.183594 0.046875
0 0.874023 0.168945 0.068359 0.044922
0 0.954102 0.166992 0.060547 0.044922
0 0.466797 0.218750 0.058594 0.062500
0 0.541016 0.218750 0.089844 0.062500
0 0.621094 0.217773 0.070312 0.060547
0 0.749023 0.216797 0.185547 0.062500
0 0.876953 0.218750 0.070312 0.066406
0 0.949219 0.219727 0.050781 0.060547
0 0.986328 0.216797 0.023438 0.066406
0 0.461914 0.282227 0.060547 0.060547
0 0.540039 0.281250 0.095703 0.062500
0 0.623047 0.268555 0.070312 0.037109
0 0.623047 0.301758 0.070312 0.029297
0 0.750000 0.268555 0.187500 0.037109
0 0.750977 0.302734 0.185547 0.031250
0 0.875000 0.271484 0.070312 0.039062
0 0.876953 0.301758 0.066406 0.021484
0 0.948242 0.267578 0.052734 0.039062
0 0.949219 0.298828 0.050781 0.023438
0 0.986328 0.268555 0.019531 0.044922
0 0.986328 0.300781 0.019531 0.019531
