0 0.223633 0.302053 0.064453 0.061584
0 0.222168 0.450147 0.061523 0.217009
0 0.294922 0.446481 0.048828 0.215543
0 0.354004 0.448680 0.047852 0.208211
0 0.325684 0.302786 0.112305 0.065982
0 0.450684 0.299120 0.118164 0.064516
0 0.417969 0.445015 0.054688 0.206745
0 0.481934 0.448680 0.049805 0.205279
0 0.574707 0.297654 0.118164 0.064516
0 0.543945 0.447947 0.052734 0.206745
0 0.606934 0.450147 0.055664 0.205279
0 0.703613 0.297654 0.118164 0.064516
0 0.821289 0.298387 0.091797 0.068915
0 0.669434 0.446481 0.059570 0.212610
0 0.733398 0.447214 0.054688 0.211144
0 0.820312 0.444282 0.091797 0.219941
