0 0.830078 0.162109 0.078125 0.207031
0 0.728516 0.200195 0.101562 0.220703
0 0.636719 0.240234 0.093750 0.195312
0 0.553711 0.283203 0.083984 0.179688
0 0.467773 0.303711 0.072266 0.185547
0 0.398438 0.344727 0.074219 0.162109
0 0.328125 0.369141 0.066406 0.156250
0 0.278320 0.390625 0.052734 0.144531
0 0.227539 0.412109 0.056641 0.144531
0 0.176758 0.433594 0.048828 0.132812
0 0.134766 0.453125 0.046875 0.125000
0 0.090820 0.468750 0.037109 0.128906
0 0.059570 0.479492 0.033203 0.115234
0 0.023438 0.536133 0.042969 0.201172
0 0.079102 0.591797 0.029297 0.136719
0 0.114258 0.579102 0.037109 0.134766
0 0.142578 0.570312 0.042969 0.140625
0 0.182617 0.615234 0.044922 0.265625
0 0.144531 0.691406 0.027344 0.117188
0 0.142578 0.810547 0.042969 0.125000
0 0.113281 0.757812 0.042969 0.234375
0 0.079102 0.760742 0.044922 0.228516
0 0.228516 0.526367 0.046875 0.126953
0 0.226562 0.726562 0.054688 0.300781
0 0.281250 0.513672 0.050781 0.136719
0 0.288086 0.727539 0.052734 0.302734
0 0.333008 0.512695 0.056641 0.169922
0 0.337891 0.666016 0.058594 0.148438
0 0.338867 0.806641 0.060547 0.140625
0 0.401367 0.491211 0.064453 0.189453
0 0.472656 0.469727 0.078125 0.197266
0 0.553711 0.442383 0.080078 0.205078
0 0.638672 0.416992 0.085938 0.220703
0 0.734375 0.387695 0.089844 0.232422
0 0.833984 0.356445 0.085938 0.240234
0 0.834961 0.567383 0.095703 0.208984
0 0.733398 0.586914 0.095703 0.197266
0 0.638672 0.602539 0.089844 0.193359
0 0.554688 0.625000 0.082031 0.187500
0 0.476562 0.638672 0.074219 0.171875
0 0.401367 0.654297 0.072266 0.164062
0 0.837891 0.775391 0.089844 0.214844
0 0.738281 0.778320 0.097656 0.208984
0 0.639648 0.786133 0.091797 0.185547
0 0.555664 0.792969 0.083984 0.171875
0 0.479492 0.798828 0.083984 0.160156
0 0.405273 0.805664 0.076172 0.154297
0 0.925781 0.484375 0.085938 0.769531
0 0.974609 0.528320 0.046875 0.693359
