0 0.347656 0.183594 0.148438 0.226562
0 0.504883 0.242188 0.138672 0.210938
0 0.654297 0.292969 0.136719 0.199219
0 0.797852 0.346680 0.107422 0.173828
0 0.344727 0.405273 0.138672 0.216797
0 0.507812 0.455078 0.140625 0.207031
0 0.659180 0.500977 0.126953 0.193359
0 0.796875 0.541016 0.117188 0.164062
0 0.347656 0.630859 0.148438 0.222656
0 0.503906 0.663086 0.140625 0.205078
0 0.665039 0.705078 0.138672 0.195312
0 0.799805 0.736328 0.126953 0.175781
0 0.356445 0.846680 0.154297 0.216797
0 0.512695 0.870117 0.162109 0.216797
0 0.663086 0.892578 0.134766 0.152344
0 0.792969 0.920898 0.125000 0.158203
0 0.658203 0.125000 0.144531 0.218750
0 0.794922 0.181641 0.125000 0.195312
0 0.500977 0.081055 0.146484 0.158203
0 0.353516 0.041992 0.148438 0.080078
0 0.242188 0.182617 0.054688 0.216797
0 0.245117 0.411133 0.052734 0.232422
0 0.246094 0.624023 0.058594 0.208984
0 0.248047 0.848633 0.042969 0.189453
