0 0.008789 0.308931 0.015625 0.038067
0 0.040527 0.311127 0.049805 0.036603
0 0.090820 0.311127 0.050781 0.036603
0 0.141113 0.311127 0.049805 0.036603
0 0.190918 0.311127 0.049805 0.036603
0 0.240234 0.311859 0.048828 0.038067
0 0.289062 0.311859 0.048828 0.038067
0 0.337891 0.314056 0.048828 0.042460
0 0.386230 0.314788 0.047852 0.040996
0 0.435547 0.314056 0.050781 0.039531
0 0.436523 0.361640 0.048828 0.055637
0 0.387695 0.362372 0.048828 0.054173
0 0.339355 0.361640 0.047852 0.052709
0 0.290527 0.360176 0.049805 0.055637
0 0.290039 0.418009 0.050781 0.057101
0 0.340332 0.417277 0.049805 0.058565
0 0.389160 0.417277 0.047852 0.058565
0 0.437012 0.419473 0.047852 0.054173
0 0.290527 0.470717 0.049805 0.045388
0 0.340332 0.471449 0.049805 0.043924
0 0.389160 0.472182 0.047852 0.045388
0 0.437012 0.472182 0.047852 0.045388
0 0.008789 0.357247 0.015625 0.055637
0 0.041016 0.356515 0.048828 0.060029
0 0.090820 0.357980 0.050781 0.057101
0 0.140625 0.357980 0.048828 0.057101
0 0.190918 0.358712 0.051758 0.055637
0 0.009277 0.415081 0.014648 0.057101
0 0.041016 0.414348 0.048828 0.058565
0 0.091309 0.414348 0.051758 0.058565
0 0.141113 0.415081 0.047852 0.057101
0 0.190918 0.416545 0.051758 0.060029
0 0.008789 0.470717 0.013672 0.051245
0 0.040527 0.470717 0.049805 0.051245
0 0.090332 0.469253 0.049805 0.048316
0 0.140625 0.469253 0.050781 0.048316
0 0.190918 0.469253 0.049805 0.048316
0 0.230469 0.417277 0.015625 0.152269
0 0.251953 0.417277 0.015625 0.149341
4 0.240723 0.414348 0.049805 0.163982
0 0.484863 0.315520 0.049805 0.042460
0 0.484863 0.362372 0.049805 0.057101
0 0.485352 0.420937 0.048828 0.060029
0 0.486328 0.474378 0.050781 0.046852
0 0.535645 0.472914 0.047852 0.049780
0 0.587402 0.471449 0.055664 0.046852
0 0.535156 0.418741 0.046875 0.058565
0 0.586914 0.419473 0.056641 0.060029
0 0.534180 0.363836 0.046875 0.057101
0 0.586426 0.363836 0.057617 0.057101
0 0.534180 0.317716 0.048828 0.038067
0 0.585938 0.318448 0.054688 0.039531
0 0.627930 0.362372 0.021484 0.021962
0 0.627441 0.390922 0.022461 0.035139
0 0.627441 0.426061 0.022461 0.035139
0 0.627930 0.459004 0.021484 0.030747
0 0.653320 0.362372 0.021484 0.019034
0 0.653320 0.390922 0.021484 0.038067
0 0.653320 0.426794 0.021484 0.033675
0 0.654297 0.458272 0.019531 0.029283
0 0.677734 0.363104 0.021484 0.020498
0 0.678223 0.391654 0.020508 0.036603
0 0.677734 0.426061 0.019531 0.032211
0 0.678223 0.457540 0.018555 0.030747
0 0.703613 0.362372 0.018555 0.021962
0 0.704102 0.390922 0.017578 0.035139
0 0.704590 0.426061 0.018555 0.035139
0 0.704102 0.458272 0.019531 0.029283
0 0.729980 0.362372 0.018555 0.021962
0 0.729980 0.393119 0.018555 0.039531
0 0.729004 0.427526 0.016602 0.029283
0 0.729492 0.457540 0.015625 0.030747
0 0.755371 0.362372 0.018555 0.021962
0 0.755859 0.392387 0.017578 0.038067
0 0.755371 0.427526 0.016602 0.032211
0 0.756348 0.457540 0.014648 0.027818
0 0.780762 0.365300 0.016602 0.024890
0 0.780762 0.424597 0.016602 0.093704
0 0.805176 0.364568 0.016602 0.020498
0 0.805176 0.391654 0.016602 0.033675
0 0.805176 0.426061 0.016602 0.035139
0 0.805664 0.458272 0.015625 0.029283
0 0.831055 0.364568 0.015625 0.020498
0 0.831055 0.391654 0.015625 0.033675
0 0.831055 0.425329 0.015625 0.033675
0 0.855957 0.365300 0.014648 0.024890
0 0.855957 0.393119 0.014648 0.030747
0 0.855957 0.423865 0.014648 0.030747
0 0.906738 0.365300 0.012695 0.021962
0 0.905762 0.392387 0.014648 0.032211
0 0.905273 0.423865 0.013672 0.030747
0 0.912598 0.438507 0.000977 0.001464
0 0.931152 0.366032 0.012695 0.023426
0 0.931152 0.393851 0.012695 0.032211
0 0.931152 0.425329 0.012695 0.030747
0 0.956543 0.366032 0.012695 0.023426
0 0.958984 0.396779 0.011719 0.029283
0 0.957520 0.426061 0.014648 0.029283
0 0.980469 0.367496 0.013672 0.023426
0 0.981445 0.395315 0.011719 0.032211
0 0.981445 0.426061 0.011719 0.029283
0 0.651367 0.282577 0.023438 0.064422
0 0.675293 0.282577 0.024414 0.064422
0 0.700195 0.283309 0.025391 0.062958
0 0.725586 0.284041 0.025391 0.064422
0 0.750488 0.284041 0.024414 0.064422
0 0.774902 0.283309 0.024414 0.062958
0 0.799805 0.282577 0.025391 0.064422
0 0.824707 0.284773 0.024414 0.065886
0 0.850098 0.285505 0.026367 0.064422
0 0.875488 0.286237 0.024414 0.065886
0 0.899414 0.286237 0.023438 0.065886
0 0.924316 0.285505 0.026367 0.064422
0 0.950195 0.286237 0.025391 0.062958
0 0.974121 0.287701 0.022461 0.065886
0 0.991699 0.287701 0.012695 0.065886
0 0.674805 0.229136 0.025391 0.039531
0 0.700684 0.229868 0.026367 0.038067
0 0.725586 0.230600 0.023438 0.039531
0 0.750488 0.230600 0.026367 0.039531
0 0.775391 0.231332 0.023438 0.040996
0 0.799805 0.232064 0.025391 0.039531
0 0.825195 0.232064 0.025391 0.039531
0 0.850098 0.232064 0.024414 0.039531
0 0.874512 0.231332 0.024414 0.038067
0 0.898926 0.232064 0.024414 0.036603
0 0.924316 0.232796 0.026367 0.038067
0 0.949219 0.234261 0.023438 0.035139
0 0.973633 0.234993 0.025391 0.036603
0 0.992676 0.233529 0.012695 0.039531
0 0.606934 0.221083 0.010742 0.023426
0 0.624512 0.221083 0.024414 0.023426
0 0.648438 0.221083 0.023438 0.023426
0 0.193359 0.211567 0.017578 0.021962
0 0.216797 0.212299 0.013672 0.020498
0 0.241211 0.213763 0.015625 0.026354
0 0.264648 0.213031 0.015625 0.024890
0 0.290039 0.213763 0.023438 0.023426
0 0.315918 0.215227 0.018555 0.023426
0 0.342773 0.214495 0.027344 0.021962
0 0.361328 0.215227 0.009766 0.020498
0 0.373535 0.215227 0.014648 0.020498
0 0.393066 0.215227 0.024414 0.020498
0 0.432617 0.215959 0.054688 0.021962
0 0.472656 0.215959 0.025391 0.021962
0 0.497559 0.216691 0.024414 0.023426
0 0.522949 0.218155 0.026367 0.020498
0 0.547852 0.218887 0.023438 0.021962
0 0.574219 0.218887 0.029297 0.021962
0 0.192383 0.076867 0.015625 0.045388
0 0.192383 0.130307 0.015625 0.061493
0 0.216797 0.075403 0.015625 0.042460
0 0.217285 0.128111 0.014648 0.062958
0 0.241699 0.076135 0.014648 0.040996
0 0.241211 0.128843 0.015625 0.064422
0 0.265137 0.075403 0.018555 0.045388
0 0.266602 0.129575 0.015625 0.062958
0 0.290039 0.076867 0.015625 0.042460
0 0.290039 0.129575 0.015625 0.062958
0 0.314941 0.076135 0.018555 0.043924
0 0.315430 0.130307 0.017578 0.064422
0 0.341797 0.076867 0.023438 0.042460
0 0.367188 0.077599 0.027344 0.040996
0 0.392578 0.076867 0.023438 0.039531
0 0.416992 0.078331 0.025391 0.036603
0 0.342285 0.131040 0.024414 0.062958
0 0.367676 0.131040 0.026367 0.062958
0 0.393066 0.131772 0.024414 0.064422
0 0.418945 0.131772 0.027344 0.064422
0 0.445312 0.131772 0.025391 0.064422
0 0.470215 0.132504 0.024414 0.062958
0 0.496094 0.133236 0.027344 0.064422
0 0.522461 0.133968 0.025391 0.062958
0 0.547852 0.135432 0.025391 0.065886
0 0.572754 0.135432 0.024414 0.065886
0 0.598145 0.134700 0.026367 0.064422
0 0.624023 0.139092 0.025391 0.055637
0 0.649902 0.139824 0.026367 0.057101
0 0.674805 0.144949 0.023438 0.046852
0 0.699219 0.147145 0.025391 0.051245
0 0.723633 0.151537 0.023438 0.042460
0 0.632324 0.023426 0.028320 0.020498
0 0.684082 0.027086 0.036133 0.033675
0 0.732910 0.034407 0.030273 0.039531
0 0.782715 0.040996 0.028320 0.046852
0 0.833008 0.047584 0.029297 0.060029
0 0.880371 0.054905 0.030273 0.074671
0 0.926270 0.060029 0.038086 0.081991
0 0.976562 0.068814 0.033203 0.090776
