0 0.288086 0.370968 0.050781 0.064516
0 0.336914 0.377566 0.042969 0.063050
0 0.286621 0.426686 0.047852 0.061584
0 0.288086 0.480938 0.048828 0.058651
0 0.289551 0.538123 0.047852 0.061584
0 0.336914 0.432551 0.046875 0.061584
0 0.336426 0.486070 0.045898 0.060117
0 0.336914 0.541056 0.046875 0.061584
0 0.384277 0.383431 0.043945 0.063050
0 0.426758 0.392962 0.041016 0.055718
0 0.385742 0.440616 0.042969 0.060117
0 0.426758 0.447214 0.042969 0.061584
0 0.382812 0.492669 0.046875 0.058651
0 0.428223 0.501466 0.041992 0.055718
0 0.384277 0.544721 0.045898 0.060117
0 0.429688 0.549853 0.042969 0.058651
0 0.472168 0.401026 0.040039 0.054252
0 0.512695 0.408358 0.039062 0.057185
0 0.472168 0.450147 0.041992 0.055718
0 0.512207 0.459677 0.040039 0.054252
0 0.470703 0.504399 0.041016 0.055718
0 0.513672 0.510997 0.042969 0.054252
0 0.471191 0.557918 0.041992 0.057185
0 0.511719 0.560117 0.041016 0.055718
0 0.554199 0.412757 0.040039 0.063050
0 0.592773 0.419355 0.037109 0.052786
0 0.631836 0.424487 0.039062 0.060117
0 0.668457 0.430352 0.034180 0.057185
0 0.554199 0.464076 0.036133 0.054252
0 0.592773 0.472141 0.039062 0.052786
0 0.632324 0.475806 0.036133 0.051320
0 0.668457 0.482405 0.036133 0.049853
0 0.556152 0.514663 0.038086 0.052786
0 0.593750 0.520528 0.039062 0.055718
0 0.632324 0.524194 0.038086 0.051320
0 0.668945 0.532258 0.035156 0.049853
0 0.592285 0.568915 0.041992 0.052786
0 0.554688 0.566716 0.035156 0.054252
0 0.632324 0.571848 0.038086 0.049853
0 0.669434 0.576979 0.036133 0.045455
0 0.706055 0.435484 0.033203 0.055718
0 0.739258 0.445015 0.031250 0.051320
0 0.776367 0.448680 0.031250 0.052786
0 0.807617 0.456012 0.031250 0.052786
0 0.841309 0.461144 0.030273 0.051320
0 0.869629 0.465543 0.030273 0.051320
0 0.901855 0.471408 0.028320 0.045455
0 0.931152 0.475806 0.028320 0.051320
0 0.960938 0.482405 0.025391 0.046921
0 0.987305 0.486070 0.025391 0.048387
0 0.706055 0.486070 0.033203 0.048387
0 0.741211 0.491202 0.037109 0.052786
0 0.775391 0.498534 0.029297 0.043988
0 0.805664 0.501466 0.033203 0.049853
0 0.838867 0.507331 0.031250 0.043988
0 0.870605 0.512463 0.030273 0.048387
0 0.901855 0.516129 0.028320 0.046921
0 0.931641 0.519795 0.027344 0.048387
0 0.960449 0.524194 0.028320 0.045455
0 0.987305 0.528592 0.025391 0.042522
0 0.706055 0.535191 0.033203 0.049853
0 0.739746 0.538123 0.034180 0.049853
0 0.774902 0.543255 0.032227 0.048387
0 0.806641 0.546921 0.031250 0.049853
0 0.838867 0.552053 0.033203 0.045455
0 0.872070 0.555718 0.033203 0.043988
0 0.901855 0.557918 0.028320 0.045455
0 0.929199 0.562317 0.028320 0.042522
0 0.959473 0.565249 0.028320 0.042522
0 0.986328 0.568915 0.025391 0.043988
0 0.706543 0.579179 0.034180 0.043988
0 0.739746 0.582845 0.032227 0.045455
0 0.775391 0.588710 0.033203 0.042522
0 0.806641 0.590176 0.031250 0.042522
0 0.837891 0.595308 0.033203 0.046921
0 0.870117 0.599707 0.029297 0.043988
0 0.902832 0.604106 0.026367 0.046921
0 0.929688 0.606305 0.027344 0.042522
0 0.959961 0.607771 0.027344 0.045455
0 0.986328 0.614370 0.025391 0.041056
0 0.289551 0.753666 0.047852 0.058651
0 0.336914 0.754399 0.046875 0.057185
0 0.288574 0.808651 0.047852 0.057185
0 0.336914 0.808651 0.048828 0.057185
0 0.290039 0.862903 0.046875 0.057185
0 0.337402 0.863636 0.045898 0.052786
0 0.291016 0.920088 0.048828 0.060117
0 0.338867 0.918622 0.048828 0.054252
0 0.386230 0.755132 0.043945 0.058651
0 0.429199 0.758798 0.041992 0.057185
0 0.385742 0.810850 0.044922 0.052786
0 0.429199 0.812317 0.043945 0.052786
0 0.386230 0.863636 0.041992 0.052786
0 0.428223 0.862903 0.041992 0.051320
0 0.385742 0.919355 0.044922 0.058651
0 0.428711 0.917155 0.042969 0.057185
0 0.473633 0.756598 0.041016 0.055718
0 0.514160 0.760997 0.038086 0.052786
0 0.554688 0.760997 0.041016 0.052786
0 0.593750 0.763930 0.037109 0.049853
0 0.632324 0.765396 0.036133 0.049853
0 0.669922 0.766129 0.035156 0.048387
0 0.473145 0.813050 0.043945 0.051320
0 0.514648 0.810850 0.041016 0.052786
0 0.554199 0.811584 0.040039 0.048387
0 0.594238 0.812317 0.038086 0.046921
0 0.632812 0.813783 0.039062 0.046921
0 0.670410 0.813783 0.038086 0.052786
0 0.472656 0.862903 0.042969 0.051320
0 0.514648 0.862170 0.041016 0.052786
0 0.554688 0.860704 0.039062 0.049853
0 0.594238 0.860704 0.040039 0.049853
0 0.632812 0.859971 0.037109 0.048387
0 0.669434 0.860704 0.036133 0.046921
0 0.472656 0.915689 0.044922 0.051320
0 0.515137 0.913490 0.040039 0.055718
0 0.555176 0.911290 0.040039 0.051320
0 0.595215 0.911290 0.040039 0.051320
0 0.633789 0.909091 0.037109 0.046921
0 0.670410 0.908358 0.036133 0.048387
0 0.705566 0.906891 0.034180 0.045455
0 0.707031 0.766129 0.035156 0.048387
0 0.740723 0.766862 0.032227 0.046921
0 0.773926 0.767595 0.034180 0.048387
0 0.807129 0.768328 0.032227 0.046921
0 0.838867 0.769062 0.031250 0.048387
0 0.870117 0.770528 0.031250 0.045455
0 0.900879 0.770528 0.030273 0.045455
0 0.929688 0.771994 0.027344 0.042522
0 0.958008 0.771994 0.029297 0.042522
0 0.706543 0.813783 0.034180 0.046921
0 0.740234 0.813783 0.033203 0.046921
0 0.774414 0.813783 0.035156 0.046921
0 0.807129 0.814516 0.030273 0.045455
0 0.838867 0.814516 0.033203 0.045455
0 0.870117 0.815249 0.029297 0.043988
0 0.900391 0.814516 0.031250 0.042522
0 0.929688 0.815249 0.027344 0.041056
0 0.958008 0.815982 0.029297 0.042522
0 0.957520 0.857771 0.030273 0.041056
0 0.929199 0.857038 0.026367 0.042522
0 0.900391 0.857771 0.031250 0.043988
0 0.870117 0.858504 0.029297 0.042522
0 0.839355 0.858504 0.032227 0.042522
0 0.807617 0.858504 0.031250 0.042522
0 0.774414 0.859238 0.035156 0.043988
0 0.740234 0.859238 0.033203 0.043988
0 0.707031 0.859238 0.033203 0.043988
0 0.740723 0.905425 0.034180 0.045455
0 0.774902 0.903959 0.034180 0.048387
0 0.807129 0.902493 0.030273 0.045455
0 0.838867 0.902493 0.033203 0.045455
0 0.870117 0.902493 0.029297 0.042522
0 0.900879 0.901026 0.032227 0.045455
0 0.930176 0.899560 0.026367 0.042522
0 0.957520 0.899560 0.028320 0.042522
0 0.984863 0.901760 0.026367 0.046921
0 0.984863 0.773460 0.026367 0.045455
0 0.984863 0.816716 0.026367 0.041056
0 0.985352 0.857038 0.027344 0.039589
0 0.291016 0.046921 0.046875 0.067449
0 0.289551 0.101173 0.045898 0.064516
0 0.289062 0.154692 0.048828 0.063050
0 0.336426 0.060850 0.045898 0.071848
0 0.336914 0.114370 0.046875 0.064516
0 0.337402 0.165689 0.047852 0.064516
0 0.383789 0.024194 0.044922 0.045455
0 0.427246 0.032258 0.041992 0.061584
0 0.384277 0.072581 0.043945 0.060117
0 0.384766 0.124633 0.044922 0.061584
0 0.386719 0.178886 0.042969 0.061584
0 0.427246 0.085044 0.041992 0.064516
0 0.427246 0.137830 0.041992 0.064516
0 0.428711 0.187683 0.042969 0.058651
0 0.473633 0.044721 0.041016 0.063050
0 0.513184 0.055718 0.040039 0.058651
0 0.472168 0.098974 0.040039 0.060117
0 0.512695 0.109238 0.039062 0.060117
0 0.473633 0.150293 0.041016 0.060117
0 0.513184 0.160557 0.038086 0.060117
0 0.474121 0.199413 0.038086 0.055718
0 0.515137 0.208944 0.038086 0.054252
0 0.555664 0.068915 0.037109 0.058651
0 0.593262 0.079179 0.036133 0.058651
0 0.556152 0.121701 0.036133 0.058651
0 0.593750 0.128299 0.035156 0.063050
0 0.556641 0.170088 0.039062 0.055718
0 0.592773 0.178886 0.037109 0.061584
0 0.557617 0.219208 0.035156 0.054252
0 0.594727 0.228739 0.037109 0.052786
0 0.632812 0.090176 0.035156 0.063050
0 0.669434 0.104106 0.034180 0.055718
0 0.634277 0.142229 0.034180 0.052786
0 0.668457 0.152493 0.034180 0.055718
0 0.632812 0.191349 0.035156 0.057185
0 0.668945 0.199413 0.035156 0.058651
0 0.632812 0.237537 0.035156 0.052786
0 0.669434 0.247801 0.034180 0.052786
0 0.707520 0.113636 0.032227 0.054252
0 0.740234 0.123167 0.035156 0.058651
0 0.776855 0.134897 0.034180 0.055718
0 0.809570 0.143695 0.033203 0.055718
0 0.706543 0.162023 0.032227 0.054252
0 0.741211 0.170821 0.037109 0.057185
0 0.776855 0.182551 0.032227 0.054252
0 0.809570 0.190616 0.031250 0.052786
0 0.707031 0.209677 0.035156 0.049853
0 0.741699 0.219208 0.034180 0.054252
0 0.776855 0.226540 0.030273 0.057185
0 0.808105 0.235337 0.032227 0.051320
0 0.707031 0.256598 0.033203 0.049853
0 0.740723 0.264663 0.034180 0.048387
0 0.775391 0.272727 0.033203 0.046921
0 0.808105 0.279326 0.028320 0.048387
0 0.841309 0.153226 0.030273 0.054252
0 0.871094 0.163490 0.029297 0.048387
0 0.841309 0.199413 0.028320 0.049853
0 0.871094 0.208944 0.029297 0.051320
0 0.841309 0.244868 0.030273 0.046921
0 0.871582 0.252933 0.032227 0.051320
0 0.840332 0.288123 0.030273 0.042522
0 0.870605 0.294721 0.028320 0.049853
0 0.904297 0.172287 0.027344 0.051320
0 0.932617 0.182551 0.029297 0.051320
0 0.961914 0.189150 0.025391 0.052786
0 0.987793 0.193548 0.024414 0.049853
0 0.904297 0.217009 0.027344 0.046921
0 0.933105 0.225073 0.028320 0.048387
0 0.962402 0.231672 0.026367 0.052786
0 0.987793 0.240469 0.024414 0.049853
0 0.902832 0.260264 0.032227 0.051320
0 0.933105 0.269062 0.030273 0.048387
0 0.961914 0.276393 0.027344 0.048387
0 0.987793 0.281525 0.024414 0.041056
0 0.902344 0.302786 0.029297 0.045455
0 0.933105 0.310117 0.030273 0.045455
0 0.962402 0.318182 0.026367 0.043988
0 0.987793 0.324047 0.024414 0.043988
