0 0.126465 0.056108 0.235352 0.103693
0 0.372559 0.055398 0.256836 0.102273
0 0.626953 0.053977 0.251953 0.105114
0 0.875000 0.056818 0.244141 0.105114
0 0.124512 0.201705 0.235352 0.181818
0 0.371582 0.198153 0.258789 0.188920
0 0.626953 0.194602 0.251953 0.181818
0 0.871582 0.196733 0.237305 0.177557
0 0.127930 0.377841 0.246094 0.178977
0 0.373535 0.376420 0.245117 0.181818
0 0.626465 0.378551 0.260742 0.186080
0 0.876953 0.381392 0.240234 0.180398
0 0.125488 0.559659 0.241211 0.173295
0 0.370605 0.560369 0.249023 0.171875
0 0.624512 0.559659 0.258789 0.170455
0 0.875488 0.560369 0.243164 0.169034
3 0.544434 0.525568 0.071289 0.298295
