0 0.100586 0.057617 0.126953 0.111328
0 0.097656 0.235352 0.125000 0.283203
0 0.094727 0.514648 0.123047 0.333984
0 0.093750 0.834961 0.136719 0.330078
0 0.299805 0.876953 0.134766 0.246094
0 0.435547 0.886719 0.109375 0.226562
0 0.428711 0.643555 0.099609 0.259766
0 0.304688 0.615234 0.128906 0.296875
0 0.307617 0.317383 0.126953 0.365234
0 0.427734 0.412109 0.097656 0.257812
0 0.424805 0.177734 0.099609 0.265625
0 0.301758 0.092773 0.134766 0.181641
0 0.429688 0.039062 0.093750 0.074219
0 0.615234 0.093750 0.093750 0.183594
0 0.624023 0.274414 0.091797 0.220703
0 0.622070 0.483398 0.095703 0.275391
0 0.628906 0.720703 0.093750 0.230469
0 0.634766 0.915039 0.101562 0.169922
0 0.753906 0.911133 0.140625 0.177734
0 0.868164 0.948242 0.072266 0.103516
0 0.973633 0.970703 0.044922 0.058594
0 0.972656 0.841797 0.054688 0.175781
0 0.862305 0.794922 0.064453 0.191406
0 0.754883 0.748047 0.146484 0.226562
0 0.854492 0.583008 0.060547 0.255859
0 0.969727 0.647461 0.056641 0.228516
0 0.748047 0.554688 0.144531 0.281250
0 0.970703 0.464844 0.058594 0.171875
0 0.968750 0.319336 0.058594 0.166016
0 0.743164 0.336914 0.146484 0.259766
0 0.960938 0.158203 0.066406 0.164062
0 0.857422 0.234375 0.070312 0.195312
0 0.853516 0.392578 0.066406 0.160156
0 0.742188 0.152344 0.156250 0.289062
0 0.844727 0.078125 0.060547 0.152344
0 0.751953 0.053711 0.125000 0.103516
