0 0.022461 0.373047 0.041016 0.171875
0 0.093750 0.352539 0.101562 0.189453
0 0.204102 0.327148 0.115234 0.197266
0 0.330078 0.306641 0.128906 0.214844
0 0.471680 0.273438 0.158203 0.222656
0 0.469727 0.486328 0.162109 0.203125
0 0.331055 0.505859 0.123047 0.187500
0 0.206055 0.519531 0.119141 0.187500
0 0.093750 0.535156 0.105469 0.175781
0 0.023438 0.542969 0.042969 0.160156
0 0.022461 0.723633 0.041016 0.158203
0 0.098633 0.716797 0.099609 0.167969
0 0.208008 0.711914 0.115234 0.181641
0 0.333984 0.704102 0.125000 0.173828
0 0.477539 0.692383 0.154297 0.208984
0 0.900391 0.668945 0.093750 0.119141
0 0.973633 0.669922 0.052734 0.117188
0 0.841797 0.678711 0.031250 0.115234
