0 0.040039 0.431918 0.078125 0.243045
0 0.126465 0.434846 0.094727 0.248902
0 0.218750 0.437775 0.089844 0.243045
0 0.306641 0.435578 0.089844 0.244510
0 0.528809 0.048316 0.034180 0.093704
0 0.588867 0.047584 0.080078 0.092240
0 0.670410 0.049048 0.079102 0.095168
0 0.752441 0.047584 0.079102 0.092240
0 0.830566 0.049048 0.069336 0.095168
0 0.019531 0.051977 0.037109 0.101025
0 0.077148 0.053441 0.076172 0.103953
0 0.153809 0.049048 0.077148 0.095168
0 0.233887 0.049780 0.081055 0.096633
0 0.312500 0.051977 0.076172 0.101025
