0 0.083008 0.073242 0.162109 0.072266
0 0.083008 0.132812 0.162109 0.046875
0 0.254883 0.074219 0.126953 0.070312
0 0.251953 0.132812 0.132812 0.046875
0 0.411133 0.072266 0.134766 0.082031
0 0.533203 0.075195 0.109375 0.076172
0 0.648438 0.073242 0.121094 0.072266
0 0.787109 0.073242 0.156250 0.072266
0 0.408203 0.134766 0.136719 0.039062
0 0.532227 0.134766 0.111328 0.039062
0 0.649414 0.135742 0.123047 0.041016
0 0.789062 0.132812 0.156250 0.046875
0 0.940430 0.076172 0.087891 0.074219
0 0.940430 0.134766 0.087891 0.042969
0 0.081055 0.291016 0.158203 0.187500
0 0.254883 0.288086 0.134766 0.193359
0 0.411133 0.289062 0.138672 0.191406
0 0.532227 0.289062 0.103516 0.191406
0 0.647461 0.290039 0.126953 0.193359
0 0.784180 0.291992 0.146484 0.189453
0 0.945312 0.295898 0.093750 0.197266
0 0.081055 0.511719 0.158203 0.218750
0 0.253906 0.510742 0.132812 0.220703
0 0.411133 0.514648 0.138672 0.220703
0 0.533203 0.516602 0.105469 0.216797
0 0.648438 0.512695 0.125000 0.208984
0 0.785156 0.514648 0.148438 0.205078
0 0.948242 0.518555 0.103516 0.216797
0 0.082031 0.767578 0.160156 0.234375
0 0.250977 0.769531 0.134766 0.230469
0 0.411133 0.768555 0.134766 0.228516
0 0.531250 0.768555 0.105469 0.228516
0 0.646484 0.768555 0.125000 0.228516
0 0.787109 0.767578 0.156250 0.230469
0 0.940430 0.766602 0.087891 0.224609
0 0.083984 0.949219 0.164062 0.101562
0 0.250000 0.951172 0.125000 0.097656
0 0.411133 0.953125 0.142578 0.093750
0 0.530273 0.953125 0.103516 0.093750
0 0.647461 0.951172 0.123047 0.093750
0 0.786133 0.953125 0.154297 0.093750
0 0.940430 0.950195 0.087891 0.099609
