0 0.643066 0.401171 0.110352 0.330893
0 0.708008 0.396047 0.023438 0.338214
0 0.762695 0.432650 0.066406 0.270864
0 0.855469 0.423133 0.076172 0.295754
4 0.811035 0.420205 0.188477 0.330893
0 0.813477 0.234993 0.187500 0.080527
0 0.918945 0.388726 0.035156 0.387994
0 0.966797 0.243045 0.066406 0.111274
0 0.966797 0.354319 0.066406 0.105417
0 0.967285 0.497804 0.065430 0.175695
0 0.541992 0.470717 0.087891 0.171303
0 0.455078 0.408492 0.087891 0.286969
0 0.328125 0.395315 0.042969 0.061493
0 0.373047 0.393119 0.046875 0.065886
0 0.351074 0.409956 0.118164 0.272328
0 0.248535 0.412884 0.084961 0.240117
0 0.171387 0.469253 0.069336 0.121523
0 0.034668 0.307467 0.051758 0.061493
0 0.096680 0.296486 0.054688 0.060029
0 0.034668 0.349927 0.051758 0.032211
0 0.097656 0.341142 0.056641 0.040996
0 0.132324 0.424597 0.010742 0.207906
0 0.064941 0.432650 0.006836 0.200586
0 0.027344 0.449488 0.015625 0.146413
0 0.051270 0.448755 0.014648 0.150805
0 0.088379 0.450220 0.018555 0.156662
0 0.116699 0.448023 0.018555 0.158126
4 0.034180 0.446559 0.052734 0.169839
4 0.097656 0.442167 0.058594 0.178624
