0 0.853516 0.094727 0.191406 0.185547
0 0.848633 0.293945 0.185547 0.423828
0 0.853516 0.655273 0.191406 0.412109
0 0.688477 0.641602 0.134766 0.298828
0 0.687500 0.364258 0.132812 0.333984
0 0.689453 0.141602 0.132812 0.279297
0 0.573242 0.213867 0.091797 0.263672
0 0.573242 0.421875 0.091797 0.261719
0 0.576172 0.659180 0.089844 0.259766
0 0.500977 0.657227 0.052734 0.208984
0 0.443359 0.657227 0.058594 0.189453
0 0.395508 0.666016 0.033203 0.167969
0 0.352539 0.658203 0.052734 0.136719
0 0.313477 0.663086 0.025391 0.119141
0 0.501953 0.457031 0.054688 0.218750
0 0.442383 0.488281 0.060547 0.187500
0 0.396484 0.514648 0.039062 0.162109
0 0.366211 0.527344 0.037109 0.140625
0 0.336914 0.547852 0.029297 0.123047
0 0.311523 0.556641 0.025391 0.105469
0 0.315430 0.466797 0.025391 0.101562
0 0.345703 0.436523 0.035156 0.123047
0 0.375000 0.409180 0.023438 0.126953
0 0.400391 0.383789 0.031250 0.142578
0 0.443359 0.339844 0.050781 0.175781
0 0.500000 0.289062 0.054688 0.203125
0 0.319336 0.395508 0.029297 0.095703
0 0.349609 0.360352 0.031250 0.087891
0 0.370117 0.334961 0.021484 0.083984
0 0.401367 0.295898 0.033203 0.091797
0 0.447266 0.239258 0.058594 0.130859
0 0.501953 0.166016 0.054688 0.136719
0 0.569336 0.085938 0.080078 0.167969
0 0.321289 0.314453 0.033203 0.109375
0 0.346680 0.276367 0.021484 0.091797
0 0.371094 0.207031 0.027344 0.175781
0 0.401367 0.189453 0.037109 0.140625
0 0.400391 0.118164 0.031250 0.123047
0 0.444336 0.058594 0.048828 0.113281
0 0.444336 0.128906 0.052734 0.183594
0 0.499023 0.064453 0.060547 0.125000
0 0.263672 0.556641 0.070312 0.113281
0 0.264648 0.665039 0.068359 0.103516
0 0.200195 0.664062 0.060547 0.105469
