0 0.260156 0.063158 0.223438 0.123977
0 0.484375 0.064912 0.223438 0.125146
0 0.708984 0.062573 0.224219 0.122807
0 0.910156 0.063158 0.176563 0.123977
0 0.077734 0.064327 0.147656 0.126316
0 0.070312 0.426901 0.137500 0.594152
0 0.254688 0.425731 0.231250 0.596491
0 0.482422 0.417544 0.224219 0.580117
0 0.709375 0.417544 0.229687 0.580117
0 0.912109 0.425731 0.175781 0.596491
0 0.066797 0.858480 0.132031 0.278363
0 0.246875 0.857310 0.225000 0.285380
0 0.478906 0.859064 0.237500 0.281871
0 0.713672 0.858480 0.238281 0.283041
0 0.913672 0.856140 0.172656 0.283041
