0 0.066406 0.123167 0.066406 0.243402
0 0.019043 0.133431 0.036133 0.240469
0 0.130371 0.114370 0.065430 0.225806
0 0.192871 0.109238 0.069336 0.215543
0 0.261230 0.100440 0.069336 0.197947
0 0.326660 0.087243 0.071289 0.171554
0 0.393555 0.079179 0.068359 0.155425
0 0.462402 0.071848 0.071289 0.140762
0 0.534180 0.065982 0.070312 0.129032
0 0.604980 0.059384 0.077148 0.115836
0 0.680176 0.052053 0.073242 0.101173
0 0.752930 0.048387 0.070312 0.093842
0 0.827637 0.043988 0.079102 0.085044
0 0.906738 0.037390 0.077148 0.071848
0 0.973145 0.032258 0.053711 0.061584
0 0.026855 0.367302 0.051758 0.247801
0 0.083496 0.356305 0.063477 0.231672
0 0.145996 0.339443 0.065430 0.233138
0 0.212891 0.324780 0.072266 0.236070
0 0.278320 0.305718 0.066406 0.230205
0 0.345703 0.293255 0.070312 0.231672
0 0.417969 0.275660 0.074219 0.234604
0 0.488281 0.266862 0.072266 0.237537
0 0.559082 0.251466 0.073242 0.233138
0 0.633301 0.241935 0.075195 0.228739
0 0.708008 0.233871 0.072266 0.239003
0 0.784668 0.221408 0.079102 0.240469
0 0.859863 0.213343 0.077148 0.233138
0 0.937988 0.202346 0.079102 0.240469
0 0.987793 0.205279 0.024414 0.237537
0 0.034668 0.608504 0.067383 0.240469
0 0.099609 0.592375 0.066406 0.240469
0 0.164062 0.578446 0.070312 0.241935
0 0.231934 0.563050 0.071289 0.246334
0 0.298828 0.549120 0.072266 0.236070
0 0.372070 0.532991 0.074219 0.236070
0 0.442871 0.524927 0.067383 0.246334
0 0.512695 0.510264 0.070312 0.237537
0 0.587402 0.501466 0.075195 0.246334
0 0.661621 0.491202 0.073242 0.240469
0 0.736816 0.483138 0.077148 0.247801
0 0.814941 0.472141 0.077148 0.237537
0 0.893066 0.463343 0.079102 0.243402
0 0.965820 0.456745 0.066406 0.239003
0 0.011230 0.871701 0.018555 0.250733
0 0.048340 0.860704 0.069336 0.258065
0 0.114746 0.837243 0.073242 0.237537
0 0.180664 0.820381 0.076172 0.244868
0 0.252441 0.804985 0.071289 0.234604
0 0.322754 0.796188 0.071289 0.240469
0 0.392578 0.783724 0.074219 0.247801
0 0.463379 0.771994 0.081055 0.250733
0 0.538574 0.760997 0.075195 0.249267
0 0.616699 0.751466 0.079102 0.239003
0 0.134766 0.982405 0.070312 0.035191
0 0.201660 0.974340 0.067383 0.051320
0 0.271484 0.967742 0.072266 0.064516
0 0.347168 0.959677 0.073242 0.080645
0 0.416016 0.953812 0.068359 0.092375
0 0.491211 0.953079 0.074219 0.093842
0 0.567871 0.945748 0.073242 0.108504
0 0.643066 0.939150 0.077148 0.118768
0 0.721680 0.941349 0.082031 0.117302
0 0.797852 0.936950 0.076172 0.126100
0 0.876953 0.931085 0.078125 0.129032
0 0.958496 0.929619 0.079102 0.140762
