0 0.100521 0.160938 0.198958 0.307292
0 0.302604 0.176563 0.213542 0.294792
0 0.494271 0.190104 0.192708 0.282292
0 0.675000 0.205208 0.177083 0.277083
0 0.836458 0.221875 0.164583 0.270833
0 0.103646 0.456250 0.205208 0.291667
0 0.307812 0.459896 0.209375 0.282292
0 0.500000 0.461458 0.189583 0.285417
0 0.682292 0.466146 0.177083 0.271875
0 0.851042 0.473958 0.181250 0.254167
0 0.104167 0.761979 0.206250 0.315625
0 0.314063 0.751042 0.219792 0.306250
0 0.514583 0.743229 0.200000 0.278125
0 0.690625 0.738021 0.185417 0.278125
0 0.854167 0.734375 0.175000 0.266667
