0 0.634766 0.074870 0.044922 0.110677
0 0.675781 0.055990 0.025391 0.088542
0 0.710449 0.043620 0.028320 0.084635
0 0.743652 0.039062 0.030273 0.075521
0 0.777344 0.036458 0.031250 0.070312
0 0.811523 0.033203 0.035156 0.063802
0 0.847656 0.024740 0.035156 0.046875
0 0.885742 0.021484 0.037109 0.040365
0 0.922363 0.016927 0.032227 0.031250
0 0.959473 0.013672 0.038086 0.024740
0 0.637207 0.154948 0.045898 0.072917
0 0.637207 0.199870 0.045898 0.032552
0 0.676270 0.125000 0.030273 0.072917
0 0.709473 0.116536 0.032227 0.069010
0 0.742188 0.105469 0.037109 0.072917
0 0.777832 0.098307 0.034180 0.074219
0 0.812012 0.085286 0.034180 0.071615
0 0.848633 0.078125 0.037109 0.070312
0 0.885742 0.067057 0.039062 0.069010
0 0.921875 0.059245 0.033203 0.071615
0 0.957031 0.048828 0.039062 0.069010
0 0.676758 0.166667 0.031250 0.033854
0 0.709961 0.156250 0.031250 0.033854
0 0.743652 0.147135 0.036133 0.033854
0 0.778320 0.136719 0.033203 0.033854
0 0.811523 0.128906 0.037109 0.039062
0 0.848633 0.119141 0.037109 0.032552
0 0.885254 0.111328 0.036133 0.037760
0 0.922363 0.102214 0.034180 0.037760
0 0.957520 0.092448 0.038086 0.033854
0 0.987305 0.089844 0.025391 0.026042
0 0.989258 0.046875 0.021484 0.062500
0 0.637207 0.246094 0.045898 0.083333
0 0.677246 0.217448 0.030273 0.083333
0 0.709961 0.208984 0.031250 0.082031
0 0.743652 0.197917 0.032227 0.083333
0 0.776855 0.193359 0.032227 0.087240
0 0.812500 0.179688 0.037109 0.085938
0 0.849121 0.171224 0.036133 0.087240
0 0.884766 0.162109 0.039062 0.087240
0 0.921387 0.153646 0.034180 0.085938
0 0.957031 0.148438 0.037109 0.085938
0 0.987793 0.140625 0.024414 0.080729
0 0.636230 0.314453 0.043945 0.074219
0 0.676270 0.285156 0.032227 0.067708
0 0.710449 0.276042 0.034180 0.070312
0 0.744141 0.267578 0.033203 0.071615
0 0.776855 0.257812 0.034180 0.072917
0 0.811523 0.249349 0.035156 0.066406
0 0.846680 0.242188 0.037109 0.072917
0 0.884277 0.233724 0.040039 0.071615
0 0.920410 0.223958 0.036133 0.070312
0 0.956543 0.217448 0.038086 0.072917
0 0.987793 0.210286 0.024414 0.063802
0 0.636230 0.356771 0.043945 0.031250
0 0.677734 0.327474 0.033203 0.035156
0 0.709961 0.317057 0.033203 0.029948
0 0.742676 0.309245 0.034180 0.032552
0 0.776855 0.300130 0.034180 0.035156
0 0.812012 0.292318 0.034180 0.029948
0 0.846191 0.284505 0.034180 0.037760
0 0.882812 0.275391 0.039062 0.032552
0 0.920898 0.268229 0.035156 0.031250
0 0.956543 0.257812 0.036133 0.033854
0 0.987305 0.254557 0.025391 0.029948
0 0.635742 0.406250 0.044922 0.083333
0 0.676758 0.376302 0.033203 0.085938
0 0.710449 0.367839 0.034180 0.082031
0 0.743164 0.360677 0.033203 0.088542
0 0.777344 0.350911 0.035156 0.087240
0 0.812012 0.341797 0.034180 0.084635
0 0.846680 0.334635 0.033203 0.085938
0 0.883301 0.327474 0.038086 0.087240
0 0.919434 0.320312 0.036133 0.085938
0 0.958008 0.311198 0.035156 0.085938
0 0.988281 0.305339 0.023438 0.082031
0 0.637207 0.475911 0.045898 0.076823
0 0.677246 0.444661 0.032227 0.069010
0 0.710449 0.438802 0.032227 0.067708
0 0.743164 0.429688 0.035156 0.072917
0 0.777832 0.420573 0.034180 0.070312
0 0.812012 0.412760 0.034180 0.067708
0 0.846191 0.405599 0.034180 0.069010
0 0.882324 0.398438 0.038086 0.072917
0 0.920410 0.390625 0.038086 0.072917
0 0.956543 0.383464 0.038086 0.071615
0 0.987305 0.377604 0.023438 0.067708
0 0.636230 0.514974 0.043945 0.032552
0 0.677734 0.486979 0.031250 0.033854
0 0.709961 0.479167 0.031250 0.033854
0 0.743652 0.471354 0.034180 0.033854
0 0.778320 0.462891 0.035156 0.029948
0 0.812500 0.456380 0.033203 0.032552
0 0.847168 0.446615 0.032227 0.026042
0 0.883301 0.440755 0.038086 0.032552
0 0.920898 0.430990 0.037109 0.031250
0 0.958008 0.423828 0.035156 0.027344
0 0.988281 0.419271 0.023438 0.026042
0 0.635742 0.565104 0.044922 0.091146
0 0.677246 0.537760 0.032227 0.085938
0 0.710449 0.530599 0.034180 0.087240
0 0.743652 0.520833 0.036133 0.085938
0 0.778320 0.515625 0.033203 0.083333
0 0.812012 0.506510 0.036133 0.088542
0 0.846191 0.498698 0.034180 0.083333
0 0.883301 0.490885 0.038086 0.085938
0 0.919922 0.484375 0.037109 0.085938
0 0.958008 0.477214 0.039062 0.087240
0 0.988281 0.472005 0.023438 0.084635
0 0.676758 0.606771 0.033203 0.067708
0 0.709473 0.598958 0.032227 0.070312
0 0.743652 0.591146 0.034180 0.067708
0 0.776855 0.584635 0.032227 0.070312
0 0.811523 0.576823 0.035156 0.070312
0 0.847168 0.568359 0.036133 0.074219
0 0.883789 0.561849 0.037109 0.069010
0 0.921387 0.552734 0.034180 0.071615
0 0.958008 0.546875 0.039062 0.067708
0 0.988770 0.541667 0.022461 0.067708
0 0.636230 0.791667 0.049805 0.067708
0 0.676758 0.765625 0.031250 0.062500
0 0.709961 0.759115 0.033203 0.067708
0 0.742188 0.750651 0.037109 0.069010
0 0.777344 0.744792 0.031250 0.065104
0 0.812988 0.736979 0.034180 0.067708
0 0.848633 0.729167 0.033203 0.070312
0 0.883301 0.723307 0.036133 0.069010
0 0.921387 0.717448 0.038086 0.072917
0 0.958008 0.710938 0.035156 0.072917
0 0.988281 0.703776 0.023438 0.066406
0 0.636719 0.832682 0.046875 0.035156
0 0.678711 0.807292 0.033203 0.031250
0 0.710938 0.799479 0.033203 0.031250
0 0.744629 0.794922 0.034180 0.032552
0 0.778320 0.785807 0.033203 0.029948
0 0.813477 0.779948 0.037109 0.036458
0 0.848633 0.774740 0.035156 0.033854
0 0.884766 0.766927 0.037109 0.028646
0 0.922852 0.760417 0.037109 0.031250
0 0.958496 0.753255 0.038086 0.037760
0 0.988770 0.748698 0.022461 0.033854
0 0.637695 0.884115 0.046875 0.085938
0 0.678223 0.857422 0.034180 0.082031
0 0.711426 0.851562 0.034180 0.088542
0 0.744629 0.843750 0.034180 0.085938
0 0.777832 0.840495 0.036133 0.084635
0 0.813477 0.831380 0.037109 0.087240
0 0.849121 0.825521 0.034180 0.083333
0 0.885254 0.819010 0.040039 0.088542
0 0.922852 0.812500 0.035156 0.085938
0 0.960449 0.806641 0.038086 0.087240
0 0.989258 0.802734 0.019531 0.079427
0 0.637695 0.952474 0.046875 0.074219
0 0.680176 0.928385 0.032227 0.067708
0 0.712402 0.921875 0.032227 0.067708
0 0.746094 0.915365 0.035156 0.070312
0 0.779297 0.908203 0.035156 0.069010
0 0.814941 0.900391 0.038086 0.069010
0 0.849609 0.895182 0.033203 0.066406
0 0.885254 0.891927 0.040039 0.072917
0 0.922363 0.880859 0.040039 0.071615
0 0.959961 0.875651 0.041016 0.071615
0 0.988770 0.869792 0.020508 0.065104
0 0.680664 0.970703 0.033203 0.032552
0 0.713379 0.964844 0.032227 0.036458
0 0.746094 0.956380 0.035156 0.037760
0 0.779785 0.949219 0.030273 0.033854
0 0.814453 0.943359 0.037109 0.035156
0 0.850098 0.938151 0.036133 0.032552
0 0.886719 0.930990 0.037109 0.036458
0 0.923340 0.923177 0.034180 0.036458
0 0.960938 0.919922 0.039062 0.037760
0 0.990234 0.915365 0.019531 0.026042
0 0.679688 0.988281 0.037109 0.023438
0 0.711426 0.985677 0.030273 0.028646
0 0.746094 0.982422 0.037109 0.035156
0 0.780273 0.979167 0.031250 0.041667
0 0.813477 0.973958 0.039062 0.052083
0 0.850098 0.973958 0.038086 0.052083
0 0.888184 0.970703 0.040039 0.058594
0 0.922363 0.966797 0.036133 0.066406
0 0.958008 0.964844 0.039062 0.070312
0 0.988281 0.964193 0.021484 0.071615
