0 0.369141 0.225586 0.050781 0.244141
0 0.445312 0.275391 0.097656 0.265625
0 0.541992 0.329102 0.087891 0.251953
0 0.628906 0.381836 0.082031 0.228516
0 0.698242 0.423828 0.064453 0.218750
0 0.745117 0.453125 0.029297 0.191406
0 0.787109 0.475586 0.054688 0.197266
0 0.838867 0.505859 0.048828 0.191406
0 0.884766 0.531250 0.046875 0.179688
0 0.924805 0.558594 0.037109 0.179688
0 0.970703 0.582031 0.050781 0.171875
0 0.366211 0.578125 0.060547 0.261719
0 0.448242 0.608398 0.103516 0.259766
0 0.542969 0.640625 0.085938 0.242188
0 0.627930 0.667969 0.076172 0.230469
0 0.696289 0.697266 0.068359 0.218750
0 0.744141 0.717773 0.035156 0.197266
0 0.788086 0.736328 0.052734 0.195312
0 0.836914 0.753906 0.048828 0.183594
0 0.883789 0.770508 0.052734 0.177734
0 0.929688 0.791016 0.042969 0.175781
0 0.969727 0.806641 0.044922 0.175781
0 0.366211 0.906250 0.064453 0.187500
0 0.448242 0.911133 0.099609 0.177734
0 0.542969 0.922852 0.082031 0.154297
0 0.623047 0.931641 0.078125 0.136719
0 0.695312 0.941406 0.066406 0.117188
0 0.746094 0.947266 0.031250 0.105469
0 0.786133 0.951172 0.052734 0.097656
0 0.836914 0.958984 0.048828 0.082031
0 0.882812 0.960938 0.046875 0.078125
0 0.927734 0.965820 0.042969 0.068359
0 0.970703 0.971680 0.039062 0.056641
0 0.268555 0.251953 0.107422 0.445312
0 0.181641 0.404297 0.074219 0.398438
0 0.115234 0.527344 0.062500 0.367188
0 0.066406 0.613281 0.031250 0.289062
0 0.258789 0.584961 0.080078 0.439453
0 0.183594 0.672852 0.078125 0.353516
0 0.119141 0.756836 0.050781 0.283203
0 0.075195 0.816406 0.041016 0.222656
0 0.262695 0.862305 0.080078 0.275391
0 0.183594 0.900391 0.078125 0.199219
0 0.117188 0.929688 0.054688 0.140625
0 0.076172 0.949219 0.042969 0.101562
