0 0.065430 0.240234 0.126953 0.070312
0 0.188477 0.242188 0.119141 0.074219
0 0.307617 0.240234 0.119141 0.078125
0 0.419922 0.241211 0.105469 0.080078
0 0.525391 0.240234 0.105469 0.082031
0 0.642578 0.240234 0.128906 0.082031
0 0.643555 0.325195 0.126953 0.087891
0 0.528320 0.324219 0.103516 0.089844
0 0.419922 0.324219 0.105469 0.085938
0 0.307617 0.324219 0.119141 0.085938
0 0.189453 0.322266 0.117188 0.082031
0 0.066406 0.321289 0.128906 0.083984
0 0.066406 0.401367 0.128906 0.072266
0 0.190430 0.401367 0.119141 0.072266
0 0.309570 0.401367 0.119141 0.072266
0 0.421875 0.404297 0.105469 0.066406
0 0.526367 0.402344 0.103516 0.062500
0 0.642578 0.404297 0.128906 0.058594
0 0.066406 0.504883 0.105469 0.021484
0 0.069336 0.558594 0.111328 0.089844
0 0.069336 0.635742 0.111328 0.064453
0 0.189453 0.503906 0.113281 0.031250
0 0.186523 0.561523 0.119141 0.083984
0 0.187500 0.636719 0.121094 0.066406
0 0.307617 0.635742 0.119141 0.068359
0 0.309570 0.561523 0.115234 0.080078
0 0.308594 0.506836 0.113281 0.029297
0 0.416016 0.503906 0.101562 0.023438
0 0.418945 0.558594 0.095703 0.085938
0 0.421875 0.635742 0.101562 0.068359
0 0.525391 0.636719 0.105469 0.066406
0 0.525391 0.560547 0.105469 0.085938
0 0.525391 0.503906 0.105469 0.027344
0 0.644531 0.504883 0.132812 0.029297
0 0.645508 0.561523 0.130859 0.083984
0 0.645508 0.639648 0.130859 0.072266
0 0.070312 0.765625 0.117188 0.085938
0 0.186523 0.766602 0.115234 0.083984
0 0.072266 0.845703 0.117188 0.070312
0 0.187500 0.844727 0.113281 0.072266
0 0.073242 0.899414 0.111328 0.044922
0 0.187500 0.901367 0.117188 0.041016
0 0.290039 0.836914 0.072266 0.177734
0 0.360352 0.838867 0.068359 0.173828
0 0.424805 0.836914 0.060547 0.169922
0 0.527344 0.760742 0.105469 0.087891
0 0.642578 0.763672 0.132812 0.085938
0 0.524414 0.842773 0.099609 0.068359
0 0.641602 0.843750 0.134766 0.066406
0 0.524414 0.895508 0.107422 0.044922
0 0.643555 0.898438 0.130859 0.039062
