0 0.007324 0.248159 0.012695 0.042710
0 0.007812 0.298969 0.013672 0.058910
0 0.029297 0.298233 0.027344 0.060383
0 0.056641 0.298233 0.027344 0.060383
0 0.083984 0.298969 0.027344 0.058910
0 0.105469 0.297496 0.015625 0.055965
0 0.028809 0.247423 0.026367 0.044183
0 0.054688 0.246686 0.025391 0.042710
0 0.083008 0.248159 0.031250 0.039764
0 0.105469 0.248895 0.013672 0.041237
0 0.126465 0.119293 0.026367 0.091311
0 0.151855 0.119293 0.026367 0.091311
0 0.176758 0.117820 0.027344 0.091311
0 0.201660 0.117084 0.026367 0.089838
0 0.227539 0.117084 0.021484 0.089838
0 0.248047 0.118557 0.019531 0.086892
0 0.275879 0.128130 0.024414 0.070692
0 0.300293 0.128866 0.024414 0.069219
0 0.325195 0.128866 0.025391 0.069219
0 0.349609 0.128866 0.023438 0.069219
0 0.375000 0.128866 0.027344 0.069219
0 0.400391 0.129602 0.023438 0.067747
0 0.424805 0.128130 0.025391 0.064801
0 0.450684 0.128130 0.026367 0.064801
0 0.476074 0.128130 0.024414 0.064801
0 0.500977 0.128130 0.025391 0.064801
0 0.527344 0.127393 0.025391 0.066274
0 0.551758 0.127393 0.023438 0.066274
0 0.576660 0.127393 0.026367 0.066274
0 0.602051 0.128130 0.024414 0.064801
0 0.625488 0.128866 0.022461 0.066274
0 0.648438 0.130339 0.023438 0.063328
0 0.678223 0.117820 0.020508 0.082474
0 0.678223 0.256259 0.020508 0.117820
0 0.701172 0.256259 0.025391 0.117820
0 0.727539 0.256996 0.027344 0.119293
0 0.752930 0.255523 0.029297 0.125184
0 0.774902 0.254786 0.026367 0.123711
0 0.799805 0.255523 0.023438 0.116348
0 0.678711 0.359352 0.023438 0.085420
0 0.702148 0.357879 0.023438 0.088365
0 0.726074 0.357879 0.024414 0.088365
0 0.750488 0.360088 0.024414 0.083947
0 0.775391 0.360825 0.025391 0.085420
0 0.800293 0.360088 0.024414 0.086892
0 0.125977 0.185567 0.025391 0.020619
0 0.150879 0.185567 0.024414 0.020619
0 0.175781 0.184094 0.025391 0.017673
0 0.200195 0.184094 0.023438 0.017673
0 0.225098 0.186303 0.026367 0.022091
0 0.248535 0.185567 0.020508 0.023564
0 0.126953 0.257732 0.025391 0.120766
0 0.151855 0.256996 0.024414 0.122239
0 0.176758 0.256259 0.025391 0.120766
0 0.201172 0.290869 0.023438 0.051546
0 0.201660 0.230486 0.022461 0.069219
0 0.225098 0.229750 0.024414 0.070692
0 0.225586 0.290869 0.023438 0.051546
0 0.248047 0.259205 0.025391 0.117820
0 0.274414 0.255523 0.027344 0.125184
0 0.301270 0.254786 0.026367 0.123711
0 0.326660 0.255523 0.024414 0.122239
0 0.350098 0.255523 0.022461 0.122239
0 0.374023 0.256259 0.025391 0.120766
0 0.400391 0.255523 0.027344 0.119293
0 0.426270 0.254786 0.024414 0.120766
0 0.451172 0.256996 0.025391 0.125184
0 0.475586 0.258468 0.023438 0.122239
0 0.500977 0.257732 0.027344 0.120766
0 0.525879 0.256996 0.022461 0.122239
0 0.550293 0.256996 0.026367 0.122239
0 0.576660 0.256259 0.024414 0.120766
0 0.601074 0.256259 0.024414 0.120766
0 0.625488 0.256996 0.024414 0.122239
0 0.652344 0.256996 0.029297 0.122239
0 0.126465 0.360825 0.026367 0.085420
0 0.151855 0.361561 0.024414 0.086892
0 0.176270 0.361561 0.024414 0.086892
0 0.200684 0.360825 0.024414 0.088365
0 0.225586 0.361561 0.025391 0.089838
0 0.249512 0.361561 0.022461 0.089838
0 0.274414 0.330633 0.027344 0.027982
0 0.300781 0.331370 0.025391 0.026510
0 0.326172 0.329897 0.025391 0.023564
0 0.350098 0.329161 0.022461 0.025037
0 0.374512 0.330633 0.026367 0.027982
0 0.401367 0.331370 0.027344 0.026510
0 0.426758 0.332106 0.023438 0.027982
0 0.451172 0.332106 0.025391 0.027982
0 0.476074 0.330633 0.024414 0.025037
0 0.501465 0.331370 0.026367 0.023564
0 0.526367 0.329897 0.023438 0.020619
0 0.551270 0.329161 0.026367 0.022091
0 0.576660 0.330633 0.024414 0.025037
0 0.601074 0.330633 0.024414 0.025037
0 0.625977 0.330633 0.025391 0.025037
0 0.653320 0.329897 0.029297 0.026510
0 0.601074 0.425626 0.024414 0.041237
0 0.625488 0.426362 0.024414 0.039764
0 0.650391 0.426362 0.025391 0.039764
0 0.126465 0.424890 0.026367 0.042710
0 0.151855 0.427099 0.024414 0.038292
0 0.176758 0.426362 0.025391 0.036819
0 0.251465 0.427099 0.024414 0.038292
0 0.276855 0.427099 0.026367 0.038292
0 0.302734 0.427835 0.025391 0.039764
0 0.327637 0.427835 0.024414 0.039764
0 0.352051 0.427835 0.024414 0.039764
0 0.373535 0.427835 0.018555 0.042710
0 0.403320 0.428571 0.021484 0.044183
0 0.425781 0.429308 0.023438 0.042710
0 0.451172 0.428571 0.027344 0.041237
0 0.476562 0.427835 0.025391 0.042710
0 0.501465 0.427099 0.024414 0.041237
0 0.525391 0.427099 0.023438 0.041237
0 0.276367 0.382916 0.025391 0.017673
0 0.301270 0.382916 0.024414 0.017673
0 0.325684 0.382916 0.024414 0.017673
0 0.349121 0.382180 0.022461 0.019146
0 0.371582 0.380707 0.022461 0.016200
0 0.402832 0.382916 0.022461 0.017673
0 0.426758 0.382916 0.025391 0.020619
0 0.451172 0.382180 0.023438 0.019146
0 0.475586 0.382916 0.025391 0.017673
0 0.501465 0.382180 0.026367 0.016200
0 0.526367 0.382916 0.023438 0.014728
0 0.551270 0.382916 0.026367 0.014728
0 0.576172 0.382180 0.023438 0.016200
0 0.601074 0.382180 0.026367 0.016200
0 0.625977 0.382180 0.023438 0.016200
0 0.651855 0.382180 0.028320 0.016200
0 0.111328 0.058174 0.000000 0.001473
0 0.125000 0.030191 0.027344 0.057437
0 0.150879 0.030191 0.024414 0.057437
0 0.175293 0.030191 0.024414 0.057437
0 0.200195 0.029455 0.025391 0.055965
0 0.225098 0.029455 0.024414 0.055965
0 0.248047 0.030928 0.021484 0.058910
0 0.277344 0.031664 0.021484 0.060383
0 0.300293 0.031664 0.024414 0.060383
0 0.325684 0.031664 0.026367 0.060383
0 0.349121 0.031664 0.020508 0.060383
0 0.373535 0.031664 0.028320 0.060383
0 0.399902 0.031664 0.024414 0.060383
0 0.424805 0.031664 0.025391 0.060383
0 0.449707 0.031664 0.022461 0.060383
0 0.473633 0.031664 0.025391 0.060383
0 0.500000 0.030928 0.027344 0.058910
0 0.526367 0.031664 0.025391 0.057437
0 0.551270 0.031664 0.024414 0.057437
0 0.576172 0.030928 0.025391 0.058910
0 0.601562 0.031664 0.025391 0.060383
0 0.625488 0.031664 0.022461 0.060383
0 0.649414 0.031664 0.025391 0.060383
0 0.675293 0.031664 0.026367 0.060383
0 0.698730 0.033137 0.020508 0.063328
