0 0.166016 0.300439 0.066406 0.130117
0 0.229492 0.320175 0.058594 0.111111
0 0.165527 0.415936 0.067383 0.118421
0 0.230469 0.421784 0.060547 0.109649
0 0.167969 0.529240 0.072266 0.116959
0 0.234863 0.528509 0.061523 0.106725
0 0.166992 0.646930 0.072266 0.124269
0 0.236816 0.638889 0.059570 0.108187
0 0.170898 0.761696 0.072266 0.137427
0 0.235840 0.741959 0.061523 0.124269
0 0.752930 0.321637 0.062500 0.116959
0 0.819824 0.306287 0.069336 0.124269
0 0.752930 0.423977 0.062500 0.102339
0 0.819336 0.420322 0.068359 0.112573
0 0.749512 0.531433 0.063477 0.109649
0 0.818359 0.534357 0.070312 0.112573
0 0.750000 0.741228 0.064453 0.116959
0 0.816406 0.761696 0.074219 0.134503
0 0.404297 0.323099 0.017578 0.026316
0 0.432129 0.321637 0.038086 0.029240
0 0.461914 0.321637 0.021484 0.029240
0 0.461914 0.483187 0.021484 0.293860
0 0.404297 0.482456 0.019531 0.295322
0 0.433594 0.483187 0.039062 0.293860
0 0.404785 0.644006 0.018555 0.027778
0 0.432617 0.644006 0.037109 0.027778
0 0.462402 0.644737 0.022461 0.029240
0 0.512695 0.322368 0.017578 0.030702
0 0.541016 0.323099 0.039062 0.029240
0 0.570312 0.322368 0.019531 0.027778
0 0.569824 0.483187 0.020508 0.293860
0 0.541016 0.484649 0.037109 0.290936
0 0.513184 0.486111 0.018555 0.293860
0 0.514160 0.646199 0.020508 0.026316
0 0.541992 0.645468 0.035156 0.027778
0 0.569336 0.644737 0.019531 0.026316
4 0.486816 0.540936 0.235352 0.552632
