0 0.221484 0.113117 0.089844 0.197353
0 0.319922 0.113117 0.082031 0.190132
0 0.416016 0.113718 0.083594 0.198556
0 0.222656 0.321300 0.090625 0.202166
0 0.318750 0.323105 0.085938 0.188929
0 0.416406 0.323706 0.087500 0.197353
0 0.223828 0.533694 0.088281 0.203369
0 0.316406 0.534898 0.087500 0.203369
0 0.559375 0.120939 0.089063 0.193742
0 0.655469 0.122142 0.079687 0.186522
0 0.744531 0.124549 0.082812 0.191336
0 0.562109 0.325511 0.088281 0.198556
0 0.654687 0.327316 0.081250 0.187726
0 0.744531 0.328520 0.079687 0.197353
0 0.744922 0.531889 0.083594 0.197353
0 0.659375 0.530084 0.078125 0.196149
3 0.412109 0.596270 0.146094 0.489771
3 0.572656 0.584236 0.168750 0.496992
