0 0.837891 0.343750 0.093750 0.132812
0 0.738281 0.322266 0.101562 0.093750
0 0.574219 0.327148 0.093750 0.091797
0 0.443359 0.330078 0.097656 0.101562
0 0.420898 0.428711 0.048828 0.087891
0 0.467773 0.427734 0.044922 0.089844
0 0.421875 0.513672 0.042969 0.089844
0 0.464844 0.513672 0.042969 0.089844
0 0.422852 0.576172 0.044922 0.042969
0 0.466797 0.576172 0.042969 0.042969
0 0.422852 0.637695 0.044922 0.083984
0 0.424805 0.724609 0.041016 0.089844
0 0.424805 0.820312 0.041016 0.101562
0 0.468750 0.822266 0.046875 0.097656
0 0.471680 0.755859 0.041016 0.035156
0 0.469727 0.707031 0.037109 0.062500
0 0.466797 0.635742 0.042969 0.080078
0 0.553711 0.421875 0.052734 0.085938
0 0.557617 0.510742 0.044922 0.091797
0 0.558594 0.574219 0.046875 0.035156
0 0.557617 0.632812 0.048828 0.082031
0 0.556641 0.698242 0.046875 0.048828
0 0.557617 0.747070 0.044922 0.048828
0 0.558594 0.826172 0.046875 0.109375
0 0.606445 0.823242 0.048828 0.111328
0 0.608398 0.721680 0.044922 0.091797
0 0.605469 0.631836 0.039062 0.087891
0 0.603516 0.573242 0.039062 0.029297
0 0.603516 0.509766 0.039062 0.097656
0 0.602539 0.419922 0.041016 0.082031
0 0.718750 0.415039 0.066406 0.099609
0 0.724609 0.510742 0.054688 0.091797
0 0.724609 0.571289 0.054688 0.029297
0 0.724609 0.626953 0.054688 0.082031
0 0.723633 0.717773 0.052734 0.099609
0 0.726562 0.822266 0.046875 0.109375
0 0.685547 0.768555 0.035156 0.208984
0 0.679688 0.562500 0.023438 0.203125
0 0.646484 0.565430 0.035156 0.205078
0 0.647461 0.773438 0.037109 0.207031
0 0.772461 0.819336 0.037109 0.111328
0 0.774414 0.714844 0.033203 0.097656
0 0.774414 0.625977 0.033203 0.080078
0 0.774414 0.570312 0.033203 0.031250
0 0.776367 0.506836 0.029297 0.099609
0 0.775391 0.412109 0.031250 0.089844
0 0.816406 0.450195 0.046875 0.083984
0 0.818359 0.542969 0.042969 0.101562
0 0.816406 0.640625 0.042969 0.093750
0 0.817383 0.726562 0.041016 0.078125
0 0.818359 0.817383 0.046875 0.107422
0 0.861328 0.819336 0.039062 0.103516
0 0.860352 0.728516 0.041016 0.078125
0 0.860352 0.640625 0.041016 0.093750
0 0.861328 0.543945 0.039062 0.099609
0 0.866211 0.450195 0.048828 0.087891
0 0.050781 0.158203 0.070312 0.125000
0 0.124023 0.158203 0.076172 0.125000
0 0.197266 0.159180 0.070312 0.126953
0 0.268555 0.160156 0.072266 0.125000
0 0.051758 0.289062 0.064453 0.117188
0 0.121094 0.289062 0.074219 0.117188
0 0.196289 0.291016 0.076172 0.121094
0 0.270508 0.289062 0.072266 0.125000
0 0.054688 0.404297 0.062500 0.121094
0 0.121094 0.407227 0.070312 0.115234
0 0.194336 0.406250 0.076172 0.113281
0 0.270508 0.408203 0.076172 0.109375
0 0.057617 0.511719 0.064453 0.109375
0 0.124023 0.513672 0.068359 0.105469
0 0.198242 0.513672 0.080078 0.105469
0 0.269531 0.513672 0.062500 0.105469
0 0.056641 0.615234 0.066406 0.097656
0 0.124023 0.614258 0.068359 0.099609
0 0.197266 0.614258 0.078125 0.099609
0 0.271484 0.617188 0.070312 0.093750
0 0.057617 0.717773 0.064453 0.103516
0 0.125977 0.716797 0.072266 0.105469
0 0.201172 0.717773 0.078125 0.107422
0 0.273438 0.718750 0.066406 0.105469
0 0.055664 0.824219 0.060547 0.105469
0 0.125000 0.822266 0.078125 0.109375
0 0.201172 0.819336 0.074219 0.103516
0 0.272461 0.818359 0.068359 0.105469
