0 0.120117 0.280273 0.044922 0.052734
0 0.167969 0.280273 0.050781 0.052734
0 0.220703 0.279297 0.054688 0.050781
0 0.219727 0.334961 0.056641 0.060547
0 0.166016 0.335938 0.050781 0.058594
0 0.118164 0.336914 0.044922 0.060547
0 0.118164 0.398438 0.044922 0.062500
0 0.166992 0.397461 0.052734 0.064453
0 0.218750 0.396484 0.050781 0.062500
0 0.218750 0.466797 0.050781 0.078125
0 0.166992 0.466797 0.052734 0.078125
0 0.118164 0.462891 0.044922 0.070312
0 0.116211 0.601562 0.041016 0.207031
0 0.164062 0.604492 0.054688 0.201172
0 0.216797 0.605469 0.050781 0.203125
0 0.215820 0.738281 0.052734 0.062500
0 0.164062 0.736328 0.050781 0.066406
0 0.116211 0.735352 0.044922 0.064453
0 0.116211 0.829102 0.044922 0.123047
0 0.163086 0.830078 0.048828 0.121094
0 0.214844 0.832031 0.054688 0.125000
0 0.328125 0.283203 0.042969 0.054688
0 0.377930 0.283203 0.056641 0.054688
0 0.435547 0.282227 0.058594 0.052734
0 0.435547 0.337891 0.058594 0.058594
0 0.377930 0.338867 0.056641 0.056641
0 0.328125 0.338867 0.042969 0.056641
0 0.327148 0.398438 0.041016 0.062500
0 0.375977 0.398438 0.056641 0.062500
0 0.434570 0.398438 0.060547 0.062500
0 0.435547 0.462891 0.058594 0.066406
0 0.376953 0.460938 0.058594 0.070312
0 0.326172 0.461914 0.042969 0.072266
0 0.325195 0.530273 0.041016 0.064453
0 0.375000 0.529297 0.058594 0.066406
0 0.433594 0.529297 0.058594 0.066406
0 0.434570 0.594727 0.056641 0.064453
0 0.376953 0.594727 0.058594 0.064453
0 0.326172 0.594727 0.042969 0.064453
0 0.325195 0.657227 0.041016 0.060547
0 0.375977 0.657227 0.060547 0.060547
0 0.434570 0.658203 0.056641 0.062500
0 0.437500 0.727539 0.050781 0.076172
0 0.378906 0.725586 0.066406 0.080078
0 0.326172 0.726562 0.039062 0.082031
0 0.536133 0.282227 0.037109 0.052734
0 0.588867 0.282227 0.068359 0.052734
0 0.656250 0.282227 0.066406 0.052734
0 0.657227 0.337891 0.064453 0.058594
0 0.590820 0.337891 0.068359 0.058594
0 0.537109 0.338867 0.039062 0.060547
0 0.537109 0.398438 0.039062 0.058594
0 0.590820 0.399414 0.068359 0.056641
0 0.657227 0.401367 0.064453 0.060547
0 0.660156 0.464844 0.058594 0.066406
0 0.594727 0.463867 0.072266 0.068359
0 0.538086 0.463867 0.041016 0.068359
0 0.536133 0.531250 0.037109 0.066406
0 0.592773 0.532227 0.076172 0.064453
0 0.659180 0.531250 0.056641 0.062500
0 0.658203 0.597656 0.058594 0.070312
0 0.590820 0.598633 0.076172 0.068359
0 0.534180 0.600586 0.037109 0.072266
0 0.534180 0.668945 0.037109 0.064453
0 0.588867 0.666016 0.072266 0.070312
0 0.657227 0.668945 0.064453 0.076172
0 0.657227 0.756836 0.064453 0.099609
0 0.589844 0.754883 0.070312 0.103516
0 0.537109 0.752930 0.035156 0.099609
0 0.767578 0.281250 0.042969 0.050781
0 0.816406 0.282227 0.054688 0.048828
0 0.870117 0.283203 0.052734 0.050781
0 0.870117 0.337891 0.052734 0.058594
0 0.817383 0.336914 0.052734 0.060547
0 0.767578 0.339844 0.046875 0.066406
0 0.766602 0.402344 0.044922 0.058594
0 0.816406 0.398438 0.054688 0.066406
0 0.868164 0.398438 0.048828 0.066406
0 0.865234 0.466797 0.054688 0.070312
0 0.814453 0.468750 0.050781 0.070312
0 0.767578 0.466797 0.042969 0.066406
0 0.766602 0.534180 0.041016 0.068359
0 0.814453 0.534180 0.054688 0.068359
0 0.867188 0.534180 0.050781 0.068359
0 0.867188 0.599609 0.050781 0.062500
0 0.815430 0.599609 0.052734 0.062500
0 0.766602 0.600586 0.044922 0.064453
0 0.767578 0.668945 0.042969 0.072266
0 0.816406 0.668945 0.054688 0.072266
0 0.871094 0.666992 0.054688 0.068359
0 0.871094 0.736328 0.054688 0.070312
0 0.816406 0.738281 0.054688 0.066406
0 0.766602 0.738281 0.044922 0.066406
0 0.765625 0.804688 0.042969 0.066406
0 0.813477 0.803711 0.052734 0.064453
0 0.867188 0.803711 0.050781 0.060547
0 0.868164 0.859375 0.048828 0.050781
0 0.818359 0.847656 0.054688 0.031250
0 0.767578 0.850586 0.046875 0.025391
