0 0.397461 0.136719 0.072266 0.156250
0 0.459961 0.137695 0.052734 0.154297
0 0.514648 0.136719 0.056641 0.152344
0 0.570312 0.138672 0.054688 0.148438
0 0.616211 0.147461 0.017578 0.126953
0 0.650391 0.142578 0.050781 0.136719
0 0.699219 0.144531 0.046875 0.140625
0 0.761719 0.331055 0.039062 0.154297
0 0.802734 0.329102 0.042969 0.158203
0 0.848633 0.330078 0.048828 0.160156
0 0.122070 0.351562 0.048828 0.207031
0 0.166992 0.350586 0.041016 0.208984
0 0.205078 0.350586 0.035156 0.208984
0 0.245117 0.351562 0.044922 0.207031
0 0.288086 0.353516 0.041016 0.210938
0 0.325195 0.353516 0.033203 0.210938
0 0.366211 0.353516 0.048828 0.210938
0 0.411133 0.352539 0.041016 0.212891
0 0.440430 0.351562 0.017578 0.210938
0 0.470703 0.353516 0.042969 0.207031
0 0.516602 0.354492 0.048828 0.208984
0 0.554688 0.354492 0.027344 0.208984
0 0.578125 0.352539 0.019531 0.205078
0 0.605469 0.353516 0.035156 0.203125
0 0.646484 0.354492 0.046875 0.205078
0 0.694336 0.355469 0.048828 0.203125
0 0.672852 0.611328 0.041016 0.242188
0 0.710938 0.610352 0.035156 0.244141
0 0.089844 0.611328 0.050781 0.246094
0 0.139648 0.612305 0.048828 0.244141
0 0.199219 0.611328 0.046875 0.242188
0 0.284180 0.612305 0.044922 0.240234
0 0.314453 0.611328 0.015625 0.242188
0 0.368164 0.609375 0.044922 0.230469
0 0.411133 0.608398 0.041016 0.232422
0 0.438477 0.609375 0.013672 0.234375
0 0.482422 0.610352 0.039062 0.232422
0 0.519531 0.609375 0.035156 0.234375
0 0.574219 0.610352 0.042969 0.232422
0 0.618164 0.610352 0.044922 0.232422
0 0.955078 0.353516 0.046875 0.113281
0 0.988281 0.352539 0.023438 0.115234
