0 0.020417 0.040000 0.039167 0.077778
0 0.073333 0.038889 0.068333 0.075556
0 0.159583 0.037778 0.099167 0.073333
0 0.245000 0.041111 0.071667 0.080000
0 0.348750 0.041111 0.135833 0.080000
0 0.477917 0.041667 0.119167 0.081111
0 0.602917 0.040000 0.122500 0.077778
0 0.727917 0.042222 0.122500 0.082222
0 0.849583 0.041667 0.122500 0.081111
0 0.954583 0.040556 0.090833 0.076667
0 0.018750 0.114444 0.035833 0.073333
0 0.072083 0.111111 0.070833 0.080000
0 0.158750 0.113889 0.102500 0.085556
0 0.246667 0.117222 0.073333 0.078889
0 0.350833 0.121111 0.135000 0.086667
0 0.480833 0.123333 0.125000 0.082222
0 0.606250 0.120556 0.125833 0.076667
0 0.728750 0.118889 0.119167 0.080000
0 0.850417 0.121111 0.124167 0.084444
0 0.956250 0.122222 0.087500 0.082222
0 0.019583 0.211111 0.037500 0.117778
0 0.072917 0.211667 0.069167 0.116667
0 0.159583 0.212222 0.104167 0.117778
0 0.247500 0.213333 0.071667 0.115556
0 0.351250 0.216111 0.135833 0.121111
0 0.482083 0.217778 0.125833 0.117778
0 0.605417 0.217778 0.120833 0.117778
0 0.727500 0.216111 0.123333 0.121111
0 0.850833 0.216111 0.123333 0.121111
0 0.956250 0.216111 0.087500 0.121111
0 0.019583 0.307222 0.034167 0.074444
0 0.071667 0.305556 0.070000 0.077778
0 0.159167 0.306111 0.105000 0.078889
0 0.247083 0.307778 0.070833 0.075556
0 0.350833 0.313889 0.136667 0.087778
0 0.481250 0.314444 0.124167 0.086667
0 0.604583 0.311667 0.122500 0.081111
0 0.727083 0.313333 0.122500 0.077778
0 0.851667 0.311667 0.126667 0.074444
0 0.957083 0.311667 0.084167 0.074444
0 0.020000 0.405000 0.031667 0.118889
0 0.071667 0.405556 0.071667 0.117778
0 0.160000 0.405556 0.105000 0.117778
0 0.246250 0.406667 0.067500 0.115556
0 0.350417 0.406111 0.140833 0.114444
0 0.483333 0.403889 0.125000 0.118889
0 0.606250 0.402778 0.120833 0.116667
0 0.729167 0.403889 0.125000 0.114444
0 0.852500 0.406111 0.121667 0.118889
0 0.956667 0.406667 0.086667 0.117778
0 0.022083 0.501111 0.032500 0.073333
0 0.074167 0.498889 0.070000 0.077778
0 0.160417 0.499444 0.102500 0.078889
0 0.245417 0.500000 0.067500 0.077778
0 0.350000 0.501667 0.141667 0.081111
0 0.484167 0.501111 0.126667 0.082222
0 0.606667 0.497778 0.118333 0.075556
0 0.725833 0.499444 0.120000 0.072222
0 0.849583 0.496667 0.127500 0.066667
0 0.956250 0.496667 0.085833 0.066667
0 0.018333 0.596111 0.033333 0.116667
0 0.071667 0.593333 0.078333 0.115556
0 0.161250 0.596667 0.100833 0.122222
0 0.245833 0.598333 0.068333 0.118889
0 0.350417 0.595000 0.140833 0.112222
0 0.484583 0.593333 0.127500 0.115556
0 0.607500 0.593333 0.118333 0.115556
0 0.727917 0.590556 0.122500 0.121111
0 0.850833 0.589444 0.123333 0.118889
0 0.956250 0.591111 0.087500 0.115556
0 0.020000 0.696667 0.038333 0.077778
0 0.074167 0.694444 0.070000 0.082222
0 0.162083 0.691111 0.105833 0.075556
0 0.248750 0.691667 0.067500 0.074444
0 0.350833 0.691667 0.136667 0.074444
0 0.483333 0.690000 0.128333 0.077778
0 0.607083 0.687222 0.119167 0.072222
0 0.727917 0.686667 0.122500 0.073333
0 0.852083 0.685556 0.125833 0.071111
0 0.957083 0.683333 0.084167 0.075556
0 0.018750 0.791111 0.029167 0.115556
0 0.070417 0.788889 0.074167 0.120000
0 0.158750 0.787778 0.102500 0.117778
0 0.246250 0.787222 0.072500 0.118889
0 0.352083 0.785000 0.139167 0.114444
0 0.482500 0.784444 0.121667 0.115556
0 0.605833 0.785556 0.125000 0.117778
0 0.729167 0.785556 0.121667 0.117778
0 0.851250 0.783333 0.122500 0.113333
0 0.955833 0.782222 0.086667 0.115556
0 0.019583 0.888333 0.034167 0.081111
0 0.071667 0.884444 0.076667 0.080000
0 0.157083 0.883333 0.095833 0.077778
0 0.242917 0.881111 0.075833 0.082222
0 0.351250 0.881111 0.140833 0.082222
0 0.482083 0.883333 0.120833 0.077778
0 0.605833 0.882778 0.126667 0.076667
0 0.730000 0.881111 0.116667 0.077778
0 0.852083 0.880000 0.127500 0.075556
0 0.957917 0.881111 0.084167 0.073333
0 0.018333 0.962778 0.031667 0.074444
0 0.072083 0.964444 0.074167 0.071111
0 0.156250 0.960556 0.092500 0.070000
0 0.240833 0.960000 0.076667 0.071111
0 0.348333 0.962222 0.138333 0.075556
0 0.481250 0.960556 0.125833 0.078889
0 0.605000 0.961111 0.123333 0.071111
0 0.728333 0.956667 0.123333 0.080000
0 0.852917 0.956111 0.125833 0.078889
0 0.957917 0.957222 0.084167 0.076667
