0 0.219727 0.043945 0.095703 0.083984
0 0.316406 0.041992 0.097656 0.080078
0 0.410156 0.041992 0.089844 0.080078
0 0.501953 0.042969 0.093750 0.082031
0 0.591797 0.043945 0.085938 0.080078
0 0.679688 0.045898 0.089844 0.083984
0 0.778320 0.045898 0.107422 0.083984
0 0.222656 0.126953 0.093750 0.089844
0 0.318359 0.125000 0.097656 0.093750
0 0.411133 0.124023 0.087891 0.091797
0 0.501953 0.127930 0.093750 0.083984
0 0.593750 0.128906 0.089844 0.085938
0 0.682617 0.129883 0.087891 0.083984
0 0.779297 0.129883 0.105469 0.083984
0 0.222656 0.214844 0.101562 0.089844
0 0.318359 0.214844 0.089844 0.089844
0 0.409180 0.211914 0.091797 0.083984
0 0.501953 0.211914 0.093750 0.083984
0 0.592773 0.212891 0.087891 0.085938
0 0.681641 0.213867 0.089844 0.083984
0 0.777344 0.214844 0.101562 0.085938
0 0.224609 0.294922 0.097656 0.089844
0 0.319336 0.296875 0.091797 0.085938
0 0.412109 0.296875 0.093750 0.085938
0 0.503906 0.295898 0.089844 0.087891
0 0.592773 0.292969 0.087891 0.082031
0 0.682617 0.295898 0.091797 0.080078
0 0.778320 0.294922 0.099609 0.078125
0 0.222656 0.344727 0.101562 0.025391
0 0.319336 0.346680 0.091797 0.021484
0 0.414062 0.346680 0.097656 0.021484
0 0.506836 0.345703 0.087891 0.023438
0 0.594727 0.344727 0.087891 0.021484
0 0.683594 0.345703 0.089844 0.019531
0 0.777344 0.348633 0.097656 0.025391
0 0.224609 0.400391 0.105469 0.089844
0 0.321289 0.399414 0.087891 0.091797
0 0.416016 0.400391 0.101562 0.093750
0 0.508789 0.400391 0.083984 0.093750
0 0.593750 0.399414 0.085938 0.091797
0 0.682617 0.403320 0.091797 0.087891
0 0.760742 0.400391 0.064453 0.082031
0 0.759766 0.486328 0.066406 0.089844
0 0.681641 0.490234 0.089844 0.082031
0 0.593750 0.492188 0.085938 0.085938
0 0.507812 0.489258 0.085938 0.091797
0 0.414062 0.487305 0.101562 0.087891
0 0.320312 0.488281 0.085938 0.085938
0 0.226562 0.485352 0.101562 0.080078
0 0.226562 0.576172 0.101562 0.101562
0 0.321289 0.577148 0.087891 0.099609
0 0.416016 0.576172 0.101562 0.097656
0 0.508789 0.579102 0.083984 0.091797
0 0.592773 0.576172 0.083984 0.085938
0 0.679688 0.576172 0.089844 0.085938
0 0.757812 0.576172 0.066406 0.085938
0 0.757812 0.664062 0.066406 0.089844
0 0.680664 0.667969 0.091797 0.101562
0 0.593750 0.667969 0.082031 0.101562
0 0.505859 0.667969 0.093750 0.101562
0 0.412109 0.670898 0.093750 0.095703
0 0.319336 0.670898 0.091797 0.095703
0 0.224609 0.673828 0.097656 0.089844
0 0.225586 0.761719 0.095703 0.089844
0 0.320312 0.760742 0.093750 0.091797
0 0.413086 0.758789 0.091797 0.087891
0 0.503906 0.761719 0.089844 0.082031
0 0.591797 0.761719 0.085938 0.082031
0 0.679688 0.757812 0.089844 0.089844
0 0.756836 0.753906 0.064453 0.082031
0 0.226562 0.844727 0.097656 0.083984
0 0.324219 0.844727 0.097656 0.083984
0 0.416016 0.845703 0.085938 0.085938
0 0.503906 0.844727 0.089844 0.087891
0 0.591797 0.844727 0.085938 0.087891
0 0.679688 0.843750 0.089844 0.089844
0 0.756836 0.842773 0.064453 0.087891
0 0.756836 0.926758 0.064453 0.080078
0 0.680664 0.926758 0.087891 0.080078
0 0.593750 0.925781 0.085938 0.078125
0 0.504883 0.923828 0.091797 0.082031
0 0.416016 0.923828 0.085938 0.082031
0 0.321289 0.924805 0.103516 0.080078
0 0.223633 0.925781 0.091797 0.082031
0 0.022461 0.292969 0.041016 0.132812
0 0.019531 0.721680 0.035156 0.123047
