0 0.255859 0.080078 0.035156 0.136719
0 0.289062 0.078125 0.031250 0.140625
0 0.398438 0.032227 0.175781 0.041016
0 0.597656 0.035156 0.191406 0.046875
0 0.720703 0.082031 0.035156 0.136719
0 0.750977 0.083008 0.025391 0.134766
0 0.336914 0.089844 0.052734 0.062500
0 0.387695 0.091797 0.048828 0.058594
0 0.433594 0.090820 0.042969 0.056641
0 0.475586 0.089844 0.041016 0.058594
0 0.523438 0.093750 0.042969 0.058594
0 0.567383 0.093750 0.044922 0.058594
0 0.617188 0.092773 0.054688 0.056641
0 0.667969 0.094727 0.046875 0.052734
0 0.337891 0.132812 0.046875 0.027344
0 0.386719 0.132812 0.050781 0.027344
0 0.433594 0.133789 0.042969 0.029297
0 0.477539 0.135742 0.044922 0.025391
0 0.522461 0.136719 0.044922 0.027344
0 0.566406 0.135742 0.042969 0.029297
0 0.616211 0.134766 0.056641 0.027344
0 0.669922 0.135742 0.050781 0.025391
0 0.275391 0.177734 0.066406 0.050781
0 0.276367 0.228516 0.064453 0.050781
0 0.335938 0.183594 0.054688 0.046875
0 0.387695 0.182617 0.048828 0.044922
0 0.433594 0.181641 0.042969 0.046875
0 0.475586 0.180664 0.041016 0.044922
0 0.523438 0.181641 0.054688 0.042969
0 0.572266 0.181641 0.042969 0.042969
0 0.618164 0.181641 0.048828 0.042969
0 0.667969 0.181641 0.050781 0.042969
0 0.725586 0.182617 0.064453 0.041016
0 0.336914 0.231445 0.060547 0.052734
0 0.388672 0.230469 0.042969 0.054688
0 0.432617 0.230469 0.044922 0.054688
0 0.476562 0.230469 0.042969 0.054688
0 0.522461 0.230469 0.048828 0.054688
0 0.570312 0.230469 0.046875 0.054688
0 0.618164 0.228516 0.048828 0.050781
0 0.669922 0.228516 0.054688 0.050781
0 0.726562 0.230469 0.058594 0.054688
0 0.276367 0.299805 0.064453 0.080078
0 0.335938 0.300781 0.054688 0.078125
0 0.388672 0.298828 0.050781 0.074219
0 0.434570 0.297852 0.041016 0.076172
0 0.477539 0.296875 0.044922 0.074219
0 0.524414 0.297852 0.048828 0.072266
0 0.573242 0.299805 0.048828 0.076172
0 0.620117 0.296875 0.044922 0.082031
0 0.669922 0.296875 0.054688 0.082031
0 0.727539 0.298828 0.060547 0.078125
0 0.273438 0.394531 0.066406 0.117188
0 0.332031 0.396484 0.050781 0.113281
0 0.379883 0.396484 0.044922 0.113281
0 0.427734 0.396484 0.050781 0.113281
0 0.476562 0.397461 0.046875 0.115234
0 0.525391 0.397461 0.050781 0.115234
0 0.575195 0.396484 0.048828 0.113281
0 0.623047 0.397461 0.046875 0.111328
0 0.672852 0.398438 0.052734 0.113281
0 0.731445 0.397461 0.064453 0.115234
0 0.270508 0.509766 0.072266 0.113281
0 0.331055 0.509766 0.048828 0.113281
0 0.379883 0.508789 0.048828 0.107422
0 0.427734 0.508789 0.046875 0.107422
0 0.474609 0.510742 0.046875 0.111328
0 0.524414 0.509766 0.052734 0.113281
0 0.576172 0.508789 0.050781 0.111328
0 0.625000 0.508789 0.046875 0.111328
0 0.673828 0.506836 0.050781 0.107422
0 0.720703 0.507812 0.042969 0.105469
0 0.754883 0.509766 0.025391 0.109375
0 0.756836 0.616211 0.021484 0.103516
0 0.721680 0.616211 0.048828 0.103516
0 0.670898 0.616211 0.052734 0.103516
0 0.622070 0.617188 0.044922 0.101562
0 0.575195 0.618164 0.048828 0.103516
0 0.527344 0.619141 0.046875 0.101562
0 0.479492 0.618164 0.048828 0.099609
0 0.429688 0.616211 0.050781 0.103516
0 0.381836 0.615234 0.044922 0.101562
0 0.332031 0.617188 0.054688 0.097656
0 0.285156 0.618164 0.039062 0.099609
0 0.287109 0.707031 0.042969 0.078125
0 0.333984 0.706055 0.050781 0.080078
0 0.381836 0.707031 0.044922 0.082031
0 0.428711 0.708008 0.048828 0.080078
0 0.476562 0.708984 0.046875 0.082031
0 0.525391 0.708984 0.050781 0.082031
0 0.575195 0.708008 0.048828 0.080078
0 0.623047 0.707031 0.046875 0.082031
0 0.671875 0.707031 0.050781 0.082031
0 0.722656 0.706055 0.050781 0.083984
0 0.755859 0.707031 0.015625 0.085938
0 0.730469 0.794922 0.066406 0.089844
0 0.670898 0.792969 0.052734 0.093750
0 0.621094 0.793945 0.046875 0.095703
0 0.574219 0.794922 0.046875 0.093750
0 0.526367 0.793945 0.048828 0.091797
0 0.477539 0.793945 0.048828 0.091797
0 0.430664 0.792969 0.044922 0.089844
0 0.383789 0.791016 0.048828 0.093750
0 0.333008 0.790039 0.052734 0.091797
0 0.284180 0.791016 0.044922 0.089844
0 0.332031 0.880859 0.050781 0.089844
0 0.382812 0.881836 0.050781 0.087891
0 0.431641 0.885742 0.046875 0.095703
0 0.479492 0.885742 0.048828 0.095703
0 0.526367 0.885742 0.044922 0.095703
0 0.574219 0.886719 0.050781 0.093750
0 0.622070 0.885742 0.044922 0.091797
0 0.671875 0.884766 0.054688 0.093750
0 0.731445 0.883789 0.064453 0.091797
0 0.333008 0.963867 0.052734 0.072266
0 0.384766 0.961914 0.050781 0.072266
0 0.431641 0.963867 0.042969 0.072266
0 0.477539 0.965820 0.041016 0.068359
0 0.524414 0.964844 0.052734 0.070312
0 0.574219 0.965820 0.042969 0.068359
0 0.620117 0.965820 0.048828 0.068359
0 0.669922 0.965820 0.050781 0.068359
0 0.728516 0.965820 0.062500 0.068359
