0 0.427734 0.178711 0.089844 0.224609
0 0.505859 0.219727 0.078125 0.205078
0 0.575195 0.260742 0.087891 0.189453
0 0.644531 0.306641 0.070312 0.195312
0 0.705078 0.333008 0.062500 0.185547
0 0.766602 0.373047 0.064453 0.171875
0 0.811523 0.403320 0.052734 0.162109
0 0.861328 0.432617 0.054688 0.166016
0 0.907227 0.458984 0.048828 0.144531
0 0.945312 0.478516 0.046875 0.140625
0 0.979492 0.496094 0.033203 0.144531
0 0.433594 0.353516 0.078125 0.203125
0 0.511719 0.393555 0.082031 0.197266
0 0.583008 0.429688 0.072266 0.187500
0 0.649414 0.464844 0.072266 0.187500
0 0.710938 0.496094 0.062500 0.183594
0 0.765625 0.522461 0.062500 0.169922
0 0.818359 0.549805 0.054688 0.169922
0 0.863281 0.567383 0.054688 0.166016
0 0.910156 0.594727 0.046875 0.158203
0 0.950195 0.605469 0.041016 0.148438
0 0.982422 0.628906 0.035156 0.136719
0 0.430664 0.509766 0.076172 0.179688
0 0.509766 0.545898 0.078125 0.173828
0 0.585938 0.587891 0.074219 0.187500
0 0.647461 0.612305 0.064453 0.173828
0 0.712891 0.638672 0.066406 0.164062
0 0.767578 0.662109 0.062500 0.156250
0 0.827148 0.689453 0.060547 0.156250
0 0.872070 0.715820 0.048828 0.138672
0 0.915039 0.726562 0.044922 0.148438
0 0.954102 0.741211 0.044922 0.146484
0 0.984375 0.756836 0.031250 0.126953
0 0.428711 0.738281 0.072266 0.308594
0 0.504883 0.753906 0.091797 0.304688
0 0.583984 0.785156 0.078125 0.273438
0 0.654297 0.802734 0.070312 0.265625
0 0.717773 0.824219 0.080078 0.250000
0 0.780273 0.837891 0.064453 0.230469
0 0.834961 0.858398 0.064453 0.220703
0 0.884766 0.876953 0.062500 0.203125
0 0.925781 0.888672 0.046875 0.187500
0 0.967773 0.907227 0.041016 0.185547
0 0.437500 0.948242 0.070312 0.103516
0 0.505859 0.953125 0.089844 0.093750
0 0.583984 0.958984 0.082031 0.082031
0 0.660156 0.964844 0.082031 0.070312
0 0.726562 0.975586 0.085938 0.048828
0 0.788086 0.978516 0.056641 0.042969
