0 0.609375 0.083008 0.105469 0.162109
0 0.750000 0.161133 0.039062 0.193359
0 0.861328 0.180664 0.058594 0.345703
0 0.429688 0.119141 0.105469 0.234375
0 0.258789 0.077148 0.201172 0.150391
0 0.068359 0.048828 0.132812 0.093750
0 0.068359 0.213867 0.132812 0.267578
0 0.257812 0.257812 0.203125 0.250000
0 0.435547 0.303711 0.117188 0.228516
0 0.069336 0.458984 0.134766 0.242188
0 0.261719 0.509766 0.207031 0.250000
0 0.437500 0.537109 0.097656 0.222656
0 0.069336 0.690430 0.134766 0.212891
0 0.261719 0.724609 0.210938 0.210938
0 0.441406 0.755859 0.101562 0.183594
0 0.435547 0.933594 0.093750 0.132812
0 0.260742 0.911133 0.220703 0.177734
0 0.071289 0.903320 0.138672 0.193359
0 0.618164 0.612305 0.115234 0.224609
0 0.617188 0.846680 0.113281 0.220703
0 0.864258 0.747070 0.068359 0.169922
0 0.867188 0.600586 0.074219 0.134766
0 0.956055 0.668945 0.048828 0.111328
0 0.953125 0.813477 0.039062 0.146484
0 0.860352 0.924805 0.068359 0.150391
0 0.951172 0.948242 0.031250 0.103516
0 0.626953 0.426758 0.140625 0.205078
