0 0.065017 0.036810 0.100115 0.070552
0 0.064442 0.179448 0.096663 0.223926
0 0.158228 0.182515 0.090909 0.217791
0 0.250863 0.180982 0.094361 0.214724
0 0.344074 0.180215 0.092060 0.216258
0 0.439010 0.182515 0.097814 0.220859
0 0.533947 0.183282 0.092060 0.219325
0 0.629459 0.181748 0.098964 0.216258
0 0.726697 0.182515 0.095512 0.214724
0 0.821059 0.187117 0.093211 0.223926
0 0.914269 0.185583 0.093211 0.226994
0 0.984465 0.189417 0.031070 0.228528
0 0.983890 0.405675 0.032221 0.225460
0 0.162255 0.034509 0.092060 0.062883
0 0.253740 0.034509 0.093211 0.065951
0 0.346951 0.035276 0.095512 0.067485
0 0.442463 0.036810 0.095512 0.070552
0 0.535673 0.036043 0.097814 0.069018
0 0.630035 0.038344 0.100115 0.073620
0 0.727273 0.037577 0.098964 0.072086
0 0.823936 0.037577 0.094361 0.072086
0 0.918297 0.037577 0.096663 0.072086
0 0.981588 0.036043 0.034522 0.069018
0 0.063291 0.404141 0.096663 0.219325
0 0.158803 0.403374 0.094361 0.220859
0 0.253165 0.402607 0.094361 0.219325
0 0.347526 0.404141 0.094361 0.216258
0 0.442463 0.404141 0.095512 0.216258
0 0.535673 0.403374 0.090909 0.217791
0 0.631761 0.404141 0.101266 0.219325
0 0.728999 0.403374 0.093211 0.220859
0 0.822785 0.402607 0.094361 0.219325
0 0.917146 0.402607 0.094361 0.219325
0 0.062140 0.629601 0.096663 0.231595
0 0.157652 0.631135 0.094361 0.228528
0 0.252014 0.631135 0.094361 0.228528
0 0.344649 0.631135 0.090909 0.228528
0 0.437284 0.633436 0.094361 0.233129
0 0.532796 0.633436 0.096663 0.233129
0 0.627733 0.630368 0.093211 0.226994
0 0.725547 0.631135 0.102417 0.225460
0 0.822785 0.633436 0.092060 0.230061
0 0.917146 0.631902 0.096663 0.233129
0 0.981013 0.631902 0.031070 0.233129
0 0.063291 0.860429 0.096663 0.230061
0 0.157652 0.861196 0.092060 0.228528
0 0.250288 0.859663 0.093211 0.225460
0 0.345800 0.859663 0.097814 0.225460
0 0.440736 0.861196 0.092060 0.228528
0 0.534522 0.861196 0.095512 0.228528
0 0.628884 0.856595 0.093211 0.219325
0 0.725547 0.857362 0.100115 0.217791
0 0.823360 0.859663 0.095512 0.222393
0 0.917722 0.855828 0.093211 0.230061
0 0.981588 0.855828 0.034522 0.230061
0 0.998849 0.970092 0.000000 0.001534
