0 0.190430 0.130859 0.107422 0.082031
0 0.302734 0.110352 0.093750 0.083984
0 0.406250 0.080078 0.105469 0.078125
0 0.520508 0.048828 0.107422 0.093750
0 0.656250 0.028320 0.144531 0.052734
0 0.188477 0.240234 0.095703 0.179688
0 0.291992 0.217773 0.095703 0.173828
0 0.402344 0.193359 0.113281 0.183594
0 0.512695 0.174805 0.126953 0.193359
0 0.647461 0.141602 0.146484 0.193359
0 0.829102 0.106445 0.177734 0.208984
0 0.963867 0.094727 0.068359 0.185547
0 0.198242 0.418945 0.103516 0.189453
0 0.293945 0.397461 0.091797 0.181641
0 0.394531 0.378906 0.109375 0.191406
0 0.513672 0.358398 0.125000 0.201172
0 0.653320 0.332031 0.142578 0.214844
0 0.829102 0.311523 0.185547 0.216797
0 0.961914 0.296875 0.076172 0.191406
0 0.192383 0.581055 0.095703 0.162109
0 0.291992 0.567383 0.095703 0.173828
0 0.396484 0.554688 0.113281 0.175781
0 0.514648 0.536133 0.123047 0.197266
0 0.648438 0.526367 0.144531 0.201172
0 0.820312 0.499023 0.195312 0.205078
0 0.958984 0.490234 0.082031 0.207031
0 0.199219 0.742188 0.101562 0.164062
0 0.297852 0.734375 0.095703 0.171875
0 0.399414 0.733398 0.111328 0.185547
0 0.517578 0.729492 0.125000 0.197266
0 0.656250 0.716797 0.136719 0.210938
0 0.825195 0.708008 0.189453 0.228516
0 0.959961 0.708984 0.080078 0.207031
0 0.193359 0.910156 0.101562 0.175781
0 0.299805 0.914062 0.107422 0.167969
0 0.399414 0.912109 0.107422 0.160156
0 0.515625 0.913086 0.132812 0.158203
0 0.654297 0.911133 0.132812 0.177734
0 0.832031 0.909180 0.175781 0.181641
0 0.960938 0.911133 0.074219 0.177734
