0 0.170898 0.480469 0.126953 0.339844
0 0.283203 0.440430 0.105469 0.349609
0 0.452148 0.325195 0.130859 0.404297
0 0.619141 0.271484 0.183594 0.523438
0 0.751953 0.395508 0.105469 0.439453
0 0.879883 0.413086 0.111328 0.333984
0 0.455078 0.730469 0.140625 0.437500
0 0.614258 0.733398 0.158203 0.439453
0 0.755859 0.856445 0.113281 0.255859
0 0.913086 0.850586 0.052734 0.236328
0 0.280273 0.850586 0.123047 0.244141
0 0.137695 0.855469 0.044922 0.234375
0 0.456055 0.974609 0.150391 0.050781
0 0.610352 0.967773 0.166016 0.048828
