3 0.511719 0.573529 0.277344 0.770588
0 0.065430 0.145588 0.128906 0.238235
0 0.244141 0.143382 0.214844 0.225000
0 0.065430 0.377206 0.128906 0.233824
0 0.245605 0.376471 0.221680 0.241176
0 0.068848 0.612500 0.135742 0.227941
0 0.247559 0.611765 0.221680 0.235294
0 0.071289 0.839706 0.140625 0.229412
0 0.252930 0.835294 0.220703 0.220588
0 0.791504 0.150735 0.231445 0.239706
0 0.953613 0.154412 0.092773 0.232353
0 0.787109 0.378676 0.230469 0.222059
0 0.951172 0.383088 0.097656 0.213235
0 0.782227 0.713971 0.224609 0.445588
0 0.950684 0.716176 0.098633 0.432353
