0 0.477539 0.155273 0.037109 0.294922
0 0.539062 0.173828 0.074219 0.296875
0 0.603516 0.195312 0.050781 0.281250
0 0.643555 0.208984 0.021484 0.265625
0 0.673828 0.210938 0.031250 0.277344
0 0.721680 0.228516 0.068359 0.285156
0 0.775391 0.249023 0.035156 0.255859
0 0.822266 0.257812 0.062500 0.257812
0 0.870117 0.268555 0.033203 0.255859
0 0.871094 0.498047 0.039062 0.210938
0 0.873047 0.709961 0.046875 0.220703
0 0.489258 0.683594 0.060547 0.218750
0 0.565430 0.686523 0.076172 0.208984
0 0.644531 0.694336 0.074219 0.212891
0 0.727539 0.707031 0.072266 0.207031
0 0.803711 0.719727 0.072266 0.193359
0 0.490234 0.903320 0.070312 0.189453
0 0.563477 0.910156 0.072266 0.179688
0 0.637695 0.912109 0.068359 0.175781
0 0.726562 0.916016 0.074219 0.167969
0 0.806641 0.920898 0.078125 0.158203
0 0.209961 0.897461 0.103516 0.205078
0 0.357422 0.900391 0.085938 0.199219
0 0.216797 0.601562 0.093750 0.207031
0 0.214844 0.727539 0.093750 0.060547
0 0.355469 0.615234 0.093750 0.207031
0 0.357422 0.736328 0.085938 0.058594
0 0.221680 0.478516 0.099609 0.082031
0 0.357422 0.498047 0.082031 0.097656
0 0.357422 0.367188 0.085938 0.210938
0 0.215820 0.332031 0.103516 0.230469
0 0.219727 0.123047 0.091797 0.242188
0 0.356445 0.143555 0.083984 0.283203
0 0.424805 0.147461 0.064453 0.291016
0 0.423828 0.642578 0.070312 0.714844
0 0.290039 0.501953 0.060547 0.996094
