5 0.155194 0.863636 0.232791 0.205074
0 0.318523 0.101480 0.086358 0.122622
0 0.401126 0.093023 0.086358 0.122622
0 0.484981 0.081395 0.083855 0.116279
0 0.566959 0.088795 0.082603 0.118393
0 0.652691 0.094080 0.088861 0.116279
0 0.734668 0.110994 0.077597 0.120507
0 0.812265 0.131078 0.077597 0.126850
0 0.318523 0.214588 0.081352 0.124736
0 0.398623 0.206131 0.086358 0.120507
0 0.481852 0.200846 0.085106 0.114165
0 0.565081 0.202960 0.083855 0.109937
0 0.650814 0.210359 0.087610 0.112051
0 0.734668 0.220930 0.080100 0.133192
0 0.811014 0.236786 0.075094 0.126850
0 0.314768 0.335095 0.081352 0.128964
0 0.395494 0.329810 0.090113 0.143763
0 0.478723 0.328753 0.083855 0.137421
0 0.563204 0.327696 0.085106 0.135307
0 0.648936 0.334038 0.086358 0.147992
0 0.732791 0.340381 0.081352 0.147992
0 0.811014 0.357294 0.075094 0.152220
0 0.884230 0.153277 0.066333 0.137421
0 0.882979 0.258985 0.071339 0.124736
0 0.883605 0.376321 0.070088 0.143763
0 0.312265 0.459831 0.081352 0.120507
0 0.394243 0.458774 0.082603 0.122622
0 0.478098 0.459831 0.082603 0.124736
0 0.563204 0.460888 0.087610 0.122622
0 0.648310 0.463002 0.082603 0.126850
0 0.730288 0.471459 0.081352 0.109937
0 0.810388 0.484144 0.078849 0.135307
0 0.883605 0.495772 0.067584 0.128964
0 0.309136 0.577167 0.080100 0.118393
0 0.391114 0.579281 0.081352 0.122622
0 0.476220 0.581395 0.083855 0.131078
0 0.562578 0.585624 0.088861 0.126850
0 0.647685 0.589852 0.081352 0.131078
0 0.729036 0.594080 0.083855 0.122622
0 0.811014 0.600423 0.080100 0.122622
0 0.884230 0.606765 0.071339 0.118393
0 0.950563 0.181818 0.068836 0.135307
0 0.991865 0.199789 0.016270 0.107822
0 0.949937 0.283298 0.067584 0.131078
0 0.992491 0.300211 0.015019 0.105708
0 0.950563 0.391121 0.066333 0.143763
0 0.991239 0.409091 0.017522 0.128964
0 0.950563 0.502114 0.068836 0.112051
0 0.952441 0.613108 0.067584 0.118393
0 0.990613 0.617336 0.018773 0.131078
