0 0.696289 0.130859 0.037109 0.101562
0 0.732422 0.158203 0.031250 0.085938
0 0.778320 0.116211 0.037109 0.103516
0 0.818359 0.140625 0.035156 0.097656
0 0.856445 0.165039 0.033203 0.095703
0 0.890625 0.188477 0.031250 0.099609
0 0.927734 0.213867 0.035156 0.099609
0 0.964844 0.268555 0.027344 0.150391
0 0.777344 0.182617 0.039062 0.076172
0 0.820312 0.208984 0.035156 0.078125
0 0.857422 0.231445 0.035156 0.083984
0 0.889648 0.252930 0.037109 0.072266
0 0.928711 0.278320 0.037109 0.080078
0 0.656250 0.280273 0.042969 0.283203
0 0.696289 0.306641 0.037109 0.265625
0 0.734375 0.327148 0.039062 0.251953
0 0.777344 0.349609 0.035156 0.250000
0 0.817383 0.365234 0.041016 0.246094
0 0.856445 0.384766 0.037109 0.230469
0 0.892578 0.405273 0.039062 0.220703
0 0.930664 0.421875 0.033203 0.222656
0 0.964844 0.439453 0.031250 0.207031
0 0.988281 0.457031 0.019531 0.207031
0 0.657227 0.558594 0.041016 0.273438
0 0.697266 0.571289 0.039062 0.263672
0 0.736328 0.580078 0.039062 0.250000
0 0.780273 0.593750 0.037109 0.242188
0 0.818359 0.605469 0.035156 0.234375
0 0.855469 0.613281 0.039062 0.226562
0 0.892578 0.625000 0.035156 0.218750
0 0.928711 0.632812 0.029297 0.214844
0 0.961914 0.646484 0.029297 0.210938
0 0.989258 0.659180 0.017578 0.201172
0 0.656250 0.853516 0.050781 0.292969
0 0.700195 0.858398 0.037109 0.283203
0 0.736328 0.859375 0.035156 0.273438
0 0.780273 0.860352 0.037109 0.267578
0 0.819336 0.864258 0.041016 0.263672
0 0.857422 0.863281 0.035156 0.246094
0 0.894531 0.863281 0.039062 0.234375
0 0.928711 0.862305 0.033203 0.224609
0 0.961914 0.864258 0.029297 0.212891
0 0.986328 0.866211 0.019531 0.212891
0 0.095703 0.851562 0.019531 0.152344
0 0.117188 0.852539 0.019531 0.162109
0 0.139648 0.850586 0.025391 0.169922
0 0.165039 0.848633 0.021484 0.173828
0 0.190430 0.848633 0.025391 0.177734
0 0.224609 0.849609 0.039062 0.187500
0 0.261719 0.850586 0.035156 0.201172
0 0.298828 0.851562 0.039062 0.207031
0 0.336914 0.850586 0.037109 0.212891
0 0.377930 0.854492 0.044922 0.228516
0 0.447266 0.854492 0.093750 0.255859
0 0.554688 0.857422 0.121094 0.281250
0 0.553711 0.569336 0.119141 0.306641
0 0.445312 0.590820 0.097656 0.275391
0 0.375000 0.607422 0.035156 0.246094
0 0.336914 0.618164 0.041016 0.244141
0 0.294922 0.630859 0.042969 0.230469
0 0.257812 0.640625 0.035156 0.210938
0 0.218750 0.650391 0.042969 0.203125
0 0.187500 0.660156 0.027344 0.191406
0 0.164062 0.666016 0.031250 0.183594
0 0.139648 0.674805 0.025391 0.177734
0 0.110352 0.683594 0.037109 0.183594
0 0.545898 0.280273 0.099609 0.330078
0 0.441406 0.331055 0.097656 0.298828
0 0.373047 0.374023 0.039062 0.251953
0 0.329102 0.393555 0.041016 0.240234
0 0.291016 0.414062 0.035156 0.234375
0 0.118164 0.406250 0.025391 0.050781
0 0.143555 0.390625 0.021484 0.058594
0 0.166016 0.374023 0.023438 0.060547
0 0.192383 0.357422 0.025391 0.058594
0 0.217773 0.339844 0.029297 0.058594
0 0.252930 0.308594 0.041016 0.074219
0 0.292969 0.280273 0.039062 0.076172
0 0.332031 0.250977 0.042969 0.083984
0 0.373047 0.219727 0.039062 0.091797
0 0.415039 0.192383 0.044922 0.091797
0 0.460938 0.166016 0.046875 0.105469
0 0.507812 0.119141 0.031250 0.089844
0 0.546875 0.096680 0.039062 0.099609
0 0.581055 0.072266 0.029297 0.101562
0 0.582031 0.021484 0.035156 0.039062
0 0.546875 0.038086 0.046875 0.072266
0 0.512695 0.050781 0.033203 0.097656
0 0.465820 0.069336 0.052734 0.134766
0 0.416016 0.102539 0.050781 0.134766
0 0.374023 0.138672 0.041016 0.128906
0 0.336914 0.171875 0.041016 0.128906
0 0.295898 0.196289 0.041016 0.134766
0 0.258789 0.229492 0.044922 0.134766
0 0.220703 0.260742 0.031250 0.126953
0 0.193359 0.291016 0.023438 0.101562
0 0.168945 0.313477 0.025391 0.087891
0 0.144531 0.332031 0.031250 0.089844
0 0.120117 0.353516 0.025391 0.089844
0 0.101562 0.372070 0.019531 0.080078
