0 0.107613 0.054688 0.077599 0.097656
0 0.179356 0.054199 0.071742 0.094727
0 0.256955 0.053711 0.083455 0.095703
0 0.327233 0.055176 0.057101 0.098633
0 0.419473 0.055176 0.054173 0.094727
0 0.480966 0.055176 0.068814 0.094727
0 0.564422 0.055176 0.062958 0.092773
0 0.625183 0.054688 0.058565 0.093750
0 0.719619 0.054688 0.057101 0.093750
0 0.780381 0.054199 0.064422 0.094727
0 0.866032 0.054688 0.062958 0.091797
0 0.928990 0.053711 0.062958 0.093750
0 0.108346 0.159180 0.076135 0.089844
0 0.180820 0.159180 0.068814 0.089844
0 0.265739 0.162109 0.062958 0.091797
0 0.325769 0.161621 0.057101 0.092773
0 0.420205 0.160645 0.058565 0.088867
0 0.480234 0.159668 0.061493 0.090820
0 0.564422 0.160645 0.062958 0.090820
0 0.624451 0.161133 0.057101 0.089844
0 0.719619 0.160156 0.057101 0.091797
0 0.780381 0.160156 0.064422 0.091797
0 0.865300 0.160156 0.061493 0.091797
0 0.927526 0.159668 0.060029 0.092773
0 0.120059 0.277344 0.052709 0.076172
0 0.179356 0.277832 0.065886 0.075195
0 0.263543 0.277344 0.067350 0.072266
0 0.326501 0.276367 0.058565 0.074219
0 0.419473 0.270508 0.060029 0.082031
0 0.481698 0.271973 0.064422 0.079102
0 0.563690 0.270996 0.064422 0.081055
0 0.623719 0.271484 0.055637 0.080078
0 0.717423 0.271484 0.055637 0.080078
0 0.778917 0.271484 0.067350 0.080078
0 0.864568 0.270996 0.065886 0.081055
0 0.927526 0.270508 0.060029 0.082031
0 0.123719 0.374023 0.051245 0.095703
0 0.181552 0.374512 0.067350 0.094727
0 0.268668 0.374512 0.065886 0.090820
0 0.329429 0.374023 0.055637 0.091797
0 0.420937 0.371094 0.054173 0.093750
0 0.480966 0.372070 0.065886 0.091797
0 0.565886 0.371094 0.065886 0.093750
0 0.626647 0.371582 0.055637 0.092773
0 0.719619 0.370117 0.057101 0.091797
0 0.781845 0.370117 0.067350 0.091797
0 0.867496 0.370117 0.065886 0.091797
0 0.929722 0.370117 0.058565 0.091797
0 0.120791 0.426758 0.051245 0.011719
0 0.179356 0.426270 0.065886 0.012695
0 0.267936 0.425293 0.061493 0.010742
0 0.328697 0.425293 0.060029 0.010742
0 0.421669 0.423828 0.055637 0.011719
0 0.481698 0.423340 0.064422 0.012695
0 0.565154 0.422363 0.064422 0.012695
0 0.625183 0.424316 0.055637 0.008789
0 0.719619 0.421875 0.057101 0.011719
0 0.780381 0.422852 0.064422 0.009766
0 0.867496 0.421875 0.065886 0.011719
0 0.929722 0.422363 0.058565 0.010742
0 0.120059 0.477051 0.052709 0.088867
0 0.179356 0.476562 0.065886 0.089844
0 0.266471 0.476074 0.061493 0.088867
0 0.327965 0.475586 0.061493 0.089844
0 0.420205 0.475586 0.055637 0.093750
0 0.480966 0.476074 0.065886 0.092773
0 0.564422 0.474609 0.065886 0.091797
0 0.625915 0.475586 0.057101 0.089844
0 0.718887 0.474609 0.055637 0.093750
0 0.781113 0.475586 0.068814 0.091797
0 0.867496 0.475098 0.065886 0.094727
0 0.928258 0.476074 0.055637 0.092773
0 0.109078 0.586426 0.074671 0.083008
0 0.180088 0.587891 0.067350 0.083984
0 0.267936 0.587402 0.061493 0.084961
0 0.331625 0.587891 0.065886 0.083984
0 0.418009 0.586914 0.062958 0.083984
0 0.483163 0.587891 0.067350 0.082031
0 0.568082 0.586914 0.064422 0.080078
0 0.628843 0.585938 0.057101 0.082031
0 0.721816 0.586426 0.058565 0.081055
0 0.783309 0.586914 0.064422 0.080078
0 0.869693 0.586426 0.067350 0.083008
0 0.932650 0.587402 0.058565 0.081055
0 0.108346 0.634766 0.076135 0.013672
0 0.179356 0.635254 0.065886 0.012695
0 0.264275 0.634766 0.062958 0.011719
0 0.330161 0.634277 0.068814 0.012695
0 0.109078 0.688965 0.074671 0.094727
0 0.179356 0.689453 0.065886 0.093750
0 0.265007 0.688477 0.061493 0.093750
0 0.330893 0.688477 0.070278 0.093750
0 0.106881 0.795410 0.070278 0.094727
0 0.177160 0.795410 0.070278 0.094727
0 0.265007 0.796387 0.067350 0.096680
0 0.330893 0.795898 0.067350 0.097656
0 0.418009 0.793945 0.060029 0.095703
0 0.482430 0.793945 0.068814 0.095703
0 0.567350 0.794434 0.065886 0.092773
0 0.627379 0.793457 0.054173 0.094727
0 0.724012 0.793457 0.057101 0.096680
0 0.784773 0.793945 0.064422 0.095703
0 0.873353 0.794434 0.071742 0.094727
0 0.937042 0.793945 0.055637 0.095703
0 0.105417 0.848633 0.076135 0.013672
0 0.176428 0.849121 0.065886 0.010742
0 0.261347 0.849121 0.068814 0.010742
0 0.330161 0.848633 0.065886 0.011719
0 0.102489 0.905273 0.079063 0.097656
0 0.175695 0.905273 0.067350 0.097656
0 0.261347 0.902344 0.062958 0.097656
0 0.328697 0.902344 0.071742 0.097656
0 0.415813 0.907715 0.067350 0.088867
0 0.483163 0.909180 0.067350 0.085938
0 0.568082 0.908691 0.067350 0.084961
0 0.634700 0.909668 0.065886 0.083008
0 0.724012 0.908203 0.057101 0.083984
0 0.786237 0.908691 0.067350 0.083008
0 0.873353 0.908691 0.065886 0.083008
0 0.936310 0.908203 0.060029 0.083984
0 0.103953 0.983887 0.076135 0.032227
0 0.176428 0.983398 0.071742 0.033203
0 0.262079 0.982422 0.064422 0.035156
0 0.328697 0.981934 0.065886 0.036133
0 0.415081 0.981445 0.068814 0.037109
0 0.482430 0.981445 0.068814 0.037109
0 0.567350 0.981934 0.068814 0.036133
0 0.636896 0.981934 0.067350 0.036133
0 0.725476 0.981445 0.060029 0.037109
0 0.788433 0.980957 0.068814 0.038086
0 0.875549 0.980469 0.070278 0.039062
0 0.941435 0.981445 0.061493 0.037109
