0 0.073242 0.109375 0.142578 0.140625
0 0.245117 0.112305 0.193359 0.158203
0 0.529297 0.096680 0.082031 0.130859
0 0.621094 0.100586 0.101562 0.123047
0 0.717773 0.098633 0.091797 0.119141
0 0.830078 0.098633 0.132812 0.119141
0 0.526367 0.179688 0.087891 0.046875
0 0.623047 0.179688 0.105469 0.046875
0 0.719727 0.177734 0.087891 0.042969
0 0.830078 0.177734 0.132812 0.042969
0 0.526367 0.309570 0.083984 0.130859
0 0.621094 0.311523 0.105469 0.126953
0 0.719727 0.310547 0.091797 0.125000
0 0.832031 0.311523 0.132812 0.123047
0 0.527344 0.389648 0.085938 0.041016
0 0.622070 0.390625 0.107422 0.042969
0 0.722656 0.389648 0.093750 0.041016
0 0.834961 0.390625 0.130859 0.039062
0 0.525391 0.523438 0.085938 0.132812
0 0.620117 0.526367 0.103516 0.126953
0 0.719727 0.528320 0.095703 0.130859
0 0.833008 0.525391 0.130859 0.136719
0 0.525391 0.613281 0.082031 0.050781
0 0.619141 0.615234 0.105469 0.046875
0 0.718750 0.613281 0.093750 0.042969
0 0.833008 0.613281 0.134766 0.042969
0 0.529297 0.768555 0.085938 0.169922
0 0.624023 0.831055 0.103516 0.044922
0 0.624023 0.746094 0.103516 0.125000
0 0.721680 0.746094 0.091797 0.125000
0 0.721680 0.830078 0.091797 0.042969
0 0.834961 0.745117 0.130859 0.130859
0 0.833984 0.828125 0.132812 0.035156
0 0.833008 0.943359 0.130859 0.113281
0 0.723633 0.943359 0.087891 0.113281
0 0.626953 0.942383 0.105469 0.115234
0 0.122070 0.544922 0.052734 0.179688
0 0.076172 0.319336 0.148438 0.130859
0 0.077148 0.237305 0.150391 0.033203
