0 0.459961 0.415081 0.007812 0.030747
0 0.471191 0.414348 0.014648 0.032211
0 0.486328 0.414348 0.015625 0.032211
0 0.501953 0.414348 0.015625 0.032211
0 0.517090 0.414348 0.014648 0.032211
0 0.527344 0.415081 0.005859 0.030747
0 0.459473 0.445827 0.006836 0.030747
0 0.470703 0.445827 0.015625 0.030747
0 0.486328 0.445827 0.015625 0.030747
0 0.501953 0.446559 0.015625 0.029283
0 0.517090 0.446559 0.014648 0.029283
0 0.527344 0.445827 0.005859 0.030747
0 0.459473 0.475842 0.006836 0.026354
0 0.470703 0.475842 0.015625 0.026354
0 0.485840 0.476574 0.014648 0.027818
0 0.501465 0.475842 0.016602 0.029283
0 0.517090 0.475842 0.014648 0.029283
0 0.527832 0.476574 0.006836 0.027818
0 0.564453 0.414348 0.015625 0.032211
0 0.580078 0.415081 0.015625 0.033675
0 0.595215 0.415081 0.014648 0.033675
0 0.610352 0.414348 0.015625 0.032211
0 0.622070 0.414348 0.007812 0.032211
0 0.563965 0.446559 0.016602 0.029283
0 0.580078 0.446559 0.015625 0.029283
0 0.595703 0.447291 0.015625 0.030747
0 0.610352 0.446559 0.013672 0.032211
0 0.621582 0.446559 0.008789 0.032211
0 0.658203 0.452416 0.015625 0.043924
0 0.673340 0.453148 0.014648 0.042460
0 0.657715 0.412884 0.014648 0.032211
0 0.673340 0.402635 0.014648 0.052709
0 0.677246 0.354319 0.006836 0.043924
0 0.690430 0.353587 0.013672 0.042460
0 0.689941 0.400439 0.014648 0.051245
0 0.704590 0.354319 0.014648 0.043924
0 0.716309 0.353587 0.008789 0.042460
0 0.704590 0.401903 0.014648 0.051245
0 0.716797 0.400439 0.009766 0.048316
0 0.754883 0.352855 0.009766 0.043924
0 0.767578 0.352855 0.015625 0.043924
0 0.784180 0.352855 0.017578 0.043924
0 0.799805 0.353587 0.013672 0.042460
0 0.812012 0.353587 0.010742 0.042460
0 0.688965 0.453148 0.016602 0.048316
0 0.704590 0.453148 0.014648 0.048316
0 0.717285 0.452416 0.010742 0.049780
0 0.719727 0.271596 0.007812 0.024890
0 0.731934 0.272328 0.016602 0.023426
0 0.749023 0.271596 0.017578 0.021962
0 0.766113 0.271596 0.016602 0.021962
0 0.782227 0.271596 0.015625 0.021962
0 0.798340 0.271596 0.016602 0.021962
0 0.815918 0.271596 0.018555 0.021962
0 0.833008 0.271596 0.015625 0.021962
0 0.849121 0.271596 0.016602 0.021962
0 0.861816 0.270864 0.008789 0.023426
0 0.720215 0.231332 0.006836 0.032211
0 0.732422 0.231332 0.017578 0.032211
0 0.750000 0.231332 0.017578 0.032211
0 0.766602 0.231332 0.015625 0.032211
0 0.782715 0.230600 0.016602 0.030747
0 0.799805 0.229868 0.017578 0.032211
0 0.817383 0.229868 0.017578 0.032211
0 0.834473 0.230600 0.016602 0.030747
0 0.850586 0.229868 0.015625 0.029283
0 0.862305 0.229868 0.007812 0.029283
0 0.719727 0.202782 0.007812 0.019034
0 0.731934 0.202782 0.016602 0.019034
0 0.749023 0.202782 0.017578 0.019034
0 0.765625 0.202782 0.015625 0.019034
0 0.782715 0.202782 0.018555 0.019034
0 0.799805 0.202782 0.015625 0.019034
0 0.816406 0.202050 0.017578 0.017570
0 0.833496 0.202050 0.016602 0.017570
0 0.850098 0.202050 0.016602 0.017570
0 0.862793 0.202050 0.008789 0.017570
0 0.720215 0.169839 0.008789 0.023426
0 0.732422 0.169839 0.015625 0.023426
0 0.749023 0.169839 0.017578 0.023426
0 0.766113 0.169839 0.016602 0.023426
0 0.782227 0.169839 0.015625 0.023426
0 0.799316 0.169839 0.018555 0.023426
0 0.816895 0.169107 0.016602 0.021962
0 0.830566 0.169107 0.010742 0.021962
0 0.839355 0.167643 0.006836 0.019034
0 0.854492 0.166911 0.023438 0.020498
0 0.720215 0.128843 0.008789 0.029283
0 0.732422 0.128843 0.015625 0.029283
0 0.749023 0.128843 0.017578 0.029283
0 0.766113 0.129575 0.016602 0.027818
0 0.782715 0.129575 0.016602 0.027818
0 0.799805 0.129575 0.017578 0.027818
0 0.816406 0.128843 0.015625 0.026354
0 0.833008 0.128111 0.017578 0.027818
0 0.854004 0.128111 0.024414 0.027818
0 0.720215 0.098829 0.006836 0.019034
0 0.731934 0.099561 0.016602 0.017570
0 0.749023 0.100293 0.017578 0.019034
0 0.766602 0.099561 0.017578 0.020498
0 0.783203 0.099561 0.015625 0.020498
0 0.799316 0.099561 0.016602 0.020498
0 0.816406 0.098829 0.017578 0.019034
0 0.833496 0.098829 0.016602 0.019034
0 0.854492 0.098829 0.025391 0.019034
0 0.720703 0.065886 0.007812 0.023426
0 0.732422 0.065886 0.015625 0.023426
0 0.748535 0.065886 0.016602 0.023426
0 0.765625 0.066618 0.017578 0.021962
0 0.782227 0.065886 0.015625 0.020498
0 0.799316 0.065154 0.018555 0.021962
0 0.816406 0.065154 0.015625 0.021962
0 0.832520 0.065154 0.016602 0.021962
0 0.854004 0.065154 0.026367 0.021962
0 0.720703 0.027086 0.007812 0.027818
0 0.732422 0.026354 0.015625 0.029283
0 0.749023 0.026354 0.017578 0.029283
0 0.766113 0.026354 0.016602 0.029283
0 0.782715 0.026354 0.016602 0.029283
0 0.799805 0.026354 0.017578 0.029283
0 0.816895 0.025622 0.016602 0.027818
0 0.833984 0.024890 0.017578 0.029283
0 0.854980 0.024890 0.024414 0.029283
0 0.680664 0.275988 0.013672 0.024890
0 0.680664 0.293558 0.013672 0.010249
0 0.681152 0.311127 0.014648 0.024890
0 0.680664 0.009517 0.013672 0.016105
0 0.680664 0.034407 0.013672 0.033675
0 0.680664 0.055637 0.013672 0.008785
0 0.681152 0.074671 0.014648 0.029283
0 0.681152 0.093704 0.014648 0.008785
0 0.681152 0.108346 0.014648 0.020498
0 0.681152 0.135432 0.014648 0.033675
0 0.681152 0.158858 0.014648 0.013177
0 0.681152 0.177892 0.014648 0.024890
0 0.680664 0.193997 0.013672 0.007321
0 0.680664 0.209370 0.013672 0.023426
0 0.681152 0.237189 0.014648 0.032211
0 0.680664 0.259151 0.015625 0.011713
0 0.429688 0.008053 0.019531 0.013177
0 0.449707 0.007321 0.020508 0.011713
0 0.467773 0.007321 0.015625 0.011713
0 0.484375 0.007321 0.015625 0.011713
0 0.500000 0.007321 0.015625 0.011713
0 0.516113 0.005857 0.016602 0.008785
0 0.531738 0.005857 0.014648 0.008785
0 0.549805 0.006589 0.017578 0.010249
0 0.566406 0.006589 0.015625 0.010249
0 0.583008 0.006589 0.015625 0.010249
0 0.600098 0.007321 0.016602 0.011713
0 0.616211 0.007321 0.013672 0.011713
0 0.632812 0.007321 0.015625 0.011713
0 0.644531 0.007321 0.005859 0.011713
0 0.431152 0.034407 0.024414 0.027818
0 0.451172 0.033675 0.015625 0.029283
0 0.467285 0.033675 0.016602 0.029283
0 0.483887 0.033675 0.016602 0.029283
0 0.500000 0.032943 0.015625 0.027818
0 0.516602 0.031479 0.017578 0.030747
0 0.533203 0.030747 0.015625 0.029283
0 0.549316 0.030747 0.016602 0.029283
0 0.565918 0.030747 0.016602 0.029283
0 0.583008 0.030015 0.017578 0.030747
0 0.600098 0.030015 0.016602 0.030747
0 0.616211 0.030015 0.015625 0.030747
0 0.632324 0.029283 0.016602 0.029283
0 0.645020 0.028551 0.008789 0.030747
0 0.430664 0.074671 0.023438 0.023426
0 0.450684 0.074671 0.016602 0.023426
0 0.466797 0.073939 0.015625 0.021962
0 0.482422 0.073939 0.015625 0.021962
0 0.499023 0.073206 0.017578 0.020498
0 0.516602 0.073206 0.017578 0.020498
0 0.533691 0.073206 0.016602 0.020498
0 0.550293 0.072474 0.016602 0.021962
0 0.566406 0.072474 0.015625 0.021962
0 0.582520 0.071742 0.016602 0.023426
0 0.599121 0.071010 0.016602 0.021962
0 0.615234 0.070278 0.015625 0.023426
0 0.631836 0.071010 0.017578 0.024890
0 0.645020 0.071010 0.008789 0.024890
0 0.431152 0.106881 0.024414 0.023426
0 0.451172 0.106881 0.015625 0.023426
0 0.467285 0.106881 0.016602 0.023426
0 0.483398 0.106881 0.015625 0.023426
0 0.499512 0.105417 0.016602 0.020498
0 0.516113 0.105417 0.016602 0.020498
0 0.532715 0.104685 0.016602 0.019034
0 0.549316 0.104685 0.016602 0.019034
0 0.565918 0.105417 0.016602 0.020498
0 0.582520 0.104685 0.016602 0.021962
0 0.599121 0.103953 0.016602 0.020498
0 0.615234 0.103221 0.015625 0.021962
0 0.631836 0.103953 0.017578 0.023426
0 0.645020 0.103953 0.008789 0.023426
0 0.430176 0.136164 0.024414 0.029283
0 0.450195 0.135432 0.015625 0.030747
0 0.465820 0.134700 0.015625 0.029283
0 0.481934 0.133968 0.016602 0.030747
0 0.499023 0.134700 0.017578 0.032211
0 0.516113 0.133968 0.016602 0.033675
0 0.532715 0.133968 0.016602 0.033675
0 0.549316 0.133236 0.016602 0.035139
0 0.565430 0.132504 0.015625 0.033675
0 0.582031 0.132504 0.017578 0.033675
0 0.599121 0.132504 0.016602 0.033675
0 0.614746 0.132504 0.014648 0.033675
0 0.631348 0.132504 0.018555 0.033675
0 0.645020 0.132504 0.008789 0.033675
0 0.430664 0.176428 0.023438 0.024890
0 0.450684 0.176428 0.016602 0.024890
0 0.466797 0.174963 0.015625 0.021962
0 0.482910 0.174231 0.016602 0.023426
0 0.499512 0.174963 0.016602 0.024890
0 0.515625 0.174231 0.015625 0.026354
0 0.534668 0.173499 0.022461 0.024890
0 0.551758 0.173499 0.011719 0.024890
0 0.565430 0.173499 0.015625 0.024890
0 0.582520 0.173499 0.018555 0.024890
0 0.599609 0.172767 0.015625 0.023426
0 0.615723 0.172767 0.016602 0.023426
0 0.632324 0.174231 0.016602 0.026354
0 0.644531 0.174231 0.007812 0.026354
0 0.430664 0.207174 0.023438 0.021962
0 0.451172 0.207906 0.017578 0.020498
0 0.467773 0.207906 0.015625 0.020498
0 0.483887 0.207906 0.016602 0.020498
0 0.500488 0.207174 0.016602 0.019034
0 0.517090 0.206442 0.016602 0.020498
0 0.533203 0.206442 0.015625 0.020498
0 0.549805 0.206442 0.017578 0.020498
0 0.566406 0.206442 0.015625 0.020498
0 0.582520 0.206442 0.016602 0.020498
0 0.599609 0.206442 0.017578 0.020498
0 0.616211 0.206442 0.015625 0.020498
0 0.632324 0.206442 0.016602 0.020498
0 0.645020 0.205710 0.008789 0.021962
0 0.430664 0.236457 0.023438 0.030747
0 0.451660 0.234993 0.018555 0.033675
0 0.468262 0.234261 0.014648 0.032211
0 0.483887 0.234993 0.016602 0.030747
0 0.500488 0.234993 0.016602 0.030747
0 0.517090 0.234261 0.016602 0.032211
0 0.533691 0.233529 0.016602 0.030747
0 0.550293 0.233529 0.016602 0.030747
0 0.566406 0.233529 0.015625 0.030747
0 0.582520 0.233529 0.016602 0.030747
0 0.599609 0.234261 0.017578 0.032211
0 0.616211 0.234261 0.015625 0.032211
0 0.632324 0.234261 0.016602 0.032211
0 0.645020 0.233529 0.008789 0.033675
0 0.430176 0.275988 0.022461 0.024890
0 0.450195 0.275988 0.017578 0.024890
0 0.466797 0.275256 0.015625 0.023426
0 0.482910 0.275256 0.016602 0.023426
0 0.499512 0.275256 0.016602 0.023426
0 0.516113 0.275256 0.016602 0.023426
0 0.532715 0.274524 0.016602 0.021962
0 0.549805 0.273792 0.017578 0.023426
0 0.566406 0.274524 0.015625 0.024890
0 0.582520 0.274524 0.016602 0.024890
0 0.599121 0.274524 0.016602 0.024890
0 0.615723 0.274524 0.016602 0.024890
0 0.632812 0.274524 0.017578 0.024890
0 0.645020 0.274524 0.006836 0.024890
0 0.430176 0.308931 0.024414 0.020498
0 0.450684 0.308931 0.016602 0.020498
0 0.466797 0.308199 0.015625 0.019034
0 0.482422 0.307467 0.015625 0.020498
0 0.499023 0.308199 0.017578 0.021962
0 0.516602 0.308931 0.017578 0.020498
0 0.533203 0.308199 0.015625 0.019034
0 0.549316 0.308199 0.016602 0.019034
0 0.565918 0.308931 0.016602 0.020498
0 0.582520 0.308199 0.016602 0.021962
0 0.599121 0.307467 0.016602 0.020498
0 0.615723 0.307467 0.016602 0.020498
0 0.632324 0.307467 0.016602 0.020498
0 0.645020 0.308199 0.008789 0.019034
0 0.430664 0.344802 0.025391 0.024890
0 0.451172 0.344802 0.015625 0.024890
0 0.466797 0.344070 0.015625 0.023426
0 0.483398 0.344070 0.015625 0.026354
0 0.500000 0.344070 0.017578 0.026354
0 0.516602 0.343338 0.015625 0.024890
0 0.532715 0.343338 0.016602 0.024890
0 0.549316 0.343338 0.016602 0.024890
0 0.565918 0.343338 0.016602 0.024890
0 0.582520 0.342606 0.016602 0.023426
0 0.599121 0.342606 0.016602 0.023426
0 0.615723 0.342606 0.016602 0.023426
0 0.631836 0.342606 0.015625 0.023426
0 0.644531 0.344070 0.009766 0.026354
