0 0.224609 0.190430 0.230469 0.255859
0 0.387695 0.155273 0.107422 0.232422
0 0.217773 0.413086 0.240234 0.240234
0 0.388672 0.397461 0.101562 0.232422
0 0.388672 0.678711 0.097656 0.263672
0 0.280273 0.672852 0.111328 0.240234
0 0.166992 0.666016 0.123047 0.218750
0 0.502930 0.193359 0.107422 0.277344
0 0.601562 0.266602 0.089844 0.259766
0 0.690430 0.338867 0.083984 0.228516
0 0.503906 0.436523 0.101562 0.232422
0 0.603516 0.468750 0.089844 0.222656
0 0.690430 0.505859 0.083984 0.195312
0 0.502930 0.680664 0.111328 0.263672
0 0.601562 0.680664 0.085938 0.212891
0 0.689453 0.689453 0.082031 0.183594
0 0.796875 0.410156 0.042969 0.164062
0 0.829102 0.430664 0.037109 0.150391
0 0.857422 0.452148 0.027344 0.130859
0 0.879883 0.471680 0.021484 0.119141
0 0.897461 0.485352 0.017578 0.115234
0 0.916016 0.499023 0.027344 0.103516
0 0.936523 0.510742 0.017578 0.095703
0 0.802734 0.560547 0.042969 0.148438
0 0.835938 0.575195 0.027344 0.123047
0 0.860352 0.583008 0.025391 0.119141
0 0.884766 0.592773 0.019531 0.111328
0 0.920898 0.604492 0.048828 0.111328
0 0.809570 0.709961 0.060547 0.166016
0 0.855469 0.712891 0.031250 0.148438
0 0.883789 0.716797 0.025391 0.136719
0 0.908203 0.717773 0.023438 0.126953
0 0.931641 0.717773 0.023438 0.123047
