0 0.243652 0.077599 0.086914 0.055637
0 0.329590 0.085652 0.084961 0.039531
0 0.412598 0.094436 0.081055 0.057101
0 0.492188 0.100293 0.078125 0.045388
0 0.568359 0.102489 0.074219 0.049780
0 0.653809 0.107613 0.096680 0.039531
0 0.244141 0.230600 0.085938 0.221083
0 0.332031 0.234261 0.082031 0.204978
0 0.411621 0.238653 0.081055 0.213763
0 0.490723 0.242313 0.077148 0.203514
0 0.568359 0.248170 0.078125 0.200586
0 0.654297 0.251098 0.089844 0.203514
0 0.252441 0.504392 0.073242 0.303075
0 0.657227 0.524158 0.095703 0.336750
0 0.504883 0.527086 0.048828 0.407028
0 0.365234 0.524158 0.125000 0.371889
0 0.956543 0.488287 0.041992 0.153734
0 0.922852 0.488287 0.025391 0.139092
0 0.895508 0.489019 0.029297 0.131772
0 0.922363 0.286969 0.028320 0.084919
0 0.955566 0.275988 0.040039 0.095168
0 0.920898 0.347731 0.029297 0.048316
0 0.956543 0.337482 0.038086 0.045388
0 0.986816 0.268668 0.022461 0.092240
0 0.985352 0.330893 0.019531 0.043924
0 0.891113 0.300878 0.020508 0.080527
0 0.889160 0.356515 0.018555 0.042460
0 0.870117 0.308931 0.023438 0.076135
0 0.847168 0.316984 0.028320 0.077599
0 0.825195 0.326501 0.017578 0.070278
0 0.805664 0.333089 0.021484 0.065886
0 0.787109 0.340410 0.015625 0.068814
0 0.770508 0.346999 0.015625 0.064422
0 0.755371 0.352855 0.012695 0.058565
0 0.740723 0.360908 0.010742 0.054173
0 0.728516 0.363104 0.011719 0.055637
0 0.715332 0.366764 0.014648 0.057101
0 0.715820 0.404100 0.013672 0.026354
0 0.728516 0.401171 0.011719 0.026354
0 0.740234 0.398243 0.011719 0.026354
0 0.755371 0.392387 0.012695 0.026354
0 0.771484 0.388726 0.017578 0.030747
0 0.787598 0.384334 0.014648 0.030747
0 0.806641 0.378477 0.021484 0.033675
0 0.825195 0.373353 0.015625 0.035139
0 0.845703 0.366032 0.023438 0.038067
0 0.869141 0.358712 0.021484 0.040996
0 0.804199 0.507321 0.018555 0.098097
0 0.755371 0.509517 0.012695 0.093704
0 0.740234 0.508053 0.015625 0.087848
0 0.727539 0.508785 0.011719 0.083455
0 0.716309 0.259151 0.014648 0.061493
0 0.729492 0.251098 0.009766 0.057101
0 0.740234 0.243045 0.011719 0.058565
0 0.716797 0.293558 0.013672 0.027818
0 0.729980 0.287701 0.008789 0.030747
0 0.739258 0.284041 0.009766 0.029283
0 0.754883 0.270132 0.015625 0.027818
0 0.771973 0.263543 0.016602 0.035139
0 0.788574 0.252562 0.014648 0.033675
0 0.806641 0.243045 0.019531 0.035139
0 0.825684 0.231332 0.016602 0.038067
0 0.847168 0.219619 0.024414 0.040996
0 0.870605 0.205710 0.020508 0.039531
0 0.891113 0.194729 0.020508 0.038067
0 0.757324 0.232064 0.012695 0.062958
0 0.772949 0.221083 0.016602 0.064422
0 0.790039 0.210102 0.013672 0.068814
0 0.807617 0.196925 0.021484 0.074671
0 0.828125 0.184480 0.017578 0.073206
0 0.848633 0.169839 0.025391 0.081991
0 0.872070 0.153001 0.019531 0.086384
0 0.892578 0.138360 0.021484 0.086384
0 0.925781 0.114934 0.025391 0.092240
0 0.924316 0.176428 0.026367 0.051245
0 0.959473 0.098097 0.043945 0.105417
0 0.958496 0.156662 0.040039 0.058565
0 0.760254 0.106149 0.012695 0.062958
0 0.775391 0.093704 0.015625 0.067350
0 0.791992 0.074671 0.013672 0.070278
0 0.809082 0.060761 0.022461 0.077599
0 0.829590 0.045388 0.018555 0.064422
0 0.851562 0.035139 0.025391 0.052709
0 0.875488 0.023426 0.022461 0.026354
0 0.758789 0.148609 0.013672 0.033675
0 0.774414 0.132504 0.017578 0.039531
0 0.791504 0.118594 0.012695 0.038067
0 0.809082 0.101757 0.022461 0.042460
0 0.829102 0.085652 0.017578 0.045388
0 0.851562 0.062958 0.025391 0.046852
0 0.874023 0.043924 0.021484 0.043924
0 0.895020 0.026354 0.020508 0.038067
