0 0.167480 0.366569 0.026367 0.155425
0 0.201172 0.364370 0.042969 0.153959
0 0.243652 0.365836 0.045898 0.153959
0 0.285645 0.365836 0.043945 0.151026
0 0.327637 0.365836 0.043945 0.151026
0 0.370117 0.365836 0.042969 0.151026
0 0.412598 0.367302 0.041992 0.151026
0 0.454102 0.365836 0.041016 0.151026
0 0.494629 0.366569 0.040039 0.149560
0 0.535645 0.366569 0.041992 0.149560
0 0.575684 0.366569 0.041992 0.149560
0 0.616699 0.366569 0.041992 0.149560
0 0.655273 0.366569 0.041016 0.149560
0 0.692383 0.367302 0.039062 0.148094
0 0.729980 0.368035 0.038086 0.146628
0 0.766602 0.368768 0.041016 0.148094
0 0.803223 0.368768 0.040039 0.148094
0 0.832031 0.368768 0.023438 0.145161
0 0.662598 0.517595 0.028320 0.155425
0 0.694824 0.518328 0.040039 0.156891
0 0.733398 0.518328 0.041016 0.156891
0 0.769531 0.518328 0.041016 0.153959
0 0.808105 0.518328 0.043945 0.153959
0 0.835449 0.496334 0.022461 0.107038
0 0.617188 0.453812 0.039062 0.027859
0 0.577148 0.455279 0.041016 0.027859
0 0.536133 0.454545 0.041016 0.026393
0 0.495605 0.453812 0.041992 0.024927
0 0.449707 0.518328 0.032227 0.153959
0 0.411621 0.519795 0.043945 0.153959
0 0.369629 0.521261 0.041992 0.156891
0 0.327148 0.521994 0.042969 0.155425
0 0.283691 0.519062 0.045898 0.155425
0 0.165527 0.519795 0.030273 0.153959
0 0.199707 0.521261 0.041992 0.156891
0 0.241699 0.521261 0.043945 0.159824
0 0.569336 0.543255 0.023438 0.098240
0 0.593750 0.542522 0.025391 0.099707
0 0.618164 0.542522 0.023438 0.099707
0 0.545410 0.544721 0.024414 0.098240
0 0.520996 0.543255 0.026367 0.095308
0 0.494141 0.543988 0.027344 0.096774
0 0.173828 0.175220 0.023438 0.071848
0 0.201660 0.175220 0.032227 0.071848
0 0.233887 0.175220 0.032227 0.071848
0 0.267090 0.175220 0.034180 0.071848
0 0.298828 0.175220 0.029297 0.071848
0 0.329590 0.177419 0.032227 0.067449
0 0.360840 0.177419 0.030273 0.067449
0 0.393066 0.178886 0.034180 0.064516
0 0.424805 0.181085 0.029297 0.068915
0 0.454590 0.181085 0.030273 0.068915
0 0.485840 0.181085 0.032227 0.068915
0 0.518066 0.181085 0.032227 0.068915
0 0.548828 0.181085 0.029297 0.068915
0 0.578613 0.181085 0.030273 0.068915
0 0.609863 0.180352 0.032227 0.067449
0 0.641113 0.181085 0.030273 0.065982
0 0.670898 0.182551 0.029297 0.068915
0 0.699707 0.182551 0.028320 0.068915
0 0.731445 0.181818 0.035156 0.067449
0 0.763184 0.183284 0.028320 0.064516
0 0.791992 0.184018 0.029297 0.065982
0 0.821777 0.184018 0.030273 0.065982
