0 0.025879 0.388401 0.047852 0.200351
0 0.080078 0.388401 0.060547 0.200351
0 0.141113 0.386643 0.061523 0.196837
0 0.204102 0.386643 0.064453 0.196837
0 0.267578 0.384886 0.062500 0.193322
0 0.330566 0.385764 0.063477 0.191564
0 0.394043 0.389279 0.063477 0.198594
0 0.457031 0.390158 0.062500 0.196837
0 0.519043 0.390158 0.061523 0.196837
0 0.567871 0.310193 0.028320 0.043937
0 0.568848 0.413005 0.026367 0.161687
0 0.631836 0.389279 0.097656 0.191564
0 0.694824 0.409490 0.028320 0.151142
0 0.695312 0.314587 0.027344 0.038664
0 0.759277 0.391916 0.098633 0.193322
0 0.822754 0.410369 0.028320 0.156415
0 0.823730 0.313708 0.026367 0.036907
0 0.890625 0.390158 0.105469 0.189807
0 0.956055 0.408612 0.025391 0.152900
0 0.956055 0.313708 0.025391 0.036907
0 0.984375 0.391037 0.031250 0.188049
