0 0.336914 0.277344 0.068359 0.203125
0 0.429688 0.222656 0.062500 0.191406
0 0.537109 0.156250 0.085938 0.210938
0 0.663086 0.096680 0.103516 0.189453
0 0.333984 0.431641 0.062500 0.175781
0 0.428711 0.375000 0.060547 0.164062
0 0.535156 0.313477 0.085938 0.177734
0 0.664062 0.248047 0.093750 0.203125
0 0.331055 0.579102 0.060547 0.177734
0 0.430664 0.536133 0.068359 0.162109
0 0.535156 0.492188 0.085938 0.183594
0 0.665039 0.442383 0.103516 0.197266
0 0.793945 0.377930 0.064453 0.232422
0 0.794922 0.575195 0.058594 0.189453
0 0.794922 0.770508 0.066406 0.212891
0 0.793945 0.933594 0.064453 0.132812
0 0.664062 0.611328 0.105469 0.195312
0 0.668945 0.789062 0.111328 0.203125
0 0.664062 0.942383 0.109375 0.115234
0 0.539062 0.645508 0.085938 0.177734
0 0.532227 0.814453 0.080078 0.183594
0 0.528320 0.952148 0.080078 0.095703
0 0.432617 0.683594 0.068359 0.171875
0 0.428711 0.838867 0.064453 0.146484
0 0.428711 0.956055 0.060547 0.087891
0 0.336914 0.710938 0.072266 0.152344
0 0.333008 0.849609 0.064453 0.144531
0 0.333008 0.960938 0.068359 0.078125
