0 0.847656 0.347656 0.062500 0.089844
0 0.549805 0.468750 0.076172 0.203125
0 0.623047 0.480469 0.070312 0.199219
0 0.694336 0.488281 0.064453 0.199219
0 0.759766 0.504883 0.058594 0.189453
0 0.822266 0.510742 0.062500 0.197266
0 0.883789 0.519531 0.060547 0.195312
0 0.963867 0.540039 0.056641 0.189453
0 0.959961 0.744141 0.060547 0.113281
0 0.964844 0.901367 0.046875 0.166016
0 0.883789 0.826172 0.060547 0.296875
0 0.819336 0.820312 0.056641 0.304688
0 0.761719 0.820312 0.058594 0.304688
0 0.698242 0.813477 0.068359 0.314453
0 0.624023 0.705078 0.068359 0.117188
0 0.626953 0.878906 0.066406 0.191406
