0 0.074219 0.264648 0.089844 0.283203
0 0.166016 0.265625 0.093750 0.281250
0 0.258789 0.267578 0.091797 0.285156
0 0.349609 0.270508 0.085938 0.279297
0 0.440430 0.270508 0.091797 0.279297
0 0.532227 0.269531 0.091797 0.281250
0 0.625000 0.265625 0.093750 0.273438
0 0.720703 0.265625 0.097656 0.273438
0 0.820312 0.270508 0.089844 0.275391
0 0.911133 0.270508 0.091797 0.275391
0 0.977539 0.272461 0.041016 0.279297
0 0.977539 0.530273 0.041016 0.236328
0 0.909180 0.530273 0.095703 0.236328
0 0.815430 0.532227 0.091797 0.240234
0 0.720703 0.532227 0.097656 0.240234
0 0.625977 0.528320 0.091797 0.232422
0 0.533203 0.530273 0.093750 0.228516
0 0.438477 0.529297 0.095703 0.226562
0 0.347656 0.526367 0.085938 0.232422
0 0.261719 0.525391 0.085938 0.230469
0 0.170898 0.526367 0.095703 0.228516
0 0.079102 0.531250 0.087891 0.238281
0 0.076172 0.768555 0.082031 0.236328
0 0.166992 0.766602 0.099609 0.240234
0 0.260742 0.765625 0.087891 0.238281
0 0.348633 0.765625 0.087891 0.238281
0 0.441406 0.767578 0.093750 0.242188
0 0.536133 0.769531 0.095703 0.238281
0 0.628906 0.771484 0.089844 0.238281
0 0.721680 0.772461 0.095703 0.236328
0 0.817383 0.772461 0.095703 0.236328
0 0.913086 0.769531 0.095703 0.242188
0 0.978516 0.771484 0.035156 0.246094
