0 0.336250 0.489375 0.100000 0.231250
0 0.475000 0.488750 0.180000 0.227500
0 0.613750 0.488750 0.097500 0.227500
0 0.336250 0.340000 0.097500 0.072500
0 0.472500 0.340000 0.175000 0.072500
0 0.610000 0.337500 0.100000 0.067500
0 0.808125 0.510625 0.118750 0.166250
0 0.051875 0.464375 0.101250 0.198750
0 0.431250 0.731875 0.080000 0.181250
0 0.514375 0.733125 0.086250 0.178750
0 0.110625 0.733125 0.036250 0.163750
0 0.213125 0.735000 0.033750 0.162500
0 0.751875 0.728125 0.068750 0.101250
0 0.833125 0.728125 0.086250 0.103750
