0 0.023438 0.114662 0.041016 0.104010
0 0.071289 0.111529 0.048828 0.107769
0 0.021973 0.330827 0.041992 0.330827
0 0.068848 0.330827 0.049805 0.330827
0 0.179688 0.109649 0.039062 0.106516
0 0.218750 0.112155 0.039062 0.111529
0 0.177734 0.330201 0.039062 0.334586
0 0.215820 0.335840 0.037109 0.323308
0 0.291016 0.112782 0.070312 0.105263
0 0.290039 0.331454 0.072266 0.332080
0 0.440918 0.107769 0.161133 0.102757
0 0.438477 0.328947 0.154297 0.332080
0 0.605957 0.112782 0.157227 0.105263
0 0.604492 0.328947 0.152344 0.327068
0 0.786133 0.111529 0.111328 0.100251
0 0.866699 0.110902 0.049805 0.098997
0 0.785645 0.331454 0.108398 0.332080
0 0.865234 0.331454 0.050781 0.332080
0 0.968262 0.113409 0.059570 0.106516
0 0.969238 0.332707 0.059570 0.327068
