0 0.319336 0.189453 0.111328 0.375000
0 0.416016 0.238281 0.089844 0.375000
0 0.509766 0.328125 0.113281 0.355469
0 0.596680 0.403320 0.056641 0.291016
0 0.663086 0.465820 0.072266 0.283203
0 0.724609 0.505859 0.046875 0.238281
0 0.785156 0.548828 0.078125 0.222656
0 0.846680 0.602539 0.044922 0.212891
0 0.894531 0.641602 0.046875 0.205078
0 0.948242 0.692383 0.052734 0.197266
0 0.988281 0.728516 0.019531 0.171875
0 0.312500 0.501953 0.105469 0.406250
0 0.412109 0.563477 0.082031 0.369141
0 0.514648 0.615234 0.103516 0.355469
0 0.591797 0.666016 0.046875 0.300781
0 0.658203 0.701172 0.074219 0.285156
0 0.716797 0.731445 0.039062 0.248047
0 0.780273 0.752930 0.064453 0.259766
0 0.841797 0.792969 0.050781 0.222656
0 0.889648 0.819336 0.044922 0.205078
0 0.946289 0.845703 0.056641 0.195312
0 0.987305 0.873047 0.025391 0.152344
0 0.310547 0.825195 0.109375 0.349609
0 0.411133 0.858398 0.087891 0.283203
0 0.510742 0.874023 0.111328 0.251953
0 0.593750 0.897461 0.050781 0.189453
0 0.659180 0.908203 0.072266 0.179688
0 0.716797 0.918945 0.046875 0.162109
0 0.780273 0.929688 0.072266 0.140625
0 0.840820 0.945312 0.048828 0.109375
0 0.897461 0.958008 0.056641 0.083984
0 0.948242 0.959961 0.064453 0.072266
0 0.411133 0.065430 0.087891 0.126953
0 0.509766 0.128906 0.113281 0.253906
0 0.596680 0.160156 0.064453 0.316406
0 0.665039 0.193359 0.083984 0.382812
0 0.720703 0.232422 0.050781 0.398438
0 0.790039 0.284180 0.068359 0.353516
0 0.849609 0.366211 0.050781 0.337891
0 0.897461 0.435547 0.048828 0.308594
0 0.947266 0.492188 0.058594 0.308594
