0 0.643196 0.168457 0.068038 0.059570
0 0.746835 0.169922 0.139241 0.056641
0 0.884494 0.170410 0.136076 0.057617
0 0.976266 0.170410 0.047468 0.057617
0 0.638449 0.218262 0.071203 0.034180
0 0.748418 0.216797 0.148734 0.037109
0 0.891614 0.217285 0.137658 0.038086
0 0.980222 0.220215 0.039557 0.032227
0 0.640823 0.294434 0.075949 0.114258
0 0.750791 0.293945 0.143987 0.115234
0 0.895570 0.292969 0.145570 0.113281
0 0.980222 0.294434 0.039557 0.114258
0 0.642405 0.432129 0.082278 0.159180
0 0.753956 0.429688 0.140823 0.164062
0 0.904272 0.428223 0.159810 0.161133
0 0.645570 0.556641 0.075949 0.089844
0 0.760285 0.555176 0.153481 0.092773
0 0.910601 0.553223 0.162975 0.088867
0 0.651899 0.749512 0.082278 0.295898
0 0.772152 0.746582 0.170886 0.288086
0 0.919304 0.742676 0.161392 0.284180
0 0.231013 0.761230 0.063291 0.206055
0 0.288766 0.761719 0.058544 0.212891
0 0.386867 0.699219 0.137658 0.091797
0 0.530063 0.759766 0.145570 0.210938
0 0.349684 0.809082 0.056962 0.127930
0 0.416930 0.807129 0.052215 0.124023
4 0.382911 0.807129 0.139241 0.129883
0 0.235759 0.622070 0.053797 0.066406
0 0.289557 0.623047 0.053797 0.068359
0 0.386867 0.622070 0.140823 0.064453
0 0.522943 0.622070 0.128165 0.064453
0 0.238133 0.529785 0.055380 0.122070
0 0.293513 0.529297 0.055380 0.121094
0 0.391614 0.528809 0.140823 0.122070
0 0.526108 0.529785 0.128165 0.124023
0 0.245253 0.426758 0.050633 0.089844
0 0.297468 0.425781 0.053797 0.087891
0 0.393196 0.425293 0.137658 0.088867
0 0.526108 0.433105 0.134494 0.071289
0 0.252373 0.367676 0.042722 0.026367
0 0.302215 0.368164 0.056962 0.029297
0 0.397943 0.367676 0.134494 0.028320
0 0.525316 0.366211 0.123418 0.029297
0 0.253165 0.330566 0.050633 0.041992
0 0.305380 0.330566 0.053797 0.041992
0 0.397943 0.329102 0.128165 0.039062
0 0.525316 0.329102 0.126582 0.039062
0 0.677215 0.108887 0.107595 0.038086
0 0.770570 0.108398 0.079114 0.039062
0 0.852057 0.108398 0.083861 0.039062
0 0.937500 0.108398 0.087025 0.039062
