0 0.594727 0.171875 0.173828 0.339844
0 0.814453 0.123047 0.250000 0.242188
0 0.815430 0.360352 0.248047 0.447266
0 0.595703 0.443359 0.179688 0.351562
0 0.432617 0.511719 0.103516 0.285156
0 0.428711 0.236328 0.091797 0.367188
0 0.322266 0.318359 0.105469 0.335938
0 0.321289 0.553711 0.115234 0.255859
0 0.329102 0.793945 0.126953 0.291016
0 0.435547 0.788086 0.117188 0.330078
0 0.595703 0.772461 0.191406 0.396484
0 0.818359 0.758789 0.257812 0.478516
0 0.233398 0.806641 0.068359 0.242188
0 0.154297 0.810547 0.089844 0.210938
0 0.156250 0.611328 0.085938 0.214844
