0 0.559570 0.083008 0.060547 0.162109
0 0.615234 0.131836 0.050781 0.158203
0 0.663086 0.176758 0.041016 0.146484
0 0.703125 0.218750 0.039062 0.132812
0 0.742188 0.255859 0.039062 0.128906
0 0.780273 0.291016 0.037109 0.128906
0 0.817383 0.333008 0.037109 0.126953
0 0.851562 0.364258 0.031250 0.130859
0 0.560547 0.181641 0.062500 0.140625
0 0.616211 0.230469 0.052734 0.132812
0 0.662109 0.269531 0.042969 0.121094
0 0.703125 0.306641 0.039062 0.113281
0 0.741211 0.340820 0.041016 0.119141
0 0.780273 0.377930 0.037109 0.119141
0 0.816406 0.415039 0.035156 0.107422
0 0.852539 0.449219 0.033203 0.097656
0 0.885742 0.527344 0.044922 0.109375
0 0.922852 0.548828 0.029297 0.117188
0 0.954102 0.568359 0.033203 0.109375
0 0.560547 0.380859 0.062500 0.171875
0 0.615234 0.416992 0.050781 0.154297
0 0.661133 0.453125 0.044922 0.140625
0 0.700195 0.478516 0.037109 0.140625
0 0.740234 0.509766 0.039062 0.132812
0 0.777344 0.537109 0.035156 0.121094
0 0.816406 0.565430 0.039062 0.123047
0 0.852539 0.587891 0.037109 0.117188
0 0.887695 0.609375 0.033203 0.105469
0 0.920898 0.632812 0.033203 0.105469
0 0.954102 0.658203 0.029297 0.105469
0 0.982422 0.673828 0.027344 0.097656
0 0.560547 0.506836 0.062500 0.169922
0 0.615234 0.539062 0.050781 0.152344
0 0.661133 0.568359 0.041016 0.144531
0 0.700195 0.591797 0.037109 0.136719
0 0.739258 0.615234 0.041016 0.136719
0 0.779297 0.638672 0.035156 0.125000
0 0.816406 0.659180 0.039062 0.123047
0 0.852539 0.680664 0.037109 0.115234
0 0.887695 0.700195 0.033203 0.107422
0 0.919922 0.717773 0.031250 0.103516
0 0.953125 0.737305 0.031250 0.099609
0 0.981445 0.752930 0.025391 0.091797
0 0.557617 0.633789 0.060547 0.162109
0 0.615234 0.662109 0.050781 0.144531
0 0.660156 0.682617 0.042969 0.134766
0 0.700195 0.702148 0.037109 0.126953
0 0.740234 0.720703 0.039062 0.121094
0 0.778320 0.739258 0.037109 0.119141
0 0.816406 0.754883 0.039062 0.115234
0 0.852539 0.771484 0.033203 0.109375
0 0.886719 0.787109 0.035156 0.105469
0 0.918945 0.802734 0.033203 0.101562
0 0.953125 0.819336 0.031250 0.095703
0 0.981445 0.832031 0.029297 0.085938
0 0.559570 0.764648 0.060547 0.150391
0 0.615234 0.783203 0.050781 0.140625
0 0.660156 0.796875 0.039062 0.125000
0 0.699219 0.810547 0.035156 0.117188
0 0.738281 0.822266 0.039062 0.117188
0 0.775391 0.835938 0.035156 0.109375
0 0.814453 0.847656 0.035156 0.101562
0 0.853516 0.863281 0.035156 0.097656
0 0.886719 0.874023 0.035156 0.095703
0 0.920898 0.885742 0.033203 0.091797
0 0.953125 0.896484 0.035156 0.089844
0 0.984375 0.902344 0.031250 0.074219
0 0.560547 0.898438 0.058594 0.148438
0 0.615234 0.908203 0.050781 0.140625
0 0.661133 0.918945 0.041016 0.130859
0 0.702148 0.922852 0.037109 0.126953
0 0.738281 0.932617 0.035156 0.119141
0 0.774414 0.938477 0.037109 0.115234
0 0.813477 0.945312 0.041016 0.105469
0 0.850586 0.951172 0.037109 0.097656
0 0.884766 0.953125 0.031250 0.085938
0 0.919922 0.958984 0.035156 0.074219
0 0.955078 0.963867 0.035156 0.068359
0 0.499023 0.899414 0.052734 0.150391
0 0.457031 0.916016 0.035156 0.136719
0 0.418945 0.929688 0.033203 0.128906
0 0.419922 0.814453 0.031250 0.125000
0 0.455078 0.792969 0.035156 0.136719
0 0.500000 0.766602 0.058594 0.158203
0 0.500000 0.637695 0.058594 0.181641
0 0.458008 0.670898 0.037109 0.150391
0 0.425781 0.695312 0.035156 0.144531
0 0.500000 0.500977 0.054688 0.177734
0 0.457031 0.544922 0.035156 0.160156
0 0.420898 0.578125 0.029297 0.152344
0 0.421875 0.462891 0.031250 0.156250
0 0.454102 0.423828 0.037109 0.164062
0 0.501953 0.368164 0.054688 0.185547
