0 0.264648 0.106445 0.169922 0.099609
0 0.552734 0.103516 0.156250 0.097656
0 0.815430 0.104492 0.158203 0.099609
0 0.811523 0.260742 0.162109 0.103516
0 0.550781 0.263672 0.164062 0.093750
0 0.268555 0.269531 0.173828 0.105469
0 0.042969 0.261719 0.082031 0.105469
0 0.269531 0.497070 0.164062 0.263672
0 0.553711 0.503906 0.166016 0.289062
0 0.814453 0.499023 0.160156 0.291016
0 0.040039 0.504883 0.076172 0.279297
0 0.557617 0.847656 0.154297 0.304688
0 0.818359 0.853516 0.156250 0.292969
0 0.275391 0.848633 0.152344 0.302734
0 0.037109 0.839844 0.070312 0.257812
