0 0.364258 0.155273 0.083984 0.138672
0 0.366211 0.513672 0.080078 0.671875
0 0.486328 0.543945 0.136719 0.615234
0 0.613281 0.585938 0.105469 0.507812
0 0.703125 0.612305 0.058594 0.431641
0 0.765625 0.629883 0.050781 0.369141
0 0.817383 0.638672 0.048828 0.324219
0 0.864258 0.650391 0.041016 0.281250
0 0.906250 0.666992 0.031250 0.263672
0 0.703125 0.384766 0.070312 0.113281
0 0.768555 0.429688 0.056641 0.089844
0 0.820312 0.458008 0.050781 0.091797
0 0.906250 0.525391 0.039062 0.058594
0 0.618164 0.329102 0.099609 0.119141
0 0.490234 0.239258 0.144531 0.177734
