0 0.808594 0.287109 0.113281 0.316406
0 0.904297 0.250977 0.093750 0.310547
0 0.907227 0.695312 0.091797 0.609375
0 0.805664 0.706055 0.111328 0.587891
0 0.676758 0.324219 0.111328 0.253906
0 0.573242 0.373047 0.107422 0.238281
0 0.466797 0.420898 0.109375 0.232422
0 0.356445 0.455078 0.095703 0.222656
0 0.678711 0.196289 0.107422 0.115234
0 0.573242 0.248047 0.103516 0.109375
0 0.466797 0.296875 0.109375 0.105469
0 0.263672 0.498047 0.089844 0.199219
0 0.089844 0.777344 0.082031 0.167969
0 0.178711 0.755859 0.087891 0.179688
0 0.262695 0.740234 0.091797 0.195312
0 0.354492 0.711914 0.099609 0.208984
0 0.462891 0.691406 0.121094 0.222656
0 0.575195 0.662109 0.103516 0.230469
0 0.679688 0.636719 0.105469 0.246094
0 0.675781 0.915039 0.101562 0.169922
0 0.573242 0.922852 0.103516 0.154297
0 0.462891 0.929688 0.121094 0.140625
0 0.378906 0.936523 0.050781 0.126953
0 0.331055 0.940430 0.048828 0.119141
0 0.282227 0.941406 0.048828 0.117188
0 0.237305 0.945312 0.048828 0.109375
0 0.193359 0.947266 0.046875 0.105469
0 0.156250 0.950195 0.046875 0.099609
0 0.106445 0.952148 0.052734 0.095703
0 0.066406 0.956055 0.035156 0.087891
