0 0.054500 0.076462 0.101000 0.149925
0 0.161500 0.075712 0.113000 0.148426
0 0.275500 0.072714 0.117000 0.142429
0 0.388000 0.074213 0.108000 0.145427
0 0.499000 0.074963 0.114000 0.143928
0 0.613000 0.073463 0.114000 0.140930
0 0.725000 0.072714 0.110000 0.142429
0 0.838000 0.074213 0.116000 0.145427
0 0.946000 0.074213 0.100000 0.145427
0 0.053500 0.356822 0.097000 0.410795
0 0.159000 0.356072 0.114000 0.412294
0 0.271000 0.192654 0.110000 0.085457
0 0.272000 0.404798 0.112000 0.338831
0 0.384500 0.360570 0.113000 0.427286
0 0.497500 0.356822 0.113000 0.419790
0 0.611500 0.355322 0.115000 0.422789
0 0.725000 0.355322 0.112000 0.422789
0 0.838000 0.398801 0.114000 0.335832
0 0.838500 0.191154 0.113000 0.091454
0 0.945500 0.359820 0.103000 0.428786
0 0.050500 0.682159 0.095000 0.230885
0 0.156500 0.681409 0.117000 0.232384
0 0.271500 0.679910 0.113000 0.229385
0 0.385000 0.682909 0.114000 0.223388
0 0.497500 0.685907 0.111000 0.229385
0 0.610500 0.687406 0.115000 0.226387
0 0.723500 0.685157 0.111000 0.221889
0 0.836500 0.683658 0.115000 0.224888
0 0.947000 0.685157 0.106000 0.227886
0 0.051000 0.901049 0.096000 0.197901
0 0.157500 0.901049 0.111000 0.197901
0 0.268000 0.845577 0.110000 0.080960
0 0.270500 0.945277 0.115000 0.109445
0 0.383000 0.902549 0.112000 0.194903
0 0.498000 0.901799 0.114000 0.196402
0 0.611000 0.902549 0.112000 0.194903
0 0.724500 0.901049 0.113000 0.197901
0 0.836000 0.846327 0.114000 0.091454
0 0.946000 0.897301 0.108000 0.193403
0 0.837500 0.942279 0.115000 0.115442
