0 0.597656 0.071289 0.054688 0.087891
0 0.625000 0.114258 0.000000 0.001953
0 0.596680 0.170898 0.048828 0.091797
0 0.594727 0.276367 0.052734 0.095703
0 0.596680 0.383789 0.056641 0.095703
0 0.597656 0.489258 0.054688 0.091797
0 0.595703 0.586914 0.054688 0.087891
0 0.596680 0.686523 0.052734 0.091797
0 0.597656 0.790039 0.054688 0.091797
0 0.600586 0.901367 0.056641 0.095703
0 0.599609 0.981445 0.054688 0.037109
0 0.402344 0.979492 0.058594 0.041016
0 0.401367 0.899414 0.060547 0.095703
0 0.400391 0.791016 0.062500 0.093750
0 0.399414 0.685547 0.064453 0.082031
0 0.399414 0.586914 0.064453 0.080078
0 0.400391 0.486328 0.062500 0.089844
0 0.399414 0.382812 0.056641 0.089844
0 0.401367 0.275391 0.060547 0.089844
0 0.400391 0.169922 0.058594 0.085938
0 0.400391 0.067383 0.054688 0.087891
