0 0.668945 0.107422 0.080078 0.210938
0 0.582031 0.144531 0.085938 0.246094
0 0.504883 0.194336 0.072266 0.220703
0 0.431641 0.240234 0.066406 0.207031
0 0.374023 0.272461 0.056641 0.193359
0 0.322266 0.310547 0.046875 0.187500
0 0.268555 0.340820 0.052734 0.169922
0 0.222656 0.369141 0.046875 0.171875
0 0.189453 0.393555 0.019531 0.154297
0 0.170898 0.403320 0.017578 0.138672
0 0.155273 0.416992 0.017578 0.138672
0 0.136719 0.424805 0.015625 0.134766
0 0.135742 0.555664 0.017578 0.138672
0 0.154297 0.544922 0.023438 0.140625
0 0.170898 0.540039 0.017578 0.138672
0 0.188477 0.529297 0.021484 0.144531
0 0.221680 0.515625 0.044922 0.171875
0 0.265625 0.497070 0.046875 0.177734
0 0.321289 0.466797 0.044922 0.183594
0 0.369141 0.444336 0.050781 0.193359
0 0.428711 0.414062 0.064453 0.199219
0 0.730469 0.096680 0.042969 0.189453
0 0.666992 0.293945 0.076172 0.244141
0 0.584961 0.332031 0.087891 0.238281
0 0.503906 0.376953 0.078125 0.218750
0 0.724609 0.580078 0.046875 0.839844
0 0.663086 0.503906 0.080078 0.250000
0 0.581055 0.534180 0.083984 0.240234
0 0.506836 0.563477 0.076172 0.220703
0 0.428711 0.593750 0.060547 0.199219
0 0.370117 0.615234 0.056641 0.191406
0 0.320312 0.635742 0.046875 0.177734
0 0.265625 0.657227 0.046875 0.169922
0 0.222656 0.669922 0.042969 0.160156
0 0.189453 0.683594 0.023438 0.152344
0 0.169922 0.692383 0.019531 0.146484
0 0.155273 0.700195 0.013672 0.134766
0 0.137695 0.708008 0.021484 0.138672
0 0.662109 0.723633 0.082031 0.248047
0 0.583008 0.745117 0.087891 0.232422
0 0.504883 0.766602 0.076172 0.212891
0 0.427734 0.784180 0.062500 0.197266
0 0.368164 0.796875 0.056641 0.183594
0 0.319336 0.809570 0.048828 0.173828
0 0.267578 0.816406 0.050781 0.171875
0 0.219727 0.828125 0.044922 0.164062
0 0.182617 0.841797 0.037109 0.160156
0 0.146484 0.848633 0.035156 0.146484
0 0.662109 0.920898 0.089844 0.158203
0 0.580078 0.923828 0.089844 0.152344
0 0.504883 0.931641 0.080078 0.136719
0 0.426758 0.940430 0.064453 0.119141
0 0.369141 0.942383 0.054688 0.115234
0 0.319336 0.944336 0.048828 0.111328
0 0.269531 0.951172 0.054688 0.097656
0 0.219727 0.953125 0.048828 0.093750
0 0.191406 0.955078 0.019531 0.089844
0 0.171875 0.949219 0.023438 0.070312
0 0.148438 0.951172 0.035156 0.070312
