0 0.557617 0.090820 0.130859 0.177734
0 0.641602 0.101562 0.044922 0.199219
0 0.704102 0.118164 0.080078 0.232422
0 0.759766 0.136719 0.031250 0.222656
0 0.815430 0.160156 0.080078 0.230469
0 0.526367 0.345703 0.048828 0.234375
0 0.587891 0.365234 0.078125 0.230469
0 0.646484 0.377930 0.050781 0.224609
0 0.706055 0.397461 0.076172 0.216797
0 0.795898 0.426758 0.107422 0.216797
0 0.523438 0.662109 0.042969 0.238281
0 0.583008 0.663086 0.076172 0.240234
0 0.643555 0.672852 0.044922 0.220703
0 0.706055 0.684570 0.076172 0.216797
0 0.761719 0.690430 0.035156 0.201172
0 0.816406 0.695312 0.070312 0.195312
0 0.579102 0.929688 0.091797 0.140625
0 0.647461 0.928711 0.037109 0.142578
0 0.701172 0.929688 0.070312 0.140625
0 0.754883 0.933594 0.037109 0.132812
0 0.812500 0.931641 0.074219 0.136719
0 0.390625 0.655273 0.085938 0.197266
0 0.394531 0.913086 0.082031 0.173828
0 0.305664 0.921875 0.087891 0.156250
0 0.174805 0.929688 0.068359 0.140625
0 0.062500 0.935547 0.058594 0.128906
0 0.069336 0.738281 0.044922 0.156250
0 0.169922 0.710938 0.062500 0.167969
0 0.300781 0.677734 0.093750 0.187500
0 0.298828 0.420898 0.089844 0.212891
0 0.384766 0.402344 0.089844 0.191406
0 0.466797 0.381836 0.074219 0.158203
0 0.224609 0.454102 0.050781 0.189453
0 0.166992 0.485352 0.064453 0.189453
0 0.112305 0.516602 0.048828 0.166016
0 0.056641 0.544922 0.062500 0.171875
0 0.056641 0.334961 0.066406 0.189453
0 0.111328 0.296875 0.054688 0.175781
0 0.168945 0.250977 0.068359 0.216797
0 0.225586 0.210938 0.052734 0.210938
0 0.299805 0.159180 0.087891 0.240234
0 0.386719 0.110352 0.085938 0.216797
0 0.458008 0.087891 0.060547 0.171875
0 0.053711 0.124023 0.060547 0.197266
0 0.109375 0.085938 0.046875 0.167969
0 0.166992 0.063477 0.064453 0.123047
0 0.223633 0.036133 0.052734 0.068359
