0 0.336914 0.153320 0.103516 0.283203
0 0.428711 0.113281 0.072266 0.222656
0 0.486328 0.089844 0.042969 0.175781
0 0.543945 0.079102 0.080078 0.154297
0 0.652344 0.050781 0.140625 0.097656
0 0.825195 0.037109 0.189453 0.062500
0 0.337891 0.377930 0.101562 0.298828
0 0.428711 0.325195 0.076172 0.294922
0 0.485352 0.291992 0.041016 0.283203
0 0.541016 0.262695 0.078125 0.326172
0 0.654297 0.201172 0.136719 0.359375
0 0.825195 0.192383 0.173828 0.291016
0 0.956055 0.045898 0.080078 0.087891
0 0.340820 0.602539 0.099609 0.259766
0 0.425781 0.575195 0.070312 0.259766
0 0.482422 0.547852 0.039062 0.255859
0 0.542969 0.518555 0.082031 0.271484
0 0.657227 0.469727 0.150391 0.314453
0 0.338867 0.822266 0.103516 0.250000
0 0.426758 0.796875 0.068359 0.250000
0 0.483398 0.783203 0.033203 0.234375
0 0.542969 0.751953 0.082031 0.250000
0 0.659180 0.703125 0.142578 0.285156
0 0.341797 0.952148 0.101562 0.080078
0 0.429688 0.941406 0.070312 0.101562
0 0.482422 0.936523 0.039062 0.119141
0 0.541992 0.920898 0.080078 0.146484
0 0.656250 0.896484 0.148438 0.187500
2 0.231445 0.499023 0.107422 0.994141
