0 0.071289 0.073206 0.134766 0.143485
0 0.293945 0.089312 0.167969 0.175695
0 0.528809 0.088580 0.166992 0.174231
0 0.762207 0.084919 0.170898 0.166911
0 0.959473 0.081991 0.079102 0.161054
0 0.293457 0.373353 0.163086 0.386530
0 0.524902 0.370425 0.165039 0.383602
0 0.764160 0.367496 0.168945 0.392387
0 0.960938 0.363104 0.078125 0.395315
0 0.070801 0.410688 0.137695 0.311859
0 0.070801 0.219619 0.139648 0.070278
0 0.071289 0.164714 0.134766 0.033675
0 0.070312 0.584919 0.138672 0.030747
0 0.069336 0.639824 0.134766 0.076135
0 0.070801 0.831625 0.135742 0.307467
0 0.292969 0.584187 0.164062 0.038067
0 0.293457 0.641288 0.165039 0.076135
0 0.293457 0.838946 0.165039 0.322108
0 0.526367 0.581991 0.169922 0.048316
0 0.527344 0.639092 0.169922 0.065886
0 0.525879 0.837482 0.168945 0.325037
0 0.764648 0.860908 0.167969 0.278184
0 0.959473 0.838214 0.079102 0.323572
0 0.959961 0.639092 0.080078 0.077599
0 0.961914 0.582723 0.076172 0.035139
