0 0.036133 0.096680 0.068359 0.189453
0 0.140625 0.097656 0.156250 0.191406
0 0.295898 0.097656 0.158203 0.191406
0 0.452148 0.095703 0.154297 0.187500
0 0.607422 0.095703 0.156250 0.187500
0 0.762695 0.094727 0.154297 0.185547
0 0.916992 0.094727 0.154297 0.185547
0 0.034180 0.302734 0.056641 0.214844
0 0.138672 0.298828 0.152344 0.222656
0 0.293945 0.299805 0.158203 0.224609
0 0.453125 0.300781 0.160156 0.222656
0 0.609375 0.295898 0.152344 0.212891
0 0.764648 0.295898 0.158203 0.212891
0 0.918945 0.300781 0.150391 0.222656
0 0.916992 0.522461 0.154297 0.220703
0 0.761719 0.517578 0.152344 0.222656
0 0.608398 0.516602 0.150391 0.220703
0 0.453125 0.519531 0.160156 0.214844
0 0.295898 0.516602 0.154297 0.208984
0 0.137695 0.516602 0.162109 0.208984
0 0.029297 0.523438 0.054688 0.222656
0 0.016602 0.752930 0.029297 0.236328
0 0.049805 0.748047 0.041016 0.242188
0 0.146484 0.749023 0.152344 0.244141
0 0.297852 0.748047 0.150391 0.246094
0 0.449219 0.745117 0.152344 0.240234
0 0.603516 0.748047 0.156250 0.234375
0 0.760742 0.750000 0.158203 0.238281
0 0.914062 0.752930 0.148438 0.232422
