0 0.534180 0.226562 0.236328 0.300781
0 0.725586 0.270508 0.146484 0.263672
0 0.811523 0.300781 0.041016 0.226562
0 0.384766 0.194336 0.054688 0.279297
0 0.815430 0.153320 0.041016 0.076172
0 0.769531 0.144531 0.058594 0.089844
0 0.692383 0.119141 0.080078 0.089844
0 0.609375 0.092773 0.082031 0.099609
0 0.533203 0.065430 0.078125 0.099609
0 0.458008 0.045898 0.076172 0.087891
0 0.385742 0.035156 0.056641 0.066406
0 0.381836 0.362305 0.064453 0.095703
0 0.455078 0.376953 0.093750 0.097656
0 0.533203 0.393555 0.070312 0.087891
0 0.608398 0.404297 0.080078 0.093750
0 0.690430 0.422852 0.087891 0.083984
0 0.764648 0.434570 0.060547 0.072266
0 0.813477 0.440430 0.033203 0.072266
0 0.378906 0.541016 0.054688 0.277344
0 0.529297 0.550781 0.246094 0.273438
0 0.721680 0.576172 0.146484 0.234375
0 0.813477 0.585938 0.044922 0.218750
0 0.377930 0.714844 0.052734 0.082031
0 0.449219 0.717773 0.085938 0.087891
0 0.528320 0.719727 0.072266 0.083984
0 0.606445 0.720703 0.083984 0.085938
0 0.692383 0.729492 0.087891 0.068359
0 0.765625 0.728516 0.054688 0.066406
0 0.808594 0.728516 0.031250 0.066406
0 0.810547 0.865234 0.035156 0.214844
0 0.717773 0.877930 0.150391 0.236328
0 0.522461 0.877930 0.236328 0.244141
0 0.381836 0.877930 0.048828 0.244141
