0 0.390625 0.271484 0.156250 0.230469
0 0.586914 0.247070 0.240234 0.251953
0 0.340820 0.420898 0.068359 0.076172
0 0.420898 0.412109 0.091797 0.093750
0 0.523438 0.402344 0.113281 0.089844
0 0.640625 0.392578 0.125000 0.093750
0 0.385742 0.546875 0.158203 0.203125
0 0.583984 0.536133 0.238281 0.220703
0 0.344727 0.677734 0.064453 0.074219
0 0.421875 0.678711 0.089844 0.076172
0 0.522461 0.678711 0.115234 0.076172
0 0.641602 0.678711 0.123047 0.076172
0 0.387695 0.817383 0.158203 0.205078
0 0.581055 0.828125 0.236328 0.218750
