0 0.041016 0.115234 0.078125 0.136719
0 0.095703 0.111328 0.042969 0.136719
0 0.138672 0.110352 0.042969 0.138672
0 0.192383 0.109375 0.064453 0.136719
0 0.291992 0.110352 0.134766 0.134766
0 0.380859 0.113281 0.042969 0.140625
0 0.422852 0.115234 0.041016 0.136719
0 0.471680 0.114258 0.056641 0.134766
0 0.581055 0.114258 0.162109 0.134766
0 0.688477 0.113281 0.052734 0.132812
0 0.742188 0.110352 0.054688 0.138672
0 0.796875 0.112305 0.054688 0.142578
0 0.902344 0.112305 0.156250 0.142578
0 0.049805 0.302734 0.064453 0.105469
0 0.117188 0.303711 0.070312 0.103516
0 0.186523 0.304688 0.068359 0.105469
0 0.244141 0.303711 0.046875 0.107422
0 0.293945 0.304688 0.052734 0.109375
0 0.341797 0.304688 0.042969 0.109375
0 0.386719 0.303711 0.046875 0.107422
0 0.430664 0.303711 0.041016 0.107422
0 0.482422 0.302734 0.062500 0.105469
0 0.541016 0.300781 0.054688 0.109375
0 0.589844 0.300781 0.042969 0.109375
0 0.636719 0.302734 0.050781 0.105469
0 0.687500 0.303711 0.050781 0.107422
0 0.734375 0.303711 0.042969 0.107422
0 0.791016 0.300781 0.070312 0.101562
0 0.843750 0.300781 0.054688 0.101562
0 0.891602 0.302734 0.041016 0.105469
0 0.935547 0.302734 0.046875 0.105469
0 0.979492 0.301758 0.041016 0.103516
0 0.051758 0.372070 0.064453 0.029297
0 0.119141 0.370117 0.070312 0.033203
0 0.187500 0.370117 0.066406 0.033203
0 0.245117 0.373047 0.048828 0.027344
0 0.293945 0.373047 0.048828 0.027344
0 0.341797 0.371094 0.046875 0.031250
0 0.385742 0.372070 0.041016 0.033203
0 0.429688 0.373047 0.046875 0.031250
0 0.482422 0.369141 0.058594 0.023438
0 0.537109 0.369141 0.050781 0.023438
0 0.586914 0.371094 0.048828 0.027344
0 0.636719 0.372070 0.054688 0.033203
0 0.688477 0.371094 0.048828 0.031250
0 0.736328 0.372070 0.046875 0.029297
0 0.791992 0.372070 0.064453 0.029297
0 0.851562 0.370117 0.054688 0.033203
0 0.896484 0.372070 0.035156 0.037109
0 0.936523 0.374023 0.044922 0.033203
0 0.979492 0.371094 0.041016 0.027344
0 0.038086 0.541016 0.072266 0.167969
0 0.094727 0.543945 0.041016 0.162109
0 0.135742 0.541016 0.044922 0.160156
0 0.191406 0.539062 0.066406 0.164062
0 0.290039 0.541992 0.130859 0.169922
0 0.380859 0.541016 0.050781 0.171875
0 0.429688 0.541992 0.046875 0.173828
0 0.480469 0.543945 0.054688 0.169922
0 0.584961 0.541992 0.154297 0.166016
0 0.685547 0.541016 0.046875 0.167969
0 0.736328 0.541016 0.054688 0.167969
0 0.790039 0.541016 0.052734 0.167969
0 0.835938 0.541992 0.039062 0.169922
0 0.876953 0.543945 0.042969 0.166016
0 0.949219 0.547852 0.101562 0.173828
0 0.051758 0.811523 0.099609 0.173828
0 0.126953 0.810547 0.050781 0.175781
0 0.185547 0.811523 0.066406 0.177734
0 0.306641 0.812500 0.175781 0.175781
0 0.423828 0.810547 0.058594 0.171875
0 0.487305 0.810547 0.068359 0.171875
0 0.546875 0.810547 0.050781 0.171875
0 0.596680 0.810547 0.048828 0.171875
0 0.708008 0.812500 0.173828 0.175781
0 0.822266 0.811523 0.054688 0.177734
0 0.875000 0.809570 0.050781 0.173828
0 0.950195 0.808594 0.099609 0.175781
0 0.049805 0.914062 0.095703 0.035156
0 0.125977 0.915039 0.056641 0.037109
0 0.185547 0.916016 0.062500 0.035156
0 0.307617 0.917969 0.181641 0.039062
0 0.427734 0.916992 0.058594 0.041016
0 0.488281 0.914062 0.062500 0.035156
0 0.545898 0.912109 0.052734 0.039062
0 0.596680 0.912109 0.048828 0.039062
0 0.709961 0.914062 0.177734 0.035156
0 0.826172 0.916016 0.054688 0.039062
0 0.878906 0.914062 0.050781 0.042969
0 0.952148 0.916016 0.095703 0.046875
