0 0.041706 0.018235 0.081537 0.035294
0 0.133083 0.018824 0.104967 0.036471
0 0.238051 0.019412 0.104967 0.037647
0 0.345361 0.020000 0.105904 0.038824
0 0.448922 0.019706 0.099344 0.038235
0 0.552952 0.019412 0.108716 0.037647
0 0.657919 0.019706 0.103093 0.038235
0 0.762418 0.020000 0.105904 0.036471
0 0.869728 0.020882 0.104967 0.034706
0 0.959231 0.018824 0.081537 0.036471
0 0.042643 0.089118 0.083411 0.108824
0 0.135426 0.090882 0.102156 0.105294
0 0.239456 0.090588 0.105904 0.104706
0 0.344892 0.090882 0.104967 0.104118
0 0.449859 0.091176 0.104967 0.104706
0 0.552484 0.091176 0.100281 0.104706
0 0.655576 0.090882 0.105904 0.104118
0 0.759606 0.090882 0.102156 0.104118
0 0.864105 0.090882 0.106842 0.104118
0 0.958763 0.090294 0.082474 0.105294
0 0.043112 0.162647 0.082474 0.046471
0 0.136832 0.164412 0.104967 0.042941
0 0.240862 0.165000 0.103093 0.044118
0 0.344892 0.165294 0.104967 0.043529
0 0.448922 0.164706 0.103093 0.042353
0 0.552484 0.164706 0.104030 0.042353
0 0.657451 0.164706 0.105904 0.042353
0 0.762887 0.164706 0.104967 0.042353
0 0.866448 0.162941 0.102156 0.038824
0 0.958763 0.162353 0.082474 0.040000
0 0.043580 0.235588 0.085286 0.100588
0 0.136364 0.238235 0.104030 0.104706
0 0.241331 0.237941 0.105904 0.105294
0 0.345829 0.236765 0.103093 0.102941
0 0.448454 0.237647 0.102156 0.101176
0 0.550609 0.237647 0.102156 0.101176
0 0.654639 0.236765 0.105904 0.102941
0 0.757263 0.236176 0.099344 0.101765
0 0.860825 0.235294 0.107779 0.103529
0 0.955951 0.236765 0.082474 0.106471
0 0.955951 0.310294 0.082474 0.040588
0 0.861293 0.309706 0.106842 0.041765
0 0.758201 0.308824 0.099344 0.040000
0 0.656514 0.308824 0.104030 0.040000
0 0.552484 0.308235 0.104030 0.038824
0 0.448454 0.308235 0.104030 0.038824
0 0.344424 0.310000 0.104030 0.042353
0 0.240394 0.310588 0.104030 0.041176
0 0.137301 0.309412 0.102156 0.038824
0 0.043580 0.307941 0.085286 0.041765
0 0.044517 0.379412 0.085286 0.101176
0 0.138238 0.380294 0.102156 0.099412
0 0.240862 0.380588 0.103093 0.100000
0 0.345829 0.380588 0.106842 0.100000
0 0.450797 0.381176 0.103093 0.101176
0 0.552484 0.380294 0.100281 0.102941
0 0.653702 0.378824 0.102156 0.100000
0 0.757263 0.379118 0.104967 0.099412
0 0.861293 0.379706 0.103093 0.100588
0 0.956420 0.380000 0.087160 0.100000
0 0.045455 0.451471 0.087160 0.042941
0 0.140581 0.452647 0.103093 0.040588
0 0.241799 0.451176 0.099344 0.037647
0 0.345829 0.450294 0.108716 0.039412
0 0.449859 0.450294 0.099344 0.039412
0 0.551078 0.450294 0.103093 0.039412
0 0.653702 0.450294 0.102156 0.039412
0 0.757732 0.451176 0.105904 0.037647
0 0.861293 0.451765 0.101218 0.038824
0 0.955951 0.450882 0.088097 0.040588
0 0.044049 0.524412 0.084349 0.099412
0 0.139175 0.523529 0.105904 0.101176
0 0.243205 0.523529 0.102156 0.101176
0 0.346767 0.522353 0.104967 0.103529
0 0.449859 0.522941 0.101218 0.104706
0 0.551546 0.523824 0.102156 0.102941
0 0.653702 0.522941 0.102156 0.101176
0 0.757263 0.523235 0.104967 0.100588
0 0.859888 0.522941 0.100281 0.100000
0 0.953608 0.522941 0.087160 0.100000
0 0.044986 0.592647 0.082474 0.041765
0 0.139175 0.593235 0.105904 0.040588
0 0.243674 0.593235 0.103093 0.040588
0 0.347235 0.593529 0.104030 0.040000
0 0.449859 0.593529 0.101218 0.040000
0 0.551078 0.593824 0.101218 0.039412
0 0.652765 0.593235 0.102156 0.038235
0 0.756795 0.592647 0.105904 0.039412
0 0.862231 0.592353 0.104967 0.038824
0 0.956420 0.592941 0.083411 0.037647
0 0.042643 0.664412 0.083411 0.104118
0 0.138238 0.665882 0.107779 0.101176
0 0.242268 0.665294 0.100281 0.100000
0 0.344892 0.664706 0.104967 0.101176
0 0.448454 0.665294 0.102156 0.102353
0 0.551078 0.664412 0.103093 0.104118
0 0.653233 0.663824 0.101218 0.102941
0 0.755858 0.664412 0.104030 0.101765
0 0.861293 0.665294 0.106842 0.103529
0 0.956420 0.664706 0.083411 0.104706
0 0.043112 0.736471 0.082474 0.042353
0 0.137769 0.735588 0.106842 0.044118
0 0.241799 0.734412 0.101218 0.041765
0 0.344892 0.737647 0.104967 0.035294
0 0.448454 0.738824 0.102156 0.037647
0 0.550609 0.737059 0.102156 0.041176
0 0.654171 0.736176 0.104967 0.039412
0 0.757263 0.735588 0.101218 0.040588
0 0.861293 0.737059 0.106842 0.043529
0 0.957357 0.738529 0.085286 0.040588
0 0.044049 0.807941 0.084349 0.101765
0 0.136364 0.807941 0.100281 0.101765
0 0.239456 0.807647 0.105904 0.101176
0 0.344424 0.807647 0.104030 0.101176
0 0.448454 0.807941 0.107779 0.101765
0 0.552015 0.807941 0.099344 0.101765
0 0.654639 0.808529 0.105904 0.102941
0 0.759138 0.809412 0.103093 0.101176
0 0.863168 0.808824 0.104967 0.100000
0 0.957826 0.808529 0.084349 0.100588
0 0.041237 0.881471 0.078725 0.042941
0 0.132615 0.881471 0.105904 0.042941
0 0.238519 0.880882 0.105904 0.041765
0 0.342549 0.880294 0.102156 0.042941
0 0.446579 0.879706 0.105904 0.041765
0 0.551078 0.880588 0.103093 0.040000
0 0.654639 0.881176 0.104030 0.041176
0 0.759606 0.880882 0.105904 0.041765
0 0.865511 0.882059 0.105904 0.044118
0 0.958763 0.883529 0.080600 0.041176
0 0.040769 0.921471 0.077788 0.038235
0 0.133083 0.922059 0.106842 0.037059
0 0.238051 0.921765 0.103093 0.036471
0 0.342081 0.920882 0.104967 0.038235
0 0.445642 0.920882 0.102156 0.038235
0 0.551546 0.920294 0.109653 0.040588
0 0.656514 0.920588 0.100281 0.041176
0 0.759138 0.922059 0.104967 0.038235
0 0.865042 0.921765 0.106842 0.037647
0 0.959231 0.922647 0.081537 0.035882
