0 0.155762 0.127379 0.106445 0.081991
0 0.260742 0.127379 0.105469 0.079063
0 0.359375 0.124451 0.089844 0.081991
0 0.451660 0.122255 0.094727 0.077599
0 0.562988 0.120059 0.127930 0.081991
0 0.681641 0.122255 0.109375 0.086384
0 0.791504 0.120791 0.110352 0.089312
0 0.901855 0.121523 0.110352 0.090776
0 0.979004 0.120791 0.041992 0.092240
0 0.976562 0.226940 0.041016 0.114202
0 0.978027 0.387994 0.043945 0.213763
0 0.979004 0.544656 0.041992 0.102489
0 0.237793 0.435578 0.036133 0.279649
0 0.286621 0.437042 0.036133 0.282577
4 0.262695 0.437775 0.101562 0.310395
0 0.058105 0.224012 0.081055 0.111274
0 0.058594 0.383602 0.082031 0.210835
