0 0.240234 0.052734 0.085938 0.101562
0 0.392578 0.058594 0.093750 0.113281
0 0.535156 0.055664 0.089844 0.107422
0 0.691406 0.056641 0.105469 0.109375
0 0.840820 0.055664 0.099609 0.107422
0 0.240234 0.196289 0.085938 0.134766
0 0.388672 0.197266 0.082031 0.136719
0 0.538086 0.189453 0.087891 0.132812
0 0.684570 0.189453 0.103516 0.136719
0 0.833984 0.188477 0.105469 0.119141
0 0.239258 0.343750 0.091797 0.148438
0 0.385742 0.344727 0.091797 0.138672
0 0.538086 0.332031 0.083984 0.132812
0 0.683594 0.340820 0.097656 0.138672
0 0.839844 0.344727 0.105469 0.146484
0 0.243164 0.482422 0.091797 0.128906
0 0.383789 0.481445 0.099609 0.130859
0 0.235352 0.647461 0.095703 0.134766
0 0.383789 0.652344 0.087891 0.140625
0 0.539062 0.648438 0.082031 0.132812
0 0.683594 0.648438 0.097656 0.125000
0 0.242188 0.796875 0.085938 0.160156
0 0.384766 0.806641 0.093750 0.160156
0 0.542969 0.802734 0.089844 0.164062
0 0.533203 0.476562 0.082031 0.140625
0 0.681641 0.481445 0.085938 0.142578
0 0.840820 0.481445 0.103516 0.138672
0 0.849609 0.649414 0.097656 0.134766
0 0.238281 0.919922 0.089844 0.085938
0 0.387695 0.922852 0.083984 0.080078
0 0.541992 0.926758 0.087891 0.083984
0 0.684570 0.931641 0.091797 0.089844
0 0.682617 0.800781 0.095703 0.167969
