0 0.592773 0.284180 0.052734 0.208984
0 0.645508 0.340820 0.052734 0.205078
0 0.691406 0.391602 0.039062 0.177734
0 0.731445 0.439453 0.037109 0.144531
0 0.768555 0.471680 0.033203 0.134766
0 0.797852 0.506836 0.025391 0.107422
0 0.822266 0.529297 0.019531 0.097656
0 0.845703 0.555664 0.023438 0.091797
0 0.593750 0.418945 0.050781 0.142578
0 0.646484 0.462891 0.050781 0.136719
0 0.691406 0.501953 0.039062 0.109375
0 0.729492 0.533203 0.037109 0.101562
0 0.767578 0.561523 0.035156 0.095703
0 0.797852 0.582031 0.025391 0.082031
0 0.821289 0.600586 0.021484 0.072266
0 0.845703 0.618164 0.027344 0.072266
0 0.595703 0.539062 0.054688 0.160156
0 0.649414 0.569336 0.052734 0.146484
0 0.694336 0.596680 0.037109 0.119141
0 0.593750 0.653320 0.050781 0.115234
0 0.646484 0.670898 0.050781 0.103516
0 0.696289 0.685547 0.037109 0.093750
0 0.733398 0.649414 0.041016 0.177734
0 0.768555 0.667969 0.033203 0.152344
0 0.799805 0.678711 0.025391 0.138672
0 0.821289 0.689453 0.017578 0.128906
0 0.844727 0.698242 0.025391 0.119141
0 0.590820 0.879883 0.044922 0.115234
0 0.515625 0.873047 0.054688 0.101562
0 0.459961 0.865234 0.052734 0.089844
0 0.414062 0.861328 0.042969 0.082031
0 0.372070 0.858398 0.041016 0.083984
0 0.335938 0.854492 0.035156 0.080078
0 0.304688 0.850586 0.031250 0.072266
0 0.275391 0.847656 0.027344 0.066406
0 0.245117 0.847656 0.029297 0.066406
0 0.521484 0.645508 0.050781 0.111328
0 0.463867 0.659180 0.060547 0.111328
0 0.412109 0.667969 0.042969 0.097656
0 0.370117 0.680664 0.041016 0.091797
0 0.333984 0.689453 0.031250 0.082031
0 0.304688 0.695312 0.027344 0.082031
0 0.275391 0.700195 0.027344 0.072266
0 0.247070 0.708984 0.029297 0.066406
0 0.219727 0.715820 0.025391 0.064453
0 0.520508 0.528320 0.052734 0.154297
0 0.412109 0.571289 0.046875 0.126953
0 0.521484 0.404297 0.054688 0.136719
0 0.521484 0.267578 0.050781 0.195312
0 0.463867 0.310547 0.056641 0.183594
0 0.465820 0.434570 0.060547 0.138672
0 0.412109 0.464844 0.046875 0.121094
0 0.409180 0.354492 0.044922 0.162109
0 0.368164 0.387695 0.041016 0.150391
0 0.368164 0.488281 0.041016 0.105469
0 0.334961 0.413086 0.021484 0.126953
0 0.334961 0.506836 0.021484 0.080078
0 0.305664 0.435547 0.033203 0.121094
0 0.305664 0.519531 0.037109 0.085938
0 0.273438 0.459961 0.031250 0.111328
0 0.274414 0.542969 0.029297 0.082031
0 0.242188 0.484375 0.027344 0.101562
0 0.244141 0.557617 0.027344 0.080078
0 0.215820 0.505859 0.025391 0.093750
0 0.216797 0.573242 0.023438 0.076172
0 0.194336 0.525391 0.017578 0.078125
0 0.195312 0.587891 0.019531 0.062500
0 0.175781 0.541992 0.019531 0.076172
0 0.157227 0.557617 0.017578 0.072266
0 0.140625 0.570312 0.015625 0.070312
0 0.125000 0.583008 0.015625 0.056641
0 0.110352 0.596680 0.013672 0.064453
