0 0.173828 0.042969 0.074219 0.042969
0 0.228516 0.040039 0.035156 0.048828
0 0.290039 0.039062 0.087891 0.046875
0 0.347656 0.039062 0.027344 0.046875
0 0.403320 0.036133 0.083984 0.041016
0 0.462891 0.036133 0.035156 0.041016
0 0.527344 0.035156 0.093750 0.039062
0 0.625000 0.036133 0.101562 0.037109
0 0.708984 0.036133 0.066406 0.037109
0 0.764648 0.035156 0.044922 0.039062
0 0.827148 0.038086 0.080078 0.044922
0 0.824219 0.137695 0.085938 0.154297
0 0.762695 0.134766 0.037109 0.160156
0 0.710938 0.136719 0.066406 0.164062
0 0.625977 0.136719 0.103516 0.164062
0 0.531250 0.134766 0.085938 0.160156
0 0.468750 0.135742 0.039062 0.158203
0 0.407227 0.135742 0.083984 0.158203
0 0.351562 0.136719 0.027344 0.156250
0 0.291016 0.136719 0.093750 0.156250
0 0.227539 0.138672 0.033203 0.152344
0 0.177734 0.134766 0.066406 0.144531
0 0.125000 0.136719 0.039062 0.140625
0 0.126953 0.243164 0.042969 0.064453
0 0.182617 0.244141 0.068359 0.062500
0 0.234375 0.243164 0.035156 0.060547
0 0.290039 0.244141 0.076172 0.058594
0 0.345703 0.243164 0.035156 0.056641
0 0.404297 0.244141 0.082031 0.054688
0 0.465820 0.244141 0.037109 0.054688
0 0.528320 0.243164 0.087891 0.056641
0 0.584961 0.244141 0.025391 0.058594
0 0.636719 0.244141 0.078125 0.058594
0 0.706055 0.243164 0.060547 0.056641
0 0.756836 0.243164 0.041016 0.056641
0 0.823242 0.241211 0.091797 0.052734
0 0.879883 0.242188 0.021484 0.050781
0 0.877930 0.139648 0.025391 0.154297
0 0.877930 0.039062 0.025391 0.046875
0 0.127930 0.344727 0.033203 0.138672
0 0.181641 0.344727 0.074219 0.138672
0 0.234375 0.343750 0.031250 0.136719
0 0.291016 0.342773 0.082031 0.138672
0 0.348633 0.367188 0.033203 0.187500
0 0.407227 0.436523 0.083984 0.048828
0 0.404297 0.344727 0.089844 0.134766
0 0.467773 0.370117 0.037109 0.193359
0 0.531250 0.440430 0.089844 0.052734
0 0.531250 0.343750 0.089844 0.140625
0 0.625000 0.338867 0.101562 0.134766
0 0.625977 0.437500 0.099609 0.062500
0 0.708984 0.343750 0.054688 0.140625
0 0.759766 0.342773 0.046875 0.142578
0 0.820312 0.338867 0.074219 0.134766
0 0.874023 0.339844 0.033203 0.132812
0 0.711914 0.438477 0.060547 0.056641
0 0.760742 0.439453 0.037109 0.054688
0 0.821289 0.439453 0.083984 0.054688
0 0.875977 0.437500 0.025391 0.058594
0 0.125000 0.510742 0.031250 0.189453
0 0.182617 0.442383 0.072266 0.044922
0 0.232422 0.510742 0.031250 0.181641
0 0.289062 0.442383 0.078125 0.056641
0 0.179688 0.537109 0.070312 0.132812
0 0.290039 0.535156 0.064453 0.117188
0 0.348633 0.535156 0.033203 0.125000
0 0.406250 0.534180 0.082031 0.126953
0 0.466797 0.537109 0.039062 0.132812
0 0.530273 0.535156 0.087891 0.136719
0 0.623047 0.534180 0.097656 0.134766
0 0.707031 0.532227 0.070312 0.138672
0 0.762695 0.532227 0.041016 0.138672
0 0.822266 0.536133 0.078125 0.130859
0 0.873047 0.535156 0.023438 0.128906
