0 0.023438 0.086384 0.041016 0.146413
0 0.080078 0.087848 0.072266 0.143485
0 0.154785 0.085652 0.077148 0.139092
0 0.231934 0.085652 0.077148 0.139092
0 0.308105 0.085652 0.075195 0.139092
0 0.382812 0.086384 0.074219 0.137628
0 0.457520 0.087116 0.075195 0.139092
0 0.532227 0.087848 0.074219 0.137628
0 0.607422 0.087116 0.076172 0.136164
0 0.684570 0.086384 0.078125 0.137628
0 0.761230 0.084919 0.075195 0.134700
0 0.836426 0.084919 0.075195 0.134700
0 0.913574 0.086384 0.079102 0.137628
0 0.976562 0.085652 0.046875 0.139092
0 0.022949 0.205710 0.040039 0.098097
0 0.080566 0.205710 0.075195 0.098097
0 0.154785 0.204246 0.073242 0.095168
0 0.230957 0.204246 0.079102 0.095168
0 0.307617 0.204246 0.074219 0.095168
0 0.383301 0.203514 0.077148 0.096633
0 0.458008 0.203514 0.072266 0.096633
0 0.531738 0.202782 0.075195 0.098097
0 0.608398 0.203514 0.078125 0.099561
0 0.685059 0.203514 0.075195 0.099561
0 0.760742 0.204978 0.076172 0.102489
0 0.836426 0.204246 0.075195 0.103953
0 0.911621 0.202782 0.075195 0.101025
0 0.973145 0.204978 0.047852 0.096633
0 0.025879 0.300146 0.041992 0.093704
0 0.082520 0.300146 0.071289 0.093704
0 0.155273 0.300878 0.074219 0.095168
0 0.231934 0.300146 0.079102 0.096633
0 0.307617 0.298682 0.072266 0.093704
0 0.381836 0.300878 0.076172 0.089312
0 0.457031 0.303075 0.074219 0.093704
0 0.532715 0.303075 0.077148 0.093704
0 0.609375 0.303075 0.076172 0.093704
0 0.685547 0.302343 0.076172 0.095168
0 0.762207 0.303075 0.077148 0.096633
0 0.836914 0.303075 0.072266 0.096633
0 0.911133 0.301611 0.076172 0.093704
0 0.974121 0.300878 0.049805 0.095168
0 0.020996 0.420205 0.036133 0.143485
0 0.078613 0.420937 0.079102 0.142020
0 0.155762 0.422401 0.075195 0.144949
0 0.232910 0.422401 0.079102 0.144949
0 0.309082 0.421669 0.073242 0.143485
0 0.383301 0.421669 0.075195 0.143485
0 0.458984 0.422401 0.076172 0.144949
0 0.533691 0.423865 0.073242 0.142020
0 0.609375 0.423133 0.078125 0.140556
0 0.686035 0.423133 0.075195 0.140556
0 0.760254 0.422401 0.073242 0.139092
0 0.836426 0.422401 0.079102 0.139092
0 0.913086 0.423133 0.074219 0.140556
0 0.973145 0.423133 0.045898 0.140556
0 0.024902 0.543192 0.038086 0.096633
0 0.082031 0.543192 0.076172 0.096633
0 0.158203 0.540264 0.078125 0.096633
0 0.235840 0.540264 0.077148 0.096633
0 0.311035 0.538799 0.075195 0.093704
0 0.384766 0.541728 0.072266 0.087848
0 0.459961 0.543192 0.078125 0.090776
0 0.535156 0.542460 0.072266 0.092240
0 0.609375 0.543924 0.076172 0.095168
0 0.685059 0.543924 0.075195 0.095168
0 0.760254 0.542460 0.075195 0.092240
0 0.835938 0.540264 0.076172 0.096633
0 0.912109 0.541728 0.076172 0.099561
0 0.974121 0.542460 0.047852 0.098097
0 0.020508 0.639824 0.035156 0.096633
0 0.078125 0.638360 0.080078 0.099561
0 0.157227 0.639092 0.078125 0.101025
0 0.235352 0.639092 0.078125 0.101025
0 0.309570 0.639092 0.070312 0.101025
0 0.384277 0.638360 0.079102 0.102489
0 0.460449 0.636164 0.073242 0.098097
0 0.534668 0.637628 0.075195 0.095168
0 0.021484 0.759883 0.039062 0.143485
0 0.079590 0.759151 0.077148 0.144949
0 0.154297 0.759151 0.072266 0.144949
0 0.230957 0.759883 0.081055 0.143485
0 0.307617 0.759883 0.072266 0.143485
0 0.382812 0.759151 0.078125 0.144949
0 0.460449 0.759151 0.077148 0.144949
0 0.535645 0.760615 0.073242 0.142020
0 0.021973 0.878477 0.038086 0.090776
0 0.079102 0.878477 0.076172 0.093704
0 0.154785 0.878477 0.075195 0.093704
0 0.231934 0.877745 0.079102 0.095168
0 0.307617 0.877745 0.072266 0.095168
0 0.382812 0.877745 0.078125 0.095168
0 0.460938 0.876281 0.078125 0.092240
0 0.536133 0.877745 0.072266 0.089312
0 0.609863 0.880673 0.075195 0.095168
0 0.685547 0.880673 0.076172 0.095168
0 0.761719 0.880673 0.076172 0.095168
0 0.836426 0.880673 0.073242 0.095168
0 0.911621 0.879209 0.077148 0.092240
0 0.973633 0.877745 0.046875 0.095168
0 0.021484 0.964861 0.041016 0.070278
0 0.079590 0.964129 0.077148 0.071742
0 0.155273 0.962665 0.074219 0.074671
0 0.230957 0.963397 0.077148 0.073206
0 0.308105 0.964129 0.073242 0.071742
0 0.382812 0.963397 0.076172 0.073206
0 0.458984 0.964129 0.074219 0.071742
0 0.534180 0.963397 0.070312 0.073206
0 0.609375 0.963397 0.080078 0.073206
0 0.685547 0.964129 0.074219 0.071742
0 0.762695 0.964861 0.078125 0.070278
0 0.836914 0.964861 0.072266 0.070278
0 0.911133 0.964129 0.074219 0.071742
0 0.974121 0.961933 0.051758 0.070278
