0 0.508789 0.359375 0.095703 0.359375
0 0.379883 0.382812 0.166016 0.355469
0 0.258789 0.416016 0.080078 0.308594
0 0.169922 0.434570 0.105469 0.298828
0 0.064453 0.452148 0.105469 0.275391
0 0.071289 0.742188 0.095703 0.328125
0 0.172852 0.739258 0.099609 0.361328
0 0.374023 0.741211 0.173828 0.400391
0 0.498047 0.747070 0.097656 0.427734
0 0.579102 0.370117 0.037109 0.349609
0 0.621094 0.401367 0.054688 0.345703
0 0.667969 0.458984 0.042969 0.273438
0 0.707031 0.497070 0.035156 0.244141
0 0.745117 0.541016 0.033203 0.207031
0 0.578125 0.740234 0.042969 0.421875
0 0.624023 0.740234 0.060547 0.390625
0 0.669922 0.753906 0.046875 0.351562
0 0.713867 0.754883 0.041016 0.302734
0 0.750977 0.763672 0.037109 0.261719
0 0.793945 0.559570 0.025391 0.212891
