0 0.135254 0.327233 0.153320 0.273792
0 0.264648 0.337482 0.113281 0.232796
0 0.370117 0.349195 0.101562 0.212299
0 0.462891 0.351391 0.085938 0.202050
0 0.544434 0.355783 0.077148 0.187408
0 0.617188 0.355783 0.072266 0.178624
0 0.688477 0.357980 0.066406 0.177160
0 0.754395 0.362372 0.065430 0.168375
0 0.821777 0.360176 0.069336 0.163982
0 0.892090 0.359444 0.071289 0.165447
0 0.960938 0.356515 0.066406 0.159590
0 0.463379 0.507321 0.086914 0.103953
0 0.545410 0.501464 0.073242 0.103953
0 0.619141 0.494143 0.072266 0.092240
0 0.687988 0.494876 0.065430 0.090776
0 0.754395 0.490483 0.067383 0.081991
0 0.822266 0.486823 0.068359 0.089312
0 0.890625 0.483163 0.068359 0.081991
0 0.958008 0.480234 0.066406 0.087848
0 0.034668 0.541728 0.067383 0.152269
0 0.143555 0.527818 0.146484 0.133236
0 0.270020 0.519766 0.116211 0.117130
0 0.374512 0.514641 0.094727 0.106881
0 0.036133 0.318448 0.070312 0.291362
