0 0.041504 0.163982 0.081055 0.286969
0 0.167969 0.165447 0.130859 0.289898
0 0.320801 0.166179 0.129883 0.282577
0 0.476074 0.166911 0.135742 0.289898
0 0.631348 0.166911 0.135742 0.286969
0 0.786621 0.163982 0.139648 0.292826
0 0.941406 0.166179 0.117188 0.291362
0 0.044434 0.502928 0.086914 0.326501
0 0.166504 0.501464 0.149414 0.314788
0 0.321289 0.499268 0.146484 0.307467
0 0.475098 0.500000 0.149414 0.306003
0 0.632324 0.505857 0.151367 0.314788
0 0.790527 0.502196 0.155273 0.310395
0 0.936523 0.505857 0.126953 0.314788
0 0.038574 0.836018 0.075195 0.301611
0 0.164551 0.836018 0.139648 0.304539
0 0.320312 0.836018 0.128906 0.298682
0 0.478027 0.838946 0.139648 0.304539
0 0.633789 0.839678 0.142578 0.297218
0 0.795410 0.844070 0.149414 0.308931
