0 0.088867 0.186523 0.107422 0.228516
0 0.083008 0.046875 0.115234 0.089844
0 0.086914 0.376953 0.115234 0.226562
0 0.089844 0.577148 0.128906 0.208984
0 0.194336 0.596680 0.083984 0.189453
0 0.193359 0.407227 0.085938 0.197266
0 0.196289 0.222656 0.091797 0.230469
0 0.192383 0.074219 0.103516 0.144531
0 0.292969 0.097656 0.093750 0.191406
0 0.372070 0.115234 0.060547 0.226562
0 0.293945 0.262695 0.087891 0.205078
0 0.372070 0.303711 0.060547 0.185547
0 0.291992 0.438477 0.087891 0.205078
0 0.371094 0.467773 0.062500 0.181641
0 0.294922 0.615234 0.093750 0.195312
0 0.374023 0.626953 0.068359 0.164062
0 0.439453 0.643555 0.070312 0.169922
0 0.498047 0.657227 0.050781 0.166016
0 0.436523 0.482422 0.064453 0.171875
0 0.499023 0.509766 0.056641 0.160156
0 0.439453 0.330078 0.058594 0.171875
0 0.496094 0.357422 0.054688 0.167969
0 0.447266 0.170898 0.050781 0.197266
0 0.496094 0.193359 0.046875 0.187500
0 0.492188 0.058594 0.042969 0.113281
0 0.442383 0.049805 0.052734 0.095703
0 0.091797 0.847656 0.125000 0.230469
0 0.196289 0.852539 0.091797 0.201172
0 0.291992 0.850586 0.087891 0.185547
0 0.370117 0.853516 0.064453 0.167969
0 0.435547 0.857422 0.058594 0.167969
0 0.499023 0.862305 0.060547 0.150391
0 0.500977 0.967773 0.052734 0.064453
0 0.443359 0.968750 0.066406 0.062500
0 0.369141 0.969727 0.070312 0.060547
0 0.286133 0.968750 0.095703 0.062500
0 0.196289 0.975586 0.087891 0.048828
0 0.096680 0.977539 0.126953 0.044922
0 0.569336 0.855469 0.056641 0.140625
0 0.568359 0.962891 0.058594 0.074219
0 0.620117 0.855469 0.048828 0.140625
0 0.620117 0.962891 0.048828 0.074219
0 0.671875 0.858398 0.050781 0.134766
0 0.672852 0.962891 0.048828 0.074219
0 0.719727 0.859375 0.044922 0.125000
0 0.718750 0.960938 0.046875 0.078125
0 0.764648 0.859375 0.041016 0.125000
0 0.764648 0.960938 0.041016 0.078125
0 0.805664 0.862305 0.041016 0.119141
0 0.804688 0.960938 0.042969 0.078125
0 0.846680 0.862305 0.037109 0.119141
0 0.843750 0.960938 0.042969 0.078125
0 0.881836 0.863281 0.037109 0.105469
0 0.882812 0.958008 0.035156 0.083984
0 0.915039 0.865234 0.033203 0.101562
0 0.949219 0.863281 0.031250 0.093750
0 0.980469 0.866211 0.035156 0.107422
0 0.979492 0.953125 0.037109 0.078125
0 0.941406 0.951172 0.039062 0.085938
0 0.913086 0.957031 0.033203 0.085938
0 0.570312 0.666992 0.050781 0.142578
0 0.620117 0.673828 0.048828 0.132812
0 0.666992 0.684570 0.044922 0.130859
0 0.714844 0.690430 0.046875 0.123047
0 0.756836 0.699219 0.037109 0.109375
0 0.794922 0.703125 0.039062 0.117188
0 0.837891 0.708984 0.035156 0.109375
0 0.875000 0.713867 0.039062 0.107422
0 0.913086 0.720703 0.037109 0.097656
0 0.948242 0.724609 0.033203 0.097656
0 0.980469 0.726562 0.031250 0.097656
0 0.570312 0.527344 0.054688 0.156250
0 0.619141 0.541992 0.046875 0.150391
0 0.667969 0.556641 0.046875 0.144531
0 0.712891 0.569336 0.042969 0.142578
0 0.754883 0.580078 0.044922 0.128906
0 0.796875 0.584961 0.039062 0.134766
0 0.834961 0.593750 0.037109 0.132812
0 0.875000 0.603516 0.039062 0.132812
0 0.913086 0.613281 0.033203 0.125000
0 0.945312 0.619141 0.035156 0.125000
0 0.978516 0.623047 0.031250 0.121094
0 0.565430 0.381836 0.044922 0.162109
0 0.614258 0.404297 0.048828 0.164062
0 0.665039 0.420898 0.048828 0.162109
0 0.710938 0.441406 0.042969 0.152344
0 0.752930 0.453125 0.044922 0.136719
0 0.795898 0.460938 0.044922 0.125000
0 0.837891 0.483398 0.039062 0.126953
0 0.874023 0.492188 0.041016 0.121094
0 0.911133 0.504883 0.033203 0.107422
0 0.950195 0.510742 0.037109 0.115234
0 0.981445 0.510742 0.029297 0.115234
0 0.979492 0.409180 0.033203 0.107422
0 0.949219 0.399414 0.039062 0.126953
0 0.916992 0.384766 0.033203 0.136719
0 0.875977 0.365234 0.041016 0.140625
0 0.833984 0.350586 0.035156 0.146484
0 0.791992 0.331055 0.041016 0.158203
0 0.751953 0.310547 0.042969 0.164062
0 0.709961 0.287109 0.044922 0.164062
0 0.662109 0.269531 0.046875 0.179688
0 0.614258 0.244141 0.048828 0.191406
0 0.566406 0.222656 0.042969 0.179688
0 0.981445 0.229492 0.029297 0.205078
0 0.948242 0.200195 0.037109 0.232422
0 0.913086 0.176758 0.037109 0.228516
0 0.877930 0.151367 0.041016 0.240234
0 0.837891 0.126953 0.042969 0.242188
0 0.797852 0.110352 0.041016 0.216797
0 0.756836 0.103516 0.044922 0.203125
0 0.711914 0.085938 0.044922 0.167969
0 0.665039 0.073242 0.048828 0.142578
0 0.615234 0.057617 0.058594 0.111328
0 0.562500 0.047852 0.046875 0.091797
