0 0.233398 0.221680 0.037109 0.064453
0 0.267578 0.221680 0.031250 0.064453
0 0.304688 0.221680 0.042969 0.064453
0 0.365234 0.221680 0.078125 0.064453
0 0.450195 0.223633 0.091797 0.068359
0 0.509766 0.223633 0.027344 0.068359
0 0.545898 0.221680 0.044922 0.064453
0 0.611328 0.221680 0.085938 0.064453
0 0.678711 0.221680 0.048828 0.064453
0 0.717773 0.220703 0.029297 0.066406
0 0.752930 0.221680 0.041016 0.068359
0 0.754883 0.282227 0.037109 0.052734
0 0.720703 0.281250 0.031250 0.054688
0 0.682617 0.282227 0.044922 0.056641
0 0.635742 0.282227 0.048828 0.056641
0 0.588867 0.281250 0.044922 0.054688
0 0.545898 0.282227 0.041016 0.052734
0 0.510742 0.282227 0.029297 0.052734
0 0.475586 0.282227 0.041016 0.052734
0 0.429688 0.282227 0.050781 0.052734
0 0.386719 0.282227 0.035156 0.052734
0 0.346680 0.282227 0.044922 0.052734
0 0.304688 0.281250 0.039062 0.054688
0 0.268555 0.283203 0.033203 0.058594
0 0.232422 0.284180 0.039062 0.056641
0 0.233398 0.322266 0.041016 0.027344
0 0.269531 0.322266 0.031250 0.027344
0 0.303711 0.323242 0.037109 0.029297
0 0.345703 0.324219 0.046875 0.027344
0 0.388672 0.323242 0.039062 0.025391
0 0.431641 0.323242 0.046875 0.025391
0 0.474609 0.323242 0.039062 0.025391
0 0.510742 0.322266 0.033203 0.027344
0 0.545898 0.321289 0.037109 0.025391
0 0.587891 0.321289 0.046875 0.025391
0 0.633789 0.322266 0.044922 0.027344
0 0.679688 0.322266 0.046875 0.027344
0 0.718750 0.322266 0.031250 0.027344
0 0.753906 0.323242 0.039062 0.025391
0 0.232422 0.363281 0.039062 0.058594
0 0.268555 0.364258 0.033203 0.056641
0 0.303711 0.364258 0.037109 0.056641
0 0.346680 0.364258 0.048828 0.056641
0 0.389648 0.363281 0.037109 0.054688
0 0.430664 0.363281 0.044922 0.054688
0 0.474609 0.363281 0.042969 0.054688
0 0.511719 0.364258 0.031250 0.052734
0 0.545898 0.364258 0.037109 0.052734
0 0.587891 0.363281 0.046875 0.054688
0 0.634766 0.364258 0.046875 0.056641
0 0.680664 0.363281 0.044922 0.058594
0 0.719727 0.363281 0.033203 0.058594
0 0.754883 0.364258 0.037109 0.056641
0 0.232422 0.404297 0.039062 0.027344
0 0.268555 0.405273 0.033203 0.025391
0 0.302734 0.405273 0.035156 0.025391
0 0.343750 0.404297 0.046875 0.027344
0 0.386719 0.404297 0.039062 0.027344
0 0.430664 0.403320 0.048828 0.029297
0 0.474609 0.403320 0.039062 0.029297
0 0.510742 0.403320 0.033203 0.029297
0 0.545898 0.404297 0.037109 0.031250
0 0.586914 0.404297 0.044922 0.031250
0 0.634766 0.404297 0.050781 0.031250
0 0.681641 0.405273 0.042969 0.029297
0 0.718750 0.404297 0.031250 0.027344
0 0.753906 0.403320 0.039062 0.029297
0 0.233398 0.451172 0.041016 0.062500
0 0.269531 0.451172 0.031250 0.062500
0 0.302734 0.450195 0.035156 0.060547
0 0.343750 0.449219 0.046875 0.062500
0 0.386719 0.449219 0.039062 0.062500
0 0.430664 0.450195 0.048828 0.060547
0 0.475586 0.449219 0.041016 0.058594
0 0.512695 0.447266 0.033203 0.062500
0 0.547852 0.446289 0.037109 0.060547
0 0.586914 0.449219 0.041016 0.054688
0 0.631836 0.451172 0.048828 0.058594
0 0.678711 0.451172 0.044922 0.058594
0 0.717773 0.451172 0.033203 0.058594
0 0.752930 0.450195 0.037109 0.060547
0 0.233398 0.524414 0.041016 0.064453
0 0.269531 0.526367 0.031250 0.060547
0 0.302734 0.525391 0.035156 0.058594
0 0.361328 0.543945 0.082031 0.021484
0 0.363281 0.513672 0.078125 0.039062
0 0.448242 0.513672 0.091797 0.042969
0 0.450195 0.543945 0.087891 0.017578
0 0.529297 0.521484 0.070312 0.066406
0 0.609375 0.520508 0.089844 0.068359
0 0.678711 0.519531 0.048828 0.066406
0 0.718750 0.519531 0.031250 0.066406
0 0.754883 0.520508 0.041016 0.068359
0 0.754883 0.566406 0.041016 0.023438
0 0.718750 0.565430 0.031250 0.025391
0 0.678711 0.563477 0.048828 0.021484
0 0.609375 0.565430 0.089844 0.017578
0 0.542969 0.566406 0.042969 0.019531
0 0.508789 0.563477 0.025391 0.025391
0 0.474609 0.565430 0.042969 0.029297
0 0.430664 0.567383 0.044922 0.025391
0 0.366211 0.568359 0.083984 0.027344
0 0.304688 0.569336 0.039062 0.025391
0 0.269531 0.568359 0.031250 0.023438
0 0.233398 0.568359 0.041016 0.023438
0 0.230469 0.610352 0.039062 0.056641
0 0.267578 0.609375 0.035156 0.058594
0 0.305664 0.609375 0.041016 0.058594
0 0.348633 0.611328 0.044922 0.054688
0 0.390625 0.609375 0.039062 0.050781
0 0.432617 0.608398 0.044922 0.052734
0 0.475586 0.609375 0.041016 0.054688
0 0.509766 0.608398 0.027344 0.056641
0 0.544922 0.607422 0.042969 0.054688
0 0.587891 0.607422 0.042969 0.054688
0 0.632812 0.607422 0.046875 0.054688
0 0.678711 0.607422 0.044922 0.054688
0 0.718750 0.608398 0.035156 0.056641
0 0.756836 0.609375 0.041016 0.054688
0 0.233398 0.648438 0.041016 0.027344
0 0.269531 0.649414 0.031250 0.025391
0 0.304688 0.648438 0.039062 0.023438
0 0.347656 0.648438 0.046875 0.023438
0 0.389648 0.648438 0.037109 0.023438
0 0.431641 0.648438 0.046875 0.023438
0 0.475586 0.649414 0.041016 0.025391
0 0.508789 0.650391 0.025391 0.023438
0 0.542969 0.649414 0.042969 0.021484
0 0.586914 0.648438 0.044922 0.023438
0 0.632812 0.648438 0.046875 0.023438
0 0.678711 0.648438 0.044922 0.023438
0 0.717773 0.647461 0.033203 0.021484
0 0.754883 0.647461 0.041016 0.021484
0 0.232422 0.687500 0.039062 0.058594
0 0.267578 0.689453 0.031250 0.054688
0 0.302734 0.689453 0.039062 0.054688
0 0.346680 0.688477 0.048828 0.056641
0 0.389648 0.687500 0.037109 0.054688
0 0.432617 0.688477 0.048828 0.052734
0 0.476562 0.688477 0.039062 0.052734
0 0.509766 0.687500 0.027344 0.054688
0 0.544922 0.688477 0.042969 0.056641
0 0.587891 0.690430 0.042969 0.052734
0 0.630859 0.689453 0.042969 0.050781
0 0.676758 0.686523 0.048828 0.056641
0 0.716797 0.688477 0.031250 0.060547
0 0.751953 0.691406 0.039062 0.054688
0 0.234375 0.727539 0.039062 0.029297
0 0.268555 0.729492 0.029297 0.025391
0 0.303711 0.729492 0.041016 0.025391
0 0.345703 0.729492 0.042969 0.025391
0 0.387695 0.730469 0.041016 0.027344
0 0.431641 0.729492 0.046875 0.029297
0 0.474609 0.729492 0.039062 0.029297
0 0.508789 0.729492 0.029297 0.029297
0 0.544922 0.730469 0.042969 0.031250
0 0.588867 0.731445 0.044922 0.029297
0 0.632812 0.731445 0.042969 0.029297
0 0.677734 0.730469 0.046875 0.031250
0 0.718750 0.729492 0.035156 0.029297
0 0.753906 0.731445 0.035156 0.025391
0 0.233398 0.772461 0.041016 0.060547
0 0.269531 0.774414 0.027344 0.064453
0 0.303711 0.775391 0.041016 0.062500
0 0.346680 0.776367 0.044922 0.064453
0 0.388672 0.777344 0.039062 0.062500
0 0.430664 0.778320 0.044922 0.064453
0 0.473633 0.777344 0.041016 0.066406
0 0.510742 0.777344 0.033203 0.066406
0 0.546875 0.777344 0.039062 0.066406
0 0.588867 0.776367 0.044922 0.064453
0 0.633789 0.777344 0.044922 0.062500
0 0.677734 0.776367 0.042969 0.060547
0 0.717773 0.775391 0.037109 0.062500
0 0.753906 0.777344 0.035156 0.066406
0 0.265625 0.850586 0.113281 0.080078
0 0.365234 0.852539 0.085938 0.076172
0 0.450195 0.850586 0.083984 0.072266
0 0.528320 0.849609 0.072266 0.074219
0 0.610352 0.851562 0.091797 0.078125
0 0.679688 0.852539 0.046875 0.076172
0 0.718750 0.850586 0.031250 0.072266
0 0.752930 0.849609 0.037109 0.074219
0 0.232422 0.914062 0.042969 0.050781
0 0.268555 0.914062 0.029297 0.050781
0 0.302734 0.913086 0.039062 0.048828
0 0.343750 0.914062 0.042969 0.046875
0 0.386719 0.916016 0.042969 0.050781
0 0.431641 0.915039 0.046875 0.052734
0 0.475586 0.915039 0.041016 0.052734
0 0.510742 0.915039 0.029297 0.052734
0 0.545898 0.915039 0.041016 0.052734
0 0.587891 0.916016 0.042969 0.050781
0 0.632812 0.914062 0.046875 0.046875
0 0.680664 0.912109 0.048828 0.050781
0 0.719727 0.912109 0.029297 0.050781
0 0.752930 0.914062 0.037109 0.046875
0 0.234375 0.954102 0.042969 0.029297
0 0.271484 0.953125 0.031250 0.031250
0 0.305664 0.952148 0.037109 0.029297
0 0.346680 0.953125 0.044922 0.027344
0 0.388672 0.952148 0.039062 0.025391
0 0.432617 0.952148 0.048828 0.025391
0 0.474609 0.952148 0.035156 0.025391
0 0.508789 0.953125 0.033203 0.023438
0 0.544922 0.953125 0.039062 0.023438
0 0.586914 0.952148 0.044922 0.025391
0 0.633789 0.951172 0.048828 0.023438
0 0.680664 0.951172 0.044922 0.023438
0 0.719727 0.951172 0.033203 0.023438
0 0.753906 0.949219 0.035156 0.027344
0 0.235352 0.982422 0.041016 0.031250
0 0.272461 0.981445 0.033203 0.033203
0 0.307617 0.978516 0.037109 0.027344
0 0.347656 0.979492 0.042969 0.025391
0 0.389648 0.981445 0.041016 0.029297
0 0.434570 0.980469 0.048828 0.031250
0 0.476562 0.980469 0.035156 0.031250
0 0.510742 0.979492 0.033203 0.033203
0 0.546875 0.978516 0.039062 0.031250
0 0.588867 0.980469 0.044922 0.027344
0 0.633789 0.980469 0.044922 0.027344
0 0.679688 0.979492 0.046875 0.029297
0 0.719727 0.979492 0.033203 0.029297
0 0.755859 0.979492 0.039062 0.029297
0 0.831055 0.900391 0.115234 0.074219
0 0.144531 0.899414 0.128906 0.083984
2 0.142578 0.366211 0.121094 0.322266
2 0.145508 0.687500 0.130859 0.339844
2 0.837891 0.363281 0.117188 0.320312
2 0.837891 0.687500 0.121094 0.332031
2 0.487305 0.130859 0.822266 0.097656
