0 0.683594 0.091797 0.078125 0.140625
0 0.765625 0.082031 0.085938 0.160156
0 0.087891 0.099609 0.066406 0.128906
0 0.156250 0.102539 0.070312 0.134766
0 0.221680 0.107422 0.060547 0.125000
0 0.221680 0.023438 0.060547 0.042969
0 0.156250 0.021484 0.062500 0.039062
0 0.092773 0.023438 0.064453 0.035156
0 0.090820 0.227539 0.068359 0.107422
0 0.159180 0.223633 0.068359 0.115234
0 0.223633 0.222656 0.060547 0.113281
0 0.226562 0.325195 0.058594 0.091797
0 0.160156 0.324219 0.074219 0.093750
0 0.087891 0.322266 0.070312 0.089844
0 0.089844 0.435547 0.074219 0.136719
0 0.159180 0.437500 0.064453 0.132812
0 0.221680 0.438477 0.060547 0.134766
0 0.224609 0.553711 0.054688 0.095703
0 0.161133 0.550781 0.068359 0.097656
0 0.091797 0.546875 0.070312 0.089844
0 0.092773 0.629883 0.072266 0.076172
0 0.159180 0.635742 0.060547 0.064453
0 0.223633 0.636719 0.068359 0.066406
0 0.226562 0.763672 0.062500 0.187500
0 0.156250 0.757812 0.070312 0.191406
0 0.087891 0.760742 0.066406 0.197266
0 0.366211 0.079102 0.072266 0.154297
0 0.444336 0.082031 0.083984 0.160156
0 0.525391 0.082031 0.078125 0.160156
0 0.370117 0.263672 0.064453 0.214844
0 0.444336 0.265625 0.083984 0.210938
0 0.528320 0.262695 0.083984 0.205078
0 0.532227 0.435547 0.076172 0.140625
0 0.449219 0.435547 0.089844 0.140625
0 0.367188 0.431641 0.074219 0.132812
0 0.366211 0.546875 0.072266 0.097656
0 0.448242 0.546875 0.091797 0.097656
0 0.531250 0.546875 0.074219 0.097656
0 0.528320 0.704102 0.080078 0.216797
0 0.446289 0.703125 0.080078 0.218750
0 0.370117 0.707031 0.072266 0.226562
0 0.853516 0.096680 0.074219 0.126953
0 0.853516 0.265625 0.074219 0.210938
0 0.768555 0.265625 0.095703 0.210938
0 0.679688 0.258789 0.082031 0.197266
0 0.680664 0.475586 0.083984 0.236328
0 0.767578 0.481445 0.089844 0.224609
0 0.850586 0.481445 0.076172 0.224609
0 0.851562 0.705078 0.074219 0.222656
0 0.768555 0.705078 0.091797 0.222656
0 0.683594 0.707031 0.078125 0.226562
