0 0.124023 0.044922 0.162109 0.085938
0 0.023438 0.246094 0.042969 0.156250
0 0.123047 0.244141 0.164062 0.148438
0 0.299805 0.244141 0.189453 0.148438
0 0.476562 0.244141 0.164062 0.148438
0 0.647461 0.243164 0.177734 0.150391
0 0.817383 0.246094 0.162109 0.156250
0 0.949219 0.250000 0.101562 0.148438
0 0.022461 0.514648 0.033203 0.150391
0 0.121094 0.514648 0.164062 0.150391
0 0.300781 0.515625 0.195312 0.152344
0 0.476562 0.511719 0.156250 0.160156
0 0.642578 0.511719 0.175781 0.160156
0 0.811523 0.512695 0.162109 0.158203
0 0.940430 0.516602 0.095703 0.166016
0 0.026367 0.782227 0.044922 0.162109
0 0.125977 0.777344 0.162109 0.144531
0 0.380859 0.777344 0.347656 0.144531
0 0.642578 0.777344 0.175781 0.144531
0 0.811523 0.775391 0.162109 0.148438
0 0.944336 0.780273 0.103516 0.158203
