0 0.225333 0.147373 0.074667 0.100623
0 0.309333 0.146928 0.093333 0.101514
0 0.402667 0.146928 0.093333 0.101514
0 0.496000 0.147373 0.093333 0.100623
0 0.590667 0.146928 0.096000 0.099733
0 0.677333 0.146037 0.077333 0.101514
0 0.762667 0.146928 0.093333 0.103295
0 0.855333 0.149599 0.092000 0.097952
0 0.949333 0.149599 0.096000 0.097952
0 0.950000 0.260018 0.094667 0.122885
0 0.856667 0.259573 0.092000 0.123776
0 0.762667 0.260018 0.096000 0.124666
0 0.676667 0.258682 0.076000 0.127337
0 0.589333 0.258682 0.098667 0.127337
0 0.494667 0.258237 0.090667 0.128228
0 0.402667 0.256901 0.093333 0.125557
0 0.310667 0.258237 0.090667 0.122885
0 0.226000 0.257792 0.078667 0.121995
0 0.223333 0.349510 0.073333 0.061443
0 0.308667 0.349510 0.097333 0.061443
0 0.404000 0.349510 0.093333 0.061443
0 0.497333 0.351736 0.093333 0.056990
0 0.590667 0.351736 0.093333 0.056990
0 0.678000 0.351736 0.081333 0.056990
0 0.762667 0.352627 0.088000 0.058771
0 0.852667 0.351291 0.092000 0.061443
0 0.224000 0.441674 0.074667 0.122885
0 0.309333 0.441229 0.096000 0.123776
0 0.402667 0.442119 0.090667 0.125557
0 0.496667 0.443455 0.097333 0.122885
0 0.590667 0.443900 0.090667 0.123776
0 0.679333 0.443010 0.086667 0.125557
0 0.766667 0.430543 0.088000 0.100623
0 0.223333 0.533393 0.076000 0.060552
0 0.309333 0.534728 0.096000 0.057881
0 0.403333 0.534728 0.092000 0.057881
0 0.496667 0.534728 0.094667 0.057881
0 0.591333 0.535174 0.094667 0.058771
0 0.683333 0.533838 0.081333 0.054319
0 0.744667 0.510240 0.049333 0.092609
0 0.809333 0.465272 0.077333 0.102404
0 0.900667 0.404274 0.108000 0.142476
0 0.979333 0.358860 0.041333 0.112199
0 0.740667 0.576581 0.054667 0.093500
0 0.808000 0.536955 0.074667 0.117542
0 0.898667 0.490650 0.117333 0.137133
0 0.978667 0.456812 0.042667 0.115761
0 0.742000 0.645147 0.057333 0.098842
0 0.807333 0.615761 0.070667 0.107747
0 0.902667 0.582369 0.112000 0.131790
0 0.978000 0.558326 0.038667 0.110419
0 0.741333 0.711487 0.056000 0.078362
0 0.808000 0.692787 0.077333 0.089047
0 0.902000 0.673642 0.110667 0.113090
0 0.979333 0.660285 0.041333 0.102404
0 0.742667 0.812556 0.053333 0.145147
0 0.790000 0.812556 0.030667 0.145147
0 0.823333 0.810329 0.028000 0.158504
0 0.902000 0.810329 0.110667 0.201247
0 0.978667 0.817898 0.042667 0.219947
0 0.700667 0.815672 0.030667 0.119323
0 0.697333 0.727516 0.032000 0.064114
