0 0.462891 0.113281 0.125000 0.222656
0 0.593750 0.113281 0.136719 0.218750
0 0.736328 0.112305 0.148438 0.220703
0 0.851562 0.106445 0.089844 0.208984
0 0.850586 0.348633 0.091797 0.275391
0 0.730469 0.352539 0.148438 0.267578
0 0.589844 0.351562 0.132812 0.265625
0 0.462891 0.349609 0.121094 0.269531
0 0.465820 0.596680 0.123047 0.224609
0 0.593750 0.595703 0.132812 0.226562
0 0.732422 0.592773 0.144531 0.220703
0 0.848633 0.596680 0.087891 0.212891
0 0.932617 0.601562 0.080078 0.222656
0 0.465820 0.838867 0.123047 0.259766
0 0.592773 0.906250 0.130859 0.125000
0 0.731445 0.905273 0.146484 0.123047
0 0.850586 0.907227 0.091797 0.119141
0 0.948242 0.910156 0.103516 0.125000
0 0.592773 0.773438 0.134766 0.132812
0 0.731445 0.771484 0.142578 0.136719
0 0.845703 0.769531 0.085938 0.132812
0 0.930664 0.774414 0.083984 0.123047
0 0.935547 0.247070 0.074219 0.490234
