0 0.650391 0.510742 0.117188 0.427734
0 0.757812 0.436523 0.105469 0.431641
0 0.653320 0.783203 0.119141 0.242188
0 0.754883 0.793945 0.107422 0.412109
0 0.652344 0.931641 0.113281 0.136719
0 0.526367 0.881836 0.099609 0.142578
0 0.526367 0.974609 0.099609 0.050781
0 0.526367 0.692383 0.095703 0.240234
0 0.524414 0.472656 0.087891 0.222656
0 0.646484 0.237305 0.105469 0.333984
0 0.648438 0.055664 0.113281 0.107422
0 0.528320 0.247070 0.099609 0.255859
0 0.528320 0.079102 0.091797 0.154297
0 0.420898 0.095703 0.076172 0.187500
0 0.325195 0.084961 0.107422 0.119141
0 0.338867 0.030273 0.083984 0.056641
0 0.328125 0.230469 0.082031 0.171875
0 0.263672 0.191406 0.023438 0.238281
0 0.264648 0.394531 0.029297 0.242188
0 0.325195 0.352539 0.060547 0.130859
0 0.324219 0.423828 0.054688 0.070312
0 0.318359 0.488281 0.070312 0.093750
0 0.321289 0.581055 0.060547 0.130859
0 0.268555 0.522461 0.029297 0.080078
0 0.267578 0.623047 0.031250 0.148438
0 0.312500 0.707031 0.078125 0.113281
0 0.256836 0.775391 0.033203 0.082031
0 0.316406 0.769531 0.066406 0.093750
0 0.321289 0.888672 0.068359 0.167969
0 0.414062 0.824219 0.089844 0.261719
0 0.419922 0.625000 0.093750 0.175781
0 0.417969 0.467773 0.085938 0.177734
0 0.417969 0.309570 0.085938 0.154297
0 0.416016 0.200195 0.089844 0.119141
