0 0.090332 0.015396 0.047852 0.024927
0 0.139648 0.015396 0.050781 0.024927
0 0.188965 0.014663 0.047852 0.026393
0 0.236816 0.016129 0.047852 0.029326
0 0.284668 0.016129 0.047852 0.029326
0 0.332520 0.016129 0.047852 0.029326
0 0.380371 0.016129 0.047852 0.029326
0 0.429199 0.016862 0.049805 0.030792
0 0.477051 0.016862 0.045898 0.030792
0 0.523926 0.016862 0.047852 0.030792
0 0.571289 0.016862 0.046875 0.030792
0 0.622070 0.016129 0.054688 0.029326
0 0.622559 0.049120 0.053711 0.036657
0 0.571777 0.050587 0.047852 0.033724
0 0.523926 0.049853 0.047852 0.032258
0 0.477051 0.049120 0.045898 0.033724
0 0.429199 0.049120 0.049805 0.033724
0 0.380371 0.049120 0.047852 0.033724
0 0.332520 0.048387 0.047852 0.032258
0 0.284668 0.047654 0.047852 0.033724
0 0.236816 0.048387 0.047852 0.035191
0 0.188965 0.047654 0.047852 0.036657
0 0.140137 0.047654 0.049805 0.036657
0 0.090332 0.048387 0.049805 0.035191
0 0.089844 0.082845 0.050781 0.033724
0 0.140625 0.082845 0.050781 0.033724
0 0.189453 0.082845 0.046875 0.033724
0 0.236816 0.082845 0.047852 0.033724
0 0.284668 0.082845 0.047852 0.033724
0 0.332520 0.082845 0.047852 0.033724
0 0.380371 0.083578 0.047852 0.035191
0 0.428223 0.083578 0.047852 0.035191
0 0.476074 0.084311 0.047852 0.036657
0 0.523926 0.085044 0.047852 0.035191
0 0.571777 0.085777 0.047852 0.036657
0 0.622559 0.086510 0.053711 0.035191
0 0.089844 0.119501 0.048828 0.036657
0 0.138672 0.120968 0.048828 0.033724
0 0.187988 0.121701 0.049805 0.035191
0 0.236816 0.119501 0.047852 0.039589
0 0.284668 0.118768 0.047852 0.038123
0 0.332031 0.119501 0.046875 0.036657
0 0.379883 0.119501 0.048828 0.036657
0 0.428223 0.119501 0.047852 0.036657
0 0.476074 0.119501 0.047852 0.036657
0 0.523926 0.120968 0.047852 0.033724
0 0.571289 0.120968 0.046875 0.033724
0 0.621094 0.120968 0.052734 0.033724
0 0.090332 0.156158 0.049805 0.036657
0 0.139160 0.156158 0.047852 0.036657
0 0.187500 0.154692 0.048828 0.033724
0 0.236816 0.153959 0.049805 0.035191
0 0.285156 0.155425 0.046875 0.038123
0 0.332520 0.156158 0.047852 0.036657
0 0.381348 0.156158 0.049805 0.036657
0 0.428711 0.156158 0.044922 0.036657
0 0.475586 0.156158 0.048828 0.036657
0 0.523438 0.156158 0.046875 0.036657
0 0.570801 0.156158 0.047852 0.036657
0 0.621582 0.156158 0.053711 0.036657
0 0.089355 0.191349 0.049805 0.036657
0 0.138672 0.192082 0.048828 0.035191
0 0.187500 0.192082 0.048828 0.035191
0 0.236328 0.191349 0.048828 0.036657
0 0.284180 0.189883 0.046875 0.033724
0 0.332031 0.190616 0.048828 0.032258
0 0.380371 0.192082 0.047852 0.035191
0 0.428223 0.191349 0.047852 0.036657
0 0.476074 0.192082 0.047852 0.038123
0 0.523926 0.191349 0.047852 0.039589
0 0.572266 0.192082 0.048828 0.041056
0 0.623047 0.192815 0.052734 0.039589
0 0.090332 0.227273 0.047852 0.035191
0 0.138184 0.227273 0.047852 0.035191
0 0.186523 0.228006 0.048828 0.036657
0 0.234863 0.228006 0.047852 0.036657
0 0.282715 0.226540 0.047852 0.033724
0 0.332031 0.226540 0.050781 0.033724
0 0.380371 0.226540 0.045898 0.033724
0 0.427734 0.225073 0.048828 0.036657
0 0.476074 0.226540 0.047852 0.039589
0 0.523926 0.228006 0.047852 0.036657
0 0.571777 0.228006 0.047852 0.036657
0 0.622070 0.228006 0.052734 0.036657
0 0.090332 0.261730 0.049805 0.033724
0 0.139160 0.262463 0.047852 0.032258
0 0.187988 0.262463 0.049805 0.032258
0 0.236328 0.261730 0.046875 0.033724
0 0.284180 0.262463 0.048828 0.035191
0 0.332520 0.261730 0.047852 0.036657
0 0.380371 0.260264 0.047852 0.033724
0 0.428223 0.260997 0.047852 0.032258
0 0.476074 0.263930 0.047852 0.038123
0 0.523926 0.264663 0.047852 0.036657
0 0.571777 0.264663 0.047852 0.036657
0 0.622070 0.265396 0.052734 0.035191
0 0.090332 0.296921 0.049805 0.039589
0 0.139160 0.297654 0.047852 0.038123
0 0.187012 0.298387 0.047852 0.039589
0 0.235840 0.298387 0.049805 0.039589
0 0.284668 0.298387 0.047852 0.039589
0 0.332520 0.297654 0.047852 0.041056
0 0.380859 0.296188 0.048828 0.038123
0 0.429199 0.297654 0.047852 0.035191
0 0.476562 0.299120 0.046875 0.038123
0 0.524414 0.301320 0.048828 0.033724
0 0.571777 0.302786 0.045898 0.036657
0 0.621094 0.301320 0.052734 0.039589
0 0.089844 0.335044 0.050781 0.036657
0 0.139160 0.334311 0.047852 0.038123
0 0.187500 0.333578 0.048828 0.036657
0 0.235352 0.335044 0.046875 0.033724
0 0.284180 0.336510 0.050781 0.036657
0 0.333984 0.335777 0.048828 0.038123
0 0.381348 0.334311 0.045898 0.035191
0 0.428223 0.334311 0.047852 0.035191
0 0.476074 0.336510 0.047852 0.039589
0 0.523926 0.337243 0.047852 0.038123
0 0.571777 0.335044 0.047852 0.033724
0 0.622559 0.335044 0.053711 0.033724
0 0.090332 0.373900 0.049805 0.035191
0 0.139160 0.373167 0.047852 0.036657
0 0.187988 0.372434 0.049805 0.035191
0 0.236816 0.371701 0.047852 0.036657
0 0.284668 0.373167 0.047852 0.039589
0 0.333008 0.372434 0.048828 0.041056
0 0.380859 0.370968 0.046875 0.038123
0 0.427734 0.371701 0.046875 0.036657
0 0.475586 0.370235 0.048828 0.033724
0 0.524414 0.371701 0.048828 0.030792
0 0.572266 0.372434 0.046875 0.032258
0 0.622559 0.372434 0.053711 0.032258
0 0.090332 0.409824 0.047852 0.033724
0 0.139160 0.408358 0.049805 0.036657
0 0.188477 0.408358 0.048828 0.036657
0 0.235840 0.408358 0.045898 0.036657
0 0.284180 0.407625 0.050781 0.035191
0 0.332520 0.407625 0.045898 0.035191
0 0.380859 0.408358 0.050781 0.036657
0 0.428223 0.406891 0.043945 0.039589
0 0.475098 0.406891 0.049805 0.039589
0 0.523926 0.408358 0.047852 0.036657
0 0.571777 0.406891 0.047852 0.033724
0 0.622070 0.406891 0.052734 0.033724
0 0.091309 0.446481 0.047852 0.036657
0 0.090332 0.480938 0.049805 0.032258
0 0.090332 0.513930 0.049805 0.033724
0 0.125977 0.480205 0.025391 0.104106
0 0.151855 0.478006 0.026367 0.108504
0 0.188965 0.440616 0.047852 0.033724
0 0.236816 0.441349 0.047852 0.032258
0 0.284668 0.440616 0.047852 0.030792
0 0.332520 0.441349 0.047852 0.029326
0 0.380859 0.442815 0.048828 0.032258
0 0.428711 0.441349 0.046875 0.035191
0 0.476074 0.442815 0.047852 0.038123
0 0.523926 0.442815 0.047852 0.038123
0 0.571777 0.442082 0.047852 0.036657
0 0.622559 0.444282 0.053711 0.032258
0 0.188965 0.477273 0.047852 0.036657
0 0.236816 0.475806 0.047852 0.039589
0 0.284180 0.475806 0.046875 0.039589
0 0.332031 0.476540 0.048828 0.038123
0 0.380371 0.476540 0.047852 0.038123
0 0.428223 0.478006 0.047852 0.035191
0 0.476562 0.479472 0.048828 0.038123
0 0.524414 0.480205 0.046875 0.036657
0 0.572266 0.480938 0.048828 0.038123
0 0.623047 0.480938 0.052734 0.038123
0 0.188965 0.516129 0.047852 0.041056
0 0.236816 0.516862 0.047852 0.039589
0 0.283691 0.513930 0.045898 0.033724
0 0.331543 0.513930 0.049805 0.033724
0 0.380371 0.513930 0.047852 0.033724
0 0.427734 0.513196 0.046875 0.035191
0 0.476562 0.513196 0.050781 0.035191
0 0.525391 0.514663 0.046875 0.032258
0 0.572266 0.516129 0.046875 0.035191
0 0.622559 0.517595 0.053711 0.032258
0 0.674805 0.016862 0.050781 0.030792
0 0.727539 0.017595 0.054688 0.032258
0 0.781250 0.017595 0.052734 0.032258
0 0.675781 0.052786 0.050781 0.038123
0 0.728027 0.051320 0.053711 0.041056
0 0.780762 0.049853 0.051758 0.038123
0 0.781250 0.085044 0.050781 0.032258
0 0.729004 0.084311 0.053711 0.033724
0 0.674805 0.087243 0.054688 0.039589
0 0.674805 0.123900 0.054688 0.033724
0 0.729492 0.120968 0.054688 0.039589
0 0.782227 0.120968 0.050781 0.039589
0 0.781738 0.158358 0.051758 0.035191
0 0.729004 0.158358 0.053711 0.035191
0 0.675781 0.157625 0.052734 0.033724
0 0.675293 0.194282 0.051758 0.039589
0 0.728516 0.194282 0.054688 0.039589
0 0.781738 0.192082 0.051758 0.035191
0 0.675293 0.229472 0.055664 0.033724
0 0.729004 0.228006 0.051758 0.030792
0 0.781250 0.226540 0.052734 0.033724
0 0.675781 0.263196 0.054688 0.039589
0 0.729492 0.262463 0.052734 0.038123
0 0.781738 0.263196 0.051758 0.036657
0 0.674316 0.300587 0.053711 0.035191
0 0.729004 0.299853 0.055664 0.036657
0 0.782715 0.299853 0.051758 0.036657
0 0.782715 0.337243 0.051758 0.038123
0 0.729492 0.337977 0.054688 0.036657
0 0.675781 0.335777 0.052734 0.032258
0 0.676270 0.370968 0.053711 0.038123
0 0.729492 0.372434 0.052734 0.035191
0 0.782715 0.374633 0.053711 0.039589
0 0.783203 0.410557 0.052734 0.032258
0 0.730469 0.407625 0.052734 0.038123
0 0.676758 0.407625 0.054688 0.038123
0 0.675781 0.444282 0.052734 0.035191
0 0.729004 0.443548 0.053711 0.036657
0 0.782715 0.444282 0.053711 0.038123
0 0.782715 0.480205 0.053711 0.033724
0 0.728516 0.479472 0.054688 0.035191
0 0.676270 0.481672 0.049805 0.039589
0 0.782227 0.513196 0.050781 0.029326
