0 0.410156 0.204102 0.195312 0.283203
0 0.582031 0.271484 0.152344 0.246094
0 0.731445 0.332031 0.123047 0.234375
0 0.414062 0.435547 0.191406 0.277344
0 0.583008 0.472656 0.158203 0.257812
0 0.726562 0.516602 0.140625 0.251953
0 0.407227 0.675781 0.205078 0.269531
0 0.589844 0.678711 0.132812 0.236328
0 0.725586 0.714844 0.119141 0.214844
0 0.405273 0.889648 0.193359 0.220703
0 0.596680 0.899414 0.138672 0.201172
0 0.740234 0.915039 0.140625 0.169922
0 0.919922 0.440430 0.109375 0.173828
0 0.916016 0.751953 0.113281 0.167969
0 0.912109 0.931641 0.101562 0.136719
