0 0.538086 0.506836 0.099609 0.216797
0 0.637695 0.489258 0.095703 0.216797
0 0.732422 0.465820 0.093750 0.220703
0 0.834961 0.439453 0.107422 0.234375
0 0.944336 0.409180 0.111328 0.248047
0 0.540039 0.779297 0.099609 0.222656
0 0.636719 0.771484 0.097656 0.226562
0 0.731445 0.762695 0.099609 0.240234
0 0.837891 0.752930 0.117188 0.259766
0 0.947266 0.742188 0.101562 0.265625
0 0.453125 0.786133 0.035156 0.205078
0 0.401367 0.791016 0.068359 0.191406
0 0.333984 0.797852 0.070312 0.177734
0 0.276367 0.801758 0.052734 0.166016
0 0.234375 0.809570 0.031250 0.162109
0 0.205078 0.809570 0.031250 0.154297
0 0.454102 0.536133 0.037109 0.193359
0 0.402344 0.548828 0.074219 0.195312
0 0.333984 0.569336 0.066406 0.189453
0 0.275391 0.583984 0.062500 0.179688
0 0.235352 0.591797 0.033203 0.167969
0 0.203125 0.601562 0.035156 0.164062
0 0.206055 0.436523 0.033203 0.173828
0 0.233398 0.430664 0.033203 0.189453
0 0.275391 0.411133 0.050781 0.197266
0 0.334961 0.390625 0.068359 0.210938
0 0.405273 0.363281 0.072266 0.222656
0 0.456055 0.342773 0.041016 0.220703
0 0.205078 0.219727 0.031250 0.181641
0 0.236328 0.204102 0.027344 0.185547
0 0.275391 0.180664 0.054688 0.212891
0 0.336914 0.146484 0.068359 0.222656
0 0.407227 0.114258 0.072266 0.224609
0 0.542969 0.087891 0.082031 0.171875
