0 0.497070 0.771484 0.029297 0.410156
0 0.536133 0.779297 0.048828 0.394531
0 0.583984 0.791992 0.054688 0.357422
0 0.633789 0.809570 0.048828 0.333984
0 0.678711 0.822266 0.041016 0.308594
0 0.718750 0.828125 0.039062 0.281250
0 0.752930 0.841797 0.033203 0.257812
0 0.785156 0.848633 0.031250 0.248047
0 0.821289 0.864258 0.037109 0.232422
0 0.521484 0.426758 0.082031 0.251953
0 0.588867 0.480469 0.048828 0.199219
0 0.637695 0.515625 0.048828 0.187500
0 0.683594 0.553711 0.046875 0.181641
0 0.728516 0.583008 0.042969 0.162109
0 0.770508 0.611328 0.041016 0.152344
0 0.803711 0.641602 0.025391 0.138672
0 0.829102 0.660156 0.021484 0.125000
0 0.853516 0.678711 0.023438 0.119141
0 0.875000 0.693359 0.023438 0.117188
0 0.894531 0.708984 0.019531 0.105469
0 0.913086 0.718750 0.021484 0.109375
0 0.812500 0.500000 0.042969 0.140625
0 0.772461 0.458008 0.041016 0.150391
0 0.730469 0.418945 0.042969 0.154297
0 0.685547 0.376953 0.046875 0.167969
0 0.639648 0.326172 0.048828 0.183594
0 0.587891 0.276367 0.050781 0.193359
0 0.541016 0.229492 0.046875 0.197266
0 0.501953 0.191406 0.035156 0.191406
0 0.406250 0.167969 0.046875 0.253906
0 0.367188 0.228516 0.035156 0.226562
0 0.319336 0.288086 0.060547 0.248047
0 0.265625 0.362305 0.042969 0.216797
0 0.225586 0.417969 0.033203 0.199219
0 0.407227 0.419922 0.044922 0.253906
0 0.370117 0.459961 0.033203 0.232422
0 0.326172 0.500000 0.058594 0.238281
0 0.269531 0.554688 0.054688 0.203125
0 0.195312 0.458008 0.031250 0.181641
0 0.168945 0.497070 0.025391 0.166016
0 0.146484 0.528320 0.019531 0.158203
0 0.125977 0.560547 0.021484 0.148438
0 0.227539 0.600586 0.029297 0.166016
0 0.202148 0.627930 0.017578 0.142578
0 0.182617 0.645508 0.021484 0.138672
0 0.163086 0.667969 0.017578 0.132812
0 0.143555 0.685547 0.017578 0.125000
0 0.400391 0.698242 0.054688 0.224609
0 0.399414 0.888672 0.056641 0.175781
0 0.360352 0.723633 0.025391 0.193359
0 0.360352 0.896484 0.029297 0.160156
0 0.320312 0.804688 0.054688 0.335938
0 0.268555 0.826172 0.048828 0.292969
0 0.230469 0.842773 0.042969 0.263672
0 0.191406 0.855469 0.039062 0.234375
0 0.155273 0.870117 0.029297 0.208984
0 0.120117 0.893555 0.029297 0.212891
