0 0.853516 0.116211 0.089844 0.228516
0 0.855469 0.310547 0.085938 0.214844
0 0.855469 0.514648 0.085938 0.240234
0 0.850586 0.708984 0.080078 0.171875
0 0.850586 0.889648 0.080078 0.181641
0 0.765625 0.868164 0.082031 0.181641
0 0.768555 0.707031 0.083984 0.148438
0 0.770508 0.533203 0.080078 0.210938
0 0.686523 0.712891 0.080078 0.128906
0 0.680664 0.857422 0.083984 0.156250
0 0.603516 0.850586 0.074219 0.154297
0 0.610352 0.710938 0.076172 0.132812
0 0.537109 0.717773 0.062500 0.107422
0 0.479492 0.720703 0.048828 0.093750
0 0.535156 0.842773 0.062500 0.134766
0 0.477539 0.833008 0.048828 0.119141
0 0.440430 0.776367 0.037109 0.201172
0 0.407227 0.774414 0.037109 0.197266
0 0.371094 0.774414 0.035156 0.189453
0 0.340820 0.769531 0.037109 0.171875
0 0.305664 0.772461 0.037109 0.162109
0 0.272461 0.773438 0.037109 0.156250
0 0.239258 0.772461 0.029297 0.150391
0 0.682617 0.553711 0.080078 0.189453
0 0.605469 0.570312 0.066406 0.160156
0 0.538086 0.593750 0.068359 0.156250
0 0.485352 0.602539 0.041016 0.134766
0 0.443359 0.610352 0.039062 0.130859
0 0.403320 0.617188 0.037109 0.113281
0 0.367188 0.626953 0.035156 0.113281
0 0.334961 0.636719 0.025391 0.105469
0 0.306641 0.644531 0.039062 0.105469
0 0.280273 0.649414 0.025391 0.087891
0 0.259766 0.656250 0.019531 0.089844
0 0.235352 0.657227 0.021484 0.080078
0 0.767578 0.348633 0.082031 0.205078
0 0.683594 0.388672 0.085938 0.183594
0 0.605469 0.418945 0.082031 0.173828
0 0.540039 0.450195 0.052734 0.150391
0 0.487305 0.467773 0.048828 0.142578
0 0.441406 0.487305 0.042969 0.130859
0 0.407227 0.502930 0.037109 0.130859
0 0.370117 0.518555 0.041016 0.119141
0 0.340820 0.533203 0.029297 0.117188
0 0.310547 0.550781 0.027344 0.105469
0 0.268555 0.561523 0.056641 0.115234
0 0.684570 0.181641 0.087891 0.257812
0 0.601562 0.253906 0.089844 0.199219
0 0.537109 0.297852 0.050781 0.173828
0 0.489258 0.330078 0.044922 0.160156
0 0.446289 0.353516 0.041016 0.152344
0 0.405273 0.381836 0.041016 0.138672
0 0.371094 0.406250 0.031250 0.125000
0 0.334961 0.426758 0.033203 0.126953
0 0.305664 0.448242 0.033203 0.119141
0 0.276367 0.465820 0.033203 0.115234
0 0.247070 0.485352 0.033203 0.115234
0 0.335938 0.335938 0.035156 0.089844
0 0.374023 0.309570 0.041016 0.091797
0 0.407227 0.282227 0.037109 0.099609
0 0.452148 0.250000 0.060547 0.109375
0 0.520508 0.195312 0.080078 0.132812
0 0.597656 0.132812 0.082031 0.140625
