0 0.175781 0.060761 0.048828 0.118594
0 0.219238 0.062958 0.041992 0.122987
0 0.264160 0.061493 0.043945 0.120059
0 0.309082 0.062958 0.043945 0.122987
0 0.352539 0.061493 0.041016 0.120059
0 0.396484 0.062225 0.044922 0.121523
0 0.438965 0.060029 0.043945 0.117130
0 0.480957 0.058565 0.041992 0.114202
0 0.524414 0.059297 0.044922 0.115666
0 0.568848 0.058565 0.045898 0.114202
0 0.613770 0.059297 0.045898 0.115666
0 0.658203 0.057833 0.044922 0.112738
0 0.709473 0.057101 0.055664 0.111274
0 0.155762 0.389458 0.022461 0.284041
0 0.335938 0.398243 0.082031 0.281113
0 0.256836 0.439971 0.052734 0.188873
0 0.419434 0.394583 0.084961 0.282577
0 0.480469 0.398975 0.037109 0.291362
0 0.544434 0.398243 0.090820 0.292826
0 0.633301 0.398975 0.086914 0.294290
0 0.705078 0.398243 0.052734 0.289898
0 0.763184 0.396779 0.063477 0.292826
0 0.825684 0.398243 0.061523 0.295754
