0 0.393555 0.047852 0.134766 0.087891
0 0.394531 0.183594 0.132812 0.183594
0 0.392578 0.350586 0.128906 0.150391
0 0.392578 0.535156 0.128906 0.218750
0 0.394531 0.745117 0.128906 0.185547
0 0.458984 0.836914 0.000000 0.001953
0 0.592773 0.050781 0.126953 0.097656
0 0.590820 0.185547 0.130859 0.171875
0 0.590820 0.347656 0.130859 0.152344
0 0.592773 0.532227 0.126953 0.216797
0 0.594727 0.738281 0.130859 0.195312
0 0.042969 0.049805 0.082031 0.095703
0 0.042969 0.186523 0.082031 0.177734
0 0.042969 0.349609 0.082031 0.148438
0 0.042969 0.536133 0.082031 0.224609
0 0.042969 0.748047 0.082031 0.199219
2 0.218750 0.207031 0.152344 0.410156
2 0.220703 0.624023 0.152344 0.423828
2 0.224609 0.916992 0.156250 0.166016
2 0.748047 0.213867 0.109375 0.419922
2 0.750977 0.624023 0.103516 0.419922
2 0.751953 0.916992 0.101562 0.166016
2 0.678711 0.500977 0.044922 0.998047
2 0.311523 0.500977 0.037109 0.998047
