0 0.809570 0.111328 0.130859 0.218750
0 0.899414 0.078125 0.056641 0.152344
0 0.964844 0.069336 0.066406 0.134766
0 0.693359 0.138672 0.109375 0.261719
0 0.611328 0.189453 0.046875 0.203125
0 0.493164 0.248047 0.091797 0.207031
0 0.401367 0.310547 0.060547 0.171875
0 0.347656 0.333984 0.054688 0.164062
0 0.273438 0.375000 0.097656 0.167969
0 0.204102 0.411133 0.037109 0.119141
0 0.146484 0.448242 0.085938 0.138672
0 0.142578 0.589844 0.089844 0.125000
0 0.204102 0.574219 0.041016 0.121094
0 0.257812 0.555664 0.054688 0.138672
0 0.302734 0.541992 0.027344 0.138672
0 0.354492 0.520508 0.033203 0.142578
0 0.398438 0.502930 0.066406 0.166016
0 0.493164 0.467773 0.087891 0.185547
0 0.589844 0.438477 0.105469 0.212891
0 0.690430 0.410156 0.107422 0.234375
0 0.805664 0.366211 0.123047 0.267578
0 0.934570 0.328125 0.130859 0.289062
0 0.958984 0.724609 0.082031 0.398438
0 0.809570 0.737305 0.130859 0.345703
0 0.683594 0.741211 0.109375 0.306641
0 0.476562 0.743164 0.089844 0.248047
0 0.328125 0.759766 0.035156 0.207031
0 0.243164 0.762695 0.025391 0.173828
0 0.203125 0.763672 0.039062 0.167969
