0 0.363281 0.053711 0.300781 0.103516
0 0.654297 0.055664 0.281250 0.107422
0 0.952148 0.053711 0.095703 0.103516
0 0.364258 0.198242 0.298828 0.189453
0 0.655273 0.200195 0.283203 0.185547
0 0.952148 0.201172 0.095703 0.191406
0 0.949219 0.364258 0.093750 0.142578
0 0.953125 0.536133 0.093750 0.208984
0 0.952148 0.684570 0.095703 0.099609
0 0.364258 0.364258 0.302734 0.150391
0 0.659180 0.366211 0.279297 0.146484
0 0.335938 0.518555 0.250000 0.162109
0 0.487305 0.517578 0.048828 0.164062
0 0.654297 0.540039 0.285156 0.208984
0 0.655273 0.690430 0.283203 0.091797
0 0.491211 0.668945 0.060547 0.142578
0 0.333984 0.671875 0.250000 0.140625
