0 0.093750 0.096633 0.021484 0.023426
0 0.115234 0.093704 0.021484 0.026354
0 0.137695 0.092240 0.021484 0.026354
0 0.158691 0.090776 0.022461 0.026354
0 0.181152 0.089312 0.022461 0.029283
0 0.202637 0.087848 0.022461 0.026354
0 0.225586 0.086384 0.023438 0.023426
0 0.248047 0.084919 0.021484 0.026354
0 0.270508 0.082723 0.023438 0.027818
0 0.288086 0.082723 0.011719 0.027818
0 0.092773 0.146413 0.021484 0.076135
0 0.114746 0.144949 0.022461 0.079063
0 0.136230 0.144949 0.020508 0.079063
0 0.158203 0.143485 0.023438 0.081991
0 0.181152 0.141288 0.022461 0.077599
0 0.203125 0.139824 0.021484 0.080527
0 0.225098 0.139092 0.022461 0.079063
0 0.247559 0.137628 0.022461 0.081991
0 0.270508 0.136896 0.023438 0.080527
0 0.288574 0.136896 0.012695 0.080527
0 0.092773 0.224012 0.023438 0.073206
0 0.114746 0.222548 0.020508 0.076135
0 0.135742 0.221083 0.021484 0.073206
0 0.158203 0.220351 0.023438 0.074671
0 0.180664 0.220351 0.021484 0.074671
0 0.202637 0.218887 0.022461 0.077599
0 0.224609 0.217423 0.021484 0.074671
0 0.246582 0.216691 0.022461 0.076135
0 0.270508 0.216691 0.025391 0.076135
0 0.288086 0.215959 0.009766 0.077599
0 0.091797 0.298682 0.021484 0.070278
0 0.113281 0.297218 0.021484 0.073206
0 0.135254 0.297218 0.022461 0.073206
0 0.157715 0.297218 0.022461 0.073206
0 0.179688 0.297950 0.021484 0.074671
0 0.201660 0.295754 0.022461 0.079063
0 0.224609 0.294290 0.023438 0.076135
0 0.247559 0.293558 0.022461 0.077599
0 0.270508 0.294290 0.023438 0.079063
0 0.287109 0.294290 0.009766 0.079063
0 0.092285 0.374085 0.022461 0.080527
0 0.113281 0.374817 0.021484 0.079063
0 0.134766 0.374817 0.021484 0.079063
0 0.156738 0.374817 0.022461 0.079063
0 0.181641 0.374085 0.027344 0.080527
0 0.203613 0.374085 0.016602 0.080527
0 0.223633 0.374085 0.023438 0.080527
0 0.247070 0.374817 0.023438 0.081991
0 0.270020 0.375549 0.022461 0.080527
0 0.286621 0.375549 0.010742 0.080527
0 0.136230 0.446559 0.020508 0.058565
0 0.152344 0.446559 0.011719 0.058565
0 0.142090 0.486823 0.032227 0.021962
0 0.204590 0.454612 0.020508 0.039531
0 0.224609 0.454612 0.019531 0.039531
0 0.242188 0.455344 0.015625 0.040996
0 0.204590 0.486091 0.020508 0.023426
0 0.224121 0.486823 0.018555 0.021962
0 0.242188 0.486091 0.017578 0.020498
0 0.271973 0.448023 0.020508 0.058565
0 0.271484 0.489019 0.021484 0.023426
0 0.370605 0.076135 0.014648 0.026354
0 0.388672 0.075403 0.023438 0.027818
0 0.412598 0.072474 0.024414 0.027818
0 0.437500 0.070278 0.025391 0.029283
0 0.462402 0.069546 0.026367 0.027818
0 0.487305 0.067350 0.023438 0.026354
0 0.511230 0.064422 0.024414 0.023426
0 0.537109 0.063690 0.025391 0.027818
0 0.563477 0.060029 0.025391 0.026354
0 0.581543 0.058565 0.010742 0.026354
0 0.370605 0.130307 0.012695 0.081991
0 0.389160 0.128111 0.024414 0.086384
0 0.413086 0.126647 0.023438 0.086384
0 0.437500 0.125183 0.025391 0.086384
0 0.462891 0.124451 0.025391 0.090776
0 0.485840 0.122255 0.024414 0.089312
0 0.511719 0.121523 0.025391 0.087848
0 0.537109 0.120791 0.025391 0.086384
0 0.562988 0.117130 0.024414 0.090776
0 0.581055 0.116398 0.011719 0.089312
0 0.370117 0.210835 0.013672 0.079063
0 0.388672 0.210102 0.023438 0.077599
0 0.413086 0.209370 0.025391 0.079063
0 0.438477 0.209370 0.025391 0.079063
0 0.462402 0.208638 0.022461 0.080527
0 0.486328 0.206442 0.025391 0.076135
0 0.511719 0.204978 0.025391 0.079063
0 0.537109 0.203514 0.025391 0.076135
0 0.562500 0.202782 0.025391 0.077599
0 0.580566 0.202782 0.010742 0.077599
0 0.369629 0.289898 0.012695 0.079063
0 0.387695 0.289165 0.023438 0.080527
0 0.412109 0.289165 0.023438 0.077599
0 0.437500 0.289165 0.025391 0.080527
0 0.461426 0.289165 0.024414 0.080527
0 0.486816 0.286969 0.024414 0.081991
0 0.512207 0.286237 0.024414 0.080527
0 0.537598 0.285505 0.024414 0.084919
0 0.562988 0.286237 0.024414 0.086384
0 0.581055 0.284773 0.009766 0.080527
0 0.370117 0.373353 0.011719 0.084919
0 0.388672 0.373353 0.025391 0.084919
0 0.412598 0.373353 0.022461 0.084919
0 0.437500 0.373353 0.027344 0.084919
0 0.462891 0.372621 0.023438 0.083455
0 0.487305 0.371889 0.025391 0.084919
0 0.512695 0.370425 0.025391 0.081991
0 0.538086 0.370425 0.025391 0.081991
0 0.562988 0.370425 0.024414 0.081991
0 0.581055 0.369693 0.011719 0.083455
0 0.414062 0.459736 0.019531 0.084919
0 0.437988 0.459736 0.024414 0.084919
0 0.368652 0.467057 0.008789 0.067350
0 0.383789 0.467057 0.021484 0.067350
0 0.459473 0.467789 0.016602 0.068814
0 0.475586 0.467789 0.015625 0.068814
0 0.490723 0.468521 0.014648 0.070278
0 0.505859 0.468521 0.015625 0.070278
0 0.520996 0.467789 0.014648 0.068814
0 0.536133 0.467789 0.015625 0.068814
0 0.562988 0.458272 0.024414 0.093704
0 0.581055 0.458272 0.011719 0.093704
0 0.676270 0.279649 0.028320 0.084919
0 0.704590 0.278917 0.028320 0.086384
