0 0.027344 0.426758 0.050781 0.158203
0 0.024414 0.326172 0.044922 0.066406
0 0.025391 0.276367 0.046875 0.076172
0 0.102539 0.245117 0.099609 0.099609
0 0.105469 0.301758 0.101562 0.099609
0 0.103516 0.395508 0.093750 0.158203
0 0.201172 0.202148 0.085938 0.087891
0 0.204102 0.261719 0.099609 0.097656
0 0.206055 0.362305 0.099609 0.166016
0 0.310547 0.158203 0.109375 0.093750
0 0.436523 0.096680 0.123047 0.107422
0 0.312500 0.221680 0.113281 0.115234
0 0.429688 0.180664 0.128906 0.103516
0 0.313477 0.325195 0.115234 0.189453
0 0.433594 0.282227 0.117188 0.185547
0 0.023438 0.520508 0.042969 0.080078
0 0.103516 0.496094 0.101562 0.085938
0 0.202148 0.466797 0.107422 0.097656
0 0.315430 0.433594 0.123047 0.105469
0 0.433594 0.401367 0.125000 0.099609
0 0.029297 0.582031 0.050781 0.082031
0 0.102539 0.565430 0.095703 0.091797
0 0.202148 0.536133 0.107422 0.099609
0 0.312500 0.505859 0.117188 0.097656
0 0.429688 0.471680 0.121094 0.107422
0 0.029297 0.687500 0.050781 0.167969
0 0.105469 0.666016 0.101562 0.167969
0 0.204102 0.644531 0.107422 0.175781
0 0.310547 0.623047 0.117188 0.183594
0 0.429688 0.594727 0.121094 0.201172
0 0.029297 0.789062 0.054688 0.066406
0 0.098633 0.776367 0.099609 0.087891
0 0.207031 0.755859 0.109375 0.089844
0 0.316406 0.739258 0.117188 0.091797
0 0.435547 0.716797 0.121094 0.093750
0 0.026367 0.934570 0.048828 0.091797
0 0.095703 0.936523 0.074219 0.119141
0 0.191406 0.929688 0.082031 0.132812
0 0.314453 0.920898 0.085938 0.158203
0 0.440430 0.914062 0.107422 0.171875
0 0.555664 0.297852 0.087891 0.220703
0 0.652344 0.368164 0.074219 0.201172
0 0.745117 0.439453 0.068359 0.187500
0 0.809570 0.518555 0.041016 0.173828
0 0.810547 0.417969 0.050781 0.093750
0 0.747070 0.344727 0.064453 0.111328
0 0.653320 0.261719 0.076172 0.117188
0 0.559570 0.190430 0.087891 0.123047
0 0.860352 0.499023 0.044922 0.142578
0 0.557617 0.486328 0.083984 0.121094
0 0.553711 0.593750 0.083984 0.183594
0 0.649414 0.545898 0.072266 0.115234
0 0.649414 0.639648 0.076172 0.150391
0 0.741211 0.589844 0.072266 0.093750
0 0.739258 0.678711 0.076172 0.142578
0 0.808594 0.677734 0.042969 0.160156
0 0.861328 0.719727 0.039062 0.115234
0 0.554688 0.717773 0.082031 0.107422
0 0.553711 0.791016 0.080078 0.089844
0 0.649414 0.768555 0.080078 0.158203
0 0.741211 0.760742 0.068359 0.080078
0 0.738281 0.828125 0.062500 0.074219
