0 0.110352 0.104492 0.107422 0.205078
0 0.232422 0.076172 0.132812 0.148438
0 0.402344 0.129883 0.187500 0.255859
0 0.663086 0.092773 0.330078 0.181641
0 0.914062 0.041016 0.171875 0.078125
0 0.915039 0.184570 0.169922 0.345703
0 0.663086 0.240234 0.326172 0.335938
0 0.401367 0.320312 0.205078 0.261719
0 0.235352 0.377930 0.142578 0.205078
0 0.231445 0.201172 0.134766 0.214844
0 0.114258 0.249023 0.126953 0.185547
0 0.029297 0.134766 0.054688 0.183594
0 0.026367 0.279297 0.048828 0.164062
0 0.026367 0.427734 0.048828 0.175781
0 0.104492 0.409180 0.111328 0.208984
0 0.026367 0.585938 0.048828 0.171875
0 0.107422 0.570312 0.113281 0.195312
0 0.233398 0.551758 0.138672 0.216797
0 0.407227 0.726562 0.208984 0.179688
0 0.667969 0.718750 0.324219 0.207031
0 0.913086 0.717773 0.166016 0.228516
0 0.111328 0.749023 0.117188 0.173828
0 0.026367 0.748047 0.048828 0.167969
