0 0.031250 0.527344 0.050781 0.187500
0 0.084961 0.489258 0.052734 0.197266
0 0.137695 0.441406 0.052734 0.210938
0 0.192383 0.397461 0.052734 0.224609
0 0.248047 0.350586 0.058594 0.224609
0 0.299805 0.309570 0.052734 0.240234
0 0.352539 0.268555 0.056641 0.248047
0 0.414062 0.223633 0.058594 0.251953
0 0.492188 0.164062 0.082031 0.261719
0 0.564453 0.114258 0.070312 0.224609
0 0.635742 0.088867 0.064453 0.173828
0 0.691406 0.067383 0.046875 0.130859
0 0.765625 0.047852 0.093750 0.091797
0 0.033203 0.768555 0.054688 0.181641
0 0.086914 0.745117 0.048828 0.189453
0 0.136719 0.714844 0.050781 0.199219
0 0.194336 0.690430 0.060547 0.208984
0 0.248047 0.666992 0.050781 0.205078
0 0.299805 0.633789 0.052734 0.212891
0 0.352539 0.617188 0.041016 0.218750
0 0.413086 0.573242 0.064453 0.232422
0 0.484375 0.534180 0.074219 0.255859
0 0.567383 0.485352 0.072266 0.251953
0 0.635742 0.454102 0.048828 0.244141
0 0.693359 0.428711 0.054688 0.255859
0 0.770508 0.375977 0.099609 0.291016
0 0.852539 0.349609 0.068359 0.257812
0 0.906250 0.335938 0.050781 0.242188
0 0.958984 0.326172 0.054688 0.210938
0 0.958984 0.759766 0.054688 0.281250
0 0.907227 0.769531 0.052734 0.273438
0 0.847656 0.784180 0.066406 0.259766
0 0.767578 0.815430 0.093750 0.259766
0 0.689453 0.833984 0.046875 0.246094
0 0.635742 0.855469 0.056641 0.246094
0 0.570312 0.873047 0.082031 0.238281
0 0.485352 0.889648 0.087891 0.220703
0 0.415039 0.912109 0.072266 0.175781
0 0.351562 0.916016 0.062500 0.167969
0 0.297852 0.933594 0.041016 0.132812
0 0.250000 0.935547 0.062500 0.128906
0 0.193359 0.946289 0.050781 0.107422
0 0.142578 0.952148 0.050781 0.095703
0 0.093750 0.958984 0.054688 0.082031
0 0.042969 0.968750 0.042969 0.062500
