0 0.293945 0.161133 0.080078 0.130859
0 0.373047 0.161133 0.078125 0.130859
0 0.451172 0.161133 0.078125 0.130859
0 0.501953 0.160156 0.023438 0.132812
0 0.549805 0.156250 0.072266 0.125000
0 0.625000 0.156250 0.078125 0.125000
0 0.705078 0.155273 0.082031 0.123047
0 0.772461 0.155273 0.052734 0.123047
0 0.815430 0.155273 0.033203 0.123047
0 0.251953 0.227539 0.000000 0.001953
0 0.291016 0.290039 0.078125 0.126953
0 0.371094 0.290039 0.082031 0.126953
0 0.451172 0.291016 0.078125 0.128906
0 0.502930 0.288086 0.025391 0.134766
0 0.549805 0.287109 0.068359 0.132812
0 0.623047 0.288086 0.078125 0.130859
0 0.704102 0.287109 0.083984 0.128906
0 0.772461 0.284180 0.052734 0.134766
0 0.813477 0.283203 0.029297 0.132812
0 0.815430 0.416992 0.025391 0.134766
0 0.774414 0.418945 0.056641 0.130859
0 0.706055 0.419922 0.080078 0.132812
0 0.625000 0.419922 0.082031 0.132812
0 0.548828 0.418945 0.070312 0.130859
0 0.502930 0.418945 0.021484 0.130859
0 0.451172 0.419922 0.082031 0.132812
0 0.370117 0.419922 0.080078 0.132812
0 0.289062 0.416992 0.082031 0.126953
0 0.291016 0.543945 0.085938 0.126953
0 0.373047 0.545898 0.078125 0.123047
0 0.449219 0.545898 0.074219 0.123047
0 0.500977 0.544922 0.029297 0.125000
0 0.550781 0.545898 0.070312 0.126953
0 0.625977 0.547852 0.080078 0.123047
0 0.707031 0.546875 0.082031 0.121094
0 0.776367 0.544922 0.056641 0.125000
0 0.821289 0.543945 0.033203 0.123047
0 0.820312 0.679688 0.035156 0.148438
0 0.775391 0.682617 0.054688 0.142578
0 0.707031 0.681641 0.082031 0.140625
0 0.625977 0.679688 0.080078 0.144531
0 0.549805 0.680664 0.072266 0.146484
0 0.500000 0.680664 0.027344 0.146484
0 0.448242 0.678711 0.076172 0.142578
0 0.372070 0.678711 0.076172 0.142578
0 0.289062 0.678711 0.089844 0.142578
0 0.286133 0.816406 0.083984 0.132812
0 0.368164 0.817383 0.080078 0.130859
0 0.448242 0.813477 0.080078 0.123047
0 0.499023 0.814453 0.021484 0.121094
0 0.548828 0.815430 0.078125 0.123047
0 0.626953 0.815430 0.078125 0.123047
0 0.708008 0.814453 0.083984 0.121094
0 0.775391 0.814453 0.050781 0.121094
0 0.818359 0.816406 0.035156 0.125000
0 0.819336 0.938477 0.033203 0.119141
0 0.775391 0.938477 0.054688 0.119141
0 0.708008 0.937500 0.080078 0.117188
0 0.626953 0.937500 0.082031 0.117188
0 0.547852 0.937500 0.076172 0.117188
0 0.497070 0.936523 0.025391 0.119141
0 0.446289 0.937500 0.076172 0.121094
0 0.369141 0.940430 0.078125 0.115234
0 0.286133 0.940430 0.087891 0.115234
