0 0.420410 0.195748 0.041992 0.063050
0 0.468262 0.195748 0.053711 0.063050
0 0.522949 0.195748 0.055664 0.063050
0 0.570801 0.197214 0.040039 0.060117
0 0.420898 0.259531 0.039062 0.064516
0 0.467773 0.258798 0.054688 0.065982
0 0.522949 0.258065 0.055664 0.064516
0 0.571777 0.259531 0.041992 0.061584
0 0.419922 0.306452 0.039062 0.026393
0 0.467773 0.305718 0.056641 0.027859
0 0.523926 0.302786 0.055664 0.021994
0 0.572266 0.302053 0.041016 0.023460
0 0.651367 0.182551 0.039062 0.039589
0 0.690918 0.183284 0.040039 0.038123
0 0.640625 0.246334 0.015625 0.079179
0 0.659668 0.246334 0.022461 0.079179
0 0.681641 0.246334 0.021484 0.079179
0 0.700195 0.246334 0.015625 0.079179
0 0.652832 0.303519 0.038086 0.026393
0 0.692383 0.304252 0.041016 0.024927
0 0.300293 0.182551 0.040039 0.039589
0 0.339844 0.183284 0.039062 0.038123
0 0.289551 0.248534 0.016602 0.083578
0 0.307129 0.248534 0.018555 0.083578
0 0.332031 0.247067 0.017578 0.083578
0 0.350098 0.248534 0.018555 0.080645
0 0.300781 0.303519 0.037109 0.023460
0 0.339844 0.304252 0.041016 0.021994
0 0.062988 0.036657 0.026367 0.070381
0 0.096191 0.037390 0.036133 0.071848
0 0.125000 0.036657 0.015625 0.070381
0 0.007812 0.037390 0.013672 0.071848
0 0.182617 0.035924 0.021484 0.068915
0 0.212891 0.035191 0.037109 0.067449
0 0.242188 0.035191 0.017578 0.067449
0 0.291504 0.038123 0.020508 0.070381
0 0.322754 0.035924 0.040039 0.068915
0 0.351074 0.033724 0.018555 0.064516
0 0.410156 0.035191 0.021484 0.067449
0 0.440918 0.034457 0.038086 0.065982
0 0.472656 0.034457 0.021484 0.065982
0 0.520508 0.032258 0.019531 0.061584
0 0.550781 0.034457 0.039062 0.065982
0 0.581543 0.035191 0.018555 0.067449
0 0.641113 0.035191 0.020508 0.067449
0 0.671875 0.033724 0.037109 0.064516
0 0.700684 0.035191 0.020508 0.067449
0 0.750977 0.033724 0.015625 0.064516
0 0.779785 0.034457 0.040039 0.065982
0 0.811523 0.034457 0.023438 0.065982
0 0.873047 0.035191 0.019531 0.067449
0 0.903320 0.034457 0.041016 0.065982
0 0.933594 0.034457 0.019531 0.065982
0 0.987793 0.034457 0.016602 0.065982
0 0.762207 0.184751 0.038086 0.041056
0 0.802734 0.184018 0.041016 0.042522
0 0.762207 0.249267 0.038086 0.087977
0 0.791016 0.249267 0.019531 0.087977
0 0.810547 0.246334 0.019531 0.082111
0 0.800781 0.307185 0.039062 0.039589
0 0.761230 0.310117 0.040039 0.033724
0 0.760742 0.354106 0.039062 0.054252
0 0.800781 0.354106 0.041016 0.054252
0 0.759766 0.425953 0.037109 0.089443
0 0.799316 0.426686 0.041992 0.090909
0 0.750977 0.512463 0.021484 0.077713
0 0.770996 0.512463 0.018555 0.077713
0 0.790039 0.511730 0.019531 0.076246
0 0.810059 0.512463 0.020508 0.074780
0 0.761230 0.576246 0.038086 0.046921
0 0.801758 0.575513 0.037109 0.042522
0 0.989746 0.184018 0.018555 0.045455
0 0.984863 0.250000 0.008789 0.083578
0 0.994141 0.250000 0.009766 0.083578
0 0.880371 0.185484 0.040039 0.036657
0 0.920898 0.186217 0.041016 0.035191
0 0.881348 0.247067 0.036133 0.086510
0 0.920410 0.248534 0.041992 0.083578
0 0.880859 0.311584 0.037109 0.039589
0 0.920410 0.312317 0.041992 0.038123
0 0.880371 0.355572 0.038086 0.051320
0 0.920898 0.357038 0.042969 0.048387
0 0.879883 0.427419 0.039062 0.089443
0 0.920410 0.428152 0.041992 0.087977
0 0.871094 0.511730 0.017578 0.076246
0 0.890137 0.510997 0.020508 0.077713
0 0.910645 0.510997 0.020508 0.077713
0 0.931152 0.510997 0.020508 0.077713
0 0.988770 0.312317 0.020508 0.038123
0 0.988770 0.356305 0.020508 0.049853
0 0.988281 0.424487 0.019531 0.086510
0 0.982422 0.507331 0.007812 0.073314
0 0.993652 0.508065 0.010742 0.074780
0 0.191895 0.184018 0.040039 0.042522
0 0.231445 0.184751 0.039062 0.041056
0 0.182129 0.249267 0.018555 0.079179
0 0.201660 0.248534 0.020508 0.080645
0 0.231445 0.249267 0.039062 0.082111
0 0.231445 0.308651 0.039062 0.036657
0 0.192383 0.309384 0.039062 0.035191
0 0.191895 0.356305 0.038086 0.055718
0 0.230957 0.357038 0.040039 0.054252
0 0.193848 0.430352 0.038086 0.086510
0 0.232422 0.428886 0.039062 0.089443
0 0.183105 0.512463 0.018555 0.077713
0 0.202637 0.512463 0.020508 0.077713
0 0.223633 0.511730 0.017578 0.076246
0 0.243164 0.513196 0.019531 0.076246
0 0.193359 0.574780 0.039062 0.046921
0 0.232910 0.575513 0.040039 0.045455
0 0.300293 0.425220 0.040039 0.093842
0 0.340332 0.425953 0.040039 0.092375
0 0.290039 0.513196 0.017578 0.079179
0 0.309570 0.513196 0.021484 0.079179
0 0.330078 0.513930 0.019531 0.080645
0 0.350098 0.514663 0.020508 0.079179
0 0.300781 0.578446 0.039062 0.048387
0 0.340820 0.579179 0.041016 0.046921
0 0.419434 0.414223 0.040039 0.065982
0 0.467773 0.414956 0.054688 0.067449
0 0.523438 0.414956 0.056641 0.067449
0 0.571777 0.414223 0.040039 0.065982
0 0.411621 0.494135 0.026367 0.093842
0 0.411621 0.571848 0.026367 0.061584
0 0.443359 0.526393 0.035156 0.149560
0 0.477539 0.525660 0.033203 0.151026
0 0.575195 0.496334 0.033203 0.092375
0 0.575684 0.573314 0.032227 0.061584
0 0.650879 0.426686 0.040039 0.090909
0 0.690430 0.426686 0.039062 0.090909
0 0.643066 0.513196 0.018555 0.079179
0 0.661621 0.513196 0.018555 0.079179
0 0.681152 0.512463 0.020508 0.077713
0 0.700195 0.513196 0.017578 0.076246
0 0.652344 0.576979 0.037109 0.048387
0 0.690430 0.577713 0.039062 0.046921
0 0.073242 0.186950 0.041016 0.036657
0 0.112793 0.186217 0.038086 0.038123
0 0.062988 0.250733 0.018555 0.085044
0 0.083008 0.250733 0.021484 0.085044
0 0.112793 0.250733 0.038086 0.085044
0 0.112793 0.312317 0.038086 0.038123
0 0.073730 0.313783 0.040039 0.035191
0 0.073730 0.358504 0.040039 0.054252
0 0.112793 0.358504 0.038086 0.054252
0 0.073730 0.429619 0.041992 0.085044
0 0.114258 0.428886 0.039062 0.086510
0 0.064941 0.514663 0.022461 0.073314
0 0.085938 0.513930 0.019531 0.074780
0 0.104492 0.514663 0.017578 0.073314
0 0.123047 0.514663 0.019531 0.073314
0 0.075684 0.577713 0.038086 0.043988
0 0.113770 0.577713 0.038086 0.043988
