0 0.522685 0.257555 0.032407 0.160714
0 0.564352 0.271291 0.050926 0.133242
0 0.621759 0.296016 0.060185 0.086538
0 0.525463 0.438187 0.036111 0.197802
0 0.621296 0.436813 0.059259 0.195055
0 0.270370 0.440934 0.033333 0.192308
0 0.319444 0.432005 0.062963 0.210165
0 0.382870 0.422390 0.063889 0.226648
0 0.447685 0.413462 0.063889 0.247253
0 0.270370 0.572802 0.031481 0.071429
0 0.318519 0.572115 0.064815 0.072802
0 0.382407 0.571429 0.062963 0.071429
0 0.441667 0.571429 0.055556 0.071429
0 0.272685 0.696429 0.036111 0.156593
0 0.437500 0.708791 0.065741 0.186813
0 0.520833 0.710852 0.063889 0.185440
0 0.702778 0.709478 0.072222 0.185440
0 0.614352 0.504808 0.291667 0.081044
