0 0.020508 0.292480 0.039062 0.047852
0 0.020508 0.341309 0.037109 0.049805
0 0.058594 0.341309 0.039062 0.049805
0 0.060059 0.291992 0.040039 0.046875
0 0.097168 0.292480 0.034180 0.045898
0 0.133301 0.293945 0.038086 0.048828
0 0.171875 0.292480 0.039062 0.051758
0 0.212891 0.291992 0.042969 0.050781
0 0.252441 0.294434 0.036133 0.045898
0 0.289062 0.294434 0.037109 0.045898
0 0.326660 0.293457 0.038086 0.047852
0 0.366211 0.292969 0.041016 0.046875
0 0.404785 0.292480 0.036133 0.047852
0 0.440918 0.292480 0.036133 0.047852
0 0.480469 0.293945 0.042969 0.044922
0 0.521484 0.294434 0.039062 0.045898
0 0.558594 0.293457 0.035156 0.047852
0 0.594727 0.293945 0.037109 0.048828
0 0.633301 0.294434 0.040039 0.047852
0 0.673340 0.294922 0.040039 0.048828
0 0.710938 0.295410 0.035156 0.047852
0 0.747559 0.295410 0.038086 0.047852
0 0.787598 0.294434 0.041992 0.049805
0 0.828125 0.294434 0.039062 0.049805
0 0.865234 0.294434 0.035156 0.049805
0 0.900879 0.292969 0.036133 0.046875
0 0.940430 0.292969 0.042969 0.046875
0 0.980469 0.293945 0.037109 0.048828
0 0.096680 0.341309 0.037109 0.051758
0 0.134277 0.342773 0.038086 0.048828
0 0.173828 0.342285 0.041016 0.047852
0 0.213867 0.341797 0.039062 0.048828
0 0.250977 0.341797 0.035156 0.048828
0 0.288086 0.341797 0.039062 0.048828
0 0.326660 0.341797 0.038086 0.048828
0 0.366211 0.342773 0.041016 0.046875
0 0.404785 0.342285 0.036133 0.045898
0 0.441895 0.341797 0.038086 0.046875
0 0.479980 0.342285 0.038086 0.047852
0 0.520020 0.341797 0.041992 0.048828
0 0.560059 0.342773 0.038086 0.050781
0 0.596680 0.343750 0.035156 0.048828
0 0.633301 0.343262 0.038086 0.047852
0 0.672852 0.342285 0.041016 0.049805
0 0.711426 0.342773 0.036133 0.050781
0 0.748047 0.343750 0.037109 0.048828
0 0.785156 0.344238 0.037109 0.049805
0 0.825684 0.343262 0.043945 0.051758
0 0.865723 0.341797 0.036133 0.048828
0 0.902832 0.341797 0.038086 0.048828
0 0.941895 0.342773 0.040039 0.050781
0 0.980469 0.343750 0.037109 0.048828
0 0.018555 0.471680 0.035156 0.058594
0 0.056152 0.472168 0.040039 0.057617
0 0.094727 0.469727 0.037109 0.052734
0 0.132324 0.470215 0.038086 0.051758
0 0.170410 0.471191 0.038086 0.053711
0 0.210449 0.473145 0.041992 0.049805
0 0.250000 0.473145 0.037109 0.049805
0 0.288574 0.472168 0.040039 0.051758
0 0.324707 0.472168 0.032227 0.051758
0 0.363281 0.473633 0.044922 0.048828
0 0.404297 0.473633 0.037109 0.048828
0 0.440430 0.475098 0.035156 0.045898
0 0.477539 0.475098 0.039062 0.045898
0 0.516602 0.473633 0.039062 0.048828
0 0.556152 0.473145 0.040039 0.047852
0 0.594727 0.472168 0.037109 0.049805
0 0.632324 0.472656 0.038086 0.050781
0 0.672363 0.473633 0.041992 0.048828
0 0.710938 0.473145 0.035156 0.047852
0 0.747070 0.472656 0.037109 0.048828
0 0.784668 0.473145 0.038086 0.049805
0 0.825684 0.473633 0.043945 0.048828
0 0.865723 0.474121 0.036133 0.049805
0 0.902344 0.475098 0.037109 0.047852
0 0.938965 0.477051 0.036133 0.051758
0 0.977539 0.477051 0.041016 0.051758
0 0.018555 0.521484 0.035156 0.052734
0 0.056152 0.521484 0.040039 0.052734
0 0.094727 0.521484 0.037109 0.052734
0 0.131348 0.522949 0.036133 0.049805
0 0.170410 0.521973 0.041992 0.047852
0 0.211426 0.521973 0.040039 0.047852
0 0.250977 0.521973 0.039062 0.047852
0 0.288086 0.521973 0.035156 0.047852
0 0.326172 0.522461 0.039062 0.048828
0 0.365723 0.522461 0.040039 0.048828
0 0.404785 0.520996 0.038086 0.045898
0 0.440918 0.520996 0.034180 0.045898
0 0.478027 0.521973 0.040039 0.047852
0 0.517090 0.520508 0.038086 0.050781
0 0.556152 0.521484 0.040039 0.052734
0 0.594238 0.522949 0.036133 0.049805
0 0.632812 0.523438 0.041016 0.050781
0 0.673340 0.523926 0.040039 0.049805
0 0.711426 0.524414 0.036133 0.050781
0 0.748047 0.524414 0.037109 0.050781
0 0.785156 0.524414 0.037109 0.050781
0 0.825195 0.523926 0.042969 0.051758
0 0.864258 0.523926 0.035156 0.051758
0 0.902344 0.523926 0.041016 0.051758
0 0.942871 0.525391 0.040039 0.054688
0 0.980957 0.526367 0.036133 0.052734
0 0.018555 0.650879 0.035156 0.051758
0 0.054199 0.650391 0.036133 0.050781
0 0.091309 0.651367 0.038086 0.048828
0 0.130371 0.653320 0.040039 0.052734
0 0.170410 0.653809 0.040039 0.051758
0 0.210938 0.653809 0.041016 0.051758
0 0.250000 0.653320 0.037109 0.052734
0 0.287109 0.653809 0.037109 0.053711
0 0.325195 0.654785 0.039062 0.051758
0 0.364258 0.655273 0.039062 0.052734
0 0.402344 0.656250 0.037109 0.050781
0 0.440430 0.655273 0.039062 0.048828
0 0.479980 0.655273 0.040039 0.048828
0 0.518066 0.655273 0.036133 0.048828
0 0.556152 0.654785 0.040039 0.049805
0 0.594727 0.654785 0.037109 0.049805
0 0.594727 0.706055 0.037109 0.052734
0 0.558105 0.706543 0.036133 0.051758
0 0.519043 0.707031 0.041992 0.052734
0 0.479492 0.706543 0.037109 0.053711
0 0.442383 0.706055 0.037109 0.052734
0 0.404297 0.705566 0.039062 0.053711
0 0.363770 0.705078 0.041992 0.052734
0 0.324219 0.706543 0.037109 0.049805
0 0.287598 0.707520 0.036133 0.051758
0 0.250977 0.707520 0.037109 0.051758
0 0.212402 0.707031 0.040039 0.050781
0 0.171875 0.706055 0.041016 0.052734
0 0.131836 0.705566 0.039062 0.051758
0 0.094238 0.705566 0.036133 0.051758
0 0.055176 0.706543 0.041992 0.053711
0 0.017578 0.706543 0.033203 0.053711
0 0.017090 0.757812 0.032227 0.050781
0 0.053711 0.758301 0.041016 0.049805
0 0.092773 0.757812 0.037109 0.048828
0 0.130859 0.756348 0.039062 0.051758
0 0.169434 0.756348 0.038086 0.051758
0 0.209473 0.757812 0.041992 0.048828
0 0.249023 0.759277 0.037109 0.051758
0 0.286621 0.758301 0.038086 0.053711
0 0.325195 0.756836 0.039062 0.050781
0 0.365723 0.756836 0.041992 0.050781
0 0.405273 0.756836 0.037109 0.050781
0 0.442383 0.757812 0.037109 0.048828
0 0.479980 0.759277 0.038086 0.051758
0 0.519043 0.759766 0.040039 0.050781
0 0.558105 0.758301 0.038086 0.047852
0 0.595215 0.757812 0.036133 0.048828
0 0.634766 0.757324 0.042969 0.047852
0 0.675293 0.757324 0.038086 0.047852
0 0.713867 0.759277 0.039062 0.051758
0 0.751465 0.759277 0.036133 0.051758
0 0.790527 0.758789 0.041992 0.050781
0 0.831055 0.758789 0.039062 0.050781
0 0.868652 0.758789 0.036133 0.050781
0 0.905762 0.758789 0.038086 0.050781
0 0.946289 0.758789 0.042969 0.050781
0 0.983398 0.758789 0.031250 0.050781
0 0.980469 0.707520 0.037109 0.051758
0 0.942871 0.707031 0.038086 0.050781
0 0.906738 0.706055 0.034180 0.052734
0 0.868652 0.653809 0.036133 0.051758
0 0.905273 0.654785 0.037109 0.049805
0 0.944336 0.654297 0.041016 0.048828
0 0.981934 0.654297 0.034180 0.048828
