0 0.669595 0.093306 0.055405 0.117647
0 0.716216 0.094320 0.051351 0.127789
0 0.675000 0.195740 0.052703 0.115619
0 0.720270 0.205882 0.054054 0.111562
0 0.683784 0.309331 0.054054 0.115619
0 0.725676 0.308316 0.054054 0.117647
0 0.688514 0.418864 0.055405 0.119675
0 0.733784 0.418864 0.051351 0.115619
0 0.743243 0.532454 0.051351 0.107505
0 0.079054 0.149087 0.085135 0.180527
0 0.158784 0.158215 0.082432 0.178499
0 0.229730 0.165314 0.081081 0.172414
0 0.302027 0.176471 0.077027 0.170385
0 0.370270 0.186613 0.075676 0.166329
0 0.438514 0.194726 0.071622 0.162272
0 0.072973 0.034483 0.083784 0.064909
0 0.153378 0.044625 0.074324 0.085193
0 0.227027 0.049696 0.078378 0.095335
0 0.298649 0.054767 0.072973 0.105477
0 0.367568 0.057809 0.075676 0.111562
0 0.429054 0.060852 0.074324 0.117647
0 0.086486 0.315416 0.083784 0.176471
0 0.163514 0.318458 0.083784 0.178499
0 0.237162 0.328600 0.082432 0.178499
0 0.306757 0.336714 0.081081 0.162272
0 0.379730 0.343813 0.078378 0.164300
0 0.444595 0.345842 0.075676 0.156187
0 0.089189 0.483773 0.086486 0.172414
0 0.170270 0.485801 0.083784 0.172414
0 0.243919 0.493915 0.079730 0.172414
0 0.315541 0.494929 0.079730 0.166329
0 0.385135 0.501014 0.075676 0.166329
0 0.452027 0.505071 0.074324 0.158215
0 0.095270 0.658215 0.090541 0.172414
0 0.174324 0.654158 0.083784 0.172414
0 0.250676 0.661258 0.082432 0.174442
0 0.322297 0.662272 0.082432 0.164300
0 0.392568 0.660243 0.077027 0.164300
0 0.457432 0.667343 0.074324 0.162272
0 0.100676 0.831643 0.085135 0.178499
0 0.179730 0.828600 0.089189 0.172414
0 0.255405 0.830629 0.081081 0.168357
0 0.326351 0.829615 0.077027 0.170385
0 0.401351 0.832657 0.075676 0.172414
0 0.466892 0.836714 0.079730 0.168357
