0 0.251953 0.035156 0.070312 0.066406
0 0.324219 0.021484 0.085938 0.039062
0 0.251953 0.125977 0.082031 0.169922
0 0.326172 0.095703 0.089844 0.148438
0 0.406250 0.076172 0.093750 0.148438
0 0.502930 0.066406 0.103516 0.128906
0 0.595703 0.042969 0.097656 0.082031
0 0.700195 0.036133 0.115234 0.068359
0 0.247070 0.263672 0.072266 0.156250
0 0.320312 0.244141 0.078125 0.136719
0 0.409180 0.221680 0.091797 0.158203
0 0.504883 0.196289 0.099609 0.162109
0 0.599609 0.165039 0.097656 0.169922
0 0.703125 0.139648 0.109375 0.193359
0 0.694336 0.289062 0.103516 0.156250
0 0.586914 0.309570 0.091797 0.162109
0 0.496094 0.330078 0.097656 0.152344
0 0.405273 0.349609 0.091797 0.152344
0 0.316406 0.371094 0.089844 0.136719
0 0.246094 0.400391 0.078125 0.160156
0 0.242188 0.536133 0.074219 0.138672
0 0.314453 0.517578 0.089844 0.140625
0 0.397461 0.503906 0.083984 0.132812
0 0.487305 0.491211 0.095703 0.138672
0 0.584961 0.469727 0.099609 0.142578
0 0.693359 0.448242 0.105469 0.142578
0 0.691406 0.606445 0.105469 0.138672
0 0.583984 0.624023 0.101562 0.146484
0 0.486328 0.634766 0.093750 0.136719
0 0.394531 0.655273 0.093750 0.134766
0 0.318359 0.661133 0.078125 0.126953
0 0.237305 0.672852 0.080078 0.146484
0 0.684570 0.765625 0.103516 0.136719
0 0.577148 0.778320 0.103516 0.142578
0 0.478516 0.786133 0.089844 0.146484
0 0.681641 0.928711 0.105469 0.142578
0 0.580078 0.930664 0.109375 0.138672
0 0.477539 0.934570 0.103516 0.130859
0 0.769531 0.920898 0.058594 0.158203
0 0.768555 0.769531 0.056641 0.171875
0 0.771484 0.607422 0.054688 0.183594
0 0.775391 0.448242 0.062500 0.177734
0 0.778320 0.190430 0.056641 0.376953
0 0.841797 0.498047 0.058594 0.992188
0 0.896484 0.500977 0.062500 0.998047
