0 0.057617 0.041992 0.072266 0.080078
0 0.172852 0.039062 0.091797 0.074219
0 0.274414 0.041992 0.083984 0.080078
0 0.395508 0.038086 0.076172 0.072266
0 0.496094 0.038086 0.082031 0.072266
0 0.620117 0.035156 0.083984 0.066406
0 0.729492 0.037109 0.083984 0.070312
0 0.848633 0.035156 0.080078 0.066406
0 0.958984 0.039062 0.078125 0.074219
0 0.057617 0.155273 0.076172 0.150391
0 0.171875 0.148438 0.089844 0.144531
0 0.277344 0.156250 0.085938 0.140625
0 0.395508 0.150391 0.072266 0.148438
0 0.496094 0.151367 0.082031 0.146484
0 0.615234 0.149414 0.082031 0.142578
0 0.732422 0.151367 0.085938 0.146484
0 0.849609 0.149414 0.082031 0.138672
0 0.959961 0.149414 0.080078 0.146484
0 0.058594 0.297852 0.066406 0.134766
0 0.169922 0.300781 0.082031 0.132812
0 0.276367 0.296875 0.083984 0.140625
0 0.390625 0.298828 0.085938 0.140625
0 0.497070 0.300781 0.087891 0.140625
0 0.612305 0.291016 0.087891 0.144531
0 0.729492 0.293945 0.080078 0.134766
0 0.845703 0.294922 0.082031 0.140625
0 0.958984 0.290039 0.082031 0.130859
0 0.059570 0.429688 0.072266 0.128906
0 0.169922 0.429688 0.082031 0.136719
0 0.273438 0.428711 0.085938 0.126953
0 0.388672 0.432617 0.089844 0.130859
0 0.495117 0.427734 0.083984 0.125000
0 0.613281 0.427734 0.085938 0.128906
0 0.729492 0.425781 0.083984 0.125000
0 0.846680 0.430664 0.080078 0.123047
0 0.959961 0.428711 0.076172 0.138672
0 0.058594 0.558594 0.062500 0.125000
0 0.171875 0.564453 0.082031 0.140625
0 0.276367 0.556641 0.087891 0.140625
0 0.385742 0.557617 0.080078 0.130859
0 0.497070 0.556641 0.087891 0.140625
0 0.612305 0.557617 0.083984 0.138672
0 0.729492 0.550781 0.083984 0.128906
0 0.845703 0.556641 0.082031 0.132812
0 0.960938 0.553711 0.078125 0.123047
0 0.058594 0.693359 0.074219 0.128906
0 0.166992 0.687500 0.076172 0.121094
0 0.273438 0.685547 0.085938 0.125000
0 0.387695 0.682617 0.080078 0.130859
0 0.495117 0.687500 0.083984 0.125000
0 0.611328 0.687500 0.085938 0.121094
0 0.732422 0.678711 0.085938 0.126953
0 0.847656 0.682617 0.078125 0.126953
0 0.961914 0.688477 0.076172 0.130859
0 0.054688 0.814453 0.078125 0.140625
0 0.056641 0.930664 0.074219 0.107422
0 0.170898 0.809570 0.080078 0.134766
0 0.171875 0.934570 0.078125 0.115234
0 0.276367 0.808594 0.083984 0.144531
0 0.384766 0.810547 0.082031 0.125000
0 0.498047 0.811523 0.089844 0.119141
0 0.613281 0.807617 0.089844 0.130859
0 0.734375 0.807617 0.089844 0.130859
0 0.853516 0.808594 0.093750 0.132812
0 0.962891 0.809570 0.074219 0.119141
0 0.276367 0.935547 0.091797 0.125000
0 0.386719 0.931641 0.093750 0.128906
0 0.501953 0.935547 0.097656 0.128906
0 0.613281 0.935547 0.089844 0.128906
0 0.730469 0.933594 0.097656 0.125000
0 0.854492 0.929688 0.091797 0.117188
0 0.958984 0.934570 0.078125 0.130859
