0 0.664007 0.215632 0.019504 0.083149
0 0.684397 0.228936 0.017730 0.085366
0 0.705674 0.241685 0.021277 0.086475
0 0.607270 0.205654 0.076241 0.072062
0 0.529255 0.192350 0.076241 0.025499
0 0.452128 0.203437 0.078014 0.023282
0 0.379433 0.213415 0.067376 0.023282
0 0.738475 0.248337 0.015957 0.042129
0 0.781915 0.283259 0.014184 0.027716
0 0.729610 0.333149 0.012411 0.043237
0 0.780142 0.364191 0.010638 0.029933
0 0.840426 0.390798 0.010638 0.036585
0 0.730496 0.425166 0.014184 0.045455
0 0.780142 0.450665 0.014184 0.027716
0 0.839539 0.466186 0.012411 0.036585
0 0.730496 0.516630 0.014184 0.042129
0 0.781028 0.535477 0.012411 0.026608
0 0.839539 0.541574 0.012411 0.034368
0 0.728723 0.615299 0.014184 0.028825
0 0.781028 0.619180 0.012411 0.025499
0 0.839539 0.618071 0.012411 0.034368
0 0.615248 0.805432 0.070922 0.060976
0 0.373227 0.715078 0.044326 0.082040
0 0.418440 0.718958 0.046099 0.089800
0 0.466312 0.719512 0.049645 0.088692
0 0.515071 0.720067 0.047872 0.089800
0 0.562943 0.720067 0.047872 0.089800
0 0.604610 0.720067 0.035461 0.089800
0 0.637411 0.718404 0.026596 0.088692
0 0.611702 0.610310 0.028369 0.094235
0 0.639184 0.613082 0.026596 0.088692
0 0.563830 0.611419 0.049645 0.094235
0 0.515071 0.610865 0.051418 0.090909
0 0.463652 0.611419 0.044326 0.089800
0 0.420213 0.613636 0.046099 0.085366
0 0.373227 0.613636 0.047872 0.085366
0 0.372340 0.508315 0.046099 0.078714
0 0.419326 0.507206 0.047872 0.083149
0 0.466312 0.504435 0.046099 0.084257
0 0.515071 0.501663 0.047872 0.085366
0 0.562057 0.500000 0.046099 0.084257
0 0.609929 0.502772 0.024823 0.094235
0 0.635638 0.508869 0.026596 0.088692
0 0.610816 0.399113 0.023050 0.090909
0 0.638298 0.406319 0.028369 0.092018
0 0.562943 0.392461 0.047872 0.086475
0 0.514184 0.391907 0.046099 0.078714
0 0.465426 0.396341 0.047872 0.078714
0 0.418440 0.399113 0.042553 0.077605
0 0.372340 0.404102 0.042553 0.076497
0 0.371454 0.298780 0.044326 0.072062
0 0.418440 0.294900 0.046099 0.073171
0 0.465426 0.288248 0.047872 0.075388
0 0.514184 0.282151 0.046099 0.074279
0 0.562943 0.279379 0.047872 0.075388
0 0.610816 0.289911 0.023050 0.094235
0 0.637411 0.302661 0.026596 0.093126
5 0.344858 0.847561 0.186170 0.065410
5 0.826241 0.868625 0.170213 0.069845
5 0.180851 0.941796 0.358156 0.105322
