0 0.416992 0.082631 0.042969 0.091062
0 0.459473 0.084317 0.041992 0.087690
0 0.502930 0.086847 0.044922 0.092749
0 0.546387 0.086003 0.041992 0.094435
0 0.587891 0.085160 0.041016 0.092749
0 0.629395 0.086003 0.041992 0.091062
0 0.671875 0.084317 0.042969 0.087690
0 0.713867 0.083474 0.041016 0.089376
0 0.755859 0.083474 0.042969 0.089376
0 0.799316 0.081788 0.043945 0.092749
0 0.839844 0.083474 0.037109 0.096121
0 0.880371 0.084317 0.043945 0.094435
0 0.911621 0.084317 0.018555 0.094435
0 0.418945 0.271501 0.041016 0.091062
0 0.460449 0.271501 0.041992 0.091062
0 0.502930 0.270658 0.042969 0.089376
0 0.544922 0.270658 0.041016 0.089376
0 0.586426 0.270658 0.041992 0.089376
0 0.629395 0.270658 0.043945 0.089376
0 0.671387 0.270658 0.040039 0.089376
0 0.713867 0.270658 0.042969 0.089376
0 0.757324 0.270658 0.043945 0.089376
0 0.799805 0.272344 0.041016 0.086003
0 0.841309 0.273187 0.041992 0.087690
0 0.883789 0.270658 0.042969 0.092749
0 0.914062 0.270658 0.017578 0.092749
0 0.418457 0.453626 0.041992 0.087690
0 0.459473 0.452782 0.040039 0.089376
0 0.501465 0.451939 0.043945 0.087690
0 0.545410 0.452782 0.043945 0.086003
0 0.587891 0.452782 0.041016 0.086003
0 0.628418 0.451939 0.040039 0.087690
0 0.670898 0.451096 0.044922 0.086003
0 0.713867 0.451096 0.041016 0.086003
0 0.755859 0.452782 0.042969 0.089376
0 0.798828 0.451939 0.042969 0.091062
0 0.841309 0.451939 0.041992 0.091062
0 0.884277 0.453626 0.043945 0.087690
0 0.915039 0.452782 0.017578 0.086003
0 0.417480 0.633221 0.043945 0.092749
0 0.460938 0.633221 0.042969 0.092749
0 0.502441 0.633221 0.040039 0.092749
0 0.542969 0.634907 0.041016 0.089376
0 0.418457 0.818718 0.041992 0.096121
0 0.460449 0.818718 0.041992 0.096121
0 0.502441 0.817032 0.041992 0.092749
0 0.544434 0.817875 0.041992 0.091062
0 0.587402 0.819562 0.043945 0.094435
0 0.630371 0.819562 0.041992 0.094435
0 0.673828 0.817875 0.044922 0.091062
0 0.716797 0.819562 0.041016 0.087690
0 0.758789 0.817875 0.042969 0.084317
0 0.801758 0.817875 0.042969 0.084317
0 0.844238 0.819562 0.041992 0.087690
0 0.886230 0.819562 0.041992 0.087690
0 0.914551 0.819562 0.014648 0.087690
0 0.418457 0.975548 0.038086 0.042159
0 0.458496 0.977234 0.041992 0.038786
0 0.501465 0.977234 0.043945 0.038786
0 0.544434 0.978921 0.041992 0.035413
0 0.586426 0.978078 0.041992 0.033727
0 0.629883 0.975548 0.044922 0.038786
0 0.672363 0.975548 0.040039 0.038786
0 0.714844 0.977234 0.044922 0.035413
0 0.757324 0.976391 0.040039 0.033727
0 0.798828 0.978921 0.042969 0.028668
0 0.843750 0.979764 0.046875 0.030354
0 0.887207 0.978921 0.040039 0.032040
0 0.915527 0.979764 0.016602 0.033727
