0 0.283203 0.071289 0.339844 0.130859
0 0.604492 0.067383 0.302734 0.123047
0 0.289062 0.273438 0.335938 0.195312
0 0.606445 0.270508 0.298828 0.201172
0 0.288086 0.486328 0.330078 0.199219
0 0.604492 0.489258 0.302734 0.193359
0 0.284180 0.706055 0.337891 0.208984
0 0.601562 0.711914 0.296875 0.197266
0 0.145508 0.926758 0.041016 0.138672
0 0.251953 0.926758 0.171875 0.138672
0 0.395508 0.928711 0.115234 0.142578
0 0.530273 0.928711 0.154297 0.130859
0 0.683594 0.929688 0.152344 0.132812
0 0.893555 0.069336 0.083984 0.134766
0 0.893555 0.267578 0.087891 0.183594
0 0.890625 0.490234 0.078125 0.199219
0 0.888672 0.709961 0.074219 0.201172
0 0.893555 0.927734 0.091797 0.144531
0 0.803711 0.020508 0.095703 0.037109
0 0.806641 0.081055 0.089844 0.083984
0 0.799805 0.222656 0.087891 0.097656
0 0.800781 0.316406 0.085938 0.089844
0 0.802734 0.438477 0.093750 0.095703
0 0.804688 0.533203 0.089844 0.093750
0 0.798828 0.667969 0.093750 0.093750
0 0.801758 0.761719 0.087891 0.093750
0 0.801758 0.966797 0.080078 0.066406
