0 0.122070 0.144531 0.083984 0.070312
0 0.208008 0.145508 0.087891 0.068359
0 0.294922 0.141602 0.085938 0.060547
0 0.379883 0.141602 0.083984 0.060547
0 0.469727 0.142578 0.095703 0.062500
0 0.561523 0.142578 0.087891 0.062500
0 0.649414 0.141602 0.087891 0.060547
0 0.736328 0.141602 0.085938 0.060547
0 0.815430 0.143555 0.072266 0.060547
0 0.896484 0.142578 0.089844 0.062500
0 0.970703 0.146484 0.054688 0.070312
0 0.967773 0.211914 0.060547 0.060547
0 0.895508 0.207031 0.083984 0.070312
0 0.813477 0.207031 0.080078 0.070312
0 0.732422 0.207031 0.082031 0.070312
0 0.646484 0.204102 0.089844 0.064453
0 0.557617 0.205078 0.087891 0.062500
0 0.469727 0.204102 0.087891 0.060547
0 0.381836 0.204102 0.087891 0.060547
0 0.293945 0.206055 0.087891 0.064453
0 0.207031 0.205078 0.085938 0.066406
0 0.121094 0.206055 0.085938 0.068359
0 0.121094 0.291992 0.085938 0.103516
0 0.206055 0.291992 0.083984 0.103516
0 0.292969 0.292969 0.089844 0.105469
0 0.381836 0.291016 0.087891 0.109375
0 0.470703 0.289062 0.089844 0.105469
0 0.559570 0.290039 0.087891 0.103516
0 0.648438 0.291016 0.089844 0.105469
0 0.734375 0.292969 0.082031 0.101562
0 0.817383 0.291016 0.083984 0.097656
0 0.900391 0.291016 0.082031 0.097656
0 0.968750 0.292969 0.054688 0.101562
0 0.968750 0.384766 0.054688 0.082031
0 0.899414 0.382812 0.083984 0.085938
0 0.817383 0.383789 0.080078 0.087891
0 0.735352 0.384766 0.083984 0.085938
0 0.647461 0.383789 0.091797 0.083984
0 0.557617 0.383789 0.087891 0.083984
0 0.468750 0.384766 0.089844 0.085938
0 0.378906 0.387695 0.089844 0.080078
0 0.291992 0.384766 0.083984 0.074219
0 0.206055 0.380859 0.087891 0.082031
0 0.121094 0.382812 0.082031 0.085938
0 0.123047 0.472656 0.082031 0.093750
0 0.208008 0.470703 0.087891 0.097656
0 0.294922 0.471680 0.085938 0.099609
0 0.381836 0.476562 0.087891 0.089844
0 0.471680 0.475586 0.091797 0.087891
0 0.561523 0.472656 0.087891 0.093750
0 0.649414 0.472656 0.087891 0.093750
0 0.732422 0.473633 0.078125 0.091797
0 0.816406 0.475586 0.085938 0.091797
0 0.898438 0.474609 0.078125 0.093750
0 0.967773 0.474609 0.060547 0.093750
0 0.967773 0.562500 0.060547 0.082031
0 0.895508 0.562500 0.083984 0.082031
0 0.815430 0.560547 0.076172 0.078125
0 0.733398 0.559570 0.087891 0.080078
0 0.647461 0.563477 0.083984 0.087891
0 0.561523 0.564453 0.087891 0.085938
0 0.472656 0.560547 0.089844 0.078125
0 0.381836 0.560547 0.091797 0.078125
0 0.291992 0.560547 0.087891 0.078125
0 0.208008 0.558594 0.080078 0.082031
0 0.124023 0.557617 0.087891 0.080078
0 0.122070 0.644531 0.083984 0.093750
0 0.205078 0.645508 0.082031 0.091797
0 0.292969 0.648438 0.093750 0.097656
0 0.383789 0.648438 0.087891 0.097656
0 0.473633 0.647461 0.091797 0.095703
0 0.564453 0.650391 0.085938 0.089844
0 0.649414 0.650391 0.083984 0.089844
0 0.734375 0.649414 0.085938 0.091797
0 0.816406 0.650391 0.078125 0.093750
0 0.897461 0.649414 0.083984 0.095703
0 0.969727 0.649414 0.060547 0.095703
0 0.124023 0.733398 0.087891 0.080078
0 0.209961 0.733398 0.083984 0.080078
0 0.294922 0.735352 0.085938 0.083984
0 0.382812 0.735352 0.089844 0.083984
0 0.471680 0.735352 0.087891 0.083984
0 0.561523 0.735352 0.091797 0.083984
0 0.650391 0.734375 0.085938 0.082031
0 0.734375 0.735352 0.082031 0.080078
0 0.815430 0.735352 0.080078 0.080078
0 0.896484 0.735352 0.082031 0.080078
0 0.968750 0.732422 0.062500 0.074219
0 0.124023 0.820312 0.087891 0.093750
0 0.209961 0.820312 0.083984 0.093750
0 0.296875 0.821289 0.089844 0.095703
0 0.385742 0.822266 0.087891 0.093750
0 0.473633 0.822266 0.087891 0.093750
0 0.561523 0.823242 0.087891 0.095703
0 0.650391 0.822266 0.089844 0.093750
0 0.738281 0.821289 0.085938 0.095703
0 0.820312 0.819336 0.078125 0.091797
0 0.897461 0.818359 0.076172 0.093750
0 0.966797 0.817383 0.062500 0.091797
