0 0.668945 0.117188 0.154297 0.230469
0 0.666992 0.298828 0.154297 0.316406
0 0.672852 0.531250 0.162109 0.257812
0 0.671875 0.781250 0.164062 0.289062
0 0.465820 0.771484 0.119141 0.269531
0 0.467773 0.555664 0.119141 0.236328
0 0.460938 0.345703 0.117188 0.210938
0 0.463867 0.114258 0.130859 0.224609
0 0.287109 0.839844 0.042969 0.066406
0 0.244141 0.843750 0.046875 0.070312
0 0.243164 0.780273 0.044922 0.060547
0 0.244141 0.714844 0.042969 0.070312
0 0.286133 0.746094 0.044922 0.128906
0 0.289062 0.620117 0.054688 0.123047
0 0.242188 0.653320 0.039062 0.056641
0 0.241211 0.594727 0.041016 0.060547
0 0.241211 0.533203 0.041016 0.062500
0 0.240234 0.474609 0.046875 0.054688
0 0.239258 0.417969 0.044922 0.058594
0 0.289062 0.466797 0.050781 0.183594
0 0.237305 0.363281 0.041016 0.058594
0 0.237305 0.307617 0.041016 0.072266
0 0.236328 0.254883 0.042969 0.044922
0 0.285156 0.249023 0.058594 0.064453
0 0.285156 0.327148 0.054688 0.123047
0 0.359375 0.530273 0.085938 0.068359
