0 0.820312 0.551758 0.070312 0.353516
0 0.742188 0.579102 0.093750 0.349609
0 0.656250 0.618164 0.082031 0.314453
0 0.583984 0.651367 0.074219 0.294922
0 0.511719 0.684570 0.074219 0.279297
0 0.443359 0.719727 0.066406 0.255859
0 0.388672 0.747070 0.058594 0.228516
0 0.333984 0.777344 0.050781 0.214844
0 0.285156 0.805664 0.046875 0.197266
0 0.242188 0.825195 0.042969 0.177734
0 0.818359 0.788086 0.066406 0.154297
0 0.740234 0.808594 0.089844 0.164062
0 0.653320 0.831055 0.080078 0.150391
0 0.581055 0.848633 0.076172 0.142578
0 0.510742 0.867188 0.076172 0.128906
0 0.442383 0.884766 0.064453 0.121094
0 0.389648 0.900391 0.052734 0.105469
0 0.333008 0.915039 0.056641 0.099609
0 0.285156 0.931641 0.050781 0.093750
0 0.244141 0.945312 0.042969 0.085938
0 0.949219 0.085938 0.093750 0.167969
0 0.843750 0.131836 0.117188 0.259766
0 0.740234 0.171875 0.089844 0.316406
0 0.658203 0.235352 0.074219 0.287109
0 0.584961 0.297852 0.080078 0.271484
0 0.512695 0.353516 0.072266 0.261719
0 0.446289 0.416016 0.068359 0.261719
0 0.386719 0.462891 0.058594 0.246094
0 0.333008 0.509766 0.048828 0.234375
0 0.286133 0.554688 0.041016 0.226562
0 0.242188 0.585938 0.042969 0.199219
0 0.242188 0.424805 0.039062 0.212891
0 0.285156 0.375000 0.042969 0.207031
0 0.333984 0.329102 0.050781 0.220703
0 0.385742 0.273438 0.060547 0.238281
0 0.453125 0.205078 0.066406 0.265625
0 0.513672 0.150391 0.070312 0.277344
0 0.585938 0.111328 0.078125 0.218750
0 0.662109 0.079102 0.074219 0.154297
0 0.241211 0.273438 0.044922 0.191406
0 0.286133 0.211914 0.048828 0.201172
0 0.333984 0.155273 0.054688 0.220703
0 0.389648 0.103516 0.060547 0.203125
0 0.452148 0.075195 0.068359 0.146484
0 0.200195 0.637695 0.037109 0.216797
0 0.167969 0.669922 0.031250 0.199219
0 0.136719 0.702148 0.035156 0.201172
0 0.108398 0.724609 0.029297 0.191406
0 0.088867 0.741211 0.021484 0.173828
0 0.070312 0.759766 0.019531 0.167969
0 0.053711 0.777344 0.017578 0.167969
0 0.035156 0.791016 0.019531 0.148438
0 0.037109 0.659180 0.015625 0.126953
0 0.053711 0.638672 0.017578 0.140625
0 0.071289 0.620117 0.017578 0.142578
0 0.088867 0.597656 0.021484 0.148438
0 0.111328 0.571289 0.023438 0.154297
0 0.139648 0.541016 0.029297 0.171875
0 0.168945 0.505859 0.029297 0.183594
0 0.202148 0.468750 0.037109 0.195312
0 0.039062 0.555664 0.015625 0.107422
0 0.055664 0.531250 0.017578 0.113281
0 0.071289 0.509766 0.013672 0.117188
0 0.090820 0.479492 0.021484 0.134766
0 0.113281 0.445312 0.023438 0.136719
0 0.140625 0.407227 0.031250 0.154297
0 0.171875 0.365234 0.027344 0.156250
0 0.204102 0.322266 0.033203 0.160156
0 0.203125 0.953125 0.035156 0.074219
0 0.173828 0.963867 0.027344 0.068359
0 0.172852 0.866211 0.025391 0.150391
0 0.204102 0.847656 0.033203 0.167969
0 0.150391 0.881836 0.015625 0.138672
0 0.129883 0.891602 0.025391 0.134766
0 0.106445 0.906250 0.017578 0.125000
0 0.087891 0.916992 0.019531 0.119141
0 0.068359 0.927734 0.023438 0.117188
0 0.050781 0.936523 0.019531 0.115234
0 0.034180 0.944336 0.017578 0.107422
