0 0.051758 0.116667 0.099609 0.226667
0 0.157227 0.116667 0.115234 0.226667
0 0.274414 0.115000 0.115234 0.223333
0 0.386719 0.116667 0.109375 0.226667
0 0.496094 0.115000 0.113281 0.223333
0 0.612305 0.115000 0.115234 0.223333
0 0.722656 0.111667 0.109375 0.216667
0 0.836914 0.115000 0.111328 0.223333
0 0.947266 0.118333 0.105469 0.230000
0 0.052734 0.371667 0.101562 0.276667
0 0.159180 0.368333 0.115234 0.270000
0 0.274414 0.363333 0.115234 0.280000
0 0.388672 0.361667 0.113281 0.276667
0 0.499023 0.361667 0.107422 0.276667
0 0.610352 0.360000 0.115234 0.273333
0 0.722656 0.358333 0.109375 0.276667
0 0.836914 0.363333 0.119141 0.286667
0 0.948242 0.373333 0.103516 0.266667
0 0.049805 0.650000 0.095703 0.273333
0 0.157227 0.646667 0.119141 0.280000
0 0.274414 0.641667 0.115234 0.270000
0 0.389648 0.638333 0.115234 0.276667
0 0.502930 0.640000 0.111328 0.280000
0 0.614258 0.640000 0.111328 0.280000
0 0.726562 0.640000 0.113281 0.280000
0 0.839844 0.643333 0.113281 0.273333
0 0.948242 0.643333 0.103516 0.273333
0 0.050781 0.896667 0.097656 0.206667
0 0.157227 0.891667 0.119141 0.216667
0 0.274414 0.890000 0.119141 0.220000
0 0.387695 0.891667 0.115234 0.216667
0 0.500977 0.890000 0.107422 0.220000
0 0.612305 0.890000 0.119141 0.220000
0 0.726562 0.888333 0.113281 0.223333
0 0.837891 0.890000 0.105469 0.220000
0 0.946289 0.890000 0.107422 0.220000
