0 0.466797 0.263672 0.281250 0.519531
0 0.671875 0.387695 0.128906 0.478516
0 0.237305 0.141602 0.134766 0.279297
0 0.075195 0.079102 0.142578 0.154297
0 0.081055 0.310547 0.154297 0.511719
0 0.244141 0.415039 0.156250 0.451172
0 0.388672 0.519531 0.121094 0.406250
0 0.528320 0.619141 0.150391 0.386719
0 0.666992 0.714844 0.111328 0.328125
0 0.082031 0.556641 0.160156 0.183594
0 0.246094 0.642578 0.160156 0.195312
0 0.388672 0.723633 0.128906 0.166016
0 0.531250 0.796875 0.156250 0.148438
0 0.661133 0.865234 0.111328 0.117188
0 0.080078 0.786133 0.156250 0.427734
0 0.237305 0.825195 0.142578 0.349609
0 0.386719 0.862305 0.117188 0.275391
0 0.526367 0.888672 0.146484 0.222656
0 0.661133 0.933594 0.103516 0.132812
