0 0.231445 0.184570 0.248047 0.365234
0 0.224609 0.384766 0.234375 0.296875
0 0.222656 0.571289 0.234375 0.251953
0 0.226562 0.758789 0.226562 0.251953
0 0.227539 0.919922 0.236328 0.160156
0 0.380859 0.362305 0.082031 0.248047
0 0.445312 0.405273 0.066406 0.232422
0 0.501953 0.451172 0.050781 0.207031
0 0.553711 0.488281 0.044922 0.179688
0 0.372070 0.548828 0.064453 0.203125
0 0.438477 0.583984 0.068359 0.191406
0 0.496094 0.613281 0.042969 0.183594
0 0.541992 0.641602 0.048828 0.173828
0 0.370117 0.744141 0.060547 0.226562
0 0.424805 0.753906 0.068359 0.222656
0 0.477539 0.777344 0.052734 0.210938
0 0.537109 0.798828 0.050781 0.191406
0 0.424805 0.919922 0.166016 0.160156
0 0.384766 0.169922 0.074219 0.226562
0 0.458984 0.237305 0.070312 0.201172
0 0.511719 0.294922 0.054688 0.195312
