0 0.252930 0.278320 0.025391 0.177734
0 0.291992 0.285156 0.080078 0.191406
0 0.345703 0.294922 0.019531 0.195312
0 0.398438 0.299805 0.082031 0.185547
0 0.458008 0.310547 0.025391 0.179688
0 0.512695 0.320312 0.080078 0.183594
0 0.569336 0.332031 0.029297 0.175781
0 0.618164 0.337891 0.080078 0.179688
0 0.676758 0.350586 0.041016 0.162109
0 0.720703 0.357422 0.066406 0.175781
0 0.767578 0.367188 0.035156 0.179688
0 0.816406 0.371094 0.070312 0.175781
0 0.863281 0.386719 0.027344 0.167969
0 0.257812 0.444336 0.031250 0.166016
0 0.301758 0.448242 0.072266 0.162109
0 0.351562 0.454102 0.031250 0.166016
0 0.399414 0.465820 0.080078 0.169922
0 0.457031 0.472656 0.039062 0.164062
0 0.508789 0.480469 0.083984 0.160156
0 0.564453 0.490234 0.031250 0.152344
0 0.615234 0.506836 0.085938 0.181641
0 0.673828 0.516602 0.035156 0.177734
0 0.719727 0.521484 0.080078 0.175781
0 0.773438 0.530273 0.039062 0.158203
0 0.817383 0.540039 0.072266 0.166016
0 0.868164 0.545898 0.029297 0.162109
0 0.256836 0.654297 0.025391 0.187500
0 0.308594 0.653320 0.082031 0.189453
0 0.363281 0.657227 0.031250 0.185547
0 0.414062 0.664062 0.078125 0.187500
0 0.465820 0.672852 0.033203 0.177734
0 0.514648 0.678711 0.076172 0.185547
0 0.571289 0.675781 0.037109 0.160156
0 0.622070 0.678711 0.080078 0.158203
0 0.678711 0.683594 0.025391 0.167969
0 0.725586 0.679688 0.068359 0.160156
0 0.773438 0.693359 0.023438 0.167969
0 0.823242 0.696289 0.083984 0.154297
0 0.864258 0.700195 0.021484 0.146484
0 0.263672 0.810547 0.027344 0.144531
0 0.308594 0.816406 0.078125 0.152344
0 0.361328 0.819336 0.027344 0.146484
0 0.414062 0.833008 0.085938 0.158203
0 0.472656 0.835938 0.039062 0.144531
0 0.522461 0.837891 0.076172 0.144531
0 0.564453 0.848633 0.027344 0.134766
0 0.624023 0.856445 0.083984 0.142578
0 0.679688 0.858398 0.027344 0.142578
0 0.726562 0.863281 0.070312 0.148438
0 0.773438 0.875000 0.035156 0.132812
0 0.821289 0.881836 0.080078 0.162109
0 0.867188 0.884766 0.027344 0.152344
