0 0.187500 0.045898 0.085938 0.087891
0 0.291992 0.062500 0.091797 0.121094
0 0.390625 0.076172 0.078125 0.148438
0 0.482422 0.087891 0.074219 0.171875
0 0.572266 0.113281 0.078125 0.195312
0 0.658203 0.148438 0.074219 0.175781
0 0.743164 0.172852 0.064453 0.166016
0 0.812500 0.199219 0.062500 0.179688
0 0.186523 0.301758 0.095703 0.287109
0 0.290039 0.331055 0.091797 0.255859
0 0.385742 0.355469 0.080078 0.257812
0 0.479492 0.381836 0.076172 0.255859
0 0.569336 0.403320 0.080078 0.244141
0 0.656250 0.424805 0.066406 0.244141
0 0.734375 0.450195 0.058594 0.236328
0 0.809570 0.471680 0.064453 0.220703
0 0.189453 0.627930 0.089844 0.205078
0 0.290039 0.645508 0.087891 0.208984
0 0.385742 0.663086 0.087891 0.193359
0 0.481445 0.682617 0.083984 0.181641
0 0.568359 0.701172 0.070312 0.191406
0 0.648438 0.712891 0.066406 0.179688
0 0.732422 0.731445 0.062500 0.169922
0 0.804688 0.738281 0.070312 0.179688
0 0.185547 0.895508 0.085938 0.208984
0 0.294922 0.904297 0.101562 0.191406
0 0.389648 0.905273 0.080078 0.177734
0 0.481445 0.911133 0.083984 0.162109
0 0.572266 0.923828 0.074219 0.152344
0 0.652344 0.928711 0.070312 0.142578
0 0.725586 0.935547 0.064453 0.128906
0 0.802734 0.942383 0.066406 0.115234
