0 0.184082 0.557996 0.040039 0.184534
0 0.226562 0.562390 0.044922 0.175747
0 0.282715 0.562390 0.067383 0.175747
0 0.348633 0.562390 0.064453 0.175747
0 0.412598 0.562390 0.063477 0.175747
0 0.476074 0.562390 0.063477 0.175747
0 0.538574 0.562390 0.061523 0.175747
0 0.599609 0.560633 0.060547 0.179262
0 0.660156 0.560633 0.060547 0.175747
0 0.723633 0.562390 0.066406 0.179262
0 0.791016 0.562390 0.068359 0.179262
0 0.861328 0.561511 0.072266 0.177504
0 0.936035 0.557996 0.077148 0.184534
0 0.986328 0.560633 0.023438 0.189807
