0 0.368652 0.020528 0.010742 0.038123
0 0.382324 0.019795 0.016602 0.036657
0 0.399902 0.019795 0.018555 0.036657
0 0.417480 0.019795 0.018555 0.036657
0 0.432617 0.019795 0.011719 0.036657
0 0.433594 0.082845 0.011719 0.030792
0 0.417969 0.082111 0.019531 0.032258
0 0.399902 0.082845 0.016602 0.033724
0 0.383301 0.084311 0.016602 0.030792
0 0.369141 0.084311 0.011719 0.030792
0 0.368652 0.107038 0.010742 0.014663
0 0.383301 0.107771 0.018555 0.013196
0 0.400391 0.107771 0.015625 0.013196
0 0.417969 0.107038 0.019531 0.014663
0 0.434082 0.107771 0.012695 0.016129
0 0.369141 0.162757 0.011719 0.032258
0 0.383789 0.162023 0.017578 0.033724
0 0.401367 0.162023 0.017578 0.033724
0 0.417969 0.162757 0.015625 0.032258
0 0.432617 0.163490 0.013672 0.033724
0 0.433105 0.187683 0.012695 0.014663
0 0.417969 0.187683 0.017578 0.014663
0 0.400879 0.186217 0.016602 0.011730
0 0.384277 0.185484 0.016602 0.013196
0 0.370605 0.184751 0.010742 0.011730
0 0.433594 0.239736 0.013672 0.030792
0 0.418457 0.239736 0.016602 0.030792
0 0.401367 0.241202 0.017578 0.033724
0 0.384277 0.242669 0.016602 0.030792
0 0.370117 0.241202 0.011719 0.027859
0 0.369629 0.263196 0.010742 0.016129
0 0.383301 0.265396 0.016602 0.011730
0 0.400391 0.266129 0.017578 0.013196
0 0.417969 0.264663 0.017578 0.016129
0 0.433594 0.264663 0.013672 0.016129
0 0.369141 0.318182 0.009766 0.032258
0 0.382324 0.318182 0.016602 0.032258
0 0.399902 0.318915 0.018555 0.033724
0 0.417969 0.318915 0.017578 0.033724
0 0.433594 0.318915 0.013672 0.033724
0 0.433594 0.343109 0.013672 0.014663
0 0.417969 0.343109 0.017578 0.014663
0 0.400391 0.343109 0.017578 0.014663
0 0.383301 0.343109 0.016602 0.014663
0 0.369629 0.343109 0.010742 0.014663
0 0.433105 0.397361 0.012695 0.032258
0 0.418457 0.398827 0.016602 0.029326
0 0.401367 0.399560 0.017578 0.030792
0 0.384277 0.398094 0.016602 0.033724
0 0.370117 0.398094 0.011719 0.033724
0 0.370117 0.422287 0.011719 0.014663
0 0.384277 0.423021 0.016602 0.013196
0 0.401367 0.423021 0.017578 0.013196
0 0.418457 0.422287 0.016602 0.014663
0 0.433105 0.423021 0.012695 0.016129
0 0.369629 0.476540 0.010742 0.035191
0 0.383789 0.476540 0.017578 0.035191
0 0.400879 0.475806 0.016602 0.033724
0 0.417969 0.475806 0.017578 0.033724
0 0.432129 0.475806 0.010742 0.033724
0 0.432129 0.499267 0.010742 0.013196
0 0.417969 0.500733 0.017578 0.010264
0 0.400391 0.501466 0.017578 0.011730
0 0.382812 0.500733 0.017578 0.013196
0 0.369141 0.500733 0.009766 0.013196
0 0.431641 0.553519 0.011719 0.036657
0 0.417969 0.554252 0.015625 0.035191
0 0.401367 0.554252 0.017578 0.035191
0 0.383301 0.553519 0.018555 0.036657
0 0.369141 0.553519 0.009766 0.036657
0 0.369141 0.578446 0.009766 0.013196
0 0.382812 0.579179 0.017578 0.011730
0 0.400879 0.579912 0.018555 0.013196
0 0.417969 0.579179 0.015625 0.014663
0 0.432129 0.579179 0.012695 0.014663
0 0.400391 0.642229 0.074219 0.046921
0 0.369141 0.711144 0.009766 0.032258
0 0.383301 0.711877 0.018555 0.030792
0 0.400391 0.711877 0.015625 0.030792
0 0.416992 0.711144 0.017578 0.032258
0 0.431641 0.711877 0.011719 0.033724
0 0.431641 0.736804 0.011719 0.016129
0 0.416992 0.736804 0.017578 0.016129
0 0.400391 0.736804 0.015625 0.016129
0 0.383789 0.736804 0.017578 0.016129
0 0.369629 0.736070 0.010742 0.014663
0 0.401367 0.799120 0.076172 0.046921
0 0.369629 0.871701 0.010742 0.036657
0 0.383301 0.871701 0.016602 0.036657
0 0.400879 0.871701 0.018555 0.036657
0 0.418457 0.871701 0.016602 0.036657
0 0.432129 0.870968 0.010742 0.035191
0 0.432617 0.895894 0.009766 0.014663
0 0.418945 0.896628 0.017578 0.013196
0 0.401367 0.896628 0.017578 0.013196
0 0.383789 0.896628 0.017578 0.013196
0 0.369141 0.896628 0.011719 0.013196
0 0.369141 0.949413 0.011719 0.036657
0 0.383301 0.949413 0.016602 0.036657
0 0.400879 0.949413 0.018555 0.036657
0 0.417969 0.950147 0.015625 0.035191
0 0.432129 0.950147 0.012695 0.035191
0 0.432617 0.975806 0.011719 0.016129
0 0.418457 0.975806 0.016602 0.016129
0 0.400879 0.975806 0.018555 0.016129
0 0.383301 0.975806 0.016602 0.016129
0 0.369141 0.976540 0.011719 0.017595
0 0.456543 0.082111 0.012695 0.035191
0 0.471191 0.082111 0.016602 0.035191
0 0.488281 0.081378 0.017578 0.033724
0 0.505859 0.080645 0.017578 0.035191
0 0.523438 0.079912 0.017578 0.033724
0 0.537598 0.079912 0.010742 0.033724
0 0.457031 0.106305 0.011719 0.013196
0 0.471191 0.105572 0.016602 0.014663
0 0.488281 0.105572 0.017578 0.014663
0 0.506348 0.105572 0.018555 0.014663
0 0.523926 0.105572 0.016602 0.014663
0 0.537598 0.106305 0.010742 0.013196
0 0.456055 0.159824 0.013672 0.035191
0 0.471191 0.159824 0.016602 0.035191
0 0.488281 0.159091 0.017578 0.033724
0 0.505859 0.158358 0.017578 0.035191
0 0.523438 0.159091 0.017578 0.036657
0 0.538086 0.159091 0.011719 0.036657
0 0.456055 0.185484 0.013672 0.016129
0 0.471191 0.185484 0.016602 0.016129
0 0.488770 0.185484 0.018555 0.016129
0 0.506348 0.184751 0.016602 0.017595
0 0.523926 0.185484 0.018555 0.019062
0 0.539062 0.185484 0.011719 0.019062
0 0.455566 0.238270 0.010742 0.033724
0 0.470215 0.239003 0.018555 0.032258
0 0.487793 0.239736 0.016602 0.033724
0 0.505371 0.239003 0.018555 0.035191
0 0.523438 0.239003 0.017578 0.035191
0 0.538086 0.239003 0.011719 0.035191
0 0.456055 0.261730 0.011719 0.013196
0 0.471191 0.262463 0.018555 0.011730
0 0.488770 0.262463 0.016602 0.011730
0 0.506348 0.262463 0.018555 0.011730
0 0.523926 0.262463 0.016602 0.011730
0 0.538574 0.263196 0.012695 0.010264
0 0.455566 0.317449 0.010742 0.033724
0 0.470215 0.317449 0.018555 0.033724
0 0.488770 0.318182 0.018555 0.035191
0 0.506348 0.318915 0.016602 0.033724
0 0.523438 0.318915 0.017578 0.033724
0 0.538086 0.318915 0.011719 0.033724
0 0.456055 0.343109 0.011719 0.017595
0 0.470703 0.343109 0.017578 0.017595
0 0.488770 0.343109 0.018555 0.017595
0 0.506348 0.343842 0.016602 0.016129
0 0.523438 0.343109 0.017578 0.014663
0 0.538086 0.343109 0.011719 0.014663
0 0.456055 0.396628 0.011719 0.033724
0 0.470703 0.396628 0.017578 0.033724
0 0.488281 0.397361 0.017578 0.035191
0 0.505859 0.397361 0.017578 0.035191
0 0.523926 0.397361 0.018555 0.035191
0 0.538574 0.398094 0.010742 0.033724
0 0.456543 0.421554 0.010742 0.013196
0 0.470703 0.420821 0.017578 0.014663
0 0.488281 0.420821 0.017578 0.014663
0 0.505859 0.422287 0.017578 0.011730
0 0.523926 0.422287 0.018555 0.011730
0 0.539062 0.421554 0.011719 0.013196
0 0.456543 0.475806 0.010742 0.033724
0 0.470703 0.475806 0.017578 0.033724
0 0.488281 0.475806 0.017578 0.033724
0 0.505859 0.475806 0.017578 0.033724
0 0.523438 0.475806 0.017578 0.033724
0 0.538574 0.475073 0.012695 0.035191
0 0.456543 0.500000 0.010742 0.014663
0 0.470703 0.500000 0.017578 0.014663
0 0.488281 0.500000 0.017578 0.014663
0 0.505859 0.500000 0.017578 0.014663
0 0.523438 0.500000 0.017578 0.014663
0 0.538574 0.500733 0.012695 0.013196
0 0.456055 0.554252 0.011719 0.038123
0 0.471191 0.554252 0.018555 0.038123
0 0.489258 0.554252 0.017578 0.038123
0 0.506348 0.554252 0.016602 0.038123
0 0.523926 0.554252 0.018555 0.038123
0 0.539062 0.554985 0.011719 0.036657
0 0.456543 0.633431 0.012695 0.032258
0 0.471191 0.632698 0.016602 0.033724
0 0.488281 0.634164 0.017578 0.036657
0 0.505859 0.634897 0.017578 0.035191
0 0.523438 0.634897 0.017578 0.035191
0 0.537598 0.634897 0.010742 0.035191
0 0.456055 0.657625 0.011719 0.016129
0 0.471191 0.658358 0.018555 0.014663
0 0.488770 0.657625 0.016602 0.013196
0 0.505371 0.658358 0.016602 0.011730
0 0.522949 0.659091 0.018555 0.013196
0 0.537598 0.659091 0.010742 0.013196
0 0.456055 0.713343 0.011719 0.036657
0 0.470703 0.713343 0.017578 0.036657
0 0.488281 0.712610 0.017578 0.035191
0 0.505859 0.712610 0.017578 0.035191
0 0.523438 0.713343 0.017578 0.036657
0 0.538086 0.713343 0.011719 0.036657
0 0.456543 0.738270 0.010742 0.013196
0 0.470215 0.738270 0.016602 0.013196
0 0.487793 0.739003 0.018555 0.014663
0 0.505859 0.738270 0.017578 0.016129
0 0.523438 0.738270 0.017578 0.016129
0 0.538086 0.739003 0.011719 0.014663
0 0.456543 0.792522 0.010742 0.036657
0 0.470703 0.792522 0.017578 0.036657
0 0.488281 0.792522 0.017578 0.036657
0 0.506348 0.793255 0.018555 0.035191
0 0.523926 0.793255 0.016602 0.035191
0 0.537598 0.793255 0.010742 0.035191
0 0.456543 0.818182 0.010742 0.014663
0 0.470703 0.818182 0.017578 0.014663
0 0.488281 0.818182 0.017578 0.014663
0 0.506348 0.818182 0.018555 0.014663
0 0.523926 0.818182 0.016602 0.014663
0 0.537598 0.818915 0.010742 0.013196
0 0.457031 0.872434 0.009766 0.035191
0 0.470703 0.871701 0.017578 0.036657
0 0.488281 0.871701 0.017578 0.036657
0 0.505859 0.872434 0.017578 0.035191
0 0.523926 0.872434 0.018555 0.035191
0 0.538086 0.873167 0.009766 0.033724
0 0.457031 0.897361 0.009766 0.014663
0 0.470703 0.898094 0.017578 0.013196
0 0.488281 0.898094 0.017578 0.013196
0 0.505371 0.897361 0.016602 0.014663
0 0.522949 0.897361 0.018555 0.014663
0 0.538086 0.897361 0.011719 0.014663
0 0.456055 0.952346 0.011719 0.036657
0 0.470703 0.952346 0.017578 0.036657
0 0.488281 0.952346 0.017578 0.036657
0 0.505859 0.951613 0.017578 0.038123
0 0.523438 0.950880 0.017578 0.036657
0 0.538086 0.951613 0.011719 0.035191
0 0.456055 0.977273 0.011719 0.013196
0 0.470703 0.977273 0.017578 0.013196
0 0.488281 0.977273 0.017578 0.013196
0 0.505859 0.976540 0.017578 0.014663
0 0.523438 0.976540 0.017578 0.014663
0 0.538574 0.977273 0.010742 0.013196
0 0.560547 0.080645 0.013672 0.035191
0 0.576172 0.080645 0.017578 0.035191
0 0.593750 0.080645 0.017578 0.035191
0 0.611328 0.080645 0.017578 0.035191
0 0.628906 0.079912 0.017578 0.033724
0 0.643555 0.079912 0.011719 0.033724
0 0.560547 0.105572 0.013672 0.014663
0 0.576172 0.105572 0.017578 0.014663
0 0.593750 0.105572 0.017578 0.014663
0 0.611328 0.105572 0.017578 0.014663
0 0.628906 0.105572 0.017578 0.014663
0 0.643555 0.105572 0.011719 0.014663
0 0.561035 0.159091 0.012695 0.036657
0 0.576172 0.159824 0.017578 0.035191
0 0.593750 0.159091 0.017578 0.036657
0 0.611328 0.158358 0.017578 0.035191
0 0.628906 0.158358 0.017578 0.035191
0 0.643555 0.158358 0.011719 0.035191
0 0.561035 0.184751 0.012695 0.014663
0 0.576660 0.184751 0.018555 0.014663
0 0.594727 0.184018 0.017578 0.016129
0 0.611816 0.184018 0.016602 0.016129
0 0.628906 0.184018 0.017578 0.016129
0 0.644043 0.184018 0.010742 0.016129
0 0.561035 0.239003 0.012695 0.035191
0 0.576172 0.239003 0.017578 0.035191
0 0.593750 0.239003 0.017578 0.035191
0 0.611328 0.239003 0.017578 0.035191
0 0.628906 0.239003 0.017578 0.035191
0 0.643555 0.238270 0.011719 0.033724
0 0.643555 0.262463 0.011719 0.014663
0 0.628906 0.263196 0.017578 0.013196
0 0.611328 0.263196 0.017578 0.013196
0 0.593750 0.263196 0.017578 0.013196
0 0.576172 0.263196 0.017578 0.013196
0 0.561523 0.263196 0.011719 0.013196
0 0.561523 0.318182 0.011719 0.035191
0 0.576172 0.318182 0.017578 0.035191
0 0.594238 0.318182 0.018555 0.035191
0 0.612305 0.318182 0.017578 0.035191
0 0.629395 0.317449 0.016602 0.033724
0 0.643555 0.318182 0.011719 0.032258
0 0.561523 0.342375 0.011719 0.013196
0 0.576172 0.342375 0.017578 0.013196
0 0.594238 0.342375 0.018555 0.013196
0 0.612305 0.342375 0.017578 0.013196
0 0.629395 0.343109 0.016602 0.014663
0 0.644043 0.343109 0.012695 0.014663
0 0.562012 0.396628 0.012695 0.033724
0 0.576660 0.396628 0.016602 0.033724
0 0.594238 0.396628 0.018555 0.033724
0 0.611816 0.395894 0.016602 0.035191
0 0.628906 0.396628 0.017578 0.036657
0 0.644043 0.397361 0.012695 0.035191
0 0.562012 0.420821 0.012695 0.014663
0 0.577148 0.421554 0.017578 0.013196
0 0.594238 0.421554 0.016602 0.013196
0 0.611328 0.420821 0.017578 0.014663
0 0.628906 0.421554 0.017578 0.016129
0 0.644043 0.422287 0.012695 0.014663
0 0.561523 0.475806 0.011719 0.036657
0 0.576172 0.475806 0.017578 0.036657
0 0.593750 0.475806 0.017578 0.036657
0 0.611328 0.475806 0.017578 0.036657
0 0.628906 0.475806 0.017578 0.036657
0 0.643555 0.475806 0.011719 0.036657
0 0.561523 0.500733 0.011719 0.013196
0 0.576172 0.500733 0.017578 0.013196
0 0.593750 0.500000 0.017578 0.011730
0 0.611328 0.500000 0.017578 0.011730
0 0.628906 0.500733 0.017578 0.013196
0 0.644043 0.501466 0.012695 0.011730
0 0.561523 0.554985 0.011719 0.036657
0 0.576172 0.554985 0.017578 0.036657
0 0.593750 0.554985 0.017578 0.036657
0 0.611328 0.554985 0.017578 0.036657
0 0.628906 0.555718 0.017578 0.038123
0 0.643555 0.554985 0.011719 0.039589
0 0.562012 0.579912 0.012695 0.013196
0 0.576660 0.579912 0.016602 0.013196
0 0.594238 0.579912 0.018555 0.013196
0 0.612305 0.579912 0.017578 0.013196
0 0.629883 0.579912 0.017578 0.013196
0 0.644043 0.579912 0.010742 0.013196
0 0.561523 0.634164 0.011719 0.036657
0 0.576172 0.634164 0.017578 0.036657
0 0.591309 0.634164 0.012695 0.036657
0 0.591309 0.659091 0.012695 0.013196
0 0.576172 0.659091 0.017578 0.013196
0 0.561523 0.659824 0.011719 0.014663
0 0.561523 0.712610 0.011719 0.038123
0 0.576172 0.713343 0.017578 0.036657
0 0.591309 0.713343 0.012695 0.036657
0 0.591309 0.739003 0.012695 0.014663
0 0.576660 0.739736 0.016602 0.013196
0 0.562500 0.740469 0.011719 0.014663
0 0.562012 0.793988 0.010742 0.036657
0 0.576660 0.793988 0.018555 0.036657
0 0.594238 0.793255 0.016602 0.035191
0 0.611328 0.793255 0.017578 0.035191
0 0.629395 0.793255 0.018555 0.035191
0 0.644531 0.793988 0.011719 0.033724
0 0.562012 0.818915 0.010742 0.013196
0 0.576660 0.818182 0.018555 0.014663
0 0.594727 0.818182 0.017578 0.014663
0 0.612305 0.818915 0.017578 0.013196
0 0.629883 0.818915 0.017578 0.013196
0 0.645020 0.818182 0.012695 0.014663
0 0.561523 0.872434 0.011719 0.035191
0 0.576660 0.872434 0.018555 0.035191
0 0.594727 0.873167 0.017578 0.036657
0 0.611816 0.873900 0.016602 0.035191
0 0.629395 0.873900 0.018555 0.035191
0 0.644043 0.873900 0.010742 0.035191
0 0.561035 0.898094 0.012695 0.016129
0 0.576660 0.898827 0.018555 0.014663
0 0.594727 0.898094 0.017578 0.013196
0 0.611816 0.898094 0.016602 0.013196
0 0.629395 0.898827 0.018555 0.014663
0 0.644043 0.898827 0.010742 0.014663
0 0.562500 0.952346 0.011719 0.036657
0 0.577148 0.952346 0.017578 0.036657
0 0.594727 0.952346 0.017578 0.036657
0 0.612305 0.953079 0.017578 0.035191
0 0.630371 0.953079 0.018555 0.035191
0 0.645020 0.953812 0.010742 0.033724
0 0.562500 0.977273 0.011719 0.016129
0 0.576660 0.978006 0.016602 0.014663
0 0.593750 0.978006 0.017578 0.014663
0 0.611816 0.978006 0.018555 0.014663
0 0.629883 0.978739 0.017578 0.016129
0 0.644531 0.978739 0.011719 0.016129
0 0.667969 0.079179 0.009766 0.035191
0 0.681641 0.079179 0.017578 0.035191
0 0.699219 0.079179 0.017578 0.035191
0 0.716797 0.079179 0.017578 0.035191
0 0.735352 0.079912 0.019531 0.036657
0 0.749512 0.079912 0.008789 0.036657
0 0.667969 0.104106 0.009766 0.014663
0 0.681641 0.104106 0.017578 0.014663
0 0.699707 0.104106 0.018555 0.014663
0 0.717773 0.104106 0.017578 0.014663
0 0.735840 0.104839 0.018555 0.016129
0 0.750000 0.105572 0.009766 0.014663
0 0.667969 0.158358 0.009766 0.035191
0 0.681641 0.158358 0.017578 0.035191
0 0.699219 0.158358 0.017578 0.035191
0 0.717285 0.157625 0.018555 0.036657
0 0.735352 0.158358 0.017578 0.038123
0 0.749512 0.158358 0.010742 0.038123
0 0.667969 0.184018 0.009766 0.016129
0 0.682129 0.184018 0.018555 0.016129
0 0.700195 0.183284 0.017578 0.014663
0 0.717773 0.183284 0.017578 0.014663
0 0.735352 0.183284 0.017578 0.014663
0 0.750000 0.183284 0.011719 0.014663
0 0.667480 0.238270 0.010742 0.033724
0 0.681641 0.238270 0.017578 0.033724
0 0.699707 0.238270 0.018555 0.033724
0 0.717773 0.238270 0.017578 0.033724
0 0.735352 0.238270 0.017578 0.033724
0 0.750488 0.238270 0.012695 0.033724
0 0.667480 0.263196 0.010742 0.016129
0 0.682129 0.263196 0.018555 0.016129
0 0.700195 0.263196 0.017578 0.016129
0 0.717773 0.262463 0.017578 0.017595
0 0.735352 0.263196 0.017578 0.016129
0 0.750977 0.263196 0.013672 0.016129
0 0.668457 0.318182 0.010742 0.032258
0 0.682129 0.317449 0.016602 0.033724
0 0.699707 0.318182 0.018555 0.035191
0 0.717773 0.318182 0.017578 0.035191
0 0.735840 0.317449 0.016602 0.033724
0 0.750000 0.317449 0.011719 0.033724
0 0.755859 0.299853 0.000000 0.001466
0 0.668457 0.341642 0.010742 0.014663
0 0.682129 0.341642 0.016602 0.014663
0 0.699707 0.341642 0.018555 0.014663
0 0.717773 0.341642 0.017578 0.014663
0 0.735352 0.341642 0.017578 0.014663
0 0.750000 0.341642 0.011719 0.014663
0 0.668457 0.397361 0.008789 0.032258
0 0.681641 0.396628 0.017578 0.033724
0 0.699707 0.396628 0.018555 0.033724
0 0.717773 0.396628 0.017578 0.033724
0 0.735352 0.396628 0.017578 0.033724
0 0.750488 0.395894 0.012695 0.035191
0 0.668457 0.421554 0.010742 0.013196
0 0.682129 0.420088 0.016602 0.016129
0 0.700195 0.420821 0.019531 0.017595
0 0.718262 0.420821 0.016602 0.017595
0 0.735352 0.420821 0.017578 0.017595
0 0.750488 0.421554 0.012695 0.016129
0 0.668457 0.475806 0.010742 0.036657
0 0.682617 0.475806 0.017578 0.036657
0 0.700195 0.476540 0.017578 0.035191
0 0.717773 0.475806 0.017578 0.036657
0 0.735840 0.475806 0.018555 0.036657
0 0.750488 0.475806 0.010742 0.036657
0 0.668945 0.500733 0.011719 0.013196
0 0.683594 0.500733 0.017578 0.013196
0 0.700684 0.500733 0.016602 0.013196
0 0.717773 0.500733 0.017578 0.013196
0 0.735840 0.500733 0.018555 0.013196
0 0.750977 0.500733 0.011719 0.013196
0 0.668457 0.555718 0.010742 0.035191
0 0.682617 0.555718 0.017578 0.035191
0 0.700195 0.555718 0.017578 0.035191
0 0.717773 0.554985 0.017578 0.036657
0 0.735352 0.554985 0.017578 0.036657
0 0.750488 0.554252 0.012695 0.038123
0 0.668945 0.580645 0.011719 0.014663
0 0.683594 0.580645 0.017578 0.014663
0 0.700684 0.579912 0.016602 0.013196
0 0.718262 0.580645 0.018555 0.011730
0 0.735840 0.580645 0.016602 0.011730
0 0.750977 0.580645 0.013672 0.011730
0 0.667969 0.793988 0.011719 0.036657
0 0.682617 0.793988 0.017578 0.036657
0 0.700195 0.793988 0.017578 0.036657
0 0.717773 0.793988 0.017578 0.036657
0 0.735840 0.793988 0.018555 0.036657
0 0.750488 0.793988 0.010742 0.036657
0 0.668457 0.820381 0.010742 0.016129
0 0.682617 0.820381 0.017578 0.016129
0 0.700195 0.819648 0.017578 0.014663
0 0.717773 0.819648 0.017578 0.014663
0 0.735840 0.819648 0.018555 0.014663
0 0.750977 0.820381 0.011719 0.013196
0 0.668457 0.873900 0.010742 0.035191
0 0.682617 0.873900 0.017578 0.035191
0 0.700195 0.873900 0.017578 0.035191
0 0.717285 0.873900 0.016602 0.035191
0 0.735352 0.874633 0.019531 0.036657
0 0.750977 0.874633 0.011719 0.036657
0 0.668457 0.898827 0.010742 0.014663
0 0.682617 0.898827 0.017578 0.014663
0 0.700195 0.898827 0.017578 0.014663
0 0.717773 0.898827 0.017578 0.014663
0 0.735840 0.899560 0.018555 0.016129
0 0.750977 0.900293 0.011719 0.014663
0 0.668945 0.953079 0.009766 0.035191
0 0.682617 0.953812 0.017578 0.033724
0 0.700195 0.954545 0.017578 0.035191
0 0.718262 0.954545 0.018555 0.035191
0 0.735840 0.954545 0.016602 0.035191
0 0.750000 0.955279 0.011719 0.033724
0 0.668945 0.979472 0.009766 0.014663
0 0.682617 0.978739 0.017578 0.016129
0 0.700684 0.978739 0.018555 0.016129
0 0.719238 0.980205 0.018555 0.013196
0 0.736816 0.980205 0.016602 0.013196
0 0.750977 0.979472 0.011719 0.014663
0 0.775391 0.078446 0.009766 0.036657
0 0.789062 0.077713 0.017578 0.038123
0 0.806641 0.076979 0.017578 0.036657
0 0.824707 0.076979 0.018555 0.036657
0 0.842285 0.076979 0.016602 0.036657
0 0.856445 0.076979 0.011719 0.036657
0 0.775391 0.102639 0.009766 0.014663
0 0.789062 0.101906 0.017578 0.016129
0 0.807129 0.101906 0.018555 0.016129
0 0.825195 0.102639 0.017578 0.014663
0 0.842285 0.101906 0.016602 0.013196
0 0.856934 0.101906 0.012695 0.013196
0 0.775879 0.157625 0.008789 0.033724
0 0.789062 0.156891 0.017578 0.035191
0 0.806641 0.157625 0.017578 0.036657
0 0.824707 0.157625 0.018555 0.036657
0 0.842773 0.157625 0.017578 0.036657
0 0.857910 0.157625 0.012695 0.036657
0 0.775391 0.183284 0.009766 0.014663
0 0.789551 0.182551 0.018555 0.016129
0 0.807617 0.181818 0.017578 0.014663
0 0.825195 0.181818 0.017578 0.014663
0 0.842773 0.182551 0.017578 0.013196
0 0.857910 0.182551 0.012695 0.013196
0 0.775879 0.238270 0.008789 0.033724
0 0.789062 0.238270 0.017578 0.033724
0 0.807129 0.237537 0.018555 0.032258
0 0.824707 0.237537 0.016602 0.032258
0 0.842285 0.238270 0.018555 0.033724
0 0.857422 0.237537 0.011719 0.035191
0 0.775391 0.262463 0.007812 0.014663
0 0.789062 0.261730 0.019531 0.016129
0 0.807617 0.261730 0.017578 0.016129
0 0.824707 0.261730 0.016602 0.016129
0 0.842285 0.261730 0.018555 0.016129
0 0.857422 0.262463 0.011719 0.014663
0 0.775879 0.315982 0.008789 0.033724
0 0.788574 0.315982 0.016602 0.033724
0 0.806152 0.315982 0.018555 0.033724
0 0.824219 0.315982 0.017578 0.033724
0 0.842285 0.315982 0.018555 0.033724
0 0.857910 0.316716 0.012695 0.032258
0 0.775879 0.340176 0.008789 0.014663
0 0.789062 0.340176 0.017578 0.014663
0 0.807129 0.340176 0.018555 0.014663
0 0.825195 0.340909 0.017578 0.013196
0 0.842773 0.341642 0.017578 0.014663
0 0.857910 0.341642 0.012695 0.014663
0 0.775391 0.395894 0.009766 0.035191
0 0.789062 0.395894 0.017578 0.035191
0 0.807129 0.395894 0.018555 0.035191
0 0.825195 0.395894 0.017578 0.035191
0 0.842285 0.395161 0.016602 0.033724
0 0.856934 0.394428 0.012695 0.035191
0 0.775391 0.420088 0.009766 0.013196
0 0.789062 0.420821 0.017578 0.011730
0 0.807129 0.421554 0.018555 0.013196
0 0.825195 0.420821 0.017578 0.014663
0 0.842773 0.419355 0.017578 0.011730
0 0.857422 0.419355 0.011719 0.011730
0 0.775879 0.474340 0.010742 0.036657
0 0.789551 0.475073 0.016602 0.035191
0 0.806641 0.475073 0.017578 0.035191
0 0.824707 0.474340 0.018555 0.036657
0 0.842773 0.474340 0.017578 0.036657
0 0.857910 0.474340 0.012695 0.036657
0 0.775391 0.500000 0.009766 0.014663
0 0.789062 0.500000 0.017578 0.014663
0 0.806641 0.500000 0.017578 0.014663
0 0.824707 0.499267 0.018555 0.016129
0 0.842773 0.498534 0.017578 0.014663
0 0.858398 0.499267 0.013672 0.013196
0 0.776367 0.554985 0.009766 0.036657
0 0.789551 0.555718 0.016602 0.035191
0 0.807129 0.555718 0.018555 0.035191
0 0.825195 0.555718 0.017578 0.035191
0 0.842773 0.554252 0.017578 0.032258
0 0.857910 0.554252 0.012695 0.032258
0 0.775879 0.580645 0.008789 0.014663
0 0.789062 0.580645 0.017578 0.014663
0 0.807129 0.579912 0.018555 0.013196
0 0.825684 0.579179 0.018555 0.014663
0 0.843262 0.579179 0.016602 0.014663
0 0.857910 0.579912 0.012695 0.013196
0 0.776367 0.793988 0.009766 0.036657
0 0.790039 0.793988 0.017578 0.036657
0 0.807617 0.794721 0.017578 0.038123
0 0.825195 0.794721 0.017578 0.038123
0 0.843262 0.794721 0.018555 0.038123
0 0.857910 0.794721 0.010742 0.038123
0 0.775879 0.819648 0.008789 0.014663
0 0.789551 0.819648 0.018555 0.014663
0 0.807617 0.819648 0.017578 0.014663
0 0.825684 0.820381 0.018555 0.013196
0 0.843750 0.820381 0.017578 0.013196
0 0.857910 0.820381 0.010742 0.013196
0 0.776367 0.874633 0.009766 0.036657
0 0.790039 0.874633 0.017578 0.036657
0 0.807617 0.874633 0.017578 0.036657
0 0.825684 0.875367 0.018555 0.035191
0 0.843750 0.876100 0.017578 0.036657
0 0.857910 0.876833 0.010742 0.035191
0 0.776855 0.900293 0.010742 0.014663
0 0.790527 0.899560 0.016602 0.016129
0 0.807617 0.899560 0.017578 0.016129
0 0.825684 0.900293 0.018555 0.014663
0 0.843750 0.901026 0.017578 0.016129
0 0.858398 0.901760 0.011719 0.014663
0 0.777344 0.954545 0.009766 0.035191
0 0.790527 0.954545 0.016602 0.035191
0 0.808105 0.955279 0.018555 0.036657
0 0.826172 0.956012 0.017578 0.035191
0 0.844238 0.956745 0.018555 0.036657
0 0.859375 0.957478 0.011719 0.035191
0 0.777344 0.980938 0.009766 0.014663
0 0.791504 0.980938 0.016602 0.017595
0 0.808594 0.981672 0.017578 0.016129
0 0.826172 0.980938 0.017578 0.014663
0 0.844238 0.981672 0.018555 0.013196
0 0.859375 0.981672 0.011719 0.013196
0 0.882812 0.076979 0.005859 0.036657
0 0.895508 0.076979 0.019531 0.036657
0 0.914062 0.076246 0.017578 0.035191
0 0.932129 0.075513 0.018555 0.036657
0 0.947266 0.076246 0.011719 0.038123
0 0.947754 0.100440 0.010742 0.010264
0 0.932617 0.101173 0.019531 0.008798
0 0.914551 0.101906 0.016602 0.010264
0 0.896973 0.101173 0.018555 0.011730
0 0.883789 0.100440 0.007812 0.010264
0 0.883789 0.156891 0.007812 0.035191
0 0.896484 0.156891 0.017578 0.035191
0 0.914551 0.156158 0.018555 0.033724
0 0.932617 0.155425 0.017578 0.035191
0 0.947266 0.156158 0.011719 0.036657
0 0.947266 0.178886 0.011719 0.008798
0 0.932617 0.178886 0.017578 0.008798
0 0.915039 0.179619 0.017578 0.010264
0 0.896973 0.180352 0.018555 0.008798
0 0.884277 0.180352 0.006836 0.008798
0 0.883789 0.236804 0.007812 0.033724
0 0.896484 0.236804 0.017578 0.033724
0 0.914062 0.236804 0.017578 0.033724
0 0.932129 0.236070 0.018555 0.035191
0 0.947266 0.236070 0.011719 0.035191
0 0.947266 0.258798 0.011719 0.010264
0 0.932617 0.260264 0.017578 0.010264
0 0.914551 0.260264 0.018555 0.010264
0 0.896484 0.260264 0.017578 0.010264
0 0.883301 0.259531 0.008789 0.008798
0 0.883789 0.315249 0.007812 0.035191
0 0.896484 0.315249 0.017578 0.035191
0 0.914551 0.315249 0.018555 0.035191
0 0.933105 0.315249 0.018555 0.035191
0 0.947754 0.315982 0.010742 0.036657
0 0.947266 0.338710 0.011719 0.008798
0 0.932617 0.338710 0.017578 0.008798
0 0.914551 0.339443 0.018555 0.010264
0 0.896973 0.339443 0.016602 0.010264
0 0.884277 0.338710 0.008789 0.008798
0 0.884766 0.395161 0.007812 0.036657
0 0.896973 0.395161 0.016602 0.036657
0 0.914551 0.395894 0.018555 0.038123
0 0.933105 0.395894 0.018555 0.038123
0 0.948242 0.394428 0.011719 0.035191
0 0.948242 0.417889 0.011719 0.011730
0 0.933105 0.418622 0.018555 0.010264
0 0.914551 0.419355 0.018555 0.011730
0 0.897461 0.419355 0.015625 0.011730
0 0.885254 0.420088 0.008789 0.013196
0 0.883789 0.475806 0.007812 0.036657
0 0.896484 0.475806 0.017578 0.036657
0 0.914062 0.475073 0.017578 0.035191
0 0.932129 0.474340 0.018555 0.036657
0 0.947266 0.474340 0.011719 0.036657
0 0.947754 0.499267 0.010742 0.013196
0 0.932617 0.499267 0.019531 0.013196
0 0.914062 0.500000 0.017578 0.014663
0 0.896973 0.500000 0.016602 0.014663
0 0.884277 0.500000 0.008789 0.014663
0 0.884277 0.555718 0.006836 0.038123
0 0.896484 0.555718 0.017578 0.038123
0 0.914551 0.554985 0.018555 0.036657
0 0.933105 0.555718 0.018555 0.035191
0 0.947266 0.555718 0.009766 0.035191
0 0.947266 0.579179 0.009766 0.011730
0 0.933105 0.579912 0.018555 0.010264
0 0.914551 0.580645 0.018555 0.011730
0 0.896973 0.580645 0.016602 0.011730
0 0.884766 0.580645 0.007812 0.011730
0 0.884766 0.796188 0.007812 0.035191
0 0.897461 0.795455 0.017578 0.036657
0 0.915527 0.795455 0.018555 0.036657
0 0.933594 0.795455 0.017578 0.036657
0 0.947754 0.795455 0.010742 0.036657
0 0.947754 0.821114 0.010742 0.014663
0 0.933594 0.821114 0.017578 0.014663
0 0.915527 0.821114 0.018555 0.014663
0 0.897461 0.821848 0.017578 0.013196
0 0.884766 0.821114 0.007812 0.011730
0 0.884766 0.875367 0.009766 0.035191
0 0.897949 0.875367 0.016602 0.035191
0 0.915527 0.876100 0.018555 0.036657
0 0.933594 0.876100 0.017578 0.036657
0 0.948242 0.876100 0.011719 0.036657
0 0.948730 0.901760 0.010742 0.014663
0 0.934082 0.902493 0.018555 0.013196
0 0.916016 0.902493 0.017578 0.013196
0 0.898438 0.901760 0.017578 0.014663
0 0.885254 0.901760 0.008789 0.014663
0 0.885254 0.957478 0.008789 0.035191
0 0.897949 0.957478 0.016602 0.035191
0 0.916016 0.956745 0.019531 0.033724
0 0.933594 0.956745 0.015625 0.033724
0 0.947754 0.957478 0.012695 0.035191
0 0.948730 0.983138 0.010742 0.016129
0 0.934570 0.983138 0.017578 0.016129
0 0.916504 0.982405 0.018555 0.014663
0 0.898438 0.982405 0.017578 0.014663
0 0.885254 0.982405 0.008789 0.014663
