1 0.521484 0.376281 0.111328 0.749634
1 0.691895 0.322108 0.069336 0.641288
1 0.776367 0.303075 0.056641 0.603221
0 0.154785 0.447291 0.161133 0.841874
0 0.302246 0.454612 0.122070 0.692533
0 0.400879 0.459736 0.092773 0.588580
0 0.470215 0.468521 0.041992 0.512445
0 0.460938 0.078331 0.037109 0.153734
0 0.395996 0.065886 0.077148 0.128843
0 0.294922 0.037335 0.105469 0.071742
0 0.577637 0.115666 0.036133 0.228404
0 0.614258 0.130307 0.027344 0.257687
0 0.647461 0.136896 0.029297 0.270864
0 0.585449 0.471449 0.041992 0.404100
0 0.624023 0.472182 0.039062 0.361640
0 0.655762 0.473646 0.032227 0.326501
0 0.825195 0.483163 0.054688 0.269400
0 0.886230 0.477306 0.067383 0.272328
0 0.815918 0.215227 0.057617 0.257687
0 0.882324 0.205710 0.069336 0.259151
5 0.898438 0.555637 0.044922 0.065886
