0 0.753906 0.439453 0.121094 0.355469
0 0.875977 0.400391 0.134766 0.414062
0 0.965820 0.381836 0.052734 0.431641
0 0.720703 0.173828 0.050781 0.285156
0 0.779297 0.146484 0.066406 0.289062
0 0.847656 0.130859 0.074219 0.257812
0 0.915039 0.109375 0.056641 0.214844
0 0.969727 0.096680 0.056641 0.189453
0 0.673828 0.217773 0.042969 0.353516
0 0.673828 0.503906 0.039062 0.246094
0 0.777344 0.800781 0.066406 0.398438
0 0.719727 0.803711 0.056641 0.392578
0 0.898438 0.799805 0.078125 0.400391
0 0.836914 0.802734 0.064453 0.394531
0 0.959961 0.796875 0.064453 0.406250
0 0.630859 0.297852 0.050781 0.466797
0 0.633789 0.055664 0.048828 0.087891
0 0.586914 0.141602 0.033203 0.056641
0 0.586914 0.265625 0.037109 0.230469
0 0.532227 0.296875 0.076172 0.238281
0 0.468750 0.332031 0.058594 0.214844
0 0.423828 0.360352 0.031250 0.193359
0 0.587891 0.067383 0.035156 0.130859
0 0.551758 0.080078 0.033203 0.156250
0 0.520508 0.089844 0.025391 0.175781
0 0.496094 0.097656 0.023438 0.191406
0 0.468750 0.106445 0.031250 0.208984
0 0.439453 0.121094 0.023438 0.222656
0 0.417969 0.151367 0.019531 0.197266
0 0.398438 0.168945 0.027344 0.197266
0 0.397461 0.370117 0.025391 0.185547
0 0.377930 0.385742 0.021484 0.173828
0 0.354492 0.395508 0.017578 0.169922
0 0.631836 0.571289 0.052734 0.115234
0 0.670898 0.671875 0.048828 0.074219
0 0.624023 0.678711 0.037109 0.060547
0 0.559570 0.727539 0.064453 0.138672
0 0.514648 0.733398 0.033203 0.134766
0 0.480469 0.738281 0.027344 0.132812
0 0.453125 0.737305 0.027344 0.130859
0 0.422852 0.740234 0.033203 0.125000
0 0.379883 0.742188 0.052734 0.125000
0 0.662109 0.866211 0.062500 0.267578
0 0.600586 0.791016 0.068359 0.121094
0 0.599609 0.908203 0.070312 0.113281
0 0.532227 0.825195 0.068359 0.056641
0 0.466797 0.831055 0.058594 0.037109
0 0.452148 0.903320 0.029297 0.107422
0 0.484375 0.904297 0.035156 0.105469
0 0.336914 0.746094 0.029297 0.128906
0 0.334961 0.839844 0.037109 0.054688
0 0.390625 0.838867 0.074219 0.052734
0 0.392578 0.884766 0.074219 0.031250
0 0.392578 0.924805 0.074219 0.037109
0 0.390625 0.962891 0.074219 0.031250
0 0.335938 0.928711 0.042969 0.119141
0 0.209961 0.848633 0.017578 0.037109
0 0.227539 0.848633 0.017578 0.037109
0 0.248047 0.848633 0.023438 0.037109
0 0.268555 0.848633 0.017578 0.037109
0 0.289062 0.848633 0.023438 0.037109
0 0.280273 0.885742 0.041016 0.037109
0 0.248047 0.885742 0.023438 0.037109
0 0.226562 0.885742 0.019531 0.037109
0 0.208984 0.884766 0.015625 0.039062
0 0.208984 0.927734 0.019531 0.042969
0 0.226562 0.929688 0.015625 0.039062
0 0.247070 0.930664 0.025391 0.041016
0 0.278320 0.930664 0.037109 0.041016
0 0.206055 0.792969 0.025391 0.039062
0 0.229492 0.792969 0.021484 0.039062
0 0.248047 0.791992 0.015625 0.041016
0 0.266602 0.790039 0.021484 0.037109
0 0.289062 0.789062 0.023438 0.039062
0 0.289062 0.745117 0.023438 0.048828
0 0.265625 0.746094 0.023438 0.050781
0 0.245117 0.749023 0.017578 0.044922
0 0.226562 0.750000 0.019531 0.046875
0 0.205078 0.751953 0.023438 0.042969
