0 0.443359 0.295898 0.093750 0.236328
0 0.360352 0.346680 0.072266 0.212891
0 0.294922 0.392578 0.058594 0.191406
0 0.296875 0.502930 0.058594 0.095703
0 0.360352 0.465820 0.076172 0.111328
0 0.444336 0.434570 0.095703 0.115234
0 0.444336 0.564453 0.091797 0.203125
0 0.362305 0.587891 0.072266 0.191406
0 0.293945 0.609375 0.060547 0.179688
0 0.447266 0.779297 0.101562 0.242188
0 0.365234 0.788086 0.070312 0.220703
0 0.297852 0.791016 0.048828 0.191406
0 0.557617 0.777344 0.099609 0.246094
0 0.648438 0.715820 0.078125 0.091797
0 0.712891 0.777344 0.054688 0.203125
0 0.765625 0.783203 0.050781 0.179688
0 0.556641 0.518555 0.105469 0.291016
0 0.645508 0.551758 0.080078 0.259766
0 0.709961 0.579102 0.060547 0.232422
0 0.770508 0.599609 0.060547 0.214844
0 0.555664 0.292969 0.099609 0.242188
0 0.640625 0.349609 0.074219 0.226562
0 0.710938 0.394531 0.066406 0.207031
0 0.770508 0.424805 0.060547 0.173828
