0 0.032432 0.136937 0.062162 0.126126
0 0.100000 0.140541 0.083784 0.136937
0 0.179054 0.140541 0.085135 0.144144
0 0.258784 0.142342 0.079730 0.136937
0 0.337162 0.153153 0.079730 0.136937
0 0.420270 0.160360 0.086486 0.140541
0 0.506081 0.171171 0.093243 0.140541
0 0.588514 0.183784 0.093243 0.140541
0 0.672973 0.200000 0.094595 0.144144
0 0.755405 0.219820 0.097297 0.151351
0 0.835811 0.235135 0.095946 0.145946
0 0.916892 0.257658 0.095946 0.151351
0 0.972973 0.271171 0.051351 0.138739
0 0.026351 0.325225 0.050000 0.138739
0 0.086486 0.326126 0.089189 0.147748
0 0.170946 0.328829 0.087838 0.149550
0 0.255405 0.333333 0.086486 0.147748
0 0.338514 0.339640 0.085135 0.149550
0 0.425676 0.349550 0.094595 0.151351
0 0.516216 0.362162 0.094595 0.151351
0 0.603378 0.372072 0.101351 0.160360
0 0.690541 0.388288 0.100000 0.156757
0 0.777027 0.403604 0.100000 0.162162
0 0.860811 0.424324 0.102703 0.163964
0 0.939189 0.424324 0.097297 0.124324
0 0.072973 0.534234 0.100000 0.163964
0 0.164865 0.535135 0.091892 0.162162
0 0.253378 0.536937 0.087838 0.169369
0 0.339865 0.547748 0.090541 0.158559
0 0.432432 0.555856 0.100000 0.167568
0 0.523649 0.565766 0.101351 0.176577
0 0.616892 0.578378 0.104054 0.165766
0 0.708108 0.594595 0.102703 0.169369
0 0.797973 0.607207 0.104054 0.165766
0 0.887838 0.628829 0.105405 0.169369
0 0.959459 0.645045 0.081081 0.165766
0 0.060135 0.762162 0.098649 0.176577
0 0.154730 0.767568 0.093243 0.176577
0 0.249324 0.770270 0.095946 0.178378
0 0.339865 0.776577 0.093243 0.180180
0 0.436486 0.781982 0.105405 0.187387
0 0.535135 0.792793 0.102703 0.176577
0 0.631757 0.806306 0.106757 0.181982
0 0.726351 0.815315 0.109459 0.181982
0 0.822297 0.841441 0.120270 0.198198
0 0.917568 0.859459 0.116216 0.209009
0 0.050000 0.958559 0.097297 0.082883
0 0.148649 0.957658 0.097297 0.081081
0 0.247297 0.962162 0.102703 0.075676
0 0.337838 0.964865 0.091892 0.070270
0 0.438514 0.966667 0.109459 0.066667
0 0.540541 0.971171 0.100000 0.057658
