0 0.084375 0.380562 0.071875 0.195941
0 0.157031 0.382123 0.073438 0.192818
0 0.228906 0.382904 0.070312 0.194379
0 0.297396 0.383294 0.066667 0.193599
0 0.406771 0.425059 0.011458 0.192818
0 0.416146 0.428962 0.008333 0.174083
0 0.436979 0.433646 0.007292 0.100703
0 0.446354 0.442233 0.005208 0.086651
0 0.933594 0.436378 0.036979 0.101483
0 0.596094 0.453942 0.031771 0.106948
0 0.631250 0.453162 0.038542 0.105386
0 0.671094 0.437549 0.035937 0.074161
0 0.710156 0.437939 0.035937 0.073380
0 0.597135 0.359875 0.033854 0.043716
0 0.633854 0.338017 0.038542 0.087432
0 0.671875 0.339188 0.037500 0.086651
0 0.710417 0.362217 0.037500 0.043716
