0 0.046875 0.173828 0.085938 0.343750
0 0.121094 0.181641 0.074219 0.359375
0 0.179688 0.314453 0.062500 0.132812
0 0.047852 0.405273 0.087891 0.185547
0 0.118164 0.428711 0.060547 0.166016
0 0.176758 0.442383 0.044922 0.166016
0 0.046875 0.550781 0.078125 0.144531
0 0.122070 0.564453 0.068359 0.136719
0 0.182617 0.576172 0.060547 0.128906
0 0.044922 0.716797 0.082031 0.191406
0 0.121094 0.714844 0.066406 0.183594
0 0.182617 0.720703 0.056641 0.171875
0 0.051758 0.842773 0.080078 0.064453
0 0.120117 0.839844 0.068359 0.070312
0 0.184570 0.839844 0.068359 0.062500
0 0.857422 0.551758 0.054688 0.154297
0 0.691406 0.689453 0.089844 0.300781
0 0.857422 0.725586 0.058594 0.216797
