0 0.240234 0.044922 0.156250 0.074219
0 0.424805 0.041992 0.185547 0.080078
0 0.625000 0.042969 0.179688 0.082031
0 0.233398 0.094727 0.150391 0.029297
0 0.229492 0.141602 0.158203 0.064453
0 0.421875 0.091797 0.183594 0.023438
0 0.426758 0.136719 0.173828 0.066406
0 0.628906 0.096680 0.179688 0.025391
0 0.627930 0.140625 0.181641 0.062500
0 0.236328 0.254883 0.156250 0.130859
0 0.232422 0.354492 0.164062 0.068359
0 0.425781 0.255859 0.171875 0.132812
0 0.421875 0.354492 0.179688 0.064453
0 0.628906 0.256836 0.175781 0.134766
0 0.626953 0.359375 0.179688 0.070312
0 0.234375 0.474609 0.164062 0.140625
0 0.235352 0.586914 0.162109 0.083984
0 0.422852 0.475586 0.181641 0.138672
0 0.424805 0.586914 0.177734 0.083984
0 0.627930 0.474609 0.185547 0.144531
0 0.627930 0.590820 0.185547 0.087891
0 0.772461 0.607422 0.083984 0.425781
0 0.235352 0.745117 0.158203 0.224609
0 0.424805 0.744141 0.189453 0.218750
0 0.623047 0.748047 0.187500 0.218750
0 0.629883 0.928711 0.173828 0.142578
0 0.422852 0.928711 0.181641 0.142578
0 0.230469 0.928711 0.164062 0.142578
0 0.965820 0.485352 0.060547 0.173828
0 0.968750 0.250977 0.062500 0.158203
0 0.968750 0.045898 0.058594 0.087891
