0 0.132812 0.250000 0.074219 0.351562
0 0.180664 0.304688 0.041016 0.156250
0 0.237305 0.286133 0.072266 0.177734
0 0.311523 0.252930 0.076172 0.181641
0 0.390625 0.224609 0.074219 0.195312
0 0.481445 0.183594 0.103516 0.214844
0 0.575195 0.140625 0.080078 0.207031
0 0.653320 0.116211 0.064453 0.193359
0 0.134766 0.508789 0.062500 0.166016
0 0.218750 0.500000 0.093750 0.214844
0 0.306641 0.457031 0.074219 0.179688
0 0.478516 0.405273 0.097656 0.201172
0 0.581055 0.375977 0.107422 0.208984
0 0.662109 0.350586 0.058594 0.205078
0 0.793945 0.317383 0.041016 0.205078
0 0.152344 0.840820 0.113281 0.162109
0 0.240234 0.817383 0.066406 0.166016
0 0.304688 0.796875 0.074219 0.164062
0 0.353516 0.785156 0.031250 0.167969
0 0.476562 0.836914 0.093750 0.326172
0 0.569336 0.822266 0.099609 0.355469
0 0.649414 0.813477 0.064453 0.373047
