0 0.312500 0.252930 0.085938 0.220703
0 0.385742 0.251953 0.060547 0.222656
0 0.495117 0.254883 0.107422 0.224609
0 0.596680 0.253906 0.095703 0.226562
0 0.695312 0.251953 0.101562 0.222656
0 0.795898 0.250977 0.103516 0.220703
0 0.791992 0.460938 0.095703 0.199219
0 0.309570 0.467773 0.087891 0.193359
0 0.387695 0.467773 0.068359 0.193359
0 0.487305 0.470703 0.111328 0.191406
0 0.590820 0.469727 0.095703 0.193359
0 0.689453 0.466797 0.101562 0.187500
0 0.308594 0.666016 0.078125 0.179688
0 0.387695 0.663086 0.080078 0.185547
0 0.485352 0.661133 0.115234 0.181641
0 0.590820 0.662109 0.095703 0.179688
0 0.690430 0.663086 0.099609 0.189453
0 0.791992 0.661133 0.103516 0.193359
0 0.309570 0.852539 0.083984 0.197266
0 0.393555 0.854492 0.083984 0.193359
0 0.495117 0.850586 0.119141 0.185547
0 0.792969 0.850586 0.105469 0.173828
0 0.601562 0.849609 0.082031 0.183594
0 0.692383 0.850586 0.099609 0.181641
