0 0.727539 0.260742 0.111328 0.236328
0 0.722656 0.049805 0.105469 0.095703
0 0.834961 0.107422 0.068359 0.207031
0 0.950195 0.173828 0.076172 0.191406
0 0.838867 0.333008 0.072266 0.220703
0 0.955078 0.390625 0.082031 0.203125
0 0.831055 0.555664 0.087891 0.236328
0 0.953125 0.604492 0.074219 0.220703
0 0.515625 0.103516 0.085938 0.203125
0 0.416016 0.076172 0.066406 0.148438
0 0.291992 0.047852 0.150391 0.091797
0 0.053711 0.243164 0.103516 0.255859
0 0.162109 0.288086 0.097656 0.232422
0 0.295898 0.339844 0.162109 0.242188
0 0.417969 0.379883 0.070312 0.201172
0 0.517578 0.414062 0.082031 0.191406
0 0.110352 0.419922 0.216797 0.160156
0 0.301758 0.472656 0.166016 0.128906
0 0.620117 0.459961 0.099609 0.310547
0 0.733398 0.529297 0.087891 0.199219
0 0.749023 0.416016 0.064453 0.101562
0 0.052734 0.687500 0.101562 0.234375
0 0.161133 0.717773 0.115234 0.216797
0 0.296875 0.738281 0.156250 0.218750
0 0.413086 0.769531 0.076172 0.187500
0 0.521484 0.788086 0.089844 0.185547
0 0.734375 0.825195 0.097656 0.166016
0 0.842773 0.833984 0.064453 0.164062
0 0.959961 0.863281 0.080078 0.160156
