0 0.885742 0.240234 0.083984 0.144531
0 0.651367 0.239258 0.048828 0.138672
0 0.718750 0.236328 0.085938 0.144531
0 0.498047 0.237305 0.078125 0.134766
0 0.333008 0.237305 0.080078 0.142578
0 0.215820 0.237305 0.068359 0.134766
0 0.273438 0.234375 0.046875 0.140625
0 0.013672 0.237305 0.019531 0.142578
0 0.049805 0.238281 0.052734 0.140625
0 0.110352 0.239258 0.068359 0.142578
0 0.015625 0.552734 0.023438 0.132812
0 0.048828 0.551758 0.042969 0.134766
0 0.105469 0.554688 0.066406 0.140625
0 0.216797 0.559570 0.066406 0.134766
0 0.274414 0.555664 0.048828 0.138672
0 0.335938 0.555664 0.074219 0.138672
0 0.497070 0.555664 0.083984 0.142578
0 0.642578 0.552734 0.054688 0.128906
0 0.710938 0.556641 0.082031 0.121094
0 0.882812 0.557617 0.082031 0.142578
0 0.008789 0.900391 0.013672 0.156250
0 0.044922 0.897461 0.042969 0.158203
0 0.103516 0.900391 0.070312 0.156250
0 0.211914 0.897461 0.064453 0.158203
0 0.271484 0.898438 0.054688 0.156250
0 0.335938 0.902344 0.074219 0.164062
0 0.500000 0.901367 0.078125 0.154297
0 0.645508 0.902344 0.048828 0.152344
0 0.716797 0.900391 0.093750 0.156250
0 0.886719 0.899414 0.082031 0.158203
