0 0.376736 0.294922 0.125000 0.021484
0 0.691840 0.288086 0.126736 0.025391
0 0.379340 0.423340 0.123264 0.032227
0 0.695312 0.418457 0.126736 0.034180
0 0.250868 0.341309 0.046875 0.067383
0 0.299479 0.338867 0.050347 0.066406
0 0.349826 0.337891 0.050347 0.068359
0 0.401910 0.336426 0.053819 0.065430
0 0.454861 0.335938 0.052083 0.066406
0 0.506076 0.334473 0.050347 0.063477
0 0.557292 0.333496 0.052083 0.067383
0 0.610243 0.333008 0.053819 0.066406
0 0.663194 0.333496 0.052083 0.065430
0 0.715278 0.333008 0.052083 0.064453
0 0.766493 0.333008 0.050347 0.064453
0 0.818576 0.333496 0.053819 0.065430
