0 0.511719 0.166016 0.027344 0.152344
0 0.483398 0.180664 0.029297 0.154297
0 0.455078 0.193359 0.027344 0.148438
0 0.427734 0.206055 0.027344 0.146484
0 0.400391 0.219727 0.027344 0.142578
0 0.374023 0.231445 0.025391 0.142578
0 0.347656 0.242188 0.023438 0.136719
0 0.323242 0.255859 0.025391 0.136719
0 0.298828 0.266602 0.023438 0.134766
0 0.276367 0.277344 0.025391 0.128906
0 0.253906 0.288086 0.023438 0.126953
0 0.233398 0.298828 0.021484 0.125000
0 0.211914 0.306641 0.021484 0.125000
0 0.191406 0.317383 0.023438 0.119141
0 0.169922 0.327148 0.019531 0.123047
0 0.149414 0.336914 0.021484 0.123047
0 0.130859 0.346680 0.019531 0.119141
0 0.113281 0.353516 0.015625 0.113281
0 0.097656 0.363281 0.015625 0.113281
0 0.081055 0.370117 0.017578 0.111328
0 0.065430 0.378906 0.013672 0.109375
0 0.049805 0.385742 0.017578 0.111328
0 0.033203 0.394531 0.015625 0.105469
0 0.017578 0.403320 0.015625 0.107422
0 0.006836 0.410156 0.009766 0.109375
0 0.512695 0.306641 0.029297 0.148438
0 0.484375 0.316406 0.027344 0.148438
0 0.455078 0.329102 0.027344 0.142578
0 0.427734 0.338867 0.027344 0.142578
0 0.402344 0.350586 0.027344 0.138672
0 0.375977 0.361328 0.025391 0.132812
0 0.350586 0.370117 0.025391 0.134766
0 0.325195 0.378906 0.021484 0.132812
0 0.302734 0.386719 0.023438 0.125000
0 0.278320 0.397461 0.025391 0.123047
0 0.255859 0.408203 0.023438 0.121094
0 0.234375 0.414062 0.023438 0.121094
0 0.212891 0.422852 0.023438 0.119141
0 0.192383 0.430664 0.021484 0.119141
0 0.171875 0.438477 0.019531 0.115234
0 0.151367 0.448242 0.021484 0.115234
0 0.132812 0.456055 0.019531 0.111328
0 0.114258 0.451172 0.017578 0.085938
0 0.099609 0.458008 0.015625 0.087891
0 0.083984 0.461914 0.015625 0.083984
0 0.065430 0.481445 0.017578 0.107422
0 0.050781 0.489258 0.015625 0.103516
0 0.035156 0.494141 0.015625 0.105469
0 0.019531 0.502930 0.015625 0.103516
0 0.512695 0.444336 0.025391 0.142578
0 0.484375 0.452148 0.027344 0.138672
0 0.457031 0.458984 0.027344 0.136719
0 0.429688 0.466797 0.027344 0.136719
0 0.402344 0.474609 0.027344 0.132812
0 0.375977 0.483398 0.025391 0.130859
0 0.350586 0.490234 0.025391 0.128906
0 0.326172 0.497070 0.027344 0.126953
0 0.301758 0.502930 0.025391 0.123047
0 0.277344 0.510742 0.023438 0.119141
0 0.253906 0.516602 0.023438 0.119141
0 0.232422 0.508789 0.023438 0.087891
0 0.210938 0.513672 0.027344 0.085938
0 0.512695 0.582031 0.029297 0.148438
0 0.484375 0.589844 0.031250 0.148438
0 0.456055 0.595703 0.029297 0.144531
0 0.428711 0.597656 0.029297 0.140625
0 0.400391 0.605469 0.027344 0.140625
0 0.375000 0.610352 0.027344 0.138672
0 0.350586 0.618164 0.025391 0.138672
0 0.328125 0.621094 0.023438 0.132812
0 0.509766 0.721680 0.023438 0.138672
0 0.483398 0.725586 0.029297 0.138672
0 0.454102 0.726562 0.029297 0.132812
0 0.427734 0.728516 0.027344 0.128906
0 0.401367 0.731445 0.025391 0.126953
0 0.375977 0.735352 0.025391 0.123047
0 0.350586 0.740234 0.025391 0.121094
0 0.326172 0.742188 0.027344 0.121094
0 0.510742 0.851562 0.025391 0.121094
0 0.483398 0.850586 0.029297 0.119141
0 0.454102 0.850586 0.029297 0.119141
0 0.426758 0.850586 0.025391 0.115234
0 0.400391 0.850586 0.027344 0.111328
0 0.376953 0.851562 0.023438 0.109375
0 0.352539 0.852539 0.021484 0.107422
0 0.329102 0.853516 0.021484 0.109375
0 0.307617 0.853516 0.021484 0.105469
0 0.284180 0.853516 0.025391 0.105469
0 0.513672 0.956055 0.027344 0.087891
0 0.483398 0.955078 0.029297 0.089844
0 0.455078 0.955078 0.027344 0.089844
0 0.427734 0.955078 0.027344 0.089844
0 0.402344 0.954102 0.023438 0.091797
0 0.377930 0.953125 0.025391 0.093750
0 0.353516 0.953125 0.023438 0.093750
0 0.329102 0.954102 0.021484 0.091797
0 0.308594 0.953125 0.023438 0.093750
0 0.285156 0.954102 0.023438 0.091797
0 0.260742 0.952148 0.025391 0.095703
0 0.239258 0.952148 0.017578 0.095703
0 0.220703 0.952148 0.015625 0.095703
0 0.195312 0.952148 0.031250 0.095703
0 0.542969 0.172852 0.031250 0.166016
0 0.570312 0.193359 0.023438 0.160156
0 0.595703 0.215820 0.023438 0.154297
0 0.618164 0.234375 0.025391 0.148438
0 0.639648 0.251953 0.017578 0.140625
0 0.658203 0.265625 0.019531 0.136719
0 0.544922 0.315430 0.027344 0.162109
0 0.571289 0.333008 0.021484 0.154297
0 0.595703 0.348633 0.023438 0.150391
0 0.618164 0.361328 0.021484 0.140625
0 0.641602 0.376953 0.021484 0.136719
0 0.661133 0.388672 0.017578 0.132812
0 0.681641 0.401367 0.019531 0.130859
0 0.543945 0.451172 0.025391 0.144531
0 0.569336 0.465820 0.025391 0.142578
0 0.594727 0.479492 0.021484 0.138672
0 0.618164 0.490234 0.017578 0.136719
0 0.639648 0.501953 0.021484 0.136719
0 0.662109 0.506836 0.019531 0.119141
0 0.679688 0.516602 0.019531 0.115234
0 0.541992 0.586914 0.025391 0.146484
0 0.568359 0.596680 0.023438 0.142578
0 0.592773 0.604492 0.021484 0.138672
0 0.616211 0.612305 0.021484 0.130859
0 0.641602 0.623047 0.029297 0.128906
0 0.541016 0.722656 0.027344 0.140625
0 0.568359 0.727539 0.027344 0.134766
0 0.593750 0.730469 0.023438 0.128906
0 0.616211 0.733398 0.021484 0.123047
0 0.641602 0.740234 0.029297 0.117188
0 0.541992 0.848633 0.033203 0.111328
0 0.570312 0.847656 0.023438 0.113281
0 0.594727 0.848633 0.025391 0.111328
0 0.618164 0.848633 0.025391 0.107422
0 0.644531 0.850586 0.031250 0.107422
0 0.541992 0.952148 0.033203 0.095703
0 0.571289 0.951172 0.029297 0.097656
0 0.597656 0.950195 0.027344 0.099609
0 0.620117 0.950195 0.025391 0.099609
0 0.645508 0.948242 0.025391 0.103516
