0 0.197272 0.391927 0.039089 0.171354
0 0.241142 0.347656 0.050337 0.167187
0 0.297385 0.302344 0.066648 0.170313
0 0.364876 0.263802 0.073960 0.175521
0 0.442913 0.227083 0.083802 0.169792
0 0.529528 0.211198 0.091114 0.166146
0 0.193616 0.518229 0.040776 0.163542
0 0.237486 0.477865 0.054837 0.172396
0 0.293729 0.444271 0.069460 0.177083
0 0.363751 0.403125 0.073397 0.173958
0 0.443335 0.377083 0.085771 0.179167
0 0.534027 0.358073 0.093926 0.163021
0 0.188976 0.649219 0.042182 0.170313
0 0.234111 0.616406 0.052587 0.175521
0 0.290917 0.584115 0.071147 0.184896
0 0.360658 0.555208 0.080709 0.179167
0 0.444741 0.531250 0.091957 0.181250
0 0.539089 0.508594 0.096738 0.176563
0 0.184336 0.788802 0.043026 0.175521
0 0.230034 0.763542 0.056243 0.177083
0 0.289089 0.738281 0.070304 0.189062
0 0.361502 0.714323 0.079021 0.193229
0 0.448538 0.694271 0.091676 0.191667
0 0.545135 0.681250 0.099831 0.190625
0 0.183211 0.888802 0.039089 0.071354
0 0.228628 0.878906 0.053431 0.097396
0 0.288667 0.873437 0.069460 0.121875
0 0.362627 0.867188 0.081271 0.151042
0 0.448538 0.864323 0.091676 0.175521
0 0.546963 0.860156 0.103487 0.189062
