0 0.109375 0.161133 0.203125 0.318359
0 0.339844 0.193359 0.250000 0.382812
0 0.551758 0.226562 0.173828 0.437500
0 0.716797 0.283203 0.156250 0.402344
0 0.869141 0.332031 0.128906 0.363281
0 0.967773 0.375000 0.052734 0.343750
0 0.965820 0.687500 0.068359 0.328125
0 0.967773 0.922852 0.064453 0.146484
0 0.866211 0.667969 0.138672 0.351562
0 0.869141 0.921875 0.144531 0.156250
0 0.717773 0.642578 0.166016 0.402344
0 0.715820 0.915039 0.166016 0.169922
0 0.550781 0.610352 0.167969 0.427734
0 0.545898 0.907227 0.166016 0.185547
0 0.335938 0.563477 0.250000 0.490234
0 0.108398 0.522461 0.212891 0.517578
0 0.333008 0.897461 0.244141 0.205078
0 0.104492 0.884766 0.201172 0.230469
