0 0.857422 0.689453 0.277344 0.621094
0 0.500000 0.739258 0.132812 0.423828
0 0.383789 0.717773 0.099609 0.287109
0 0.300781 0.734375 0.093750 0.257812
0 0.231445 0.782227 0.064453 0.123047
0 0.167969 0.791016 0.070312 0.117188
0 0.317383 0.437500 0.064453 0.179688
0 0.377930 0.402344 0.056641 0.171875
0 0.471680 0.342773 0.060547 0.193359
0 0.534180 0.308594 0.068359 0.199219
0 0.844727 0.148438 0.310547 0.292969
0 0.549805 0.083984 0.173828 0.164062
0 0.350586 0.197266 0.068359 0.199219
0 0.412109 0.136719 0.070312 0.195312
0 0.280273 0.260742 0.072266 0.173828
0 0.208008 0.541992 0.060547 0.197266
0 0.164062 0.570312 0.054688 0.179688
0 0.095703 0.605469 0.058594 0.160156
