0 0.968616 0.246943 0.061049 0.096896
0 0.969475 0.339605 0.059329 0.094073
0 0.969905 0.433678 0.058469 0.094073
0 0.969475 0.527281 0.059329 0.091251
0 0.969475 0.622766 0.059329 0.099718
0 0.970765 0.719191 0.056750 0.100659
0 0.427343 0.298683 0.070507 0.076199
0 0.498280 0.292568 0.076526 0.077140
0 0.573947 0.285513 0.076526 0.078081
0 0.426483 0.369708 0.070507 0.075259
0 0.497850 0.365005 0.075666 0.079022
0 0.573947 0.359360 0.074807 0.080903
0 0.421754 0.433208 0.078246 0.057385
0 0.496991 0.428975 0.077386 0.060207
0 0.572227 0.428034 0.073087 0.060207
0 0.418745 0.575729 0.073947 0.082785
0 0.493551 0.576199 0.075666 0.083725
0 0.569647 0.575259 0.076526 0.085607
0 0.417885 0.637817 0.072227 0.043274
0 0.492691 0.638758 0.077386 0.043274
0 0.570077 0.643462 0.077386 0.052681
