0 0.526367 0.258789 0.060547 0.193359
0 0.574219 0.289062 0.039062 0.171875
0 0.464844 0.221680 0.066406 0.201172
0 0.323242 0.125977 0.083984 0.232422
0 0.202148 0.099609 0.154297 0.195312
0 0.063477 0.050781 0.123047 0.097656
0 0.065430 0.124023 0.126953 0.189453
0 0.205078 0.198242 0.156250 0.197266
0 0.322266 0.268555 0.082031 0.146484
0 0.397461 0.306641 0.068359 0.132812
0 0.462891 0.344727 0.066406 0.111328
0 0.527344 0.373047 0.062500 0.105469
0 0.577148 0.401367 0.041016 0.095703
0 0.072266 0.321289 0.121094 0.318359
0 0.161133 0.359375 0.068359 0.273438
0 0.238281 0.389648 0.089844 0.271484
0 0.322266 0.421875 0.078125 0.253906
0 0.397461 0.452148 0.064453 0.228516
0 0.460938 0.477539 0.058594 0.208984
0 0.524414 0.500977 0.060547 0.201172
0 0.575195 0.521484 0.033203 0.195312
0 0.075195 0.569336 0.119141 0.267578
0 0.165039 0.592773 0.064453 0.228516
0 0.241211 0.612305 0.087891 0.232422
0 0.320312 0.630859 0.082031 0.214844
0 0.394531 0.651367 0.062500 0.212891
0 0.459961 0.662109 0.068359 0.210938
0 0.521484 0.679688 0.066406 0.199219
0 0.574219 0.694336 0.042969 0.189453
0 0.107422 0.720703 0.187500 0.101562
0 0.241211 0.739258 0.083984 0.080078
0 0.321289 0.755859 0.076172 0.070312
0 0.392578 0.775391 0.066406 0.070312
0 0.459961 0.781250 0.064453 0.062500
0 0.526367 0.792969 0.060547 0.070312
0 0.575195 0.803711 0.041016 0.060547
0 0.103516 0.868164 0.179688 0.263672
0 0.233398 0.884766 0.076172 0.230469
0 0.316406 0.889648 0.082031 0.220703
0 0.392578 0.897461 0.066406 0.205078
0 0.458008 0.905273 0.060547 0.189453
0 0.524414 0.907227 0.068359 0.185547
0 0.575195 0.910156 0.041016 0.179688
