0 0.186523 0.116211 0.076172 0.185547
0 0.187500 0.382812 0.082031 0.285156
0 0.186523 0.690430 0.064453 0.337891
0 0.269531 0.126953 0.085938 0.167969
0 0.358398 0.146484 0.068359 0.148438
0 0.440430 0.157227 0.060547 0.158203
0 0.545898 0.174805 0.115234 0.146484
0 0.648438 0.191406 0.062500 0.152344
0 0.723633 0.203125 0.060547 0.132812
0 0.798828 0.214844 0.062500 0.140625
0 0.875977 0.226562 0.064453 0.128906
0 0.944336 0.241211 0.052734 0.138672
0 0.265625 0.386719 0.070312 0.292969
0 0.269531 0.686523 0.074219 0.326172
0 0.355469 0.390625 0.074219 0.285156
0 0.357422 0.685547 0.082031 0.324219
0 0.441406 0.397461 0.070312 0.267578
0 0.439453 0.685547 0.066406 0.316406
0 0.543945 0.405273 0.115234 0.263672
0 0.543945 0.681641 0.115234 0.308594
0 0.645508 0.415039 0.060547 0.271484
0 0.722656 0.420898 0.054688 0.251953
0 0.798828 0.429688 0.062500 0.234375
0 0.874023 0.436523 0.056641 0.232422
0 0.950195 0.441406 0.056641 0.222656
0 0.648438 0.691406 0.066406 0.289062
0 0.723633 0.688477 0.056641 0.291016
0 0.799805 0.688477 0.060547 0.283203
0 0.878906 0.684570 0.066406 0.275391
0 0.944336 0.682617 0.048828 0.279297
