0 0.038086 0.520211 0.050781 0.228471
0 0.090820 0.521968 0.054688 0.214411
0 0.157227 0.526362 0.078125 0.205624
0 0.230469 0.526362 0.068359 0.205624
0 0.295410 0.537786 0.061523 0.182777
0 0.353027 0.538664 0.053711 0.184534
0 0.406738 0.543937 0.053711 0.173989
0 0.458496 0.542179 0.049805 0.170475
0 0.507812 0.549209 0.048828 0.156415
0 0.556641 0.550088 0.048828 0.158172
0 0.605957 0.554482 0.049805 0.149385
0 0.655762 0.555360 0.049805 0.151142
0 0.705078 0.555360 0.048828 0.151142
0 0.753906 0.556239 0.048828 0.152900
0 0.793945 0.557996 0.031250 0.149385
0 0.822754 0.555360 0.024414 0.144112
