0 0.669000 0.082000 0.062000 0.108000
0 0.717000 0.084667 0.030000 0.105333
0 0.705000 0.014000 0.130000 0.025333
0 0.840000 0.014000 0.140000 0.025333
0 0.955000 0.014667 0.090000 0.026667
0 0.830000 0.085333 0.060000 0.109333
0 0.882000 0.085333 0.044000 0.109333
0 0.958000 0.085333 0.064000 0.106667
0 0.374000 0.077333 0.068000 0.109333
0 0.303000 0.076000 0.070000 0.112000
0 0.161000 0.074667 0.066000 0.106667
0 0.146000 0.010000 0.100000 0.017333
0 0.114000 0.073333 0.024000 0.109333
0 0.267000 0.011333 0.146000 0.020000
0 0.377000 0.011333 0.074000 0.020000
0 0.587000 0.320667 0.074000 0.046667
0 0.693000 0.322667 0.138000 0.042667
0 0.828000 0.323333 0.132000 0.044000
0 0.947000 0.323333 0.106000 0.044000
0 0.588000 0.393333 0.072000 0.098667
0 0.663000 0.394000 0.078000 0.097333
0 0.828000 0.395333 0.132000 0.097333
0 0.936000 0.396000 0.084000 0.096000
0 0.150000 0.319333 0.088000 0.046667
0 0.263000 0.320667 0.138000 0.049333
0 0.159000 0.370667 0.070000 0.056000
0 0.264000 0.389333 0.136000 0.090667
0 0.238000 0.626667 0.060000 0.040000
0 0.303000 0.626000 0.070000 0.041333
0 0.373000 0.626000 0.070000 0.041333
0 0.236000 0.692667 0.056000 0.092000
0 0.301000 0.692667 0.074000 0.092000
0 0.373000 0.691333 0.070000 0.089333
0 0.693000 0.624000 0.122000 0.037333
0 0.822000 0.624000 0.136000 0.037333
0 0.945000 0.623333 0.110000 0.038667
0 0.723000 0.690000 0.062000 0.092000
0 0.790000 0.689333 0.068000 0.090667
0 0.858000 0.690000 0.068000 0.089333
0 0.924000 0.689333 0.064000 0.088000
0 0.978000 0.687333 0.044000 0.092000
