0 0.291992 0.288086 0.107422 0.498047
0 0.384766 0.308594 0.093750 0.496094
0 0.482422 0.323242 0.097656 0.486328
0 0.577148 0.341797 0.083984 0.476562
0 0.650391 0.350586 0.062500 0.455078
0 0.723633 0.078125 0.083984 0.152344
0 0.811523 0.089844 0.087891 0.175781
0 0.723633 0.359375 0.076172 0.449219
0 0.810547 0.366211 0.089844 0.447266
0 0.287109 0.712891 0.105469 0.355469
0 0.388672 0.713867 0.089844 0.345703
0 0.480469 0.713867 0.101562 0.326172
0 0.579102 0.727539 0.076172 0.322266
0 0.651367 0.730469 0.056641 0.308594
0 0.722656 0.731445 0.082031 0.314453
0 0.806641 0.737305 0.082031 0.302734
0 0.287109 0.942383 0.109375 0.115234
0 0.385742 0.940430 0.091797 0.119141
0 0.478516 0.940430 0.097656 0.119141
0 0.573242 0.942383 0.087891 0.115234
0 0.645508 0.942383 0.052734 0.115234
0 0.715820 0.942383 0.083984 0.115234
0 0.802734 0.945312 0.085938 0.109375
