0 0.188571 0.192857 0.228571 0.328571
0 0.404286 0.207143 0.214286 0.311429
0 0.605714 0.221429 0.200000 0.300000
0 0.792857 0.238571 0.185714 0.282857
0 0.934286 0.248571 0.120000 0.274286
0 0.185714 0.495714 0.234286 0.311429
0 0.408571 0.502857 0.222857 0.297143
0 0.611429 0.507143 0.200000 0.288571
0 0.798571 0.511429 0.191429 0.280000
0 0.941429 0.517143 0.117143 0.268571
0 0.184286 0.812857 0.237143 0.317143
0 0.415714 0.810000 0.225714 0.305714
0 0.620000 0.797143 0.211429 0.291429
0 0.805714 0.792857 0.200000 0.282857
0 0.945714 0.785714 0.108571 0.268571
