0 0.177246 0.079063 0.036133 0.023426
0 0.213867 0.076867 0.037109 0.024890
0 0.251465 0.077599 0.038086 0.023426
0 0.289551 0.078331 0.038086 0.024890
0 0.327148 0.078331 0.037109 0.024890
0 0.363770 0.078331 0.036133 0.024890
0 0.401367 0.078331 0.039062 0.024890
0 0.439941 0.078331 0.038086 0.024890
0 0.477051 0.078331 0.036133 0.024890
0 0.514160 0.079063 0.038086 0.026354
0 0.551758 0.079063 0.037109 0.026354
0 0.588867 0.077599 0.037109 0.023426
0 0.589355 0.100293 0.036133 0.021962
0 0.552246 0.101025 0.038086 0.020498
0 0.515137 0.099561 0.036133 0.017570
0 0.477539 0.100293 0.039062 0.016105
0 0.439941 0.101025 0.036133 0.017570
0 0.402344 0.099561 0.039062 0.020498
0 0.364258 0.098829 0.037109 0.019034
0 0.326660 0.099561 0.038086 0.017570
0 0.289062 0.099561 0.037109 0.017570
0 0.251953 0.099561 0.037109 0.017570
0 0.214355 0.100293 0.038086 0.019034
0 0.177246 0.099561 0.036133 0.020498
0 0.153809 0.077599 0.010742 0.023426
0 0.153809 0.101025 0.008789 0.023426
0 0.154297 0.122255 0.009766 0.021962
0 0.176758 0.121523 0.035156 0.023426
0 0.213379 0.120791 0.038086 0.021962
0 0.251465 0.120791 0.038086 0.021962
0 0.289551 0.122255 0.038086 0.024890
0 0.327637 0.120791 0.038086 0.027818
0 0.365234 0.119327 0.037109 0.024890
0 0.402344 0.120791 0.037109 0.021962
0 0.439453 0.122255 0.037109 0.024890
0 0.477051 0.122987 0.038086 0.023426
0 0.515137 0.122987 0.038086 0.023426
0 0.552734 0.123719 0.037109 0.021962
0 0.589844 0.122987 0.037109 0.020498
0 0.589844 0.144217 0.037109 0.021962
0 0.552734 0.145681 0.037109 0.019034
0 0.515625 0.144217 0.037109 0.016105
0 0.477539 0.144217 0.039062 0.016105
0 0.439453 0.144217 0.037109 0.016105
0 0.402344 0.142753 0.037109 0.019034
0 0.365234 0.142753 0.037109 0.019034
0 0.327637 0.144217 0.038086 0.016105
0 0.290039 0.144217 0.037109 0.016105
0 0.251953 0.142753 0.039062 0.019034
0 0.214355 0.142020 0.036133 0.017570
0 0.176758 0.142753 0.039062 0.016105
0 0.153809 0.144217 0.006836 0.019034
0 0.154297 0.193265 0.007812 0.079063
0 0.176270 0.192533 0.036133 0.080527
0 0.213379 0.163250 0.038086 0.021962
0 0.214355 0.204978 0.036133 0.061493
0 0.214844 0.247438 0.037109 0.023426
0 0.252441 0.246706 0.038086 0.024890
0 0.252930 0.204978 0.037109 0.058565
0 0.214355 0.204246 0.040039 0.057101
0 0.251953 0.166911 0.037109 0.023426
0 0.289551 0.192533 0.036133 0.080527
0 0.326660 0.193265 0.038086 0.079063
0 0.364258 0.164714 0.037109 0.021962
0 0.364746 0.204246 0.036133 0.057101
0 0.364746 0.245974 0.036133 0.026354
0 0.401855 0.247438 0.038086 0.023426
0 0.402832 0.206442 0.036133 0.058565
0 0.402832 0.166911 0.036133 0.020498
0 0.439453 0.195461 0.037109 0.077599
0 0.476562 0.194729 0.037109 0.079063
0 0.514160 0.166911 0.038086 0.023426
0 0.515137 0.204978 0.038086 0.052709
0 0.515137 0.245242 0.038086 0.027818
0 0.552734 0.247438 0.037109 0.023426
0 0.553223 0.207906 0.036133 0.055637
0 0.553711 0.168375 0.037109 0.023426
0 0.590332 0.195461 0.036133 0.077599
0 0.626953 0.194729 0.037109 0.079063
0 0.626953 0.144949 0.037109 0.020498
0 0.626953 0.124451 0.037109 0.020498
0 0.626953 0.102489 0.037109 0.023426
0 0.627441 0.078331 0.038086 0.024890
0 0.665527 0.076867 0.038086 0.021962
0 0.703125 0.077599 0.037109 0.020498
0 0.740234 0.079063 0.037109 0.023426
0 0.762695 0.078331 0.007812 0.024890
0 0.665039 0.101757 0.037109 0.021962
0 0.702148 0.102489 0.037109 0.020498
0 0.739746 0.103221 0.038086 0.021962
0 0.763184 0.102489 0.008789 0.023426
0 0.665039 0.122987 0.037109 0.020498
0 0.702148 0.123719 0.037109 0.019034
0 0.739746 0.124451 0.038086 0.020498
0 0.763672 0.125183 0.009766 0.019034
0 0.664551 0.145681 0.036133 0.024890
0 0.702148 0.146413 0.039062 0.023426
0 0.739746 0.144949 0.036133 0.020498
0 0.763184 0.144949 0.010742 0.020498
0 0.664551 0.167643 0.038086 0.019034
0 0.665039 0.205710 0.037109 0.057101
0 0.702637 0.169107 0.036133 0.019034
0 0.702637 0.207174 0.036133 0.057101
0 0.739746 0.196925 0.036133 0.077599
0 0.763184 0.196193 0.010742 0.079063
0 0.155273 0.247438 0.007812 0.023426
0 0.178223 0.245974 0.038086 0.026354
0 0.289551 0.246706 0.036133 0.021962
0 0.326172 0.245242 0.037109 0.024890
0 0.438965 0.248170 0.036133 0.024890
0 0.476074 0.246706 0.038086 0.027818
0 0.589355 0.248170 0.036133 0.027818
0 0.626953 0.248902 0.039062 0.026354
0 0.664551 0.248170 0.036133 0.024890
0 0.702148 0.249634 0.039062 0.021962
0 0.739746 0.249634 0.036133 0.021962
0 0.763184 0.248902 0.010742 0.023426
0 0.153809 0.273060 0.008789 0.024890
0 0.177734 0.272328 0.039062 0.026354
0 0.215332 0.270864 0.036133 0.023426
0 0.252930 0.271596 0.039062 0.021962
0 0.290527 0.271596 0.036133 0.021962
0 0.326660 0.270864 0.036133 0.023426
0 0.363770 0.270864 0.038086 0.023426
0 0.401855 0.272328 0.038086 0.020498
0 0.438965 0.273060 0.036133 0.021962
0 0.476562 0.272328 0.039062 0.023426
0 0.514648 0.272328 0.037109 0.023426
0 0.552246 0.272328 0.038086 0.023426
0 0.589844 0.272328 0.037109 0.023426
0 0.627441 0.272328 0.038086 0.023426
0 0.665527 0.273060 0.038086 0.024890
0 0.703125 0.273060 0.037109 0.024890
0 0.739746 0.273792 0.036133 0.026354
0 0.763184 0.274524 0.010742 0.024890
0 0.153809 0.309663 0.008789 0.048316
0 0.177246 0.308931 0.038086 0.049780
0 0.214844 0.295022 0.037109 0.021962
0 0.214844 0.320644 0.037109 0.029283
0 0.251953 0.295754 0.037109 0.020498
0 0.251953 0.321376 0.037109 0.030747
0 0.289551 0.309663 0.038086 0.048316
0 0.326660 0.308199 0.036133 0.051245
0 0.364258 0.293558 0.039062 0.021962
0 0.364258 0.319180 0.039062 0.029283
0 0.402344 0.295022 0.035156 0.021962
0 0.401855 0.320644 0.036133 0.029283
0 0.440430 0.309663 0.037109 0.048316
0 0.477539 0.308931 0.037109 0.049780
0 0.515137 0.308931 0.038086 0.049780
0 0.552734 0.308931 0.037109 0.049780
0 0.590820 0.309663 0.039062 0.051245
0 0.628906 0.310395 0.037109 0.049780
0 0.666016 0.297218 0.037109 0.023426
0 0.666016 0.322108 0.037109 0.026354
0 0.702637 0.297218 0.034180 0.023426
0 0.702148 0.322108 0.035156 0.026354
0 0.739746 0.311859 0.038086 0.055637
0 0.763672 0.311859 0.009766 0.055637
0 0.782715 0.250366 0.030273 0.026354
0 0.815430 0.251098 0.035156 0.024890
0 0.849121 0.250366 0.032227 0.023426
0 0.882324 0.250366 0.034180 0.023426
0 0.916504 0.250366 0.034180 0.023426
0 0.950684 0.250366 0.034180 0.023426
0 0.982910 0.250366 0.030273 0.023426
0 0.982910 0.273060 0.030273 0.021962
0 0.950684 0.273792 0.034180 0.020498
0 0.915527 0.274524 0.036133 0.021962
0 0.881348 0.274524 0.032227 0.021962
0 0.848633 0.273792 0.033203 0.020498
0 0.814453 0.273792 0.035156 0.020498
0 0.782715 0.273060 0.028320 0.019034
0 0.783691 0.295754 0.030273 0.026354
0 0.815918 0.297218 0.034180 0.023426
0 0.849121 0.295754 0.032227 0.020498
0 0.881348 0.295754 0.032227 0.020498
0 0.915527 0.296486 0.036133 0.021962
0 0.951172 0.295754 0.035156 0.023426
0 0.983398 0.295022 0.029297 0.021962
0 0.982910 0.343338 0.030273 0.074671
0 0.950684 0.344070 0.034180 0.073206
0 0.916016 0.343338 0.035156 0.071742
0 0.881836 0.341874 0.033203 0.074671
0 0.849121 0.341874 0.032227 0.074671
0 0.815918 0.343338 0.034180 0.071742
0 0.784180 0.343338 0.029297 0.071742
0 0.783691 0.389458 0.028320 0.020498
0 0.815918 0.389458 0.036133 0.020498
0 0.849121 0.389458 0.032227 0.020498
0 0.879883 0.389458 0.037109 0.020498
0 0.915527 0.389458 0.034180 0.020498
0 0.949707 0.390190 0.034180 0.019034
0 0.982910 0.390190 0.032227 0.019034
0 0.814941 0.412152 0.034180 0.021962
0 0.848633 0.411420 0.033203 0.023426
0 0.881836 0.411420 0.033203 0.023426
0 0.915527 0.412152 0.034180 0.021962
0 0.771973 0.173499 0.008789 0.024890
0 0.786621 0.174963 0.020508 0.021962
0 0.816895 0.174963 0.040039 0.021962
0 0.847656 0.174231 0.021484 0.023426
0 0.772949 0.200586 0.006836 0.029283
0 0.772461 0.224744 0.007812 0.019034
0 0.786621 0.211567 0.020508 0.048316
0 0.816406 0.210835 0.039062 0.049780
0 0.847168 0.210835 0.022461 0.049780
0 0.880371 0.173499 0.018555 0.024890
0 0.899902 0.173499 0.020508 0.024890
0 0.919922 0.173499 0.019531 0.024890
0 0.939941 0.173499 0.020508 0.024890
0 0.960938 0.173499 0.021484 0.024890
0 0.980957 0.173499 0.018555 0.024890
0 0.879883 0.210835 0.019531 0.046852
0 0.899902 0.210102 0.020508 0.048316
0 0.919922 0.209370 0.019531 0.046852
0 0.939941 0.209370 0.020508 0.046852
0 0.960449 0.209370 0.020508 0.046852
0 0.980469 0.209370 0.019531 0.046852
0 0.094238 0.169107 0.020508 0.024890
0 0.114746 0.169107 0.020508 0.024890
0 0.136719 0.169839 0.023438 0.026354
0 0.137695 0.208638 0.021484 0.051245
0 0.115723 0.222548 0.022461 0.023426
0 0.115234 0.197657 0.021484 0.026354
0 0.094238 0.206442 0.022461 0.049780
0 0.074707 0.249634 0.030273 0.021962
0 0.108398 0.250366 0.037109 0.020498
0 0.139160 0.249634 0.024414 0.019034
0 0.138672 0.270864 0.025391 0.023426
0 0.107910 0.273060 0.036133 0.019034
0 0.074219 0.272328 0.031250 0.017570
0 0.074219 0.292826 0.031250 0.023426
0 0.107910 0.293558 0.036133 0.021962
0 0.138184 0.294290 0.024414 0.023426
0 0.138672 0.314788 0.023438 0.017570
0 0.108398 0.315520 0.037109 0.016105
0 0.075195 0.333089 0.029297 0.051245
0 0.075684 0.367496 0.030273 0.017570
0 0.109375 0.367496 0.037109 0.017570
0 0.075684 0.387262 0.032227 0.021962
0 0.109863 0.387994 0.036133 0.020498
0 0.139160 0.388726 0.022461 0.021962
0 0.139648 0.409224 0.021484 0.019034
0 0.110352 0.409224 0.037109 0.019034
0 0.075684 0.408492 0.032227 0.017570
0 0.216797 0.401171 0.037109 0.026354
0 0.252930 0.401171 0.035156 0.026354
0 0.289062 0.401171 0.037109 0.026354
0 0.326660 0.401903 0.038086 0.024890
0 0.364258 0.403367 0.037109 0.027818
0 0.401855 0.402635 0.038086 0.029283
0 0.439941 0.401171 0.038086 0.026354
0 0.477051 0.401171 0.036133 0.026354
0 0.514160 0.401171 0.038086 0.026354
0 0.551758 0.402635 0.037109 0.023426
0 0.588867 0.403367 0.037109 0.024890
0 0.626465 0.402635 0.038086 0.026354
0 0.664551 0.401903 0.038086 0.024890
0 0.701660 0.402635 0.036133 0.023426
0 0.738281 0.403367 0.037109 0.024890
0 0.626953 0.459736 0.037109 0.084919
0 0.664062 0.423865 0.037109 0.019034
0 0.701172 0.423865 0.037109 0.019034
0 0.653320 0.467057 0.019531 0.070278
0 0.672363 0.467789 0.018555 0.068814
0 0.690918 0.468521 0.018555 0.070278
0 0.708984 0.468521 0.017578 0.070278
0 0.216309 0.456076 0.038086 0.086384
0 0.252930 0.422401 0.035156 0.019034
0 0.289062 0.454612 0.037109 0.083455
0 0.244141 0.467789 0.017578 0.071742
0 0.262207 0.467789 0.018555 0.071742
