0 0.575195 0.153320 0.064453 0.302734
0 0.641602 0.164062 0.068359 0.324219
0 0.702148 0.188477 0.064453 0.330078
0 0.765625 0.225586 0.058594 0.318359
0 0.824219 0.258789 0.054688 0.314453
0 0.881836 0.289062 0.052734 0.312500
0 0.931641 0.325195 0.054688 0.291016
0 0.981445 0.344727 0.037109 0.263672
0 0.883789 0.076172 0.041016 0.148438
0 0.930664 0.092773 0.052734 0.177734
0 0.979492 0.124023 0.041016 0.169922
0 0.574219 0.452148 0.054688 0.310547
0 0.640625 0.481445 0.074219 0.314453
0 0.704102 0.500977 0.068359 0.306641
0 0.762695 0.529297 0.056641 0.296875
0 0.822266 0.556641 0.054688 0.289062
0 0.877930 0.579102 0.052734 0.271484
0 0.935547 0.601562 0.054688 0.261719
0 0.978516 0.615234 0.042969 0.253906
0 0.484375 0.129883 0.093750 0.255859
0 0.392578 0.104492 0.085938 0.205078
0 0.300781 0.086914 0.089844 0.169922
0 0.206055 0.069336 0.099609 0.134766
0 0.207031 0.310547 0.101562 0.375000
0 0.304688 0.345703 0.097656 0.355469
0 0.395508 0.379883 0.087891 0.349609
0 0.483398 0.416016 0.095703 0.343750
0 0.207031 0.618164 0.101562 0.259766
0 0.305664 0.646484 0.095703 0.246094
0 0.399414 0.678711 0.091797 0.244141
0 0.486328 0.702148 0.093750 0.228516
0 0.579102 0.718750 0.060547 0.207031
0 0.644531 0.736328 0.074219 0.191406
0 0.707031 0.755859 0.062500 0.183594
0 0.765625 0.765625 0.062500 0.179688
0 0.822266 0.783203 0.058594 0.187500
0 0.884766 0.795898 0.042969 0.162109
0 0.934570 0.805664 0.048828 0.154297
0 0.979492 0.816406 0.041016 0.136719
0 0.205078 0.879883 0.109375 0.240234
0 0.304688 0.887695 0.093750 0.224609
0 0.396484 0.900391 0.085938 0.199219
0 0.484375 0.905273 0.089844 0.189453
0 0.578125 0.916016 0.062500 0.167969
0 0.642578 0.917969 0.066406 0.164062
0 0.705078 0.929688 0.062500 0.140625
0 0.765625 0.931641 0.058594 0.136719
0 0.823242 0.939453 0.056641 0.121094
0 0.884766 0.941406 0.046875 0.117188
0 0.932617 0.948242 0.048828 0.103516
0 0.978516 0.948242 0.039062 0.103516
2 0.069336 0.498047 0.134766 0.992188
