0 0.552734 0.186523 0.265625 0.357422
0 0.548828 0.374023 0.265625 0.189453
0 0.728516 0.321289 0.085938 0.357422
0 0.788086 0.357422 0.048828 0.292969
0 0.845703 0.438477 0.066406 0.173828
0 0.916992 0.460938 0.080078 0.167969
0 0.214844 0.275391 0.058594 0.164062
0 0.216797 0.358398 0.050781 0.080078
0 0.212891 0.443359 0.050781 0.136719
0 0.282227 0.292969 0.087891 0.378906
0 0.373047 0.103516 0.082031 0.148438
0 0.366211 0.213867 0.076172 0.193359
0 0.367188 0.350586 0.078125 0.177734
0 0.370117 0.588867 0.076172 0.123047
0 0.221680 0.619141 0.048828 0.093750
0 0.221680 0.708008 0.048828 0.087891
0 0.217773 0.799805 0.044922 0.099609
0 0.367188 0.711914 0.070312 0.123047
0 0.369141 0.831055 0.074219 0.126953
0 0.368164 0.923828 0.076172 0.089844
0 0.445312 0.945312 0.042969 0.078125
0 0.497070 0.929688 0.060547 0.078125
0 0.549805 0.916016 0.048828 0.074219
0 0.584961 0.910156 0.017578 0.066406
0 0.619141 0.907227 0.039062 0.072266
0 0.651367 0.899414 0.025391 0.068359
0 0.721680 0.883789 0.076172 0.060547
0 0.792969 0.863281 0.031250 0.046875
0 0.726562 0.708984 0.089844 0.285156
0 0.838867 0.710938 0.134766 0.281250
