0 0.361328 0.307617 0.113281 0.521484
0 0.461914 0.354492 0.087891 0.494141
0 0.547852 0.398438 0.083984 0.449219
0 0.630859 0.442383 0.082031 0.416016
0 0.708008 0.479492 0.068359 0.392578
0 0.770508 0.513672 0.056641 0.363281
0 0.821289 0.538086 0.052734 0.345703
0 0.878906 0.566406 0.066406 0.328125
0 0.360352 0.631836 0.107422 0.181641
0 0.458008 0.660156 0.083984 0.164062
0 0.547852 0.683594 0.091797 0.160156
0 0.630859 0.700195 0.078125 0.154297
0 0.705078 0.726562 0.074219 0.140625
0 0.775391 0.748047 0.066406 0.128906
0 0.826172 0.759766 0.039062 0.113281
0 0.856445 0.765625 0.033203 0.109375
0 0.890625 0.773438 0.035156 0.117188
0 0.360352 0.846680 0.103516 0.306641
0 0.545898 0.871094 0.091797 0.257812
0 0.632812 0.880859 0.082031 0.238281
0 0.780273 0.898438 0.076172 0.203125
0 0.877930 0.908203 0.068359 0.183594
