0 0.225586 0.448242 0.033203 0.314453
0 0.270508 0.424805 0.052734 0.349609
0 0.307617 0.410156 0.029297 0.359375
0 0.348633 0.393555 0.048828 0.388672
0 0.399414 0.374023 0.056641 0.419922
0 0.460938 0.340820 0.066406 0.466797
0 0.543945 0.307617 0.099609 0.525391
0 0.635742 0.280273 0.087891 0.544922
0 0.586914 0.704102 0.189453 0.353516
0 0.458008 0.703125 0.068359 0.289062
0 0.394531 0.707031 0.054688 0.265625
0 0.344727 0.701172 0.044922 0.242188
0 0.301758 0.702148 0.037109 0.236328
0 0.264648 0.695312 0.048828 0.214844
0 0.228516 0.705078 0.035156 0.207031
