1 0.469444 0.513941 0.077778 0.421933
0 0.590278 0.610595 0.119444 0.124535
0 0.587500 0.284387 0.108333 0.197026
0 0.705556 0.263941 0.116667 0.208178
0 0.833333 0.243494 0.133333 0.219331
0 0.951389 0.228625 0.097222 0.223048
0 0.591667 0.410781 0.111111 0.085502
0 0.705556 0.399628 0.122222 0.089219
0 0.833333 0.388476 0.138889 0.100372
0 0.950000 0.358736 0.094444 0.052045
0 0.590278 0.165428 0.108333 0.074349
0 0.706944 0.147770 0.119444 0.068773
0 0.836111 0.126394 0.127778 0.059480
0 0.588889 0.502788 0.111111 0.094796
0 0.708333 0.497212 0.122222 0.105948
0 0.836111 0.489777 0.133333 0.109665
0 0.954167 0.490706 0.091667 0.096654
0 0.711111 0.610595 0.116667 0.124535
0 0.840278 0.605948 0.141667 0.130112
0 0.956944 0.606877 0.086111 0.128253
0 0.588889 0.703532 0.116667 0.061338
0 0.708333 0.703532 0.127778 0.068773
0 0.841667 0.710037 0.144444 0.078067
0 0.956944 0.709108 0.086111 0.083643
0 0.048611 0.571561 0.036111 0.050186
0 0.093056 0.573420 0.052778 0.046468
0 0.143056 0.574349 0.047222 0.048327
0 0.187500 0.578067 0.041667 0.040892
0 0.231944 0.580855 0.041667 0.042751
0 0.277778 0.580855 0.050000 0.042751
0 0.326389 0.579926 0.047222 0.040892
0 0.368056 0.579926 0.036111 0.040892
0 0.404167 0.580855 0.036111 0.042751
0 0.047222 0.644981 0.033333 0.096654
0 0.088889 0.643123 0.050000 0.092937
0 0.141667 0.643123 0.050000 0.092937
0 0.187500 0.643123 0.041667 0.092937
0 0.231944 0.643123 0.047222 0.085502
0 0.276389 0.644052 0.047222 0.083643
0 0.326389 0.644052 0.047222 0.083643
0 0.368056 0.643123 0.036111 0.085502
0 0.405556 0.643123 0.038889 0.085502
0 0.055556 0.453532 0.033333 0.115242
0 0.098611 0.456320 0.052778 0.109665
0 0.147222 0.464684 0.044444 0.107807
0 0.193056 0.473048 0.041667 0.105948
0 0.237500 0.478625 0.036111 0.102230
0 0.050000 0.528810 0.038889 0.042751
0 0.094444 0.529740 0.050000 0.044610
0 0.145833 0.534387 0.047222 0.039033
0 0.191667 0.540892 0.044444 0.037175
0 0.234722 0.541822 0.036111 0.031599
