0 0.106445 0.270508 0.103516 0.162109
0 0.211914 0.268555 0.107422 0.166016
0 0.325195 0.264648 0.119141 0.158203
0 0.440430 0.263672 0.111328 0.160156
0 0.561523 0.262695 0.130859 0.158203
0 0.681641 0.262695 0.109375 0.158203
0 0.790039 0.260742 0.107422 0.154297
0 0.897461 0.260742 0.107422 0.154297
0 0.100586 0.434570 0.103516 0.150391
0 0.208008 0.431641 0.111328 0.156250
0 0.322266 0.433594 0.117188 0.160156
0 0.444336 0.433594 0.126953 0.160156
0 0.566406 0.437500 0.121094 0.167969
0 0.684570 0.437500 0.115234 0.167969
0 0.793945 0.435547 0.103516 0.164062
0 0.902344 0.431641 0.113281 0.171875
0 0.097656 0.590820 0.097656 0.169922
0 0.206055 0.593750 0.119141 0.164062
0 0.324219 0.591797 0.117188 0.160156
0 0.445312 0.595703 0.125000 0.152344
0 0.561523 0.597656 0.107422 0.156250
0 0.676758 0.594727 0.123047 0.162109
0 0.788086 0.595703 0.099609 0.164062
0 0.899414 0.596680 0.119141 0.166016
0 0.048828 0.672852 0.000000 0.001953
0 0.098633 0.759766 0.099609 0.175781
0 0.210938 0.759766 0.121094 0.175781
0 0.325195 0.761719 0.107422 0.179688
0 0.443359 0.759766 0.128906 0.183594
0 0.565430 0.762695 0.115234 0.189453
0 0.681641 0.765625 0.117188 0.183594
0 0.795898 0.763672 0.111328 0.179688
0 0.907227 0.767578 0.111328 0.171875
0 0.098633 0.922852 0.111328 0.146484
0 0.210938 0.922852 0.113281 0.146484
0 0.326172 0.920898 0.117188 0.142578
0 0.449219 0.918945 0.128906 0.146484
0 0.568359 0.921875 0.109375 0.152344
0 0.683594 0.924805 0.121094 0.146484
0 0.791992 0.925781 0.095703 0.144531
0 0.904297 0.925781 0.128906 0.144531
