0 0.747222 0.213358 0.044444 0.133581
0 0.800000 0.234694 0.061111 0.139147
0 0.854167 0.259740 0.052778 0.141002
0 0.905556 0.286642 0.050000 0.131725
0 0.954167 0.308905 0.041667 0.128015
0 0.987500 0.329314 0.019444 0.120594
0 0.750000 0.347866 0.044444 0.135436
0 0.801389 0.371985 0.058333 0.139147
0 0.855556 0.396104 0.044444 0.135436
0 0.906944 0.417440 0.047222 0.133581
0 0.956944 0.439703 0.041667 0.133581
0 0.988889 0.455473 0.016667 0.120594
0 0.751389 0.488868 0.041667 0.135436
0 0.802778 0.511132 0.055556 0.139147
0 0.855556 0.532468 0.050000 0.137291
0 0.911111 0.556586 0.050000 0.137291
0 0.959722 0.574212 0.047222 0.128015
0 0.991667 0.591837 0.016667 0.129870
0 0.752778 0.630798 0.044444 0.137291
0 0.802778 0.650278 0.055556 0.135436
0 0.856944 0.669759 0.052778 0.133581
0 0.909722 0.690167 0.052778 0.133581
0 0.959722 0.709647 0.047222 0.135436
0 0.991667 0.728200 0.016667 0.139147
0 0.751389 0.778293 0.047222 0.142857
0 0.802778 0.790353 0.055556 0.141002
0 0.858333 0.809833 0.050000 0.139147
0 0.909722 0.826531 0.052778 0.139147
0 0.963889 0.845083 0.050000 0.131725
0 0.752778 0.910946 0.044444 0.115028
0 0.806944 0.924861 0.058333 0.124304
0 0.859722 0.938776 0.047222 0.111317
0 0.912500 0.943414 0.058333 0.079777
