0 0.543945 0.149414 0.083984 0.294922
0 0.438477 0.192383 0.130859 0.380859
0 0.332031 0.261719 0.093750 0.371094
0 0.256836 0.329102 0.052734 0.302734
0 0.207031 0.374023 0.046875 0.275391
0 0.541992 0.471680 0.080078 0.474609
0 0.438477 0.506836 0.134766 0.431641
0 0.331055 0.562500 0.099609 0.355469
0 0.253906 0.600586 0.058594 0.306641
0 0.204102 0.622070 0.048828 0.275391
0 0.153320 0.642578 0.052734 0.257812
0 0.104492 0.667969 0.052734 0.234375
0 0.535156 0.784180 0.074219 0.193359
0 0.438477 0.791992 0.134766 0.177734
0 0.325195 0.760742 0.091797 0.083984
0 0.254883 0.813477 0.060547 0.158203
0 0.205078 0.822266 0.046875 0.148438
0 0.155273 0.827148 0.048828 0.138672
0 0.105469 0.833008 0.054688 0.126953
