0 0.128906 0.494141 0.031250 0.195312
0 0.155273 0.489258 0.025391 0.201172
0 0.177734 0.481445 0.031250 0.201172
0 0.206055 0.478516 0.029297 0.207031
0 0.229492 0.468750 0.025391 0.210938
0 0.253906 0.466797 0.027344 0.218750
0 0.273438 0.460938 0.019531 0.210938
0 0.292969 0.455078 0.019531 0.218750
0 0.314453 0.451172 0.027344 0.226562
0 0.339844 0.444336 0.035156 0.228516
0 0.369141 0.437500 0.035156 0.238281
0 0.400391 0.430664 0.031250 0.240234
0 0.426758 0.424805 0.025391 0.244141
0 0.460938 0.415039 0.046875 0.251953
0 0.505859 0.424805 0.046875 0.310547
0 0.553711 0.409180 0.048828 0.322266
0 0.615234 0.393555 0.082031 0.341797
0 0.693359 0.375977 0.078125 0.376953
0 0.777344 0.359375 0.105469 0.390625
0 0.500000 0.692383 0.058594 0.251953
0 0.548828 0.683594 0.058594 0.242188
0 0.614258 0.684570 0.083984 0.259766
0 0.685547 0.682617 0.082031 0.263672
0 0.772461 0.679688 0.107422 0.281250
