0 0.621094 0.274414 0.175781 0.298828
0 0.799805 0.294922 0.166016 0.269531
0 0.625977 0.698242 0.177734 0.208984
0 0.793945 0.698242 0.158203 0.208984
0 0.620117 0.866211 0.181641 0.126953
0 0.403320 0.708984 0.115234 0.199219
0 0.498047 0.697266 0.062500 0.222656
0 0.495117 0.864258 0.060547 0.111328
0 0.406250 0.855469 0.121094 0.097656
0 0.314453 0.854492 0.062500 0.103516
0 0.248047 0.845703 0.070312 0.085938
0 0.198242 0.837891 0.033203 0.066406
0 0.191406 0.746094 0.039062 0.128906
0 0.249023 0.735352 0.076172 0.150391
0 0.315430 0.726562 0.060547 0.160156
0 0.311523 0.560547 0.056641 0.207031
0 0.402344 0.507812 0.117188 0.253906
0 0.493164 0.483398 0.060547 0.240234
0 0.247070 0.590820 0.072266 0.181641
0 0.192383 0.622070 0.041016 0.146484
0 0.400391 0.310547 0.121094 0.292969
0 0.496094 0.249023 0.062500 0.244141
0 0.314453 0.390625 0.058594 0.203125
0 0.496094 0.075195 0.070312 0.146484
0 0.404297 0.140625 0.117188 0.277344
0 0.315430 0.210938 0.064453 0.253906
0 0.251953 0.284180 0.070312 0.228516
0 0.199219 0.344727 0.039062 0.181641
0 0.198242 0.211914 0.041016 0.201172
0 0.251953 0.130859 0.070312 0.257812
0 0.317383 0.081055 0.056641 0.158203
0 0.379883 0.043945 0.060547 0.083984
0 0.196289 0.085938 0.037109 0.167969
