0 0.280273 0.131836 0.060547 0.083984
0 0.365234 0.132812 0.101562 0.085938
0 0.464844 0.131836 0.097656 0.083984
0 0.567383 0.129883 0.107422 0.087891
0 0.671875 0.131836 0.101562 0.091797
0 0.769531 0.134766 0.093750 0.085938
0 0.287109 0.190430 0.066406 0.037109
0 0.366211 0.192383 0.091797 0.033203
0 0.459961 0.189453 0.095703 0.027344
0 0.564453 0.189453 0.113281 0.027344
0 0.671875 0.191406 0.101562 0.031250
0 0.770508 0.195312 0.095703 0.023438
0 0.284180 0.280273 0.056641 0.138672
0 0.359375 0.277344 0.093750 0.144531
0 0.459961 0.275391 0.107422 0.140625
0 0.565430 0.274414 0.103516 0.142578
0 0.668945 0.275391 0.099609 0.144531
0 0.767578 0.276367 0.097656 0.142578
0 0.280273 0.402344 0.064453 0.113281
0 0.360352 0.399414 0.095703 0.119141
0 0.462891 0.396484 0.109375 0.113281
0 0.567383 0.396484 0.099609 0.113281
0 0.666992 0.400391 0.099609 0.117188
0 0.767578 0.400391 0.101562 0.117188
0 0.280273 0.531250 0.068359 0.148438
0 0.361328 0.530273 0.093750 0.150391
0 0.460938 0.527344 0.105469 0.144531
0 0.566406 0.526367 0.105469 0.146484
0 0.668945 0.525391 0.099609 0.144531
0 0.769531 0.526367 0.101562 0.142578
0 0.281250 0.644531 0.062500 0.093750
0 0.361328 0.644531 0.097656 0.093750
0 0.465820 0.642578 0.111328 0.089844
0 0.571289 0.640625 0.099609 0.093750
0 0.671875 0.640625 0.101562 0.093750
0 0.771484 0.643555 0.097656 0.087891
0 0.284180 0.754883 0.072266 0.134766
0 0.370117 0.750000 0.083984 0.121094
0 0.463867 0.752930 0.103516 0.126953
0 0.566406 0.750977 0.101562 0.130859
0 0.669922 0.751953 0.105469 0.132812
0 0.769531 0.752930 0.093750 0.130859
0 0.282227 0.868164 0.072266 0.095703
0 0.368164 0.866211 0.099609 0.099609
0 0.465820 0.861328 0.095703 0.089844
0 0.564453 0.863281 0.101562 0.085938
0 0.669922 0.861328 0.101562 0.085938
0 0.772461 0.864258 0.103516 0.080078
0 0.092773 0.468750 0.060547 0.058594
0 0.149414 0.463867 0.052734 0.068359
0 0.123047 0.394531 0.105469 0.070312
0 0.120117 0.322266 0.099609 0.074219
