0 0.118164 0.095703 0.095703 0.132812
0 0.122070 0.254883 0.087891 0.107422
0 0.119141 0.394531 0.078125 0.171875
0 0.114258 0.497070 0.087891 0.033203
0 0.114258 0.566406 0.087891 0.105469
0 0.114258 0.636719 0.087891 0.035156
0 0.116211 0.677734 0.091797 0.046875
0 0.119141 0.765625 0.089844 0.128906
0 0.120117 0.848633 0.091797 0.037109
0 0.120117 0.884766 0.091797 0.035156
0 0.119141 0.950195 0.089844 0.095703
0 0.118164 0.020508 0.095703 0.037109
0 0.208984 0.023438 0.089844 0.035156
0 0.212891 0.102539 0.082031 0.123047
0 0.209961 0.180664 0.076172 0.033203
0 0.121094 0.179688 0.093750 0.046875
0 0.207031 0.253906 0.085938 0.109375
0 0.209961 0.328125 0.080078 0.039062
0 0.210938 0.384766 0.082031 0.074219
0 0.210938 0.447266 0.082031 0.050781
0 0.210938 0.493164 0.082031 0.041016
0 0.208984 0.530273 0.085938 0.033203
0 0.208984 0.581055 0.085938 0.068359
0 0.209961 0.633789 0.083984 0.037109
0 0.210938 0.676758 0.085938 0.048828
0 0.215820 0.768555 0.076172 0.134766
0 0.212891 0.853516 0.078125 0.035156
0 0.209961 0.883789 0.083984 0.025391
0 0.212891 0.947266 0.089844 0.101562
0 0.328125 0.020508 0.082031 0.037109
0 0.327148 0.097656 0.083984 0.117188
0 0.325195 0.177734 0.080078 0.042969
0 0.328125 0.253906 0.074219 0.109375
0 0.328125 0.330078 0.074219 0.042969
0 0.329102 0.387695 0.072266 0.072266
0 0.331055 0.454102 0.076172 0.060547
0 0.329102 0.499023 0.080078 0.029297
0 0.327148 0.532227 0.076172 0.037109
0 0.329102 0.583008 0.072266 0.064453
0 0.327148 0.632812 0.072266 0.035156
0 0.325195 0.676758 0.076172 0.052734
0 0.323242 0.770508 0.072266 0.134766
0 0.321289 0.852539 0.076172 0.029297
0 0.324219 0.885742 0.082031 0.037109
0 0.327148 0.952148 0.076172 0.095703
0 0.416992 0.022461 0.083984 0.037109
0 0.416016 0.098633 0.085938 0.115234
0 0.416992 0.172852 0.087891 0.033203
0 0.421875 0.247070 0.078125 0.115234
0 0.421875 0.327148 0.078125 0.044922
0 0.421875 0.387695 0.078125 0.076172
0 0.424805 0.452148 0.083984 0.052734
0 0.421875 0.499023 0.089844 0.041016
0 0.419922 0.536133 0.085938 0.033203
0 0.424805 0.583008 0.076172 0.060547
0 0.423828 0.633789 0.074219 0.041016
0 0.424805 0.677734 0.072266 0.046875
0 0.425781 0.767578 0.074219 0.132812
0 0.419922 0.852539 0.085938 0.037109
0 0.419922 0.891602 0.085938 0.041016
0 0.421875 0.955078 0.082031 0.085938
0 0.528320 0.020508 0.064453 0.033203
0 0.530273 0.101562 0.060547 0.128906
0 0.527344 0.180664 0.054688 0.029297
0 0.524414 0.251953 0.060547 0.117188
0 0.525391 0.330078 0.062500 0.039062
0 0.525391 0.413086 0.062500 0.126953
0 0.527344 0.493164 0.066406 0.033203
0 0.529297 0.530273 0.062500 0.041016
0 0.527344 0.585938 0.058594 0.070312
0 0.525391 0.634766 0.062500 0.027344
0 0.526367 0.674805 0.064453 0.052734
0 0.526367 0.765625 0.064453 0.128906
0 0.528320 0.850586 0.068359 0.041016
0 0.527344 0.890625 0.070312 0.039062
0 0.526367 0.951172 0.068359 0.082031
0 0.641602 0.025391 0.095703 0.039062
0 0.642578 0.105469 0.093750 0.121094
0 0.642578 0.180664 0.093750 0.029297
0 0.644531 0.252930 0.089844 0.115234
0 0.640625 0.327148 0.082031 0.033203
0 0.638672 0.407227 0.085938 0.126953
0 0.646484 0.491211 0.101562 0.041016
0 0.645508 0.529297 0.103516 0.035156
0 0.641602 0.583008 0.095703 0.072266
0 0.641602 0.636719 0.095703 0.035156
0 0.641602 0.678711 0.095703 0.048828
0 0.647461 0.767578 0.083984 0.128906
0 0.649414 0.852539 0.087891 0.037109
0 0.646484 0.887695 0.093750 0.033203
0 0.648438 0.950195 0.097656 0.091797
0 0.694336 0.995117 0.001953 0.001953
0 0.747070 0.955078 0.103516 0.078125
0 0.747070 0.896484 0.103516 0.039062
0 0.746094 0.856445 0.101562 0.041016
0 0.746094 0.772461 0.101562 0.126953
0 0.749023 0.683594 0.107422 0.046875
0 0.746094 0.640625 0.113281 0.039062
0 0.740234 0.588867 0.097656 0.064453
0 0.742188 0.536133 0.093750 0.041016
0 0.740234 0.497070 0.089844 0.037109
0 0.734375 0.411133 0.101562 0.134766
0 0.736328 0.327148 0.105469 0.033203
0 0.740234 0.250000 0.097656 0.121094
0 0.740234 0.175781 0.097656 0.027344
0 0.740234 0.101562 0.097656 0.121094
0 0.737305 0.022461 0.091797 0.037109
0 0.865234 0.023438 0.082031 0.039062
0 0.865234 0.105469 0.082031 0.125000
0 0.864258 0.185547 0.080078 0.035156
0 0.866211 0.257812 0.076172 0.109375
0 0.872070 0.393555 0.087891 0.162109
0 0.873047 0.492188 0.085938 0.035156
0 0.874023 0.528320 0.087891 0.037109
0 0.874023 0.585938 0.087891 0.078125
0 0.876953 0.641602 0.093750 0.033203
0 0.875977 0.679688 0.091797 0.042969
0 0.875977 0.768555 0.091797 0.134766
0 0.876953 0.852539 0.093750 0.033203
0 0.876953 0.886719 0.093750 0.035156
0 0.877930 0.951172 0.091797 0.093750
