0 0.379395 0.027818 0.057617 0.052709
0 0.446289 0.022694 0.062500 0.042460
0 0.510254 0.021962 0.065430 0.040996
0 0.576660 0.022694 0.067383 0.039531
0 0.643066 0.021230 0.065430 0.036603
0 0.708496 0.020498 0.065430 0.038067
0 0.773926 0.018302 0.065430 0.033675
0 0.840332 0.018302 0.067383 0.033675
0 0.906250 0.021230 0.064453 0.039531
0 0.961914 0.021230 0.046875 0.039531
0 0.322754 0.037335 0.047852 0.071742
0 0.321777 0.087848 0.047852 0.023426
0 0.377441 0.144217 0.059570 0.185944
0 0.443359 0.150805 0.064453 0.105417
0 0.443848 0.218887 0.063477 0.030747
0 0.512207 0.150073 0.061523 0.101025
0 0.576660 0.147877 0.067383 0.105417
0 0.643066 0.147877 0.065430 0.105417
0 0.708008 0.149341 0.064453 0.102489
0 0.772949 0.149341 0.065430 0.102489
0 0.838379 0.150073 0.065430 0.101025
0 0.902832 0.148609 0.063477 0.098097
0 0.960449 0.147877 0.051758 0.099561
0 0.511719 0.218155 0.068359 0.029283
0 0.578125 0.216691 0.064453 0.032211
0 0.642090 0.215959 0.063477 0.030747
0 0.707031 0.215959 0.066406 0.030747
0 0.773438 0.218155 0.066406 0.035139
0 0.838867 0.217423 0.064453 0.036603
0 0.904297 0.216691 0.066406 0.035139
0 0.961426 0.216691 0.047852 0.035139
0 0.443848 0.343338 0.061523 0.101025
0 0.508789 0.343338 0.068359 0.101025
0 0.575684 0.341874 0.065430 0.098097
0 0.641113 0.342606 0.065430 0.096633
0 0.706543 0.342606 0.065430 0.096633
0 0.771973 0.341874 0.065430 0.098097
0 0.836914 0.342606 0.062500 0.099561
0 0.901855 0.341874 0.067383 0.101025
0 0.960449 0.341874 0.049805 0.101025
0 0.961914 0.406296 0.046875 0.027818
0 0.903320 0.409224 0.070312 0.021962
0 0.836426 0.412884 0.063477 0.029283
0 0.771973 0.410688 0.065430 0.033675
0 0.706543 0.408492 0.065430 0.029283
0 0.641113 0.407028 0.065430 0.032211
0 0.575684 0.407760 0.065430 0.033675
0 0.510254 0.412152 0.065430 0.024890
0 0.444824 0.412152 0.065430 0.024890
0 0.444336 0.535139 0.058594 0.103953
0 0.507324 0.536603 0.067383 0.101025
0 0.574219 0.535139 0.066406 0.098097
0 0.641602 0.533675 0.068359 0.101025
0 0.707031 0.533675 0.062500 0.101025
0 0.770996 0.535139 0.065430 0.098097
0 0.836914 0.535871 0.066406 0.099561
0 0.902832 0.535139 0.065430 0.101025
0 0.960449 0.533675 0.049805 0.098097
0 0.963379 0.600293 0.043945 0.035139
0 0.906250 0.604685 0.070312 0.026354
0 0.838379 0.606881 0.065430 0.030747
0 0.773438 0.603953 0.064453 0.036603
0 0.709961 0.602489 0.062500 0.033675
0 0.643066 0.603953 0.071289 0.030747
0 0.575195 0.604685 0.064453 0.032211
0 0.509277 0.605417 0.067383 0.030747
0 0.446777 0.605417 0.057617 0.030747
0 0.378906 0.338214 0.062500 0.190337
0 0.378418 0.530015 0.061523 0.193265
0 0.378418 0.724744 0.057617 0.196193
0 0.379395 0.911420 0.055664 0.177160
0 0.444824 0.727672 0.059570 0.102489
0 0.508301 0.729136 0.067383 0.099561
0 0.574707 0.729136 0.065430 0.099561
0 0.641602 0.726940 0.068359 0.103953
0 0.707520 0.728404 0.063477 0.106881
0 0.770996 0.727672 0.063477 0.108346
0 0.836914 0.730600 0.068359 0.114202
0 0.902832 0.733529 0.063477 0.108346
0 0.959473 0.728404 0.049805 0.098097
0 0.959961 0.796486 0.048828 0.038067
0 0.904785 0.797950 0.061523 0.035139
0 0.841309 0.794290 0.065430 0.027818
0 0.773926 0.795754 0.069336 0.024890
0 0.707520 0.795754 0.063477 0.024890
0 0.642090 0.793558 0.067383 0.029283
0 0.574707 0.792094 0.067383 0.026354
0 0.509277 0.792826 0.063477 0.024890
0 0.446777 0.795022 0.061523 0.029283
0 0.442871 0.925329 0.057617 0.099561
0 0.505859 0.926794 0.068359 0.096633
0 0.573242 0.924597 0.066406 0.092240
0 0.639648 0.923133 0.066406 0.095168
0 0.706055 0.923865 0.066406 0.096633
0 0.772461 0.921669 0.066406 0.101025
0 0.837402 0.922401 0.063477 0.102489
0 0.899902 0.924597 0.061523 0.098097
0 0.958496 0.928258 0.055664 0.105417
0 0.962402 0.989019 0.047852 0.016105
0 0.907227 0.986823 0.062500 0.020498
0 0.841797 0.984627 0.068359 0.016105
0 0.772949 0.982430 0.069336 0.020498
0 0.707031 0.983163 0.062500 0.021962
0 0.643066 0.983163 0.065430 0.021962
0 0.576660 0.984627 0.067383 0.024890
0 0.510254 0.986823 0.065430 0.020498
0 0.446289 0.986091 0.062500 0.019034
0 0.321777 0.211567 0.051758 0.098097
0 0.322266 0.275256 0.050781 0.029283
0 0.320312 0.400439 0.050781 0.101025
0 0.321289 0.466325 0.048828 0.030747
0 0.320312 0.587116 0.048828 0.099561
0 0.320312 0.650073 0.048828 0.026354
0 0.319824 0.774524 0.043945 0.096633
0 0.317871 0.838214 0.047852 0.030747
0 0.318359 0.955344 0.050781 0.086384
