0 0.151495 0.154785 0.159948 0.307617
0 0.319246 0.154785 0.175553 0.307617
0 0.496099 0.154785 0.178153 0.307617
0 0.679454 0.156738 0.188557 0.299805
0 0.854356 0.156250 0.176853 0.306641
0 0.148895 0.339844 0.162549 0.066406
0 0.321196 0.343750 0.182055 0.058594
0 0.500650 0.345703 0.176853 0.062500
0 0.677503 0.343262 0.176853 0.067383
0 0.852406 0.339355 0.172952 0.059570
0 0.857607 0.570801 0.162549 0.403320
0 0.682055 0.572754 0.188557 0.399414
0 0.497399 0.570312 0.180754 0.394531
0 0.144993 0.571777 0.172952 0.411133
0 0.146294 0.819336 0.170351 0.091797
0 0.319896 0.819336 0.176853 0.091797
0 0.500650 0.820312 0.184655 0.093750
0 0.680754 0.825684 0.175553 0.083008
0 0.856957 0.826172 0.176853 0.083984
0 0.856957 0.933105 0.176853 0.129883
0 0.678804 0.930176 0.179454 0.135742
0 0.497399 0.931152 0.183355 0.137695
0 0.315995 0.931152 0.189857 0.137695
0 0.151495 0.935547 0.157347 0.128906
3 0.321196 0.616699 0.143043 0.256836
