0 0.091797 0.164062 0.113281 0.164062
0 0.273438 0.172852 0.222656 0.169922
0 0.491211 0.169922 0.212891 0.175781
0 0.701172 0.168945 0.207031 0.173828
0 0.899414 0.170898 0.189453 0.169922
0 0.084961 0.369141 0.134766 0.167969
0 0.267578 0.366211 0.230469 0.173828
0 0.483398 0.366211 0.201172 0.173828
0 0.697266 0.366211 0.226562 0.173828
0 0.902344 0.362305 0.183594 0.166016
0 0.083008 0.564453 0.138672 0.164062
0 0.264648 0.564453 0.224609 0.164062
0 0.482422 0.564453 0.210938 0.164062
0 0.698242 0.564453 0.220703 0.167969
0 0.897461 0.562500 0.177734 0.164062
0 0.091797 0.836914 0.152344 0.322266
0 0.272461 0.836914 0.208984 0.322266
0 0.482422 0.833984 0.210938 0.316406
0 0.695312 0.838867 0.214844 0.306641
0 0.900391 0.838867 0.195312 0.306641
