0 0.012500 0.021717 0.023750 0.041414
0 0.035937 0.022222 0.024375 0.042424
0 0.063437 0.021212 0.023125 0.040404
0 0.088750 0.021212 0.026250 0.040404
0 0.114062 0.021212 0.025625 0.040404
0 0.139063 0.020202 0.024375 0.038384
0 0.165313 0.020202 0.026875 0.038384
0 0.190938 0.021212 0.025625 0.040404
0 0.217500 0.021212 0.026250 0.040404
0 0.243125 0.021212 0.025000 0.040404
0 0.268437 0.021212 0.026875 0.040404
0 0.294687 0.022222 0.025625 0.042424
0 0.320937 0.020202 0.024375 0.038384
0 0.345938 0.020202 0.025625 0.038384
0 0.371250 0.020202 0.023750 0.038384
0 0.396250 0.020202 0.026250 0.038384
0 0.421875 0.020202 0.025000 0.038384
0 0.448125 0.020202 0.027500 0.038384
0 0.474062 0.019697 0.025625 0.037374
0 0.475000 0.075253 0.025000 0.073737
0 0.448437 0.077273 0.026875 0.069697
0 0.422812 0.077273 0.025625 0.069697
0 0.398125 0.077273 0.025000 0.069697
0 0.371875 0.076768 0.027500 0.068687
0 0.346250 0.076263 0.023750 0.069697
0 0.321250 0.076263 0.026250 0.069697
0 0.295938 0.077778 0.024375 0.066667
0 0.270625 0.077778 0.026250 0.066667
0 0.244688 0.077273 0.024375 0.067677
0 0.218438 0.077273 0.028125 0.067677
0 0.192188 0.077273 0.025625 0.067677
0 0.165313 0.077778 0.026875 0.068687
0 0.139063 0.076768 0.025625 0.070707
0 0.114062 0.076263 0.024375 0.069697
0 0.089063 0.076768 0.026875 0.068687
0 0.062187 0.078283 0.025625 0.071717
0 0.038125 0.078283 0.023750 0.071717
0 0.013125 0.078788 0.025000 0.068687
0 0.011250 0.147980 0.021250 0.069697
0 0.036250 0.148990 0.027500 0.067677
0 0.062500 0.151010 0.025000 0.071717
0 0.088125 0.150505 0.026250 0.072727
0 0.114375 0.149495 0.026250 0.070707
0 0.140625 0.149495 0.026250 0.070707
0 0.166250 0.149495 0.025000 0.070707
0 0.192500 0.147980 0.027500 0.073737
0 0.217188 0.147980 0.023125 0.073737
0 0.242188 0.150505 0.025625 0.070707
0 0.268437 0.150000 0.026875 0.069697
0 0.295625 0.148485 0.026250 0.072727
0 0.320312 0.148485 0.024375 0.072727
0 0.345625 0.148990 0.026250 0.071717
0 0.370312 0.148990 0.024375 0.071717
0 0.396250 0.148485 0.027500 0.072727
0 0.422187 0.148485 0.025625 0.072727
0 0.448750 0.149495 0.026250 0.070707
0 0.473438 0.150505 0.024375 0.072727
0 0.474375 0.222727 0.023750 0.071717
0 0.449688 0.222222 0.025625 0.072727
0 0.423750 0.221717 0.026250 0.071717
0 0.397813 0.221212 0.025625 0.072727
0 0.372188 0.221717 0.025625 0.073737
0 0.345938 0.222727 0.026875 0.071717
0 0.319688 0.222727 0.024375 0.071717
0 0.294687 0.221717 0.025625 0.073737
0 0.268437 0.221212 0.026875 0.072727
0 0.243125 0.221212 0.025000 0.072727
0 0.218438 0.221212 0.024375 0.072727
0 0.192188 0.222222 0.026875 0.070707
0 0.167813 0.221212 0.023125 0.068687
0 0.142813 0.220707 0.026875 0.069697
0 0.116250 0.221717 0.026250 0.071717
0 0.090000 0.221717 0.026250 0.071717
0 0.063437 0.221717 0.025625 0.071717
0 0.037187 0.221717 0.026875 0.071717
0 0.012188 0.221717 0.023125 0.071717
0 0.013437 0.295960 0.025625 0.074747
0 0.037812 0.296465 0.024375 0.073737
0 0.063750 0.295960 0.026250 0.072727
0 0.089688 0.296465 0.025625 0.071717
0 0.115625 0.296970 0.026250 0.072727
0 0.141563 0.296465 0.025625 0.073737
0 0.166563 0.296465 0.025625 0.073737
0 0.192188 0.297475 0.026875 0.071717
0 0.218750 0.296970 0.025000 0.070707
0 0.243125 0.295455 0.023750 0.073737
0 0.267813 0.292929 0.025625 0.070707
0 0.294375 0.293939 0.027500 0.068687
0 0.320312 0.296465 0.024375 0.071717
0 0.345938 0.296465 0.025625 0.071717
0 0.371250 0.295960 0.025000 0.070707
0 0.397188 0.295960 0.026875 0.070707
0 0.423438 0.296970 0.025625 0.072727
0 0.447813 0.297475 0.024375 0.071717
0 0.473438 0.296970 0.026875 0.070707
0 0.475000 0.368182 0.025000 0.071717
0 0.448437 0.368687 0.026875 0.070707
0 0.423438 0.368687 0.024375 0.070707
0 0.398125 0.368687 0.026250 0.070707
0 0.372188 0.368687 0.024375 0.070707
0 0.345938 0.369192 0.028125 0.069697
0 0.319688 0.368687 0.024375 0.068687
0 0.295000 0.368687 0.026250 0.068687
0 0.268437 0.369192 0.025625 0.069697
0 0.243438 0.367172 0.024375 0.075758
0 0.218750 0.367172 0.025000 0.075758
0 0.192188 0.367172 0.026875 0.073737
0 0.166563 0.367172 0.024375 0.073737
0 0.141563 0.369697 0.026875 0.068687
0 0.115625 0.372222 0.025000 0.073737
0 0.089688 0.370707 0.026875 0.076768
0 0.063125 0.368687 0.026250 0.070707
0 0.037187 0.368182 0.024375 0.071717
0 0.013125 0.368182 0.025000 0.071717
0 0.013125 0.441919 0.025000 0.075758
0 0.037187 0.441919 0.024375 0.075758
0 0.062812 0.441414 0.026875 0.074747
0 0.088750 0.442929 0.023750 0.071717
0 0.114062 0.443939 0.028125 0.073737
0 0.140937 0.442424 0.025625 0.076768
0 0.166563 0.440909 0.026875 0.073737
0 0.192812 0.440909 0.025625 0.073737
0 0.217188 0.440909 0.024375 0.073737
0 0.242188 0.440909 0.025625 0.073737
0 0.268437 0.440909 0.026875 0.073737
0 0.295625 0.440404 0.026250 0.076768
0 0.320312 0.440404 0.024375 0.076768
0 0.345938 0.440909 0.026875 0.073737
0 0.371875 0.440909 0.023750 0.073737
0 0.397500 0.440909 0.027500 0.073737
0 0.422812 0.439899 0.024375 0.071717
0 0.448125 0.439899 0.026250 0.071717
0 0.473438 0.440909 0.025625 0.073737
0 0.474687 0.515657 0.024375 0.073737
0 0.449688 0.515152 0.026875 0.074747
0 0.424375 0.515152 0.023750 0.074747
0 0.398750 0.515152 0.027500 0.074747
0 0.372188 0.513636 0.025625 0.073737
0 0.346562 0.515152 0.024375 0.072727
0 0.321875 0.515657 0.026250 0.073737
0 0.295625 0.516667 0.026250 0.071717
0 0.269688 0.513636 0.025625 0.067677
0 0.243750 0.513131 0.026250 0.068687
0 0.217188 0.513131 0.025625 0.068687
0 0.193438 0.511616 0.023125 0.071717
0 0.167813 0.513636 0.026875 0.075758
0 0.142187 0.515657 0.025625 0.073737
0 0.116875 0.512626 0.026250 0.069697
0 0.090625 0.513636 0.026250 0.067677
0 0.063437 0.515657 0.026875 0.069697
0 0.038750 0.513636 0.023750 0.071717
0 0.013750 0.512626 0.026250 0.069697
0 0.012500 0.587879 0.023750 0.078788
0 0.037187 0.587374 0.025625 0.079798
0 0.063125 0.586364 0.025000 0.077778
0 0.089688 0.587879 0.028125 0.072727
0 0.116250 0.587879 0.025000 0.072727
0 0.140937 0.587374 0.025625 0.073737
0 0.166563 0.587374 0.026875 0.073737
0 0.192188 0.586869 0.024375 0.074747
0 0.218438 0.586869 0.026875 0.074747
0 0.244375 0.587879 0.025000 0.072727
0 0.269062 0.587879 0.025625 0.072727
0 0.295000 0.588384 0.026250 0.071717
0 0.319688 0.588384 0.024375 0.071717
0 0.345625 0.587374 0.026250 0.075758
0 0.371250 0.585354 0.025000 0.071717
0 0.397500 0.585354 0.027500 0.071717
0 0.425312 0.585859 0.025625 0.074747
0 0.449062 0.587879 0.025625 0.072727
0 0.474687 0.588384 0.025625 0.071717
0 0.013437 0.661111 0.024375 0.071717
0 0.038125 0.660101 0.025000 0.073737
0 0.063750 0.660101 0.026250 0.073737
0 0.090313 0.659596 0.026875 0.074747
0 0.116250 0.659596 0.025000 0.074747
0 0.142187 0.659596 0.025625 0.074747
0 0.167813 0.660606 0.025625 0.076768
0 0.192812 0.660101 0.024375 0.077778
0 0.218125 0.659091 0.026250 0.075758
0 0.244062 0.660101 0.025625 0.073737
0 0.269688 0.659091 0.025625 0.071717
0 0.295000 0.659596 0.025000 0.070707
0 0.320312 0.661111 0.025625 0.073737
0 0.346250 0.660101 0.026250 0.075758
0 0.372188 0.659596 0.025625 0.074747
0 0.398438 0.659596 0.026875 0.074747
0 0.424063 0.660101 0.024375 0.075758
0 0.448750 0.660101 0.025000 0.075758
0 0.474375 0.659596 0.026250 0.074747
0 0.475000 0.733333 0.025000 0.072727
0 0.449375 0.733838 0.026250 0.071717
0 0.423438 0.734343 0.025625 0.072727
0 0.397813 0.732828 0.025625 0.075758
0 0.372188 0.733333 0.025625 0.076768
0 0.346875 0.734343 0.025000 0.074747
0 0.321250 0.733838 0.026250 0.073737
0 0.295312 0.733333 0.025625 0.074747
0 0.270313 0.733838 0.024375 0.075758
0 0.244688 0.734343 0.026875 0.074747
0 0.218750 0.732828 0.025000 0.071717
0 0.193438 0.732828 0.025625 0.071717
0 0.168125 0.732828 0.025000 0.071717
0 0.142813 0.732323 0.025625 0.072727
0 0.116250 0.733838 0.027500 0.075758
0 0.090313 0.733333 0.024375 0.076768
0 0.064687 0.732828 0.026875 0.075758
0 0.039062 0.733838 0.025625 0.073737
0 0.013437 0.732828 0.025625 0.071717
0 0.013125 0.806566 0.023750 0.075758
0 0.037812 0.807071 0.025625 0.074747
0 0.063437 0.806566 0.025625 0.073737
0 0.090000 0.806566 0.027500 0.073737
0 0.116250 0.805556 0.025000 0.071717
0 0.141875 0.804545 0.026250 0.073737
0 0.167813 0.805556 0.025625 0.075758
0 0.193438 0.805556 0.025625 0.075758
0 0.218438 0.804545 0.024375 0.073737
0 0.243750 0.806061 0.026250 0.070707
0 0.269688 0.806566 0.025625 0.071717
0 0.295312 0.806566 0.025625 0.071717
0 0.320937 0.807576 0.025625 0.073737
0 0.346562 0.808081 0.025625 0.072727
0 0.372188 0.808081 0.025625 0.072727
0 0.397500 0.808081 0.025000 0.072727
0 0.422812 0.808081 0.025625 0.072727
0 0.448750 0.807071 0.026250 0.074747
0 0.475313 0.807071 0.026875 0.074747
0 0.475313 0.876263 0.026875 0.063636
0 0.449062 0.876768 0.025625 0.062626
0 0.423125 0.877778 0.026250 0.064646
0 0.397500 0.876263 0.025000 0.067677
0 0.372188 0.876263 0.025625 0.067677
0 0.346562 0.876768 0.025625 0.066667
0 0.321250 0.876768 0.025000 0.066667
0 0.295625 0.876263 0.026250 0.067677
0 0.269688 0.875253 0.025625 0.065657
0 0.243438 0.874747 0.026875 0.066667
0 0.217812 0.874747 0.024375 0.066667
0 0.193125 0.874747 0.025000 0.066667
0 0.167500 0.875758 0.026250 0.068687
0 0.141875 0.875758 0.025000 0.068687
0 0.116250 0.876768 0.026250 0.070707
0 0.089688 0.876768 0.026875 0.070707
0 0.063750 0.875253 0.025000 0.067677
0 0.038437 0.876263 0.025625 0.065657
0 0.013125 0.876768 0.025000 0.066667
0 0.500313 0.019192 0.025625 0.036364
0 0.525937 0.021717 0.025625 0.041414
0 0.551875 0.021717 0.026250 0.041414
0 0.577812 0.020707 0.025625 0.039394
0 0.603125 0.020707 0.026250 0.039394
0 0.629375 0.019192 0.025000 0.036364
0 0.654687 0.019192 0.025625 0.036364
0 0.679688 0.020202 0.024375 0.038384
0 0.705000 0.021212 0.025000 0.040404
0 0.730625 0.021212 0.023750 0.040404
0 0.756563 0.020707 0.026875 0.039394
0 0.781563 0.020707 0.024375 0.039394
0 0.807187 0.021212 0.025625 0.040404
0 0.833750 0.022222 0.025000 0.042424
0 0.859062 0.021717 0.025625 0.041414
0 0.885000 0.022222 0.025000 0.042424
0 0.910625 0.023232 0.025000 0.044444
0 0.936875 0.020707 0.026250 0.039394
0 0.962187 0.020707 0.025625 0.039394
0 0.986875 0.022222 0.022500 0.042424
0 0.499375 0.075758 0.025000 0.074747
0 0.525000 0.076768 0.026250 0.072727
0 0.551250 0.075758 0.026250 0.070707
0 0.576562 0.076263 0.024375 0.069697
0 0.602187 0.076768 0.026875 0.070707
0 0.628437 0.076263 0.025625 0.071717
0 0.653438 0.076768 0.024375 0.072727
0 0.679063 0.078788 0.026875 0.068687
0 0.705625 0.078283 0.026250 0.067677
0 0.730938 0.077778 0.024375 0.068687
0 0.756563 0.077778 0.026875 0.068687
0 0.781875 0.077273 0.023750 0.069697
0 0.807187 0.078283 0.026875 0.071717
0 0.833438 0.078283 0.025625 0.071717
0 0.858750 0.077273 0.025000 0.069697
0 0.884062 0.077778 0.025625 0.068687
0 0.910625 0.078788 0.027500 0.070707
0 0.936562 0.078788 0.024375 0.070707
0 0.962187 0.078788 0.026875 0.070707
0 0.987187 0.078283 0.023125 0.071717
0 0.500000 0.150000 0.026250 0.075758
0 0.526250 0.150505 0.026250 0.074747
0 0.552188 0.149495 0.025625 0.072727
0 0.577187 0.149495 0.024375 0.072727
0 0.603125 0.150000 0.027500 0.073737
0 0.629687 0.150000 0.025625 0.073737
0 0.655000 0.150000 0.025000 0.073737
0 0.679688 0.151010 0.024375 0.071717
0 0.704688 0.150505 0.025625 0.070707
0 0.730000 0.149495 0.025000 0.072727
0 0.756250 0.150000 0.027500 0.073737
0 0.781875 0.150505 0.023750 0.072727
0 0.806875 0.150505 0.026250 0.072727
0 0.833438 0.150505 0.026875 0.072727
0 0.859375 0.151010 0.025000 0.073737
0 0.884687 0.150505 0.025625 0.074747
0 0.910000 0.150000 0.025000 0.073737
0 0.936250 0.150505 0.027500 0.072727
0 0.961562 0.150000 0.023125 0.071717
0 0.985625 0.150000 0.025000 0.071717
0 0.499688 0.223737 0.026875 0.071717
0 0.525937 0.223737 0.025625 0.071717
0 0.551562 0.222727 0.025625 0.069697
0 0.577500 0.222727 0.026250 0.069697
0 0.603125 0.223232 0.025000 0.070707
0 0.629062 0.223737 0.026875 0.069697
0 0.655312 0.223232 0.025625 0.068687
0 0.680312 0.222727 0.024375 0.071717
0 0.705313 0.223232 0.025625 0.072727
0 0.730938 0.223232 0.025625 0.072727
0 0.756563 0.222727 0.025625 0.071717
0 0.781875 0.222727 0.025000 0.071717
0 0.806562 0.222727 0.024375 0.071717
0 0.832500 0.223232 0.027500 0.070707
0 0.858125 0.223232 0.023750 0.070707
0 0.883750 0.223232 0.027500 0.070707
0 0.910312 0.224747 0.025625 0.073737
0 0.935625 0.224747 0.025000 0.073737
0 0.961250 0.224242 0.026250 0.072727
0 0.986563 0.223737 0.024375 0.073737
0 0.499688 0.296970 0.025625 0.072727
0 0.525312 0.296465 0.025625 0.073737
0 0.550937 0.295455 0.025625 0.071717
0 0.577187 0.294949 0.026875 0.072727
0 0.602812 0.295960 0.024375 0.074747
0 0.628437 0.296970 0.026875 0.072727
0 0.653750 0.296465 0.023750 0.071717
0 0.678750 0.295455 0.026250 0.073737
0 0.705000 0.294444 0.026250 0.071717
0 0.730938 0.295455 0.025625 0.069697
0 0.756875 0.296465 0.026250 0.071717
0 0.782188 0.295960 0.024375 0.072727
0 0.807187 0.295960 0.025625 0.072727
0 0.833125 0.296465 0.026250 0.071717
0 0.858750 0.296970 0.025000 0.072727
0 0.883750 0.297980 0.025000 0.070707
0 0.909375 0.298990 0.026250 0.072727
0 0.934688 0.298485 0.024375 0.073737
0 0.960938 0.297980 0.028125 0.072727
0 0.987187 0.298485 0.024375 0.071717
0 0.500000 0.369192 0.026250 0.071717
0 0.525937 0.368182 0.025625 0.073737
0 0.551875 0.367172 0.026250 0.071717
0 0.578125 0.367172 0.026250 0.071717
0 0.604062 0.368182 0.025625 0.073737
0 0.630000 0.368182 0.026250 0.073737
0 0.655000 0.367677 0.023750 0.072727
0 0.680312 0.367172 0.026875 0.073737
0 0.706875 0.367172 0.026250 0.073737
0 0.732187 0.367677 0.024375 0.072727
0 0.756875 0.367677 0.025000 0.072727
0 0.781875 0.368687 0.025000 0.070707
0 0.807813 0.369192 0.026875 0.071717
0 0.833750 0.368687 0.025000 0.072727
0 0.859375 0.368687 0.026250 0.072727
0 0.884687 0.369192 0.024375 0.071717
0 0.909687 0.369192 0.025625 0.071717
0 0.934375 0.369697 0.023750 0.070707
0 0.960625 0.369697 0.028750 0.070707
0 0.987187 0.369192 0.024375 0.071717
0 0.499063 0.440404 0.024375 0.074747
0 0.525312 0.441414 0.028125 0.072727
0 0.551250 0.440909 0.023750 0.071717
0 0.576875 0.440404 0.027500 0.072727
0 0.603125 0.440404 0.025000 0.072727
0 0.629375 0.441919 0.027500 0.069697
0 0.654687 0.442424 0.023125 0.070707
0 0.680312 0.440404 0.028125 0.074747
0 0.706875 0.440909 0.025000 0.075758
0 0.732187 0.442424 0.025625 0.072727
0 0.757812 0.443434 0.025625 0.074747
0 0.782500 0.442929 0.023750 0.075758
0 0.807500 0.441919 0.026250 0.073737
0 0.833438 0.441919 0.025625 0.073737
0 0.859688 0.442424 0.026875 0.074747
0 0.885000 0.442929 0.023750 0.073737
0 0.909375 0.442424 0.025000 0.072727
0 0.933750 0.442929 0.023750 0.071717
0 0.959063 0.443939 0.026875 0.073737
0 0.985313 0.444444 0.025625 0.072727
0 0.500000 0.514646 0.027500 0.073737
0 0.526250 0.513636 0.025000 0.075758
0 0.551562 0.513636 0.025625 0.075758
0 0.577500 0.515152 0.026250 0.072727
0 0.603125 0.514646 0.025000 0.071717
0 0.628437 0.513636 0.025625 0.073737
0 0.654375 0.513636 0.026250 0.073737
0 0.680937 0.514141 0.026875 0.072727
0 0.706562 0.514141 0.024375 0.072727
0 0.732500 0.515152 0.027500 0.070707
0 0.757812 0.515152 0.023125 0.070707
0 0.782188 0.515152 0.025625 0.070707
0 0.807813 0.514646 0.025625 0.069697
0 0.833438 0.513636 0.025625 0.071717
0 0.859375 0.514646 0.026250 0.073737
0 0.884687 0.515657 0.024375 0.071717
0 0.909375 0.516162 0.025000 0.072727
0 0.934375 0.515657 0.025000 0.073737
0 0.960313 0.516162 0.026875 0.074747
0 0.986250 0.516162 0.025000 0.074747
0 0.500000 0.588889 0.026250 0.072727
0 0.525937 0.588384 0.025625 0.073737
0 0.551875 0.588889 0.023750 0.072727
0 0.576562 0.587879 0.025625 0.074747
0 0.602187 0.587374 0.025625 0.073737
0 0.628125 0.587374 0.026250 0.073737
0 0.654375 0.587879 0.026250 0.074747
0 0.680625 0.587879 0.026250 0.074747
0 0.705937 0.587374 0.024375 0.073737
0 0.731875 0.588384 0.027500 0.071717
0 0.757188 0.588889 0.023125 0.072727
0 0.781875 0.588384 0.026250 0.073737
0 0.807500 0.587879 0.025000 0.072727
0 0.833125 0.587374 0.026250 0.073737
0 0.858437 0.586869 0.024375 0.072727
0 0.883750 0.587879 0.026250 0.070707
0 0.909375 0.588889 0.025000 0.072727
0 0.934688 0.588384 0.025625 0.073737
0 0.960313 0.588384 0.025625 0.073737
0 0.985313 0.589394 0.024375 0.071717
0 0.500625 0.660101 0.025000 0.071717
0 0.526250 0.659596 0.026250 0.072727
0 0.552188 0.660606 0.025625 0.074747
0 0.577812 0.661616 0.025625 0.072727
0 0.603437 0.661111 0.025625 0.071717
0 0.629375 0.661616 0.026250 0.070707
0 0.655312 0.663636 0.025625 0.074747
0 0.681562 0.662626 0.026875 0.076768
0 0.707187 0.661111 0.024375 0.073737
0 0.732812 0.662121 0.026875 0.071717
0 0.757812 0.662121 0.023125 0.071717
0 0.782188 0.661616 0.025625 0.072727
0 0.807813 0.660606 0.025625 0.070707
0 0.832812 0.660606 0.024375 0.070707
0 0.857500 0.660606 0.025000 0.070707
0 0.883437 0.660606 0.026875 0.070707
0 0.910000 0.661111 0.026250 0.071717
0 0.935312 0.661616 0.024375 0.070707
0 0.960625 0.661616 0.026250 0.070707
0 0.986563 0.660606 0.025625 0.072727
0 0.499688 0.732828 0.025625 0.073737
0 0.525625 0.732828 0.026250 0.073737
0 0.551875 0.733333 0.026250 0.074747
0 0.577812 0.733838 0.025625 0.073737
0 0.603437 0.733333 0.025625 0.072727
0 0.629375 0.734343 0.026250 0.070707
0 0.655000 0.735354 0.025000 0.072727
0 0.680937 0.734848 0.026875 0.073737
0 0.706562 0.733838 0.024375 0.071717
0 0.732187 0.733333 0.026875 0.072727
0 0.756875 0.732828 0.022500 0.071717
0 0.781563 0.733333 0.026875 0.070707
0 0.807813 0.733838 0.025625 0.071717
0 0.833125 0.733333 0.025000 0.072727
0 0.858750 0.733838 0.026250 0.073737
0 0.884687 0.733838 0.025625 0.073737
0 0.910000 0.733333 0.025000 0.072727
0 0.935000 0.733333 0.025000 0.072727
0 0.960625 0.734848 0.026250 0.075758
0 0.986250 0.734848 0.025000 0.075758
0 0.500000 0.806566 0.026250 0.073737
0 0.526250 0.807071 0.026250 0.072727
0 0.552188 0.807576 0.025625 0.073737
0 0.578750 0.806566 0.027500 0.075758
0 0.604062 0.806061 0.023125 0.074747
0 0.629062 0.807576 0.026875 0.071717
0 0.655000 0.806061 0.025000 0.068687
0 0.680937 0.804545 0.026875 0.071717
0 0.706250 0.804545 0.023750 0.071717
0 0.731875 0.804545 0.027500 0.071717
0 0.756875 0.805051 0.022500 0.072727
0 0.781250 0.805556 0.026250 0.071717
0 0.806875 0.806566 0.025000 0.073737
0 0.832812 0.807071 0.026875 0.072727
0 0.858750 0.806566 0.025000 0.071717
0 0.884062 0.806566 0.025625 0.071717
0 0.910625 0.807071 0.027500 0.072727
0 0.936562 0.807071 0.024375 0.072727
0 0.962187 0.807071 0.026875 0.072727
0 0.987187 0.807071 0.023125 0.072727
0 0.499375 0.877778 0.026250 0.066667
0 0.526250 0.877273 0.027500 0.067677
0 0.552188 0.876263 0.024375 0.065657
0 0.577500 0.876768 0.026250 0.064646
0 0.602812 0.877273 0.024375 0.065657
0 0.629062 0.875758 0.028125 0.068687
0 0.655312 0.873737 0.024375 0.064646
0 0.680937 0.874242 0.026875 0.063636
0 0.706562 0.876768 0.024375 0.068687
0 0.732187 0.876263 0.026875 0.069697
0 0.757500 0.875253 0.023750 0.067677
0 0.781250 0.875253 0.023750 0.067677
0 0.806562 0.874242 0.026875 0.065657
0 0.833125 0.874747 0.026250 0.064646
0 0.859375 0.876263 0.026250 0.063636
0 0.885312 0.875253 0.025625 0.065657
0 0.910937 0.876768 0.025625 0.068687
0 0.935937 0.876263 0.023125 0.071717
0 0.960313 0.873232 0.025625 0.065657
0 0.985938 0.874747 0.025625 0.062626
