0 0.165039 0.244141 0.095703 0.125000
0 0.257812 0.245117 0.089844 0.123047
0 0.375000 0.241211 0.144531 0.115234
0 0.515625 0.239258 0.136719 0.119141
0 0.662109 0.239258 0.156250 0.119141
0 0.704102 0.333984 0.076172 0.058594
0 0.626953 0.333984 0.078125 0.058594
0 0.554688 0.333008 0.066406 0.056641
0 0.484375 0.333008 0.074219 0.056641
0 0.413086 0.332031 0.068359 0.054688
0 0.340820 0.332031 0.076172 0.054688
0 0.256836 0.331055 0.091797 0.052734
0 0.165039 0.332031 0.091797 0.050781
0 0.167969 0.401367 0.097656 0.076172
0 0.259766 0.402344 0.085938 0.074219
0 0.340820 0.398438 0.076172 0.066406
0 0.416016 0.395508 0.074219 0.072266
0 0.487305 0.399414 0.068359 0.080078
0 0.553711 0.402344 0.064453 0.074219
0 0.624023 0.400391 0.076172 0.070312
0 0.701172 0.402344 0.078125 0.066406
0 0.778320 0.403320 0.076172 0.068359
0 0.830078 0.401367 0.027344 0.072266
0 0.875977 0.402344 0.064453 0.074219
0 0.921875 0.401367 0.027344 0.076172
0 0.776367 0.245117 0.068359 0.119141
0 0.824219 0.244141 0.027344 0.121094
0 0.870117 0.241211 0.064453 0.115234
0 0.914062 0.242188 0.023438 0.113281
0 0.775391 0.333008 0.070312 0.056641
0 0.824219 0.330078 0.027344 0.062500
0 0.875000 0.331055 0.074219 0.064453
0 0.921875 0.332031 0.019531 0.062500
0 0.168945 0.514648 0.087891 0.146484
0 0.232422 0.514648 0.039062 0.146484
0 0.316406 0.518555 0.128906 0.146484
0 0.455078 0.516602 0.148438 0.150391
0 0.590820 0.513672 0.123047 0.144531
0 0.708008 0.513672 0.111328 0.144531
0 0.789062 0.514648 0.050781 0.146484
0 0.829102 0.512695 0.029297 0.150391
0 0.875977 0.510742 0.056641 0.154297
0 0.918945 0.510742 0.029297 0.154297
0 0.156250 0.627930 0.070312 0.080078
0 0.202148 0.626953 0.021484 0.082031
0 0.226562 0.628906 0.027344 0.085938
0 0.272461 0.631836 0.064453 0.080078
0 0.340820 0.628906 0.072266 0.074219
0 0.411133 0.627930 0.068359 0.076172
0 0.481445 0.626953 0.072266 0.074219
0 0.553711 0.627930 0.072266 0.072266
0 0.627930 0.630859 0.076172 0.078125
0 0.701172 0.628906 0.070312 0.082031
0 0.774414 0.627930 0.076172 0.080078
0 0.826172 0.627930 0.027344 0.080078
0 0.873047 0.628906 0.066406 0.082031
0 0.919922 0.628906 0.027344 0.082031
0 0.156250 0.745117 0.066406 0.158203
0 0.203125 0.746094 0.027344 0.156250
0 0.234375 0.745117 0.035156 0.154297
0 0.301758 0.747070 0.048828 0.154297
0 0.399414 0.746094 0.087891 0.152344
0 0.483398 0.747070 0.076172 0.154297
0 0.578125 0.748047 0.113281 0.152344
0 0.719727 0.748047 0.126953 0.148438
0 0.822266 0.747070 0.027344 0.154297
0 0.871094 0.747070 0.070312 0.154297
0 0.917969 0.745117 0.023438 0.150391
0 0.155273 0.843750 0.068359 0.054688
0 0.202148 0.844727 0.025391 0.052734
0 0.228516 0.843750 0.027344 0.050781
0 0.270508 0.846680 0.056641 0.044922
0 0.333984 0.845703 0.070312 0.042969
0 0.407227 0.844727 0.076172 0.044922
0 0.482422 0.845703 0.074219 0.046875
0 0.552734 0.844727 0.066406 0.048828
0 0.624023 0.844727 0.076172 0.048828
0 0.702148 0.844727 0.080078 0.048828
0 0.778320 0.845703 0.072266 0.050781
0 0.825195 0.846680 0.021484 0.048828
0 0.882812 0.845703 0.093750 0.046875
0 0.164062 0.883789 0.082031 0.029297
0 0.165039 0.948242 0.080078 0.099609
0 0.255859 0.939453 0.046875 0.121094
0 0.328125 0.945312 0.082031 0.109375
0 0.411133 0.943359 0.080078 0.109375
0 0.474609 0.945312 0.042969 0.109375
0 0.551758 0.947266 0.052734 0.105469
0 0.622070 0.945312 0.083984 0.109375
0 0.706055 0.945312 0.080078 0.109375
0 0.799805 0.936523 0.033203 0.126953
0 0.827148 0.935547 0.017578 0.128906
0 0.885742 0.948242 0.080078 0.103516
0 0.884766 0.884766 0.093750 0.031250
