0 0.675781 0.356445 0.113281 0.369141
0 0.676758 0.586914 0.119141 0.294922
0 0.677734 0.776367 0.109375 0.232422
0 0.676758 0.936523 0.107422 0.126953
0 0.771484 0.500000 0.054688 0.226562
0 0.819336 0.573242 0.044922 0.193359
0 0.859375 0.626953 0.031250 0.164062
0 0.772461 0.671875 0.056641 0.210938
0 0.823242 0.718750 0.041016 0.160156
0 0.861328 0.759766 0.031250 0.144531
0 0.773438 0.828125 0.054688 0.171875
0 0.821289 0.859375 0.029297 0.128906
0 0.783203 0.952148 0.054688 0.095703
0 0.502930 0.754883 0.134766 0.212891
0 0.507812 0.925781 0.136719 0.148438
0 0.501953 0.559570 0.140625 0.248047
0 0.507812 0.331055 0.113281 0.298828
0 0.365234 0.420898 0.136719 0.287109
0 0.253906 0.491211 0.074219 0.201172
0 0.253906 0.657227 0.062500 0.177734
0 0.364258 0.612305 0.134766 0.228516
0 0.359375 0.787109 0.144531 0.207031
0 0.365234 0.932617 0.132812 0.123047
0 0.250977 0.819336 0.068359 0.173828
0 0.252930 0.947266 0.068359 0.105469
0 0.180664 0.951172 0.072266 0.097656
0 0.181641 0.833984 0.066406 0.148438
0 0.182617 0.686523 0.068359 0.162109
0 0.180664 0.544922 0.064453 0.179688
