0 0.114746 0.525622 0.036133 0.120059
0 0.140137 0.528551 0.036133 0.105417
0 0.104980 0.644949 0.036133 0.118594
0 0.131348 0.646413 0.036133 0.115666
0 0.179688 0.647877 0.039062 0.115666
0 0.202637 0.645681 0.024414 0.114202
0 0.187988 0.530015 0.034180 0.111274
0 0.212891 0.530015 0.027344 0.111274
0 0.339355 0.533675 0.024414 0.109810
0 0.361328 0.533675 0.025391 0.112738
0 0.380859 0.533675 0.023438 0.112738
0 0.401855 0.533675 0.024414 0.109810
0 0.423340 0.534407 0.020508 0.111274
0 0.443848 0.535139 0.020508 0.109810
0 0.334961 0.647877 0.029297 0.115666
0 0.356934 0.647877 0.024414 0.118594
0 0.378418 0.647877 0.024414 0.112738
0 0.399414 0.648609 0.023438 0.114202
0 0.420898 0.647877 0.023438 0.112738
0 0.443848 0.649341 0.022461 0.118594
0 0.566406 0.532943 0.023438 0.111274
0 0.586426 0.532943 0.022461 0.111274
0 0.608887 0.532943 0.022461 0.111274
0 0.628906 0.534407 0.023438 0.111274
0 0.649414 0.533675 0.023438 0.109810
0 0.670410 0.533675 0.024414 0.112738
0 0.567871 0.648609 0.024414 0.120059
0 0.589844 0.647877 0.023438 0.118594
0 0.795410 0.534407 0.018555 0.108346
0 0.812500 0.534407 0.025391 0.105417
0 0.832520 0.535871 0.028320 0.105417
0 0.853516 0.536603 0.027344 0.106881
0 0.874023 0.535139 0.029297 0.106881
0 0.895020 0.536603 0.032227 0.109810
0 0.803223 0.651537 0.016602 0.114202
0 0.819824 0.650073 0.026367 0.114202
0 0.840332 0.649341 0.028320 0.112738
0 0.862305 0.650805 0.031250 0.112738
0 0.882812 0.652269 0.033203 0.109810
0 0.902832 0.651537 0.028320 0.111274
0 0.076660 0.918009 0.028320 0.067350
0 0.101074 0.917277 0.028320 0.062958
0 0.123535 0.916545 0.026367 0.064422
0 0.146484 0.916545 0.027344 0.061493
0 0.168945 0.917277 0.029297 0.057101
0 0.184570 0.919473 0.013672 0.061493
0 0.324219 0.920205 0.025391 0.068814
0 0.347656 0.920937 0.021484 0.064422
0 0.370605 0.921669 0.024414 0.062958
0 0.393555 0.920937 0.021484 0.061493
0 0.416016 0.920205 0.023438 0.062958
0 0.439453 0.921669 0.023438 0.065886
0 0.571777 0.921669 0.024414 0.065886
0 0.595215 0.921669 0.022461 0.065886
0 0.618164 0.921669 0.023438 0.065886
0 0.640137 0.921669 0.022461 0.065886
0 0.662598 0.921669 0.024414 0.065886
0 0.686035 0.921669 0.026367 0.065886
0 0.824707 0.920205 0.010742 0.060029
0 0.839355 0.919473 0.028320 0.058565
0 0.862305 0.920937 0.025391 0.058565
0 0.884766 0.921669 0.029297 0.057101
0 0.906738 0.920937 0.028320 0.058565
0 0.930664 0.920937 0.031250 0.061493
