0 0.358333 0.383053 0.055556 0.093838
0 0.412963 0.401261 0.051852 0.088235
0 0.258796 0.486695 0.019444 0.091036
0 0.411111 0.547619 0.031481 0.100840
0 0.443981 0.556723 0.030556 0.102241
0 0.482407 0.567227 0.038889 0.103641
0 0.464815 0.420868 0.024074 0.082633
0 0.490278 0.425770 0.026852 0.078431
0 0.384259 0.541317 0.024074 0.105042
0 0.528704 0.477591 0.042593 0.044818
0 0.568981 0.495798 0.039815 0.047619
0 0.281481 0.691176 0.059259 0.099440
0 0.337500 0.693978 0.054630 0.088235
0 0.390741 0.696779 0.051852 0.071429
0 0.441204 0.702381 0.049074 0.060224
