0 0.160645 0.435967 0.049805 0.133515
0 0.209961 0.455041 0.048828 0.092643
0 0.210449 0.389646 0.047852 0.038147
0 0.255859 0.452316 0.041016 0.166213
0 0.297363 0.471390 0.041992 0.207084
0 0.339844 0.490463 0.042969 0.245232
0 0.377441 0.443460 0.034180 0.151226
0 0.420410 0.463215 0.051758 0.111717
0 0.420898 0.388283 0.050781 0.038147
0 0.471680 0.445504 0.050781 0.149864
0 0.520996 0.446185 0.047852 0.151226
0 0.560059 0.445504 0.030273 0.149864
0 0.604004 0.388283 0.057617 0.035422
0 0.605469 0.465259 0.058594 0.115804
0 0.376953 0.567439 0.033203 0.096730
0 0.419922 0.587875 0.052734 0.140327
0 0.472168 0.608992 0.051758 0.185286
0 0.521484 0.635559 0.050781 0.232970
0 0.561035 0.549728 0.032227 0.055858
0 0.604980 0.549046 0.055664 0.057221
0 0.589844 0.606267 0.087891 0.057221
0 0.561035 0.720027 0.028320 0.175749
0 0.779297 0.717302 0.044922 0.170300
0 0.828613 0.649864 0.038086 0.029973
0 0.829102 0.735695 0.046875 0.136240
0 0.604492 0.649864 0.050781 0.029973
0 0.604980 0.735014 0.040039 0.118529
4 0.605469 0.738420 0.060547 0.149864
