0 0.646484 0.632812 0.050781 0.070312
0 0.699219 0.629883 0.058594 0.076172
0 0.757812 0.623047 0.070312 0.074219
0 0.646484 0.749023 0.050781 0.189453
0 0.700195 0.750977 0.060547 0.197266
0 0.759766 0.745117 0.074219 0.208984
0 0.644531 0.874023 0.050781 0.068359
0 0.697266 0.878906 0.054688 0.070312
0 0.760742 0.878906 0.072266 0.070312
0 0.642578 0.499023 0.054688 0.080078
0 0.696289 0.484375 0.052734 0.078125
0 0.758789 0.469727 0.064453 0.076172
0 0.645508 0.347656 0.041016 0.246094
0 0.698242 0.330078 0.056641 0.265625
0 0.754883 0.309570 0.064453 0.271484
0 0.649414 0.197266 0.041016 0.082031
0 0.698242 0.179688 0.064453 0.101562
0 0.759766 0.151367 0.074219 0.115234
