0 0.615234 0.811523 0.167969 0.154297
0 0.461914 0.871094 0.146484 0.140625
0 0.336914 0.929688 0.029297 0.070312
0 0.370117 0.919922 0.029297 0.062500
0 0.318359 0.937500 0.023438 0.066406
0 0.582031 0.026367 0.097656 0.048828
0 0.612305 0.072266 0.158203 0.140625
0 0.613281 0.163086 0.164062 0.154297
0 0.613281 0.270508 0.164062 0.146484
0 0.575195 0.379883 0.087891 0.103516
0 0.656250 0.370117 0.082031 0.115234
0 0.615234 0.495117 0.167969 0.138672
0 0.503906 0.496094 0.054688 0.125000
0 0.505859 0.393555 0.054688 0.091797
0 0.458984 0.396484 0.039062 0.085938
0 0.439453 0.493164 0.078125 0.115234
0 0.419922 0.399414 0.035156 0.091797
0 0.420898 0.317383 0.037109 0.095703
0 0.486328 0.302734 0.089844 0.117188
0 0.485352 0.205078 0.095703 0.128906
0 0.422852 0.231445 0.041016 0.099609
0 0.417969 0.144531 0.039062 0.093750
0 0.482422 0.050781 0.093750 0.097656
0 0.421875 0.074219 0.039062 0.078125
0 0.371094 0.098633 0.066406 0.091797
0 0.370117 0.166992 0.064453 0.099609
0 0.368164 0.244141 0.068359 0.101562
0 0.370117 0.327148 0.068359 0.095703
0 0.372070 0.405273 0.068359 0.083984
0 0.370117 0.490234 0.068359 0.105469
0 0.323242 0.493164 0.029297 0.099609
0 0.326172 0.411133 0.027344 0.076172
0 0.325195 0.338867 0.025391 0.080078
0 0.326172 0.264648 0.027344 0.080078
0 0.325195 0.189453 0.025391 0.078125
0 0.323242 0.123047 0.029297 0.062500
0 0.297852 0.201172 0.025391 0.085938
0 0.299805 0.270508 0.029297 0.080078
0 0.297852 0.338867 0.025391 0.080078
0 0.298828 0.412109 0.031250 0.078125
0 0.296875 0.497070 0.023438 0.091797
0 0.265625 0.495117 0.035156 0.091797
0 0.266602 0.415039 0.037109 0.072266
0 0.267578 0.347656 0.035156 0.074219
0 0.268555 0.281250 0.041016 0.074219
0 0.263672 0.216797 0.042969 0.085938
0 0.225586 0.234375 0.037109 0.078125
0 0.224609 0.292969 0.042969 0.074219
0 0.215820 0.357422 0.025391 0.066406
0 0.239258 0.353516 0.021484 0.070312
0 0.215820 0.420898 0.021484 0.060547
0 0.238281 0.419922 0.019531 0.062500
0 0.236328 0.493164 0.019531 0.083984
0 0.215820 0.491211 0.025391 0.083984
