0 0.317383 0.102539 0.072266 0.201172
0 0.376953 0.119141 0.054688 0.234375
0 0.315430 0.285156 0.072266 0.257812
0 0.376953 0.311523 0.046875 0.216797
0 0.315430 0.498047 0.064453 0.246094
0 0.373047 0.517578 0.039062 0.222656
0 0.317383 0.762695 0.064453 0.291016
0 0.375977 0.764648 0.052734 0.287109
0 0.490234 0.185547 0.062500 0.250000
0 0.569336 0.255859 0.041016 0.218750
0 0.660156 0.322266 0.046875 0.207031
0 0.695312 0.350586 0.031250 0.185547
0 0.630859 0.103516 0.050781 0.148438
0 0.677734 0.145508 0.042969 0.134766
0 0.708984 0.027344 0.042969 0.050781
0 0.754883 0.059570 0.052734 0.099609
0 0.801758 0.112305 0.041016 0.103516
0 0.839844 0.150391 0.031250 0.082031
0 0.877930 0.188477 0.033203 0.080078
0 0.912109 0.224609 0.031250 0.070312
0 0.764648 0.228516 0.044922 0.125000
0 0.842773 0.291992 0.033203 0.123047
0 0.884766 0.333984 0.031250 0.109375
0 0.910156 0.349609 0.019531 0.101562
0 0.946289 0.387695 0.037109 0.111328
0 0.486328 0.378906 0.062500 0.195312
0 0.572266 0.424805 0.031250 0.154297
0 0.489258 0.554688 0.068359 0.210938
0 0.494141 0.762695 0.058594 0.228516
0 0.574219 0.577148 0.042969 0.169922
0 0.576172 0.766602 0.042969 0.208984
0 0.660156 0.478516 0.042969 0.148438
0 0.695312 0.497070 0.031250 0.130859
0 0.662109 0.608398 0.042969 0.154297
0 0.696289 0.624023 0.025391 0.130859
0 0.678711 0.775391 0.076172 0.183594
0 0.767578 0.400391 0.039062 0.179688
0 0.769531 0.532227 0.035156 0.126953
0 0.770508 0.652344 0.029297 0.113281
0 0.842773 0.475586 0.048828 0.212891
0 0.845703 0.641602 0.046875 0.146484
0 0.773438 0.782227 0.035156 0.142578
0 0.849609 0.777344 0.050781 0.136719
0 0.907227 0.634766 0.037109 0.421875
0 0.951172 0.650391 0.027344 0.382812
