0 0.132588 0.336648 0.070288 0.258523
0 0.206070 0.338068 0.076677 0.255682
0 0.289137 0.336648 0.089457 0.252841
0 0.375399 0.335227 0.083067 0.255682
0 0.457668 0.335227 0.081470 0.255682
0 0.539137 0.335227 0.081470 0.255682
0 0.621406 0.335227 0.083067 0.255682
0 0.705272 0.335227 0.084665 0.255682
0 0.787540 0.336648 0.079872 0.258523
0 0.864217 0.333807 0.073482 0.264205
0 0.133387 0.600852 0.071885 0.178977
0 0.206070 0.602273 0.073482 0.176136
0 0.287540 0.603693 0.089457 0.178977
0 0.373802 0.603693 0.083067 0.178977
0 0.456070 0.602273 0.081470 0.176136
0 0.538339 0.600852 0.083067 0.178977
0 0.622204 0.600852 0.081470 0.178977
0 0.708466 0.600852 0.091054 0.178977
0 0.789936 0.602273 0.071885 0.181818
0 0.862620 0.602273 0.073482 0.181818
0 0.132588 0.771307 0.073482 0.161932
0 0.206869 0.772727 0.075080 0.159091
0 0.286741 0.782670 0.084665 0.178977
0 0.372204 0.781250 0.086262 0.181818
0 0.620607 0.779830 0.081470 0.173295
0 0.707668 0.776989 0.092652 0.178977
0 0.790735 0.765625 0.073482 0.156250
0 0.862620 0.768466 0.070288 0.150568
0 0.131789 0.140625 0.062300 0.048295
0 0.186102 0.142045 0.046326 0.045455
0 0.227636 0.140625 0.036741 0.042614
0 0.267572 0.142045 0.043131 0.039773
0 0.310703 0.140625 0.043131 0.036932
0 0.352236 0.140625 0.039936 0.036932
0 0.393770 0.142045 0.043131 0.039773
0 0.436102 0.142045 0.041534 0.039773
0 0.476038 0.140625 0.038339 0.036932
0 0.517572 0.139205 0.044728 0.039773
0 0.559904 0.140625 0.039936 0.042614
0 0.602236 0.139205 0.044728 0.045455
0 0.646166 0.136364 0.043131 0.039773
0 0.690096 0.139205 0.044728 0.034091
0 0.730831 0.140625 0.036741 0.036932
0 0.769968 0.137784 0.041534 0.042614
0 0.809904 0.137784 0.038339 0.042614
0 0.863419 0.133523 0.068690 0.051136
0 0.452875 0.802557 0.023962 0.122159
0 0.482428 0.803977 0.028754 0.125000
0 0.512780 0.803977 0.031949 0.125000
0 0.544728 0.801136 0.025559 0.119318
