0 0.270508 0.191406 0.052734 0.378906
0 0.339844 0.194336 0.093750 0.384766
0 0.429688 0.193359 0.089844 0.382812
0 0.525391 0.193359 0.089844 0.382812
0 0.621094 0.193359 0.105469 0.382812
0 0.727539 0.193359 0.103516 0.382812
0 0.268555 0.429688 0.048828 0.089844
0 0.341797 0.431641 0.097656 0.085938
0 0.435547 0.434570 0.089844 0.091797
0 0.528320 0.438477 0.095703 0.083984
0 0.625977 0.436523 0.099609 0.080078
0 0.728516 0.436523 0.105469 0.080078
0 0.272461 0.542969 0.052734 0.128906
0 0.343750 0.544922 0.089844 0.125000
0 0.439453 0.545898 0.093750 0.126953
0 0.532227 0.543945 0.091797 0.130859
0 0.625000 0.543945 0.093750 0.130859
0 0.725586 0.544922 0.107422 0.128906
0 0.274414 0.670898 0.060547 0.130859
0 0.346680 0.671875 0.083984 0.128906
0 0.437500 0.668945 0.097656 0.123047
0 0.533203 0.668945 0.093750 0.123047
0 0.627930 0.671875 0.095703 0.128906
0 0.726562 0.672852 0.101562 0.126953
0 0.274414 0.809570 0.048828 0.107422
0 0.344727 0.798828 0.091797 0.128906
0 0.438477 0.799805 0.095703 0.130859
0 0.533203 0.800781 0.093750 0.128906
0 0.628906 0.800781 0.097656 0.128906
0 0.731445 0.801758 0.107422 0.126953
