0 0.319824 0.320930 0.032227 0.139535
0 0.347656 0.321705 0.029297 0.141085
0 0.376465 0.321705 0.028320 0.137984
0 0.402832 0.320155 0.026367 0.137984
0 0.429688 0.322481 0.029297 0.136434
0 0.456055 0.323256 0.025391 0.134884
0 0.481445 0.323256 0.025391 0.131783
0 0.506348 0.323256 0.024414 0.134884
0 0.532227 0.325581 0.023438 0.130233
0 0.556152 0.322481 0.024414 0.130233
0 0.580078 0.325581 0.021484 0.130233
0 0.603027 0.325581 0.022461 0.127132
0 0.626465 0.326357 0.022461 0.128682
0 0.648926 0.327907 0.022461 0.131783
0 0.671387 0.327132 0.022461 0.127132
0 0.694336 0.327907 0.021484 0.125581
0 0.713867 0.327907 0.015625 0.122481
0 0.321777 0.407752 0.028320 0.031008
0 0.349121 0.406977 0.026367 0.032558
0 0.376465 0.406977 0.028320 0.032558
0 0.403809 0.406977 0.026367 0.032558
0 0.430176 0.406202 0.028320 0.031008
0 0.457031 0.405426 0.025391 0.032558
0 0.481934 0.404651 0.024414 0.031008
0 0.506836 0.405426 0.025391 0.029457
0 0.531738 0.404651 0.024414 0.027907
0 0.555664 0.404651 0.023438 0.027907
0 0.579590 0.405426 0.024414 0.029457
0 0.604004 0.403876 0.024414 0.032558
0 0.626953 0.404651 0.023438 0.034109
0 0.648926 0.406977 0.020508 0.026357
0 0.670898 0.403876 0.023438 0.026357
0 0.693848 0.403101 0.022461 0.027907
0 0.713379 0.402326 0.016602 0.026357
0 0.323242 0.500000 0.029297 0.153488
0 0.351562 0.500775 0.027344 0.151938
0 0.378418 0.498450 0.026367 0.150388
0 0.403809 0.497674 0.028320 0.148837
0 0.432129 0.497674 0.026367 0.145736
0 0.457031 0.493798 0.023438 0.144186
0 0.482910 0.493798 0.024414 0.144186
0 0.507324 0.492248 0.024414 0.141085
0 0.532715 0.490698 0.022461 0.141085
0 0.556152 0.490698 0.024414 0.141085
0 0.579102 0.486822 0.021484 0.136434
0 0.602539 0.486822 0.021484 0.136434
0 0.625488 0.486822 0.020508 0.136434
0 0.647461 0.487597 0.021484 0.131783
0 0.669922 0.484496 0.019531 0.131783
0 0.691406 0.483721 0.019531 0.133333
0 0.710938 0.482946 0.013672 0.134884
0 0.070801 0.224031 0.077148 0.231008
0 0.163574 0.255039 0.043945 0.181395
0 0.227051 0.279070 0.032227 0.145736
0 0.082031 0.581395 0.076172 0.232558
0 0.170898 0.542636 0.052734 0.173643
0 0.232422 0.519380 0.035156 0.148837
0 0.764648 0.311628 0.017578 0.096124
0 0.813965 0.312403 0.016602 0.094574
0 0.860840 0.313178 0.016602 0.086822
0 0.904297 0.315504 0.015625 0.091473
0 0.948730 0.318605 0.018555 0.091473
0 0.773438 0.470543 0.041016 0.091473
0 0.834473 0.468992 0.016602 0.088372
0 0.878418 0.465116 0.016602 0.086822
0 0.922852 0.464341 0.013672 0.085271
0 0.965332 0.463566 0.014648 0.086822
0 0.990234 0.315504 0.015625 0.085271
0 0.806641 0.624806 0.017578 0.096124
0 0.853516 0.617829 0.013672 0.088372
0 0.896973 0.613953 0.016602 0.086822
0 0.940918 0.610078 0.014648 0.085271
0 0.981445 0.602326 0.013672 0.085271
