0 0.379883 0.050145 0.041016 0.097384
0 0.419922 0.051599 0.042969 0.100291
0 0.461914 0.050145 0.042969 0.097384
0 0.504883 0.049419 0.042969 0.095930
0 0.547363 0.050145 0.041992 0.097384
0 0.588379 0.050145 0.040039 0.097384
0 0.630371 0.048692 0.041992 0.094477
0 0.672852 0.050145 0.041016 0.097384
0 0.715332 0.050145 0.041992 0.097384
0 0.756836 0.048692 0.041016 0.094477
0 0.798340 0.050872 0.041992 0.098837
0 0.840332 0.050872 0.041992 0.098837
0 0.882812 0.050872 0.042969 0.098837
0 0.925293 0.050145 0.041992 0.097384
0 0.967285 0.051599 0.043945 0.100291
0 0.379395 0.196221 0.040039 0.194767
0 0.419922 0.195494 0.041016 0.196221
0 0.460938 0.195494 0.041016 0.196221
0 0.504395 0.195494 0.045898 0.196221
0 0.547852 0.194041 0.041016 0.193314
0 0.589355 0.193314 0.041992 0.194767
0 0.630371 0.193314 0.040039 0.194767
0 0.671875 0.194041 0.042969 0.193314
0 0.715820 0.195494 0.044922 0.196221
0 0.758789 0.196221 0.041016 0.194767
0 0.799316 0.196221 0.043945 0.194767
0 0.841797 0.196221 0.041016 0.194767
0 0.882812 0.195494 0.041016 0.193314
0 0.924805 0.195494 0.042969 0.193314
0 0.967285 0.196221 0.041992 0.194767
0 0.377930 0.417878 0.039062 0.248547
0 0.419922 0.417878 0.044922 0.248547
0 0.464355 0.417878 0.043945 0.248547
0 0.507324 0.417878 0.041992 0.248547
0 0.547363 0.419331 0.038086 0.251453
0 0.588379 0.418605 0.043945 0.252907
0 0.631348 0.417151 0.041992 0.250000
0 0.673828 0.417151 0.042969 0.250000
0 0.716309 0.417878 0.041992 0.251453
0 0.757324 0.418605 0.040039 0.250000
0 0.799316 0.418605 0.043945 0.250000
0 0.842773 0.418605 0.042969 0.250000
0 0.882812 0.417878 0.037109 0.248547
0 0.924316 0.418605 0.045898 0.247093
0 0.973633 0.425145 0.029297 0.225291
