0 0.406250 0.382812 0.082031 0.718750
0 0.506836 0.272461 0.119141 0.373047
0 0.501953 0.083008 0.113281 0.162109
0 0.601562 0.125000 0.074219 0.242188
0 0.673828 0.152344 0.062500 0.300781
0 0.730469 0.208008 0.035156 0.294922
0 0.778320 0.259766 0.052734 0.273438
0 0.501953 0.595703 0.101562 0.273438
0 0.610352 0.470703 0.064453 0.515625
0 0.679688 0.488281 0.062500 0.437500
0 0.398438 0.889648 0.093750 0.220703
0 0.501953 0.878906 0.101562 0.242188
0 0.582031 0.874023 0.058594 0.251953
0 0.666016 0.825195 0.039062 0.193359
0 0.715820 0.801758 0.029297 0.166016
0 0.305664 0.331055 0.068359 0.314453
0 0.307617 0.088867 0.060547 0.173828
0 0.228516 0.121094 0.062500 0.238281
0 0.230469 0.377930 0.066406 0.283203
0 0.213867 0.625000 0.064453 0.214844
0 0.313477 0.622070 0.072266 0.244141
0 0.208984 0.882812 0.070312 0.234375
0 0.308594 0.885742 0.074219 0.228516
