0 0.028320 0.184570 0.052734 0.201172
0 0.134766 0.183594 0.097656 0.199219
0 0.260742 0.179688 0.087891 0.207031
0 0.439453 0.185547 0.121094 0.199219
0 0.571289 0.178711 0.119141 0.201172
0 0.750000 0.189453 0.109375 0.199219
0 0.889648 0.182617 0.123047 0.189453
0 0.029297 0.493164 0.054688 0.201172
0 0.137695 0.486328 0.095703 0.195312
0 0.265625 0.492188 0.093750 0.203125
0 0.441406 0.488281 0.101562 0.199219
0 0.575195 0.484375 0.107422 0.207031
0 0.750000 0.488281 0.121094 0.207031
0 0.891602 0.486328 0.134766 0.210938
0 0.032227 0.819336 0.060547 0.208984
0 0.140625 0.817383 0.101562 0.205078
0 0.268555 0.821289 0.115234 0.201172
0 0.429688 0.821289 0.128906 0.212891
0 0.565430 0.817383 0.107422 0.205078
0 0.749023 0.833008 0.134766 0.220703
0 0.893555 0.831055 0.134766 0.224609
