0 0.285156 0.697266 0.070312 0.050781
0 0.356445 0.697266 0.072266 0.050781
0 0.430664 0.695312 0.076172 0.046875
0 0.504883 0.695312 0.072266 0.046875
0 0.576172 0.694336 0.070312 0.044922
0 0.648438 0.693359 0.074219 0.046875
0 0.723633 0.695312 0.076172 0.050781
0 0.793945 0.696289 0.064453 0.048828
0 0.282227 0.819336 0.068359 0.205078
0 0.355469 0.820312 0.078125 0.203125
0 0.431641 0.819336 0.074219 0.201172
0 0.503906 0.819336 0.070312 0.201172
0 0.577148 0.820312 0.076172 0.203125
0 0.650391 0.822266 0.070312 0.199219
0 0.724609 0.820312 0.078125 0.195312
0 0.793945 0.819336 0.060547 0.197266
0 0.196289 0.340820 0.064453 0.076172
0 0.268555 0.341797 0.080078 0.074219
0 0.349609 0.344727 0.082031 0.080078
0 0.426758 0.344727 0.072266 0.080078
0 0.499023 0.340820 0.072266 0.072266
0 0.573242 0.339844 0.076172 0.074219
0 0.646484 0.337891 0.070312 0.070312
0 0.721680 0.338867 0.080078 0.068359
0 0.799805 0.343750 0.076172 0.078125
0 0.860352 0.344727 0.044922 0.076172
0 0.893555 0.343750 0.021484 0.074219
0 0.195312 0.487305 0.066406 0.220703
0 0.268555 0.510742 0.080078 0.173828
0 0.349609 0.505859 0.082031 0.164062
0 0.426758 0.505859 0.072266 0.164062
0 0.500977 0.508789 0.076172 0.169922
0 0.575195 0.507812 0.072266 0.171875
0 0.647461 0.506836 0.072266 0.169922
0 0.721680 0.504883 0.076172 0.173828
0 0.801758 0.500977 0.080078 0.185547
0 0.874023 0.500977 0.064453 0.185547
0 0.200195 0.632812 0.068359 0.082031
0 0.270508 0.634766 0.072266 0.078125
0 0.349609 0.633789 0.085938 0.076172
0 0.427734 0.631836 0.070312 0.080078
0 0.500977 0.631836 0.076172 0.080078
0 0.576172 0.632812 0.074219 0.078125
0 0.648438 0.633789 0.070312 0.080078
0 0.723633 0.631836 0.080078 0.083984
0 0.802734 0.628906 0.078125 0.078125
0 0.872070 0.631836 0.060547 0.072266
0 0.270508 0.507812 0.076172 0.167969
0 0.349609 0.508789 0.082031 0.166016
0 0.427734 0.508789 0.074219 0.166016
0 0.500977 0.506836 0.072266 0.169922
0 0.573242 0.508789 0.072266 0.173828
0 0.644531 0.510742 0.070312 0.169922
0 0.196289 0.212891 0.068359 0.187500
0 0.268555 0.236328 0.080078 0.148438
0 0.347656 0.239258 0.078125 0.142578
0 0.424805 0.235352 0.076172 0.134766
0 0.500000 0.232422 0.074219 0.140625
0 0.573242 0.235352 0.076172 0.138672
0 0.646484 0.236328 0.070312 0.136719
0 0.722656 0.234375 0.078125 0.136719
0 0.798828 0.236328 0.074219 0.132812
0 0.872070 0.233398 0.072266 0.138672
0 0.269531 0.141602 0.082031 0.052734
0 0.350586 0.143555 0.080078 0.048828
0 0.425781 0.141602 0.070312 0.044922
0 0.498047 0.140625 0.074219 0.046875
0 0.573242 0.142578 0.076172 0.050781
0 0.648438 0.141602 0.074219 0.052734
0 0.724609 0.141602 0.078125 0.052734
0 0.801758 0.143555 0.076172 0.048828
0 0.873047 0.143555 0.066406 0.048828
0 0.197266 0.083984 0.066406 0.085938
0 0.268555 0.085938 0.076172 0.082031
0 0.348633 0.083984 0.083984 0.078125
0 0.427734 0.082031 0.074219 0.082031
0 0.500977 0.078125 0.072266 0.074219
0 0.574219 0.078125 0.074219 0.074219
0 0.649414 0.078125 0.076172 0.074219
0 0.724609 0.076172 0.074219 0.078125
0 0.800781 0.079102 0.078125 0.083984
0 0.873047 0.081055 0.066406 0.080078
0 0.873047 0.021484 0.066406 0.039062
0 0.800781 0.022461 0.078125 0.041016
0 0.722656 0.022461 0.078125 0.041016
0 0.648438 0.022461 0.070312 0.041016
0 0.572266 0.022461 0.082031 0.041016
0 0.497070 0.021484 0.068359 0.039062
0 0.424805 0.023438 0.080078 0.042969
0 0.197266 0.024414 0.070312 0.044922
0 0.267578 0.021484 0.070312 0.039062
0 0.344727 0.024414 0.080078 0.044922
0 0.070312 0.248047 0.082031 0.144531
0 0.137695 0.247070 0.052734 0.146484
0 0.069336 0.336914 0.068359 0.037109
0 0.068359 0.370117 0.070312 0.029297
0 0.068359 0.405273 0.070312 0.041016
0 0.066406 0.509766 0.074219 0.167969
0 0.068359 0.625977 0.078125 0.064453
0 0.058594 0.809570 0.113281 0.150391
0 0.981445 0.775391 0.033203 0.214844
0 0.985352 0.493164 0.025391 0.119141
