0 0.639648 0.370117 0.041016 0.205078
0 0.680664 0.403320 0.044922 0.193359
0 0.727539 0.436523 0.044922 0.189453
0 0.769531 0.467773 0.042969 0.177734
0 0.813477 0.500977 0.037109 0.166016
0 0.852539 0.530273 0.041016 0.166016
0 0.891602 0.558594 0.033203 0.160156
0 0.929688 0.581055 0.035156 0.138672
0 0.639648 0.545898 0.033203 0.162109
0 0.680664 0.569336 0.048828 0.158203
0 0.724609 0.594727 0.042969 0.154297
0 0.769531 0.620117 0.042969 0.150391
0 0.811523 0.644531 0.044922 0.144531
0 0.853516 0.667969 0.042969 0.144531
0 0.891602 0.688477 0.037109 0.138672
0 0.927734 0.708008 0.031250 0.130859
0 0.638672 0.674805 0.042969 0.099609
0 0.682617 0.687500 0.044922 0.101562
0 0.726562 0.709961 0.042969 0.099609
0 0.770508 0.731445 0.041016 0.095703
0 0.812500 0.750977 0.042969 0.087891
0 0.852539 0.768555 0.041016 0.087891
0 0.894531 0.786133 0.039062 0.076172
0 0.930664 0.803711 0.033203 0.072266
0 0.954102 0.817383 0.013672 0.072266
0 0.635742 0.807617 0.044922 0.169922
0 0.680664 0.818359 0.048828 0.167969
0 0.724609 0.833984 0.046875 0.156250
0 0.769531 0.848633 0.046875 0.150391
0 0.809570 0.860352 0.044922 0.142578
0 0.853516 0.874023 0.042969 0.138672
0 0.893555 0.890625 0.041016 0.132812
0 0.929688 0.898438 0.031250 0.125000
0 0.955078 0.909180 0.015625 0.115234
0 0.640625 0.899414 0.039062 0.033203
0 0.681641 0.909180 0.046875 0.041016
0 0.727539 0.917969 0.044922 0.039062
0 0.768555 0.929688 0.044922 0.039062
0 0.814453 0.937500 0.042969 0.035156
0 0.641602 0.954102 0.041016 0.091797
0 0.683594 0.956055 0.050781 0.087891
0 0.729492 0.961914 0.044922 0.072266
0 0.770508 0.967773 0.041016 0.064453
0 0.812500 0.974609 0.046875 0.050781
0 0.855469 0.978516 0.039062 0.042969
0 0.895508 0.979492 0.041016 0.041016
0 0.932617 0.986328 0.029297 0.027344
0 0.579102 0.374023 0.056641 0.197266
0 0.520508 0.412109 0.056641 0.183594
0 0.468750 0.455078 0.050781 0.179688
0 0.421875 0.490234 0.046875 0.167969
0 0.376953 0.518555 0.046875 0.166016
0 0.335938 0.551758 0.039062 0.166016
0 0.295898 0.576172 0.044922 0.160156
0 0.256836 0.606445 0.041016 0.154297
0 0.217773 0.636719 0.041016 0.160156
0 0.116211 0.752930 0.029297 0.224609
0 0.147461 0.730469 0.033203 0.230469
0 0.181641 0.708008 0.035156 0.244141
0 0.083984 0.771484 0.039062 0.214844
0 0.216797 0.755859 0.039062 0.125000
0 0.256836 0.729492 0.037109 0.123047
0 0.296875 0.707031 0.039062 0.132812
0 0.336914 0.696289 0.044922 0.119141
0 0.377930 0.670898 0.044922 0.130859
0 0.423828 0.644531 0.046875 0.140625
0 0.470703 0.617188 0.050781 0.144531
0 0.523438 0.584961 0.054688 0.166016
0 0.580078 0.553711 0.058594 0.166016
0 0.581055 0.678711 0.060547 0.103516
0 0.522461 0.704102 0.056641 0.099609
0 0.471680 0.728516 0.048828 0.093750
0 0.422852 0.750000 0.048828 0.093750
0 0.378906 0.769531 0.042969 0.082031
0 0.338867 0.786133 0.041016 0.076172
0 0.296875 0.805664 0.039062 0.076172
0 0.257812 0.824219 0.039062 0.074219
0 0.217773 0.839844 0.041016 0.074219
0 0.181641 0.856445 0.035156 0.064453
0 0.148438 0.871094 0.031250 0.058594
0 0.120117 0.885742 0.021484 0.052734
0 0.096680 0.894531 0.025391 0.054688
0 0.074219 0.905273 0.023438 0.052734
0 0.579102 0.808594 0.064453 0.179688
0 0.520508 0.826172 0.056641 0.160156
0 0.467773 0.842773 0.052734 0.158203
0 0.420898 0.859375 0.044922 0.144531
0 0.375000 0.873047 0.046875 0.136719
0 0.335938 0.888672 0.042969 0.136719
0 0.295898 0.899414 0.044922 0.123047
0 0.255859 0.912109 0.039062 0.113281
0 0.218750 0.920898 0.039062 0.111328
0 0.182617 0.935547 0.033203 0.105469
0 0.583008 0.951172 0.064453 0.097656
0 0.521484 0.958984 0.050781 0.082031
0 0.470703 0.962891 0.046875 0.074219
0 0.421875 0.969727 0.042969 0.060547
0 0.376953 0.974609 0.042969 0.050781
0 0.337891 0.982422 0.039062 0.035156
0 0.297852 0.983398 0.041016 0.033203
0 0.257812 0.989258 0.039062 0.021484
