0 0.261719 0.058594 0.085938 0.113281
0 0.357422 0.030273 0.105469 0.056641
0 0.253906 0.191406 0.089844 0.234375
0 0.352539 0.137695 0.107422 0.244141
0 0.460938 0.109375 0.105469 0.214844
0 0.571289 0.081055 0.115234 0.158203
0 0.691406 0.061523 0.125000 0.119141
0 0.790039 0.024414 0.076172 0.044922
0 0.263672 0.386719 0.085938 0.238281
0 0.356445 0.360352 0.095703 0.259766
0 0.460938 0.308594 0.105469 0.265625
0 0.568359 0.263672 0.117188 0.269531
0 0.693359 0.212891 0.117188 0.289062
0 0.814453 0.162109 0.125000 0.312500
0 0.261719 0.594727 0.085938 0.224609
0 0.355469 0.570312 0.101562 0.238281
0 0.460938 0.531250 0.105469 0.257812
0 0.568359 0.448242 0.109375 0.150391
0 0.565430 0.567383 0.107422 0.150391
0 0.692383 0.395508 0.126953 0.173828
0 0.814453 0.363281 0.125000 0.179688
0 0.693359 0.533203 0.125000 0.156250
0 0.811523 0.498047 0.126953 0.152344
0 0.260742 0.790039 0.091797 0.224609
0 0.347656 0.782227 0.093750 0.236328
0 0.462891 0.758789 0.105469 0.244141
0 0.568359 0.746094 0.109375 0.253906
0 0.693359 0.723633 0.128906 0.279297
0 0.814453 0.697266 0.128906 0.292969
0 0.812500 0.922852 0.128906 0.154297
0 0.691406 0.927734 0.121094 0.144531
0 0.565430 0.932617 0.099609 0.134766
0 0.462891 0.937500 0.109375 0.125000
0 0.346680 0.943359 0.091797 0.113281
0 0.254883 0.946289 0.099609 0.107422
