0 0.781019 0.538714 0.082407 0.206037
0 0.693519 0.535433 0.029630 0.081365
0 0.718056 0.536089 0.019444 0.080052
0 0.647222 0.532808 0.024074 0.073491
0 0.538426 0.526903 0.021296 0.043307
0 0.521296 0.533465 0.014815 0.059055
0 0.568519 0.510499 0.020370 0.015748
0 0.588426 0.510499 0.019444 0.015748
0 0.052778 0.522966 0.044444 0.093176
0 0.096759 0.521654 0.043519 0.095801
0 0.136111 0.520997 0.035185 0.094488
0 0.169907 0.524934 0.032407 0.086614
0 0.267593 0.543307 0.027778 0.120735
0 0.293981 0.540026 0.021296 0.114173
0 0.342593 0.536745 0.016667 0.094488
0 0.362963 0.521654 0.020370 0.072178
0 0.383333 0.522966 0.018519 0.061680
0 0.400000 0.523622 0.014815 0.060367
0 0.414815 0.522966 0.014815 0.059055
0 0.429167 0.523622 0.013889 0.057743
0 0.442130 0.522966 0.012037 0.056430
0 0.454167 0.524934 0.012037 0.052493
0 0.465278 0.522310 0.010185 0.047244
0 0.204167 0.412073 0.025000 0.068241
0 0.238426 0.420604 0.041667 0.074803
0 0.270370 0.426509 0.022222 0.068241
0 0.293056 0.429134 0.019444 0.065617
0 0.311111 0.431102 0.016667 0.064304
0 0.326852 0.435696 0.016667 0.065617
0 0.342593 0.438976 0.014815 0.059055
0 0.358796 0.423228 0.013889 0.019685
0 0.372222 0.425853 0.012963 0.019685
0 0.385185 0.427822 0.011111 0.018373
0 0.396759 0.432415 0.012037 0.017060
