0 0.536133 0.324219 0.095703 0.457031
0 0.536133 0.627930 0.107422 0.189453
0 0.328125 0.272461 0.171875 0.521484
0 0.326172 0.607422 0.175781 0.214844
0 0.325195 0.826172 0.181641 0.230469
0 0.125000 0.255859 0.246094 0.507812
0 0.120117 0.590820 0.236328 0.248047
0 0.120117 0.833984 0.236328 0.250000
0 0.538086 0.830078 0.119141 0.218750
0 0.689453 0.272461 0.109375 0.232422
0 0.785156 0.316406 0.085938 0.218750
0 0.857422 0.344727 0.054688 0.189453
0 0.691406 0.468750 0.109375 0.218750
0 0.785156 0.490234 0.085938 0.195312
0 0.856445 0.509766 0.056641 0.175781
0 0.688477 0.645508 0.115234 0.169922
0 0.787109 0.650391 0.082031 0.156250
0 0.855469 0.664062 0.058594 0.148438
0 0.938477 0.442383 0.048828 0.330078
0 0.978516 0.457031 0.035156 0.308594
0 0.939453 0.670898 0.058594 0.146484
0 0.979492 0.672852 0.029297 0.138672
0 0.948242 0.807617 0.029297 0.126953
0 0.983398 0.802734 0.033203 0.117188
0 0.856445 0.810547 0.064453 0.160156
0 0.783203 0.809570 0.078125 0.169922
0 0.688477 0.813477 0.115234 0.169922
