0 0.038086 0.087243 0.039062 0.171554
0 0.069336 0.084311 0.035156 0.165689
0 0.104980 0.079179 0.038086 0.155425
0 0.142578 0.074780 0.041016 0.146628
0 0.184570 0.069648 0.041016 0.136364
0 0.227051 0.063050 0.040039 0.123167
0 0.273926 0.057918 0.047852 0.112903
0 0.322266 0.051320 0.052734 0.099707
0 0.375488 0.047654 0.053711 0.092375
0 0.431641 0.038123 0.058594 0.073314
0 0.493164 0.028592 0.064453 0.054252
0 0.561523 0.018328 0.070312 0.033724
0 0.712891 0.169355 0.082031 0.335777
0 0.806641 0.164956 0.095703 0.326979
0 0.903320 0.162023 0.107422 0.321114
0 0.039062 0.277126 0.037109 0.228739
0 0.073730 0.271261 0.032227 0.231672
0 0.105957 0.268328 0.034180 0.243402
0 0.144043 0.263196 0.040039 0.253666
0 0.183594 0.252933 0.046875 0.262463
0 0.228027 0.244135 0.041992 0.265396
0 0.275391 0.236804 0.046875 0.271261
0 0.324219 0.229472 0.050781 0.282991
0 0.375977 0.214809 0.052734 0.291789
0 0.432617 0.208211 0.064453 0.304985
0 0.496582 0.197214 0.065430 0.318182
0 0.563477 0.186217 0.070312 0.334311
0 0.634766 0.173754 0.074219 0.344575
0 0.039062 0.491202 0.037109 0.211144
0 0.072754 0.490469 0.030273 0.209677
0 0.106445 0.492669 0.037109 0.214076
0 0.145020 0.493402 0.038086 0.218475
0 0.187988 0.490469 0.043945 0.230205
0 0.234375 0.490469 0.041016 0.230205
0 0.277832 0.491935 0.047852 0.233138
0 0.325684 0.487537 0.049805 0.241935
0 0.379395 0.487537 0.059570 0.256598
0 0.437988 0.491202 0.069336 0.269795
0 0.500000 0.493402 0.062500 0.274194
0 0.562012 0.493402 0.067383 0.297654
0 0.635742 0.489736 0.080078 0.313783
0 0.715332 0.493402 0.088867 0.321114
0 0.804688 0.495601 0.089844 0.343109
0 0.902832 0.492669 0.106445 0.366569
