0 0.160645 0.466472 0.063477 0.137026
0 0.219727 0.465015 0.066406 0.139942
0 0.278809 0.458455 0.061523 0.132653
0 0.337891 0.451166 0.062500 0.129738
0 0.399414 0.445335 0.064453 0.138484
0 0.460449 0.444606 0.057617 0.137026
0 0.517090 0.438776 0.059570 0.137026
0 0.159668 0.551020 0.059570 0.034985
0 0.217773 0.547376 0.056641 0.042274
0 0.277832 0.540087 0.063477 0.027697
0 0.337891 0.533528 0.056641 0.040816
0 0.396973 0.529883 0.061523 0.033528
0 0.457031 0.526968 0.058594 0.039359
0 0.774902 0.415452 0.073242 0.139942
0 0.842773 0.372449 0.070312 0.062682
0 0.916504 0.400875 0.069336 0.139942
0 0.575195 0.774781 0.066406 0.135569
0 0.632324 0.770408 0.047852 0.144315
0 0.701172 0.768222 0.068359 0.145773
0 0.765625 0.767493 0.060547 0.144315
0 0.813965 0.765306 0.036133 0.148688
