0 0.423828 0.079102 0.066406 0.123047
0 0.487305 0.079102 0.060547 0.123047
0 0.549805 0.078125 0.064453 0.121094
0 0.550781 0.149414 0.062500 0.021484
0 0.487305 0.148438 0.064453 0.023438
0 0.421875 0.149414 0.066406 0.025391
0 0.420898 0.237305 0.064453 0.150391
0 0.487305 0.237305 0.068359 0.150391
0 0.550781 0.236328 0.058594 0.148438
0 0.421875 0.477539 0.062500 0.337891
0 0.484375 0.478516 0.062500 0.335938
0 0.552734 0.478516 0.074219 0.335938
0 0.419922 0.684570 0.066406 0.080078
0 0.485352 0.684570 0.064453 0.080078
0 0.552734 0.684570 0.070312 0.080078
0 0.553711 0.767578 0.068359 0.085938
0 0.487305 0.767578 0.064453 0.085938
0 0.428711 0.767578 0.048828 0.082031
0 0.428711 0.868164 0.048828 0.119141
0 0.486328 0.868164 0.066406 0.119141
0 0.553711 0.870117 0.068359 0.123047
0 0.599609 0.177734 0.031250 0.351562
0 0.641602 0.180664 0.052734 0.357422
0 0.699219 0.078125 0.062500 0.125000
0 0.760742 0.077148 0.060547 0.126953
0 0.819336 0.077148 0.056641 0.126953
0 0.821289 0.216797 0.052734 0.152344
0 0.762695 0.227539 0.064453 0.130859
0 0.761719 0.151367 0.062500 0.021484
0 0.699219 0.152344 0.066406 0.023438
0 0.700195 0.186523 0.064453 0.044922
0 0.699219 0.220703 0.062500 0.023438
0 0.699219 0.261719 0.062500 0.058594
0 0.699219 0.299805 0.062500 0.017578
0 0.865234 0.180664 0.035156 0.357422
0 0.700195 0.379883 0.064453 0.150391
0 0.762695 0.473633 0.060547 0.341797
0 0.818359 0.475586 0.050781 0.337891
0 0.863281 0.643555 0.035156 0.572266
0 0.702148 0.549805 0.064453 0.189453
0 0.764648 0.476562 0.060547 0.335938
0 0.821289 0.477539 0.052734 0.337891
0 0.700195 0.687500 0.060547 0.082031
0 0.761719 0.687500 0.062500 0.082031
0 0.822266 0.687500 0.058594 0.082031
0 0.824219 0.771484 0.054688 0.085938
0 0.763672 0.770508 0.066406 0.087891
0 0.698242 0.767578 0.064453 0.082031
0 0.701172 0.870117 0.070312 0.119141
0 0.765625 0.872070 0.058594 0.115234
0 0.821289 0.872070 0.052734 0.115234
0 0.602539 0.539062 0.029297 0.324219
0 0.641602 0.540039 0.048828 0.322266
0 0.240234 0.385742 0.062500 0.142578
0 0.301758 0.384766 0.064453 0.136719
0 0.302734 0.550781 0.062500 0.195312
0 0.239258 0.551758 0.064453 0.193359
0 0.363281 0.334961 0.050781 0.048828
0 0.366211 0.367188 0.044922 0.019531
0 0.362305 0.538086 0.052734 0.322266
0 0.358398 0.712891 0.044922 0.027344
0 0.238281 0.674805 0.066406 0.060547
0 0.303711 0.675781 0.064453 0.058594
0 0.240234 0.714844 0.070312 0.023438
0 0.306641 0.714844 0.062500 0.023438
0 0.355469 0.829102 0.039062 0.208984
0 0.395508 0.827148 0.021484 0.208984
0 0.238281 0.770508 0.066406 0.087891
0 0.304688 0.769531 0.066406 0.089844
0 0.239258 0.869141 0.064453 0.113281
0 0.304688 0.868164 0.066406 0.115234
0 0.181641 0.819336 0.050781 0.240234
0 0.118164 0.766602 0.064453 0.083984
0 0.120117 0.868164 0.064453 0.119141
0 0.053711 0.764648 0.064453 0.087891
0 0.011719 0.765625 0.019531 0.089844
0 0.054688 0.867188 0.062500 0.113281
0 0.013672 0.866211 0.023438 0.115234
0 0.012695 0.476562 0.021484 0.332031
0 0.012695 0.680664 0.021484 0.076172
0 0.054688 0.686523 0.062500 0.080078
0 0.120117 0.686523 0.068359 0.080078
0 0.115234 0.478516 0.078125 0.335938
0 0.047852 0.479492 0.056641 0.337891
0 0.178711 0.541016 0.048828 0.332031
0 0.181641 0.179688 0.054688 0.355469
0 0.237305 0.041992 0.064453 0.048828
0 0.302734 0.041992 0.066406 0.048828
0 0.238281 0.080078 0.062500 0.031250
0 0.302734 0.081055 0.066406 0.029297
0 0.239258 0.111328 0.060547 0.050781
0 0.303711 0.116211 0.068359 0.041016
0 0.238281 0.148438 0.058594 0.023438
0 0.302734 0.151367 0.070312 0.017578
0 0.240234 0.184570 0.062500 0.056641
0 0.305664 0.187500 0.068359 0.050781
0 0.239258 0.219727 0.064453 0.017578
0 0.305664 0.219727 0.068359 0.017578
0 0.240234 0.258789 0.062500 0.044922
0 0.305664 0.257812 0.068359 0.046875
0 0.239258 0.294922 0.060547 0.023438
0 0.303711 0.293945 0.068359 0.025391
0 0.116211 0.273438 0.076172 0.082031
0 0.047852 0.272461 0.060547 0.080078
0 0.046875 0.222656 0.058594 0.027344
0 0.116211 0.223633 0.080078 0.025391
0 0.117188 0.188477 0.078125 0.044922
0 0.117188 0.154297 0.078125 0.023438
0 0.118164 0.080078 0.076172 0.125000
0 0.049805 0.077148 0.060547 0.119141
0 0.048828 0.149414 0.058594 0.025391
0 0.048828 0.186523 0.058594 0.048828
