0 0.324219 0.329102 0.062500 0.099609
0 0.380859 0.301758 0.054688 0.091797
0 0.444336 0.273438 0.072266 0.097656
0 0.515625 0.237305 0.078125 0.099609
0 0.592773 0.201172 0.072266 0.121094
0 0.668945 0.158203 0.080078 0.125000
0 0.726562 0.125000 0.035156 0.105469
0 0.325195 0.423828 0.056641 0.152344
0 0.380859 0.401367 0.058594 0.158203
0 0.443359 0.374023 0.070312 0.173828
0 0.517578 0.347656 0.078125 0.187500
0 0.591797 0.318359 0.074219 0.191406
0 0.670898 0.283203 0.080078 0.199219
0 0.733398 0.261719 0.041016 0.183594
0 0.322266 0.520508 0.062500 0.076172
0 0.380859 0.501953 0.054688 0.078125
0 0.441406 0.483398 0.070312 0.087891
0 0.517578 0.458984 0.082031 0.093750
0 0.594727 0.429688 0.068359 0.097656
0 0.672852 0.402344 0.083984 0.109375
0 0.727539 0.383789 0.033203 0.087891
0 0.756836 0.379883 0.025391 0.076172
0 0.323242 0.608398 0.060547 0.134766
0 0.376953 0.596680 0.054688 0.138672
0 0.440430 0.582031 0.076172 0.152344
0 0.518555 0.565430 0.080078 0.169922
0 0.593750 0.542969 0.078125 0.179688
0 0.670898 0.526367 0.080078 0.193359
0 0.729492 0.513672 0.033203 0.191406
0 0.760742 0.509766 0.029297 0.183594
0 0.320312 0.697266 0.062500 0.066406
0 0.378906 0.691406 0.054688 0.070312
0 0.442383 0.682617 0.076172 0.072266
0 0.517578 0.672852 0.074219 0.080078
0 0.594727 0.661133 0.080078 0.087891
0 0.673828 0.646484 0.078125 0.085938
0 0.730469 0.638672 0.035156 0.085938
0 0.323242 0.787109 0.060547 0.125000
0 0.378906 0.785156 0.050781 0.128906
0 0.442383 0.787109 0.076172 0.132812
0 0.517578 0.777344 0.078125 0.148438
0 0.594727 0.775391 0.076172 0.160156
0 0.671875 0.768555 0.078125 0.173828
0 0.732422 0.764648 0.039062 0.173828
0 0.322266 0.866211 0.062500 0.041016
0 0.376953 0.869141 0.054688 0.046875
0 0.442383 0.873047 0.076172 0.050781
0 0.519531 0.875000 0.078125 0.050781
0 0.594727 0.878906 0.076172 0.058594
0 0.674805 0.880859 0.080078 0.058594
0 0.733398 0.879883 0.041016 0.068359
0 0.804688 0.490234 0.085938 0.859375
0 0.874023 0.510742 0.060547 0.802734
0 0.939453 0.532227 0.085938 0.759766
