0 0.032715 0.081259 0.049805 0.051245
0 0.080566 0.081259 0.043945 0.054173
0 0.126953 0.084187 0.048828 0.051245
0 0.174805 0.082723 0.046875 0.054173
0 0.221191 0.084187 0.045898 0.057101
0 0.266113 0.086384 0.043945 0.052709
0 0.311523 0.084919 0.046875 0.049780
0 0.356934 0.084919 0.043945 0.049780
0 0.400879 0.086384 0.043945 0.052709
0 0.446777 0.087116 0.047852 0.051245
0 0.492188 0.087848 0.042969 0.052709
0 0.491211 0.165447 0.044922 0.102489
0 0.446289 0.164714 0.044922 0.103953
0 0.401367 0.164714 0.042969 0.103953
0 0.356445 0.162518 0.042969 0.105417
0 0.312500 0.161786 0.046875 0.103953
0 0.266602 0.161054 0.044922 0.102489
0 0.220215 0.161054 0.043945 0.102489
0 0.173828 0.159590 0.048828 0.105417
0 0.127930 0.158858 0.042969 0.103953
0 0.080566 0.160322 0.043945 0.103953
0 0.034180 0.163250 0.046875 0.109810
0 0.033203 0.236457 0.046875 0.045388
0 0.081543 0.236457 0.049805 0.045388
0 0.127930 0.237189 0.042969 0.046852
0 0.173828 0.237189 0.048828 0.046852
0 0.219727 0.236457 0.042969 0.045388
0 0.264648 0.237921 0.046875 0.042460
0 0.310547 0.239385 0.044922 0.045388
0 0.355469 0.238653 0.044922 0.046852
0 0.400879 0.239385 0.045898 0.048316
0 0.446777 0.240117 0.045898 0.046852
0 0.492188 0.240117 0.044922 0.046852
0 0.079590 0.029283 0.041992 0.052709
0 0.122559 0.030015 0.043945 0.054173
0 0.167480 0.029283 0.045898 0.055637
0 0.212402 0.024158 0.043945 0.045388
0 0.258301 0.024158 0.047852 0.045388
0 0.304688 0.019766 0.044922 0.036603
0 0.350586 0.019766 0.046875 0.036603
0 0.397461 0.018302 0.046875 0.033675
0 0.445312 0.018302 0.048828 0.033675
0 0.494629 0.016105 0.049805 0.029283
0 0.542969 0.016105 0.046875 0.029283
0 0.591309 0.015373 0.049805 0.027818
0 0.641602 0.015373 0.050781 0.027818
0 0.690918 0.014641 0.047852 0.026354
0 0.740723 0.014641 0.051758 0.026354
0 0.791992 0.012445 0.050781 0.021962
0 0.842285 0.012445 0.049805 0.021962
0 0.536621 0.087848 0.043945 0.052709
0 0.580566 0.087848 0.043945 0.052709
0 0.624023 0.087848 0.042969 0.052709
0 0.666992 0.087848 0.042969 0.052709
0 0.709473 0.089312 0.041992 0.055637
0 0.752441 0.090776 0.043945 0.052709
0 0.796387 0.090044 0.043945 0.051245
0 0.838867 0.092240 0.041016 0.046852
0 0.880371 0.093704 0.041992 0.049780
0 0.922363 0.094436 0.041992 0.048316
0 0.964355 0.095168 0.041992 0.049780
0 0.991699 0.095900 0.012695 0.048316
0 0.535645 0.163982 0.045898 0.102489
0 0.580566 0.164714 0.043945 0.101025
0 0.623535 0.166179 0.041992 0.103953
0 0.666016 0.166911 0.042969 0.102489
0 0.709473 0.166911 0.043945 0.102489
0 0.752930 0.167643 0.042969 0.101025
0 0.795410 0.168375 0.041992 0.102489
0 0.837891 0.168375 0.042969 0.102489
0 0.880371 0.167643 0.041992 0.101025
0 0.921875 0.169107 0.041016 0.098097
0 0.963379 0.169839 0.041992 0.099561
0 0.991211 0.170571 0.013672 0.098097
0 0.536133 0.243045 0.044922 0.055637
0 0.580566 0.243777 0.043945 0.054173
0 0.624023 0.241581 0.042969 0.049780
0 0.666504 0.242313 0.041992 0.048316
0 0.709961 0.243777 0.044922 0.051245
0 0.753418 0.244510 0.041992 0.049780
0 0.795898 0.244510 0.042969 0.049780
0 0.838867 0.245242 0.042969 0.048316
0 0.880371 0.244510 0.040039 0.046852
0 0.921387 0.243777 0.041992 0.048316
0 0.963379 0.242313 0.041992 0.045388
0 0.991211 0.243045 0.013672 0.043924
0 0.025391 0.311859 0.048828 0.049780
0 0.074219 0.311859 0.048828 0.049780
0 0.123047 0.310395 0.048828 0.046852
0 0.171387 0.311127 0.047852 0.045388
0 0.217773 0.311859 0.044922 0.046852
0 0.263672 0.311127 0.046875 0.048316
0 0.309570 0.313324 0.044922 0.052709
0 0.309082 0.382870 0.045898 0.086384
0 0.263184 0.381406 0.045898 0.089312
0 0.217285 0.382138 0.045898 0.090776
0 0.170898 0.384334 0.046875 0.086384
0 0.123535 0.382138 0.047852 0.081991
0 0.074707 0.379941 0.049805 0.086384
0 0.025391 0.379941 0.048828 0.086384
0 0.342285 0.322108 0.018555 0.038067
0 0.359863 0.326501 0.016602 0.043924
0 0.350586 0.382870 0.035156 0.083455
0 0.351074 0.449488 0.038086 0.046852
0 0.484375 0.327233 0.017578 0.039531
0 0.503418 0.323572 0.018555 0.043924
0 0.495117 0.382870 0.037109 0.083455
0 0.495605 0.447291 0.038086 0.048316
0 0.535156 0.315520 0.041016 0.045388
0 0.576172 0.315520 0.041016 0.045388
0 0.617676 0.316984 0.041992 0.048316
0 0.659180 0.316252 0.041016 0.049780
0 0.700195 0.316252 0.041016 0.049780
0 0.740723 0.318448 0.040039 0.045388
0 0.781250 0.318448 0.041016 0.045388
0 0.820801 0.318448 0.038086 0.045388
0 0.858887 0.319180 0.038086 0.046852
0 0.897461 0.320644 0.039062 0.043924
0 0.935547 0.320644 0.037109 0.043924
0 0.974121 0.320644 0.040039 0.043924
0 0.534180 0.380673 0.042969 0.087848
0 0.576172 0.381406 0.041016 0.089312
0 0.617676 0.382870 0.041992 0.086384
0 0.659668 0.382138 0.041992 0.084919
0 0.701172 0.382138 0.041016 0.084919
0 0.740723 0.380673 0.038086 0.081991
0 0.780762 0.380673 0.041992 0.081991
0 0.820801 0.381406 0.038086 0.083455
0 0.858398 0.381406 0.037109 0.083455
0 0.896973 0.382138 0.040039 0.084919
0 0.936523 0.385066 0.039062 0.079063
0 0.975098 0.384334 0.038086 0.077599
0 0.534180 0.450220 0.042969 0.048316
0 0.576172 0.450220 0.041016 0.048316
0 0.375000 0.323572 0.013672 0.038067
0 0.402344 0.325037 0.041016 0.035139
0 0.443359 0.325769 0.041016 0.036603
0 0.469727 0.326501 0.011719 0.035139
0 0.373535 0.382870 0.012695 0.080527
0 0.374023 0.447291 0.011719 0.048316
0 0.470215 0.383602 0.010742 0.076135
0 0.470703 0.444363 0.009766 0.045388
0 0.392578 0.409956 0.011719 0.111274
0 0.411621 0.410688 0.010742 0.109810
0 0.434082 0.409956 0.010742 0.114202
0 0.452148 0.409956 0.009766 0.111274
