1 0.043945 0.303052 0.074219 0.312500
1 0.952637 0.287064 0.090820 0.321221
0 0.125000 0.322674 0.066406 0.104651
0 0.125488 0.407703 0.067383 0.071221
0 0.188477 0.325581 0.058594 0.098837
0 0.247559 0.326308 0.059570 0.100291
0 0.305176 0.328488 0.055664 0.095930
0 0.361328 0.328488 0.056641 0.095930
0 0.416016 0.329215 0.052734 0.094477
0 0.189453 0.408430 0.060547 0.066860
0 0.249023 0.408430 0.058594 0.066860
0 0.306641 0.408430 0.056641 0.066860
0 0.362305 0.408430 0.054688 0.066860
0 0.416504 0.406977 0.053711 0.063953
0 0.471191 0.407703 0.055664 0.062500
0 0.525879 0.406977 0.053711 0.061047
0 0.579590 0.406250 0.053711 0.062500
0 0.634766 0.404797 0.054688 0.062500
0 0.690918 0.403343 0.057617 0.065407
0 0.749023 0.402616 0.058594 0.063953
0 0.810059 0.399709 0.063477 0.069767
0 0.875488 0.399709 0.067383 0.069767
0 0.470703 0.329942 0.054688 0.093023
0 0.524902 0.329215 0.053711 0.091570
0 0.579102 0.327762 0.054688 0.094477
0 0.634277 0.324855 0.055664 0.088663
0 0.690918 0.321948 0.057617 0.094477
0 0.750000 0.319041 0.060547 0.100291
0 0.811523 0.314680 0.064453 0.106105
0 0.876953 0.308866 0.068359 0.111919
