0 0.186486 0.773834 0.072973 0.164300
0 0.247973 0.766734 0.068919 0.162272
0 0.310135 0.759635 0.071622 0.164300
0 0.376351 0.755578 0.068919 0.164300
0 0.437838 0.747465 0.070270 0.164300
0 0.502703 0.740365 0.070270 0.166329
0 0.566892 0.735294 0.066216 0.164300
0 0.636486 0.728195 0.072973 0.170385
0 0.706757 0.719067 0.072973 0.172414
0 0.777703 0.717039 0.066216 0.168357
0 0.180405 0.876268 0.066216 0.052738
0 0.242568 0.871197 0.063514 0.058824
0 0.306757 0.863083 0.072973 0.058824
0 0.372973 0.859026 0.059459 0.054767
0 0.435811 0.854970 0.068919 0.054767
0 0.501351 0.849899 0.067568 0.052738
0 0.568243 0.842799 0.066216 0.054767
0 0.637838 0.834686 0.070270 0.058824
0 0.709459 0.828600 0.072973 0.058824
0 0.779730 0.824544 0.067568 0.054767
0 0.195946 0.660243 0.064865 0.075051
0 0.256081 0.654158 0.063514 0.079108
0 0.318919 0.648073 0.067568 0.075051
0 0.379054 0.639959 0.063514 0.083164
0 0.441892 0.630832 0.067568 0.081136
0 0.505405 0.625761 0.070270 0.079108
0 0.570946 0.614604 0.066216 0.081136
0 0.636486 0.609533 0.072973 0.083164
0 0.706081 0.599391 0.068919 0.083164
0 0.773649 0.593306 0.066216 0.087221
0 0.172973 0.947262 0.072973 0.097363
0 0.236486 0.944219 0.067568 0.099391
0 0.304730 0.938134 0.077027 0.103448
0 0.370270 0.935091 0.064865 0.101420
0 0.431081 0.929006 0.067568 0.109533
0 0.498649 0.924949 0.070270 0.101420
0 0.566216 0.918864 0.067568 0.105477
0 0.636486 0.914807 0.072973 0.113590
0 0.710135 0.905680 0.071622 0.111562
0 0.781757 0.904665 0.071622 0.109533
0 0.201351 0.599391 0.062162 0.042596
0 0.262162 0.594320 0.059459 0.048682
0 0.321622 0.585193 0.062162 0.050710
0 0.382432 0.578093 0.059459 0.048682
0 0.445270 0.569980 0.066216 0.056795
0 0.509459 0.562880 0.062162 0.054767
0 0.571622 0.553753 0.067568 0.056795
0 0.636486 0.542596 0.067568 0.058824
0 0.706081 0.533469 0.068919 0.056795
0 0.773649 0.525355 0.063514 0.052738
