0 0.304688 0.132698 0.064453 0.159824
0 0.369141 0.134164 0.064453 0.156891
0 0.307129 0.307918 0.057617 0.187683
0 0.368652 0.308651 0.063477 0.186217
0 0.308594 0.492669 0.054688 0.181818
0 0.368164 0.494135 0.060547 0.181818
0 0.538086 0.134164 0.074219 0.162757
0 0.469727 0.134897 0.062500 0.158358
0 0.536621 0.308651 0.071289 0.183284
0 0.471191 0.307918 0.057617 0.184751
0 0.472168 0.495601 0.055664 0.187683
0 0.525879 0.497067 0.051758 0.184751
0 0.562012 0.496334 0.020508 0.183284
0 0.700684 0.135630 0.067383 0.159824
0 0.640625 0.134164 0.052734 0.159824
0 0.640625 0.307185 0.050781 0.189150
0 0.699707 0.308651 0.067383 0.186217
0 0.641602 0.493402 0.048828 0.183284
0 0.699707 0.494135 0.067383 0.181818
1 0.255859 0.311584 0.062500 0.558651
1 0.420410 0.310850 0.059570 0.551320
1 0.593750 0.311584 0.068359 0.555718
1 0.756836 0.317449 0.056641 0.555718
0 0.131348 0.127566 0.061523 0.117302
0 0.132324 0.409824 0.059570 0.174487
0 0.879883 0.129032 0.048828 0.105572
0 0.881348 0.414956 0.057617 0.167155
