0 0.116211 0.106618 0.230469 0.210294
0 0.298340 0.107353 0.133789 0.205882
0 0.433105 0.102206 0.135742 0.195588
0 0.570801 0.104412 0.139648 0.191176
0 0.710938 0.108088 0.140625 0.198529
0 0.849121 0.107353 0.139648 0.191176
0 0.959473 0.103676 0.081055 0.198529
0 0.741211 0.416912 0.070312 0.404412
0 0.741211 0.696324 0.072266 0.148529
0 0.894531 0.485294 0.210938 0.508824
0 0.264160 0.416176 0.065430 0.408824
0 0.264648 0.693382 0.064453 0.145588
0 0.117188 0.427206 0.207031 0.392647
0 0.116211 0.688971 0.207031 0.127941
0 0.439941 0.548529 0.122070 0.520588
0 0.568848 0.544853 0.129883 0.507353
