0 0.225586 0.319793 0.042969 0.107829
0 0.273926 0.319793 0.053711 0.107829
0 0.324707 0.319055 0.047852 0.106352
0 0.374023 0.320532 0.050781 0.103397
0 0.423828 0.319793 0.048828 0.101920
0 0.473145 0.319793 0.049805 0.101920
0 0.524414 0.320532 0.052734 0.103397
0 0.574219 0.320532 0.046875 0.103397
0 0.624512 0.321270 0.053711 0.104874
0 0.625000 0.434269 0.052734 0.121123
0 0.574707 0.434269 0.047852 0.121123
0 0.524902 0.435746 0.051758 0.124077
0 0.473633 0.434269 0.050781 0.127031
0 0.424316 0.433530 0.047852 0.125554
0 0.375000 0.435007 0.050781 0.122600
0 0.324707 0.436484 0.049805 0.125554
0 0.272949 0.437223 0.053711 0.124077
0 0.225098 0.437223 0.041992 0.124077
0 0.225098 0.548006 0.041992 0.097489
0 0.272461 0.548744 0.052734 0.096012
0 0.323242 0.548744 0.048828 0.096012
0 0.374023 0.546529 0.052734 0.100443
0 0.423828 0.545790 0.046875 0.098966
0 0.473633 0.547267 0.052734 0.096012
0 0.524902 0.545790 0.049805 0.093058
0 0.574219 0.544313 0.048828 0.096012
0 0.625977 0.546529 0.054688 0.100443
0 0.676270 0.546529 0.045898 0.100443
0 0.675781 0.435746 0.046875 0.121123
0 0.675781 0.322009 0.046875 0.106352
0 0.725586 0.320532 0.052734 0.103397
0 0.774414 0.319793 0.044922 0.104874
0 0.725098 0.435746 0.053711 0.124077
0 0.773926 0.435007 0.043945 0.125554
0 0.725098 0.548006 0.053711 0.097489
0 0.774414 0.547267 0.044922 0.098966
0 0.017090 0.248154 0.028320 0.171344
0 0.044922 0.257755 0.029297 0.155096
0 0.070312 0.272526 0.027344 0.137371
0 0.094727 0.282866 0.021484 0.134417
0 0.018066 0.410635 0.026367 0.174298
0 0.045410 0.412112 0.024414 0.168390
0 0.071289 0.416544 0.023438 0.156573
0 0.091797 0.425406 0.019531 0.144756
0 0.017090 0.571640 0.032227 0.138848
0 0.045410 0.561300 0.030273 0.129985
0 0.071777 0.555391 0.024414 0.121123
0 0.092285 0.552437 0.020508 0.115214
0 0.883301 0.296898 0.022461 0.129985
0 0.904785 0.289513 0.020508 0.135894
0 0.927246 0.274742 0.026367 0.144756
0 0.953613 0.265140 0.022461 0.149188
0 0.979492 0.250369 0.029297 0.161004
0 0.883789 0.426883 0.023438 0.147710
0 0.905273 0.425406 0.019531 0.156573
0 0.925781 0.420236 0.025391 0.161004
0 0.950195 0.414328 0.025391 0.166913
0 0.978516 0.408419 0.033203 0.175775
0 0.883789 0.558346 0.017578 0.121123
0 0.903809 0.560561 0.014648 0.125554
0 0.924316 0.559084 0.018555 0.128508
0 0.950195 0.563516 0.025391 0.134417
0 0.978516 0.566470 0.027344 0.143279
