0 0.129537 0.252345 0.166458 0.223265
0 0.306633 0.073171 0.122653 0.142589
0 0.429287 0.075047 0.122653 0.146341
0 0.541927 0.075985 0.105131 0.148218
0 0.675219 0.081614 0.158949 0.148218
0 0.801627 0.086304 0.093867 0.146341
0 0.884856 0.093809 0.072591 0.146341
0 0.130163 0.069418 0.172716 0.135084
0 0.229036 0.072233 0.027534 0.140713
0 0.023154 0.072233 0.043805 0.140713
0 0.023780 0.388368 0.045056 0.502814
0 0.229662 0.389306 0.033792 0.493433
0 0.307259 0.388368 0.123905 0.495310
0 0.429287 0.393058 0.120150 0.485929
0 0.543179 0.393996 0.107635 0.487805
0 0.674593 0.266417 0.155194 0.221388
0 0.800375 0.393058 0.096370 0.478424
0 0.904881 0.399625 0.112641 0.476548
0 0.979349 0.397749 0.033792 0.469043
0 0.638298 0.510319 0.062578 0.232645
0 0.710889 0.511257 0.060075 0.234522
0 0.096996 0.505629 0.066333 0.242026
0 0.173967 0.506567 0.070088 0.243902
4 0.129537 0.500000 0.166458 0.275797
4 0.674593 0.507505 0.155194 0.272045
