0 0.558105 0.193359 0.053711 0.102865
0 0.078125 0.184896 0.052734 0.135417
0 0.174805 0.178385 0.052734 0.135417
0 0.400879 0.181641 0.057617 0.126302
0 0.556641 0.022135 0.052734 0.041667
0 0.688477 0.020833 0.050781 0.039062
0 0.816406 0.018880 0.035156 0.035156
0 0.952637 0.023438 0.043945 0.044271
0 0.688965 0.192708 0.051758 0.104167
0 0.820312 0.194661 0.044922 0.100260
0 0.954102 0.192057 0.037109 0.108073
0 0.104980 0.527995 0.030273 0.162760
0 0.143555 0.527995 0.046875 0.162760
0 0.184082 0.526693 0.034180 0.165365
0 0.290039 0.526042 0.046875 0.166667
0 0.332520 0.525391 0.038086 0.167969
0 0.374023 0.524740 0.044922 0.166667
0 0.417969 0.524740 0.042969 0.166667
0 0.907227 0.479167 0.015625 0.080729
0 0.938477 0.477865 0.046875 0.083333
0 0.980957 0.475260 0.038086 0.078125
0 0.523926 0.522786 0.030273 0.173177
0 0.561523 0.522786 0.044922 0.173177
0 0.604980 0.522786 0.041992 0.173177
0 0.647949 0.524740 0.043945 0.169271
0 0.693848 0.523438 0.047852 0.166667
0 0.741211 0.523438 0.046875 0.166667
0 0.785156 0.524740 0.041016 0.169271
0 0.824219 0.523438 0.037109 0.171875
