0 0.916992 0.148438 0.166016 0.187500
0 0.913086 0.674805 0.158203 0.126953
0 0.333008 0.287109 0.197266 0.343750
0 0.464844 0.212891 0.050781 0.316406
0 0.523438 0.199219 0.050781 0.343750
0 0.597656 0.215820 0.085938 0.240234
0 0.593750 0.087891 0.082031 0.109375
0 0.679688 0.140625 0.070312 0.273438
0 0.751953 0.117188 0.058594 0.230469
0 0.333008 0.550781 0.216797 0.351562
0 0.474609 0.505859 0.054688 0.269531
0 0.519531 0.502930 0.046875 0.287109
0 0.598633 0.485352 0.095703 0.306641
0 0.686523 0.433594 0.060547 0.250000
0 0.747070 0.420898 0.052734 0.263672
0 0.478516 0.718750 0.058594 0.152344
0 0.476562 0.820312 0.054688 0.046875
0 0.476562 0.909180 0.054688 0.130859
0 0.532227 0.816406 0.037109 0.257812
0 0.531250 0.669922 0.050781 0.058594
0 0.601562 0.657227 0.093750 0.060547
0 0.601562 0.804688 0.093750 0.265625
0 0.603516 0.958008 0.097656 0.041016
0 0.687500 0.638672 0.062500 0.074219
0 0.751953 0.613281 0.050781 0.054688
0 0.752930 0.797852 0.048828 0.341797
0 0.686523 0.800781 0.064453 0.296875
0 0.337891 0.823242 0.226562 0.322266
