0 0.216309 0.343109 0.057617 0.073314
0 0.270996 0.343842 0.051758 0.071848
0 0.215820 0.417155 0.056641 0.080645
0 0.270996 0.417889 0.053711 0.076246
0 0.215820 0.490469 0.056641 0.068915
0 0.270508 0.491202 0.052734 0.067449
0 0.215332 0.562317 0.053711 0.077713
0 0.270508 0.562317 0.056641 0.077713
0 0.218262 0.640762 0.055664 0.079179
0 0.271973 0.642229 0.051758 0.076246
0 0.373535 0.341642 0.059570 0.079179
0 0.430664 0.341642 0.054688 0.079179
0 0.485352 0.340176 0.054688 0.076246
0 0.540527 0.342375 0.055664 0.071848
0 0.596191 0.343109 0.055664 0.073314
0 0.653809 0.340909 0.059570 0.077713
0 0.372559 0.417889 0.057617 0.076246
0 0.429199 0.417155 0.055664 0.077713
0 0.484375 0.416422 0.054688 0.076246
0 0.539551 0.416422 0.055664 0.076246
0 0.595215 0.415689 0.055664 0.074780
0 0.651367 0.415689 0.056641 0.074780
0 0.373535 0.489736 0.055664 0.073314
0 0.428711 0.489736 0.054688 0.073314
0 0.483398 0.489003 0.054688 0.071848
0 0.539062 0.489003 0.056641 0.068915
0 0.595703 0.489736 0.056641 0.070381
0 0.651855 0.489736 0.055664 0.070381
0 0.374023 0.563050 0.056641 0.076246
0 0.429688 0.563783 0.054688 0.074780
0 0.483887 0.563050 0.053711 0.073314
0 0.538574 0.562317 0.055664 0.074780
0 0.595215 0.560850 0.057617 0.071848
0 0.652344 0.561584 0.056641 0.070381
0 0.374023 0.637830 0.056641 0.070381
0 0.430176 0.637097 0.055664 0.071848
0 0.485840 0.637830 0.055664 0.073314
0 0.541016 0.637830 0.054688 0.073314
0 0.595703 0.637830 0.054688 0.073314
0 0.651855 0.637830 0.057617 0.070381
0 0.755371 0.340176 0.053711 0.076246
0 0.809570 0.340176 0.054688 0.076246
0 0.755859 0.416422 0.052734 0.076246
0 0.755859 0.489736 0.052734 0.070381
0 0.755859 0.563050 0.052734 0.076246
0 0.755371 0.637830 0.053711 0.073314
0 0.810547 0.416422 0.054688 0.073314
0 0.810059 0.489003 0.055664 0.071848
0 0.809570 0.562317 0.054688 0.074780
0 0.810059 0.637830 0.053711 0.076246
3 0.887695 0.907625 0.048828 0.140762
0 0.219727 0.765396 0.052734 0.026393
0 0.273926 0.766129 0.053711 0.027859
0 0.220215 0.842375 0.053711 0.127566
0 0.273926 0.844575 0.053711 0.123167
0 0.376465 0.766862 0.053711 0.029326
0 0.431641 0.767595 0.056641 0.027859
0 0.487305 0.767595 0.054688 0.027859
0 0.542480 0.768328 0.055664 0.026393
0 0.597656 0.769062 0.054688 0.027859
0 0.651855 0.769062 0.053711 0.027859
0 0.375977 0.842375 0.054688 0.118768
0 0.431641 0.842375 0.056641 0.118768
0 0.487305 0.843109 0.054688 0.120235
0 0.542480 0.841642 0.055664 0.123167
0 0.598145 0.841642 0.055664 0.123167
0 0.652344 0.843109 0.052734 0.120235
0 0.757324 0.769062 0.049805 0.030792
0 0.810059 0.770528 0.055664 0.027859
0 0.755859 0.843842 0.050781 0.118768
0 0.809082 0.843109 0.055664 0.120235
1 0.162598 0.488270 0.047852 0.401760
1 0.321777 0.487537 0.045898 0.400293
1 0.708496 0.486070 0.043945 0.406158
1 0.867676 0.489003 0.045898 0.409091
1 0.166992 0.855572 0.044922 0.218475
1 0.321289 0.854839 0.041016 0.219941
1 0.710938 0.856305 0.044922 0.222874
1 0.865234 0.860704 0.044922 0.225806
