0 0.130039 0.150879 0.174252 0.297852
0 0.295839 0.148438 0.185956 0.294922
0 0.477243 0.147949 0.176853 0.293945
0 0.657997 0.149414 0.184655 0.296875
0 0.830299 0.149902 0.159948 0.295898
0 0.122237 0.339844 0.158648 0.062500
0 0.292588 0.335449 0.182055 0.071289
0 0.469441 0.335449 0.171651 0.071289
0 0.651495 0.335938 0.192458 0.070312
0 0.832250 0.334961 0.169051 0.068359
0 0.836151 0.422852 0.161248 0.107422
0 0.660598 0.424805 0.189857 0.103516
0 0.477243 0.426758 0.176853 0.107422
0 0.299090 0.426758 0.179454 0.107422
0 0.127438 0.428711 0.163849 0.111328
0 0.124187 0.623535 0.157347 0.276367
0 0.288687 0.620605 0.171651 0.282227
0 0.468791 0.622070 0.188557 0.285156
0 0.651495 0.621094 0.176853 0.287109
0 0.833550 0.623535 0.187256 0.291992
0 0.838752 0.823730 0.176853 0.108398
0 0.658648 0.825195 0.183355 0.105469
0 0.479844 0.821777 0.174252 0.098633
0 0.301040 0.823242 0.183355 0.099609
0 0.130039 0.824219 0.158648 0.101562
0 0.128739 0.937500 0.156047 0.125000
0 0.299740 0.937500 0.175553 0.125000
0 0.476593 0.936523 0.180754 0.126953
0 0.659298 0.937988 0.176853 0.124023
0 0.838752 0.940430 0.166450 0.119141
