0 0.417969 0.191406 0.218750 0.292969
0 0.695312 0.249023 0.195312 0.275391
0 0.415039 0.390625 0.228516 0.179688
0 0.696289 0.438477 0.193359 0.169922
0 0.696289 0.589844 0.197266 0.191406
0 0.417969 0.561523 0.234375 0.212891
0 0.421875 0.755859 0.234375 0.199219
0 0.699219 0.772461 0.199219 0.201172
0 0.699219 0.932617 0.191406 0.123047
0 0.417969 0.930664 0.230469 0.138672
0 0.845703 0.241211 0.117188 0.177734
0 0.843750 0.421875 0.117188 0.230469
0 0.833984 0.603516 0.082031 0.179688
0 0.833008 0.778320 0.083984 0.185547
0 0.833984 0.935547 0.082031 0.128906
0 0.237305 0.115234 0.138672 0.218750
0 0.238281 0.252930 0.144531 0.103516
0 0.234375 0.369141 0.140625 0.187500
0 0.231445 0.550781 0.146484 0.226562
0 0.236328 0.753906 0.144531 0.214844
0 0.234375 0.929688 0.140625 0.140625
0 0.564453 0.187500 0.066406 0.183594
0 0.565430 0.381836 0.064453 0.220703
0 0.567383 0.577148 0.072266 0.189453
0 0.565430 0.762695 0.064453 0.197266
0 0.570312 0.929688 0.074219 0.140625
