0 0.080078 0.178711 0.062500 0.197266
0 0.161133 0.179688 0.099609 0.195312
0 0.253906 0.179688 0.085938 0.195312
0 0.335938 0.179688 0.023438 0.195312
0 0.390625 0.180664 0.085938 0.193359
0 0.476562 0.183594 0.085938 0.199219
0 0.533203 0.183594 0.027344 0.199219
0 0.643555 0.185547 0.115234 0.195312
0 0.739258 0.184570 0.076172 0.197266
0 0.789062 0.187500 0.023438 0.203125
0 0.081055 0.371094 0.060547 0.191406
0 0.162109 0.372070 0.101562 0.189453
0 0.254883 0.374023 0.083984 0.193359
0 0.339844 0.373047 0.015625 0.191406
0 0.388672 0.374023 0.082031 0.189453
0 0.475586 0.375977 0.091797 0.197266
0 0.535156 0.375977 0.027344 0.197266
0 0.638672 0.376953 0.113281 0.187500
0 0.736328 0.376953 0.082031 0.187500
0 0.791016 0.378906 0.027344 0.191406
0 0.791992 0.578125 0.025391 0.207031
0 0.791016 0.776367 0.023438 0.189453
0 0.791016 0.932617 0.023438 0.123047
0 0.739258 0.933594 0.080078 0.121094
0 0.738281 0.777344 0.078125 0.191406
0 0.737305 0.576172 0.080078 0.210938
0 0.639648 0.578125 0.115234 0.214844
0 0.639648 0.778320 0.115234 0.185547
0 0.636719 0.933594 0.121094 0.125000
0 0.337891 0.571289 0.015625 0.208984
0 0.387695 0.574219 0.083984 0.203125
0 0.475586 0.577148 0.091797 0.208984
0 0.534180 0.576172 0.025391 0.210938
0 0.338867 0.773438 0.017578 0.195312
0 0.391602 0.773438 0.083984 0.195312
0 0.479492 0.773438 0.091797 0.195312
0 0.536133 0.776367 0.021484 0.189453
0 0.336914 0.932617 0.017578 0.130859
0 0.389648 0.932617 0.087891 0.130859
0 0.478516 0.929688 0.089844 0.125000
0 0.537109 0.929688 0.027344 0.125000
0 0.079102 0.573242 0.056641 0.212891
0 0.159180 0.573242 0.103516 0.212891
0 0.255859 0.572266 0.089844 0.210938
0 0.256836 0.771484 0.087891 0.187500
0 0.163086 0.770508 0.099609 0.189453
0 0.081055 0.769531 0.064453 0.187500
0 0.077148 0.929688 0.056641 0.132812
0 0.160156 0.930664 0.109375 0.130859
0 0.255859 0.931641 0.082031 0.132812
