0 0.104492 0.133956 0.037109 0.031153
0 0.149902 0.135514 0.057617 0.034268
0 0.207520 0.137850 0.057617 0.038941
0 0.264648 0.140187 0.056641 0.034268
0 0.322266 0.138629 0.058594 0.031153
0 0.380371 0.137072 0.057617 0.034268
0 0.437500 0.136293 0.056641 0.032710
0 0.494141 0.135514 0.056641 0.034268
0 0.550293 0.135514 0.055664 0.037383
0 0.607422 0.136293 0.056641 0.035826
0 0.665039 0.137072 0.058594 0.037383
0 0.723145 0.137850 0.057617 0.035826
0 0.780762 0.136293 0.057617 0.032710
0 0.837402 0.136293 0.055664 0.032710
0 0.883789 0.136293 0.037109 0.032710
0 0.885254 0.203271 0.034180 0.101246
0 0.838867 0.203271 0.058594 0.101246
0 0.780762 0.204829 0.057617 0.104361
0 0.723145 0.206386 0.057617 0.101246
0 0.665527 0.206386 0.057617 0.101246
0 0.608398 0.206386 0.056641 0.101246
0 0.551270 0.206386 0.057617 0.101246
0 0.494629 0.204829 0.055664 0.104361
0 0.438477 0.203271 0.056641 0.101246
0 0.380859 0.204829 0.058594 0.098131
0 0.323242 0.205607 0.056641 0.099688
0 0.266113 0.205607 0.057617 0.099688
0 0.208496 0.204829 0.057617 0.098131
0 0.151367 0.201713 0.056641 0.104361
0 0.105957 0.200935 0.034180 0.102804
0 0.104492 0.273364 0.031250 0.042056
0 0.149902 0.274922 0.059570 0.038941
0 0.209473 0.274922 0.059570 0.038941
0 0.267578 0.275701 0.054688 0.037383
0 0.323730 0.274143 0.057617 0.034268
0 0.381836 0.274143 0.058594 0.034268
0 0.438965 0.274143 0.055664 0.034268
0 0.494629 0.274143 0.055664 0.034268
0 0.551758 0.275701 0.058594 0.037383
0 0.609375 0.275701 0.056641 0.037383
0 0.666016 0.274922 0.056641 0.035826
0 0.723633 0.274922 0.058594 0.035826
0 0.781738 0.274922 0.057617 0.035826
0 0.839355 0.274143 0.057617 0.037383
0 0.885254 0.274143 0.034180 0.037383
0 0.104004 0.426791 0.036133 0.043614
0 0.149902 0.426791 0.055664 0.043614
0 0.207031 0.426791 0.058594 0.043614
0 0.264648 0.427570 0.056641 0.042056
0 0.321777 0.427570 0.057617 0.042056
0 0.378418 0.427570 0.055664 0.042056
0 0.436035 0.427570 0.059570 0.042056
0 0.494141 0.429907 0.056641 0.037383
0 0.550781 0.428349 0.056641 0.034268
0 0.607910 0.429907 0.057617 0.031153
0 0.665039 0.430685 0.056641 0.032710
0 0.723145 0.429907 0.059570 0.034268
0 0.780762 0.431464 0.055664 0.037383
0 0.836914 0.432243 0.056641 0.035826
0 0.883789 0.432243 0.037109 0.035826
0 0.884766 0.498442 0.035156 0.096573
0 0.838379 0.497664 0.057617 0.098131
0 0.781738 0.499221 0.055664 0.101246
0 0.724121 0.499221 0.059570 0.101246
0 0.666016 0.500000 0.056641 0.102804
0 0.609375 0.500000 0.056641 0.102804
0 0.552246 0.497664 0.057617 0.098131
0 0.495117 0.497664 0.056641 0.098131
0 0.437500 0.497664 0.058594 0.098131
0 0.379883 0.496885 0.056641 0.099688
0 0.323242 0.497664 0.056641 0.101246
0 0.266113 0.498442 0.057617 0.099688
0 0.208496 0.497664 0.057617 0.098131
0 0.150879 0.496106 0.057617 0.101246
0 0.104980 0.496106 0.034180 0.101246
0 0.104004 0.565421 0.032227 0.037383
0 0.150391 0.566199 0.060547 0.035826
0 0.208496 0.566199 0.055664 0.035826
0 0.266113 0.566978 0.059570 0.034268
0 0.323242 0.567757 0.054688 0.035826
0 0.379883 0.566978 0.058594 0.037383
0 0.437012 0.566978 0.055664 0.037383
0 0.493652 0.566199 0.057617 0.038941
0 0.550781 0.566199 0.056641 0.038941
0 0.608887 0.569315 0.059570 0.032710
0 0.666016 0.569315 0.054688 0.032710
0 0.723145 0.567757 0.059570 0.035826
0 0.781250 0.570093 0.056641 0.040498
0 0.838379 0.567757 0.057617 0.045171
0 0.885254 0.567757 0.036133 0.045171
0 0.102051 0.720405 0.040039 0.042056
0 0.152344 0.721184 0.060547 0.040498
0 0.209961 0.721184 0.054688 0.040498
0 0.266602 0.722741 0.058594 0.037383
0 0.323242 0.722741 0.054688 0.037383
0 0.378906 0.722741 0.056641 0.037383
0 0.436035 0.722741 0.057617 0.037383
0 0.492676 0.722741 0.055664 0.037383
0 0.549316 0.721963 0.057617 0.035826
0 0.550781 0.792056 0.054688 0.104361
0 0.495605 0.792056 0.055664 0.104361
0 0.438477 0.791277 0.058594 0.102804
0 0.380371 0.791277 0.057617 0.102804
0 0.323242 0.792835 0.056641 0.105919
0 0.265625 0.792056 0.058594 0.107477
0 0.209473 0.790498 0.053711 0.104361
0 0.152832 0.792056 0.059570 0.101246
0 0.103516 0.792056 0.039062 0.101246
0 0.103516 0.866044 0.039062 0.043614
0 0.153809 0.865265 0.061523 0.045171
0 0.210449 0.864486 0.051758 0.043614
0 0.265625 0.864486 0.058594 0.043614
0 0.322754 0.862150 0.055664 0.038941
0 0.379883 0.862150 0.058594 0.038941
0 0.437012 0.861371 0.055664 0.037383
0 0.492676 0.860592 0.055664 0.038941
0 0.550293 0.862928 0.059570 0.043614
0 0.609375 0.866044 0.058594 0.037383
0 0.609863 0.793614 0.057617 0.107477
0 0.666504 0.794393 0.055664 0.105919
0 0.722656 0.795950 0.056641 0.102804
0 0.779785 0.795950 0.057617 0.102804
0 0.829590 0.795171 0.041992 0.104361
0 0.874512 0.795171 0.047852 0.104361
0 0.874512 0.871495 0.047852 0.048287
0 0.830078 0.871495 0.041016 0.048287
0 0.781250 0.868380 0.056641 0.042056
0 0.723145 0.868380 0.059570 0.042056
0 0.666016 0.867601 0.054688 0.040498
