0 0.180664 0.254883 0.181641 0.322266
0 0.396484 0.326172 0.136719 0.253906
0 0.557617 0.373047 0.083984 0.191406
0 0.556641 0.555664 0.082031 0.193359
0 0.550781 0.708008 0.066406 0.123047
0 0.648438 0.397461 0.066406 0.173828
0 0.650391 0.554688 0.066406 0.160156
0 0.717773 0.424805 0.052734 0.150391
0 0.719727 0.558594 0.048828 0.136719
0 0.649414 0.688477 0.068359 0.107422
0 0.719727 0.668945 0.048828 0.095703
0 0.774414 0.442383 0.056641 0.138672
0 0.775391 0.563477 0.054688 0.126953
0 0.774414 0.660156 0.052734 0.082031
0 0.374023 0.566406 0.076172 0.273438
0 0.448242 0.571289 0.048828 0.224609
0 0.243164 0.567383 0.142578 0.314453
0 0.125000 0.634766 0.070312 0.507812
0 0.241211 0.780273 0.130859 0.138672
0 0.374023 0.747070 0.076172 0.115234
0 0.447266 0.739258 0.050781 0.115234
