0 0.835938 0.171875 0.078125 0.339844
0 0.937500 0.148438 0.121094 0.292969
0 0.939453 0.483398 0.121094 0.380859
0 0.833008 0.536133 0.083984 0.330078
0 0.871094 0.881836 0.136719 0.236328
0 0.966797 0.869141 0.066406 0.257812
0 0.714844 0.890625 0.070312 0.214844
0 0.656250 0.905273 0.062500 0.189453
0 0.566406 0.915039 0.093750 0.169922
0 0.571289 0.642578 0.099609 0.367188
0 0.681641 0.593750 0.109375 0.410156
0 0.674805 0.273438 0.111328 0.277344
0 0.571289 0.364258 0.087891 0.255859
0 0.569336 0.142578 0.091797 0.269531
0 0.685547 0.099609 0.117188 0.195312
0 0.296875 0.398438 0.078125 0.218750
0 0.228516 0.457031 0.035156 0.191406
0 0.224609 0.625977 0.023438 0.150391
0 0.297852 0.570312 0.064453 0.195312
0 0.295898 0.733398 0.060547 0.166016
0 0.229492 0.770508 0.029297 0.138672
0 0.232422 0.894531 0.023438 0.109375
0 0.308594 0.869141 0.062500 0.152344
