0 0.414062 0.103516 0.121094 0.125000
0 0.539062 0.103516 0.128906 0.125000
0 0.667969 0.103516 0.128906 0.125000
0 0.795898 0.102539 0.126953 0.126953
0 0.929688 0.098633 0.140625 0.119141
0 0.417969 0.218750 0.117188 0.105469
0 0.542969 0.221680 0.132812 0.099609
0 0.672852 0.222656 0.126953 0.101562
0 0.796875 0.219727 0.121094 0.107422
0 0.939453 0.218750 0.121094 0.113281
0 0.937500 0.323242 0.121094 0.087891
0 0.936523 0.430664 0.119141 0.126953
0 0.936523 0.544922 0.119141 0.101562
0 0.936523 0.652344 0.119141 0.113281
0 0.934570 0.769531 0.123047 0.121094
0 0.936523 0.881836 0.126953 0.103516
0 0.933594 0.966797 0.117188 0.066406
0 0.416992 0.321289 0.119141 0.103516
0 0.541992 0.321289 0.130859 0.103516
0 0.672852 0.323242 0.130859 0.107422
0 0.799805 0.327148 0.123047 0.099609
0 0.416016 0.432617 0.113281 0.119141
0 0.541992 0.430664 0.138672 0.123047
0 0.672852 0.429688 0.123047 0.121094
0 0.796875 0.429688 0.125000 0.121094
0 0.416016 0.541992 0.117188 0.107422
0 0.542969 0.542969 0.136719 0.105469
0 0.674805 0.545898 0.126953 0.111328
0 0.797852 0.544922 0.119141 0.113281
0 0.414062 0.651367 0.113281 0.115234
0 0.541016 0.651367 0.140625 0.115234
0 0.673828 0.651367 0.125000 0.115234
0 0.795898 0.654297 0.119141 0.109375
0 0.416016 0.768555 0.109375 0.119141
0 0.541016 0.767578 0.140625 0.121094
0 0.675781 0.766602 0.128906 0.119141
0 0.800781 0.764648 0.121094 0.123047
