0 0.317383 0.293945 0.064453 0.310547
0 0.376953 0.326172 0.054688 0.269531
0 0.428711 0.358398 0.052734 0.255859
0 0.480469 0.368164 0.046875 0.271484
0 0.524414 0.404297 0.033203 0.285156
0 0.586914 0.427734 0.087891 0.296875
0 0.671875 0.466797 0.085938 0.292969
0 0.764648 0.509766 0.103516 0.277344
0 0.832031 0.543945 0.031250 0.232422
0 0.829102 0.791016 0.025391 0.230469
0 0.765625 0.770508 0.101562 0.259766
0 0.673828 0.740234 0.085938 0.261719
0 0.585938 0.716797 0.093750 0.277344
0 0.522461 0.699219 0.037109 0.269531
0 0.453125 0.664062 0.097656 0.277344
0 0.376953 0.639648 0.054688 0.267578
0 0.317383 0.621094 0.064453 0.285156
