0 0.697257 0.125000 0.040084 0.189655
0 0.734177 0.133621 0.033755 0.189655
0 0.768987 0.137931 0.035865 0.198276
0 0.802743 0.144397 0.031646 0.193966
0 0.833333 0.150862 0.029536 0.189655
0 0.864979 0.157328 0.033755 0.185345
0 0.698312 0.308190 0.042194 0.176724
0 0.734177 0.312500 0.033755 0.176724
0 0.768987 0.316810 0.035865 0.168103
0 0.802743 0.316810 0.031646 0.168103
0 0.835443 0.323276 0.033755 0.163793
0 0.866034 0.327586 0.035865 0.155172
0 0.452532 0.538793 0.027426 0.146552
0 0.476793 0.543103 0.021097 0.137931
0 0.502110 0.549569 0.029536 0.133621
0 0.452532 0.650862 0.027426 0.077586
0 0.477848 0.650862 0.023207 0.077586
0 0.502110 0.655172 0.025316 0.068966
0 0.607595 0.515086 0.037975 0.185345
0 0.644515 0.515086 0.035865 0.185345
0 0.681435 0.515086 0.037975 0.185345
0 0.718354 0.517241 0.035865 0.181034
0 0.753165 0.517241 0.033755 0.181034
0 0.787975 0.517241 0.035865 0.181034
0 0.608650 0.665948 0.040084 0.125000
0 0.646624 0.670259 0.035865 0.116379
0 0.682489 0.670259 0.035865 0.116379
0 0.718354 0.668103 0.035865 0.120690
0 0.753165 0.668103 0.033755 0.120690
0 0.786920 0.668103 0.033755 0.120690
