0 0.210938 0.170898 0.410156 0.095703
0 0.084961 0.103516 0.150391 0.035156
0 0.289062 0.102539 0.250000 0.037109
0 0.540039 0.101562 0.251953 0.035156
0 0.739258 0.104492 0.146484 0.029297
0 0.878906 0.104492 0.132812 0.029297
0 0.972656 0.101562 0.054688 0.035156
0 0.542969 0.169922 0.253906 0.101562
0 0.741211 0.167969 0.142578 0.105469
0 0.877930 0.166992 0.130859 0.103516
0 0.971680 0.170898 0.056641 0.095703
0 0.210938 0.300781 0.406250 0.167969
0 0.542969 0.302734 0.257812 0.164062
0 0.741211 0.306641 0.142578 0.171875
0 0.877930 0.306641 0.130859 0.171875
0 0.971680 0.300781 0.056641 0.160156
0 0.208984 0.510742 0.410156 0.224609
0 0.541992 0.573242 0.255859 0.099609
0 0.542969 0.458984 0.253906 0.128906
0 0.741211 0.458984 0.142578 0.121094
0 0.877930 0.457031 0.130859 0.125000
0 0.971680 0.458008 0.056641 0.126953
0 0.738281 0.570312 0.144531 0.101562
0 0.875977 0.571289 0.130859 0.099609
0 0.968750 0.571289 0.054688 0.099609
0 0.208008 0.691406 0.412109 0.140625
0 0.208008 0.833984 0.412109 0.144531
0 0.541016 0.688477 0.257812 0.134766
0 0.541992 0.833008 0.255859 0.154297
0 0.743164 0.689453 0.146484 0.128906
0 0.740234 0.830078 0.152344 0.152344
0 0.879883 0.687500 0.138672 0.132812
0 0.883789 0.832031 0.130859 0.156250
0 0.970703 0.685547 0.050781 0.140625
0 0.973633 0.831055 0.044922 0.150391
