0 0.619141 0.234375 0.167969 0.464844
0 0.615234 0.586914 0.164062 0.376953
0 0.617188 0.878906 0.144531 0.234375
0 0.443359 0.887695 0.156250 0.216797
0 0.447266 0.630859 0.160156 0.335938
0 0.449219 0.303711 0.167969 0.431641
0 0.312500 0.380859 0.109375 0.355469
0 0.312500 0.674805 0.105469 0.291016
0 0.308594 0.890625 0.101562 0.187500
0 0.213867 0.904297 0.083984 0.179688
0 0.133789 0.903320 0.060547 0.173828
0 0.138672 0.711914 0.062500 0.220703
0 0.212891 0.695312 0.082031 0.242188
0 0.216797 0.451172 0.078125 0.312500
0 0.142578 0.487305 0.070312 0.279297
