0 0.329590 0.356771 0.043945 0.020833
0 0.330078 0.392578 0.042969 0.050781
0 0.418945 0.296224 0.052734 0.027344
0 0.418457 0.363281 0.053711 0.106771
0 0.499512 0.294271 0.053711 0.028646
0 0.499512 0.360677 0.053711 0.104167
0 0.578613 0.294922 0.051758 0.032552
0 0.578613 0.363281 0.051758 0.104167
0 0.665039 0.358073 0.044922 0.020833
0 0.665527 0.395182 0.043945 0.053385
0 0.665527 0.539714 0.043945 0.032552
0 0.676270 0.591146 0.022461 0.070312
0 0.655762 0.591146 0.018555 0.067708
0 0.821777 0.567057 0.022461 0.024740
0 0.829590 0.593099 0.006836 0.027344
0 0.817383 0.594401 0.013672 0.029948
0 0.579590 0.516927 0.051758 0.033854
0 0.580078 0.593099 0.050781 0.118490
0 0.499023 0.517578 0.052734 0.032552
0 0.512695 0.593099 0.025391 0.118490
0 0.484863 0.592448 0.022461 0.114583
0 0.419434 0.517578 0.049805 0.037760
0 0.419922 0.593750 0.048828 0.114583
0 0.329590 0.537760 0.045898 0.031250
0 0.320312 0.590495 0.019531 0.079427
0 0.340332 0.601562 0.020508 0.096354
0 0.884277 0.569010 0.030273 0.020833
0 0.941406 0.569010 0.027344 0.020833
