0 0.032227 0.043924 0.031250 0.084919
0 0.066895 0.036603 0.034180 0.070278
0 0.105957 0.037335 0.043945 0.071742
0 0.150391 0.037335 0.044922 0.071742
0 0.194336 0.035871 0.042969 0.068814
0 0.234375 0.035871 0.037109 0.068814
0 0.270020 0.046120 0.034180 0.089312
0 0.067383 0.114934 0.035156 0.089312
0 0.106445 0.115666 0.042969 0.087848
0 0.149902 0.115666 0.043945 0.087848
0 0.193848 0.114934 0.043945 0.089312
0 0.234375 0.114202 0.037109 0.087848
0 0.233887 0.202782 0.038086 0.089312
0 0.193848 0.202782 0.041992 0.089312
0 0.150879 0.202782 0.043945 0.089312
0 0.106445 0.202782 0.044922 0.089312
0 0.065918 0.202782 0.036133 0.089312
0 0.065918 0.292094 0.036133 0.089312
0 0.106445 0.292094 0.044922 0.089312
0 0.150391 0.292094 0.042969 0.089312
0 0.193359 0.292094 0.042969 0.089312
0 0.233887 0.292094 0.038086 0.089312
0 0.234375 0.380673 0.037109 0.087848
0 0.193848 0.379941 0.043945 0.089312
0 0.150391 0.380673 0.042969 0.090776
0 0.106445 0.381406 0.044922 0.089312
0 0.065918 0.381406 0.036133 0.089312
0 0.065430 0.469253 0.035156 0.086384
0 0.105957 0.468521 0.045898 0.087848
0 0.150391 0.469253 0.042969 0.089312
0 0.193359 0.469985 0.042969 0.087848
0 0.234375 0.469985 0.039062 0.087848
0 0.234863 0.559297 0.038086 0.090776
0 0.194336 0.559297 0.042969 0.090776
0 0.150879 0.557833 0.043945 0.087848
0 0.106445 0.557833 0.044922 0.087848
0 0.064941 0.558565 0.038086 0.089312
0 0.064941 0.647145 0.038086 0.087848
0 0.105957 0.646413 0.043945 0.089312
0 0.150391 0.647145 0.044922 0.090776
0 0.194824 0.647145 0.043945 0.090776
0 0.235840 0.647877 0.038086 0.092240
0 0.234863 0.737921 0.040039 0.087848
0 0.193848 0.737189 0.041992 0.089312
0 0.150879 0.735725 0.043945 0.086384
0 0.106445 0.735725 0.044922 0.086384
0 0.065430 0.735725 0.037109 0.086384
0 0.064941 0.823572 0.036133 0.089312
0 0.105957 0.822840 0.045898 0.090776
0 0.151367 0.823572 0.044922 0.092240
0 0.192871 0.825037 0.040039 0.089312
0 0.234375 0.826501 0.042969 0.092240
0 0.235840 0.917277 0.040039 0.089312
0 0.194336 0.915813 0.042969 0.092240
0 0.150391 0.915081 0.044922 0.090776
0 0.105957 0.914348 0.043945 0.092240
0 0.065430 0.915081 0.037109 0.093704
0 0.065430 0.980234 0.037109 0.036603
0 0.107422 0.979502 0.046875 0.038067
0 0.151367 0.980234 0.044922 0.039531
0 0.193848 0.980966 0.041992 0.038067
0 0.234863 0.980966 0.040039 0.038067
0 0.374023 0.035871 0.037109 0.068814
0 0.414551 0.036603 0.043945 0.070278
0 0.457520 0.036603 0.041992 0.070278
0 0.501465 0.037335 0.043945 0.071742
0 0.542969 0.036603 0.037109 0.070278
0 0.373535 0.114202 0.034180 0.084919
0 0.413574 0.114202 0.045898 0.084919
0 0.458496 0.114202 0.043945 0.084919
0 0.502441 0.114202 0.043945 0.084919
0 0.542480 0.114202 0.036133 0.084919
0 0.541992 0.202050 0.037109 0.090776
0 0.501953 0.202050 0.042969 0.090776
0 0.458496 0.202050 0.043945 0.090776
0 0.414062 0.202782 0.044922 0.089312
0 0.373535 0.202050 0.036133 0.087848
0 0.374023 0.291362 0.037109 0.090776
0 0.414551 0.292094 0.043945 0.089312
0 0.458496 0.291362 0.043945 0.087848
0 0.501953 0.290630 0.042969 0.089312
0 0.542480 0.290630 0.038086 0.089312
0 0.543457 0.379941 0.036133 0.089312
0 0.502930 0.379941 0.044922 0.089312
0 0.458496 0.379941 0.043945 0.089312
0 0.415039 0.379941 0.042969 0.089312
0 0.375000 0.379209 0.037109 0.087848
0 0.374512 0.467789 0.036133 0.089312
0 0.415527 0.467057 0.045898 0.090776
0 0.459473 0.466325 0.041992 0.089312
0 0.502441 0.467789 0.043945 0.086384
0 0.543457 0.468521 0.038086 0.087848
0 0.543457 0.555637 0.038086 0.086384
0 0.502930 0.556369 0.042969 0.087848
0 0.459473 0.557101 0.043945 0.089312
0 0.415039 0.557101 0.044922 0.089312
0 0.373535 0.556369 0.038086 0.087848
0 0.373047 0.644217 0.037109 0.087848
0 0.414551 0.644217 0.045898 0.087848
0 0.459473 0.646413 0.043945 0.092240
0 0.503418 0.647145 0.043945 0.090776
0 0.543945 0.644949 0.037109 0.086384
0 0.544434 0.734261 0.036133 0.092240
0 0.503906 0.736457 0.044922 0.087848
0 0.459961 0.736457 0.042969 0.087848
0 0.415527 0.735725 0.045898 0.089312
0 0.375000 0.734993 0.035156 0.087848
0 0.375488 0.823572 0.036133 0.089312
0 0.416016 0.824305 0.044922 0.087848
0 0.459961 0.824305 0.042969 0.087848
0 0.503906 0.824305 0.044922 0.087848
0 0.544922 0.824305 0.037109 0.087848
0 0.544434 0.911420 0.038086 0.086384
0 0.503906 0.912152 0.042969 0.084919
0 0.459473 0.912884 0.045898 0.086384
0 0.415039 0.912884 0.042969 0.086384
0 0.375000 0.913616 0.037109 0.087848
0 0.375488 0.977306 0.038086 0.039531
0 0.416504 0.977306 0.043945 0.039531
0 0.460449 0.976574 0.043945 0.038067
0 0.503906 0.975842 0.042969 0.039531
0 0.544434 0.977306 0.038086 0.039531
0 0.680664 0.036603 0.039062 0.070278
0 0.719238 0.035871 0.038086 0.068814
0 0.719238 0.114934 0.038086 0.089312
0 0.680176 0.114934 0.040039 0.089312
0 0.680664 0.204978 0.041016 0.093704
0 0.720215 0.204246 0.038086 0.095168
0 0.679199 0.292094 0.040039 0.089312
0 0.719238 0.292826 0.036133 0.090776
0 0.681641 0.380673 0.037109 0.087848
0 0.718750 0.380673 0.037109 0.084919
0 0.681641 0.470717 0.035156 0.092240
0 0.718262 0.469253 0.036133 0.095168
0 0.682617 0.558565 0.037109 0.086384
0 0.720215 0.559297 0.038086 0.084919
0 0.683594 0.750366 0.037109 0.057101
0 0.721191 0.751098 0.038086 0.055637
0 0.683105 0.825037 0.036133 0.092240
0 0.720703 0.825037 0.039062 0.092240
0 0.683594 0.916545 0.037109 0.090776
0 0.720703 0.916545 0.037109 0.090776
0 0.685547 0.979502 0.037109 0.038067
0 0.720703 0.980234 0.035156 0.039531
0 0.854004 0.038067 0.028320 0.073206
0 0.886230 0.038067 0.036133 0.073206
0 0.887207 0.117862 0.034180 0.086384
0 0.855469 0.118594 0.029297 0.084919
0 0.856445 0.202782 0.027344 0.089312
0 0.887695 0.203514 0.035156 0.087848
0 0.856445 0.288433 0.027344 0.084919
0 0.888184 0.289898 0.036133 0.081991
0 0.856934 0.377013 0.026367 0.089312
0 0.888184 0.377013 0.036133 0.089312
0 0.856934 0.463397 0.026367 0.083455
0 0.888184 0.461201 0.036133 0.087848
0 0.857422 0.548316 0.025391 0.083455
0 0.889160 0.547584 0.038086 0.081991
0 0.859375 0.721816 0.025391 0.087848
0 0.890137 0.721083 0.036133 0.089312
0 0.858887 0.806003 0.026367 0.089312
0 0.889648 0.808199 0.035156 0.084919
0 0.859863 0.895315 0.026367 0.092240
0 0.891113 0.893851 0.036133 0.086384
0 0.914062 0.044656 0.019531 0.086384
0 0.944824 0.054905 0.041992 0.106881
0 0.915527 0.125183 0.020508 0.098097
0 0.945312 0.139092 0.044922 0.105417
0 0.915039 0.206442 0.019531 0.093704
0 0.945801 0.223280 0.041992 0.103953
0 0.915039 0.295754 0.017578 0.096633
0 0.946289 0.308931 0.042969 0.099561
0 0.915527 0.377745 0.018555 0.093704
0 0.946289 0.397511 0.042969 0.103953
0 0.916016 0.464861 0.017578 0.092240
0 0.946289 0.481698 0.042969 0.105417
0 0.917480 0.551977 0.018555 0.087848
0 0.946777 0.565154 0.040039 0.102489
0 0.916504 0.723280 0.018555 0.090776
0 0.948730 0.738653 0.043945 0.103953
0 0.918457 0.811127 0.020508 0.090776
0 0.948730 0.822840 0.043945 0.105417
0 0.917969 0.897511 0.017578 0.093704
0 0.950195 0.911420 0.041016 0.106881
0 0.919434 0.970717 0.020508 0.058565
0 0.951172 0.971449 0.046875 0.057101
0 0.860352 0.969253 0.027344 0.061493
0 0.891602 0.969253 0.033203 0.061493
0 0.750488 0.980234 0.020508 0.039531
0 0.783691 0.985359 0.043945 0.029283
0 0.751465 0.918009 0.020508 0.096633
0 0.782715 0.930454 0.041992 0.106881
0 0.813477 0.945827 0.019531 0.090776
0 0.750488 0.826501 0.022461 0.101025
0 0.751953 0.742313 0.019531 0.096633
0 0.783203 0.754026 0.042969 0.105417
0 0.813965 0.768668 0.018555 0.099561
0 0.783203 0.843338 0.042969 0.108346
0 0.812500 0.853587 0.017578 0.096633
0 0.749512 0.561493 0.022461 0.098097
0 0.781738 0.574671 0.043945 0.101025
0 0.812988 0.591508 0.018555 0.093704
0 0.748535 0.471449 0.022461 0.102489
0 0.781738 0.489751 0.041992 0.106881
0 0.811523 0.505124 0.019531 0.099561
0 0.748535 0.383602 0.022461 0.099561
0 0.781250 0.400439 0.042969 0.101025
0 0.811035 0.415081 0.020508 0.095168
0 0.748047 0.295022 0.021484 0.095168
0 0.779297 0.311127 0.041016 0.103953
0 0.810059 0.325769 0.018555 0.095168
0 0.749512 0.207174 0.020508 0.101025
0 0.779785 0.227672 0.040039 0.112738
0 0.811035 0.238653 0.020508 0.087848
0 0.748535 0.118594 0.018555 0.096633
0 0.778809 0.136164 0.041992 0.108346
0 0.809570 0.151537 0.021484 0.095168
0 0.747070 0.043924 0.021484 0.084919
0 0.779785 0.052709 0.041992 0.099561
0 0.810059 0.066618 0.018555 0.095168
0 0.645508 0.043924 0.031250 0.084919
0 0.645508 0.123719 0.031250 0.103953
0 0.645508 0.209370 0.031250 0.108346
0 0.646484 0.299414 0.029297 0.106881
0 0.646484 0.388726 0.029297 0.109810
0 0.648438 0.477306 0.033203 0.108346
0 0.648438 0.568814 0.033203 0.103953
0 0.649414 0.745974 0.033203 0.109810
0 0.648926 0.833089 0.032227 0.105417
0 0.648926 0.920937 0.032227 0.099561
0 0.650879 0.979502 0.032227 0.040996
0 0.579590 0.979502 0.032227 0.040996
0 0.579590 0.920937 0.032227 0.102489
0 0.580078 0.833821 0.033203 0.103953
0 0.579102 0.743045 0.033203 0.106881
0 0.579102 0.655198 0.033203 0.106881
0 0.578125 0.563690 0.031250 0.102489
0 0.578613 0.476574 0.030273 0.101025
0 0.577637 0.389458 0.034180 0.102489
0 0.578125 0.300878 0.035156 0.106881
0 0.579102 0.213031 0.033203 0.103953
0 0.578125 0.125183 0.031250 0.103953
0 0.577148 0.045388 0.031250 0.087848
