0 0.707031 0.314453 0.128906 0.476562
0 0.828125 0.337891 0.125000 0.445312
0 0.920898 0.363281 0.076172 0.406250
0 0.714844 0.683594 0.125000 0.289062
0 0.833008 0.690430 0.119141 0.279297
0 0.931641 0.694336 0.082031 0.271484
0 0.714844 0.057617 0.113281 0.111328
0 0.827148 0.081055 0.111328 0.158203
0 0.927734 0.091797 0.082031 0.179688
0 0.515625 0.275391 0.148438 0.222656
0 0.342773 0.128906 0.111328 0.214844
0 0.486328 0.041016 0.085938 0.078125
0 0.361328 0.355469 0.074219 0.160156
0 0.222656 0.261719 0.035156 0.117188
0 0.288086 0.398438 0.060547 0.140625
0 0.190430 0.294922 0.029297 0.113281
0 0.216797 0.436523 0.035156 0.111328
0 0.164062 0.465820 0.031250 0.095703
0 0.213867 0.687500 0.068359 0.140625
0 0.297852 0.688477 0.052734 0.158203
0 0.362305 0.697266 0.080078 0.195312
0 0.517578 0.685547 0.160156 0.203125
0 0.152344 0.669922 0.050781 0.093750
0 0.044922 0.445312 0.031250 0.078125
