0 0.035156 0.332162 0.068359 0.362039
0 0.107910 0.340949 0.075195 0.358524
0 0.180176 0.347979 0.071289 0.351494
0 0.246582 0.362039 0.063477 0.326889
0 0.303223 0.368190 0.049805 0.307557
0 0.348145 0.372583 0.040039 0.305800
0 0.388672 0.376977 0.041016 0.297012
0 0.433105 0.376977 0.047852 0.297012
0 0.484375 0.378735 0.052734 0.282953
0 0.536621 0.384007 0.051758 0.272408
0 0.587402 0.382250 0.049805 0.258348
0 0.633301 0.388401 0.041992 0.246046
0 0.670898 0.393673 0.035156 0.231986
0 0.700684 0.398067 0.024414 0.223199
0 0.724609 0.402460 0.019531 0.203866
0 0.740234 0.413005 0.011719 0.179262
0 0.758789 0.465729 0.021484 0.049209
0 0.782715 0.466608 0.026367 0.047452
0 0.809082 0.466608 0.026367 0.047452
0 0.836426 0.464851 0.028320 0.050967
0 0.863281 0.464851 0.027344 0.047452
0 0.891602 0.463093 0.029297 0.050967
0 0.921387 0.461336 0.030273 0.054482
0 0.951660 0.457821 0.030273 0.061511
0 0.979980 0.455185 0.024414 0.066784
