0 0.046875 0.067383 0.089844 0.130859
0 0.044922 0.234375 0.085938 0.289062
0 0.041992 0.438477 0.080078 0.177734
0 0.041992 0.715820 0.080078 0.416016
0 0.443359 0.125000 0.074219 0.246094
0 0.371094 0.112305 0.066406 0.220703
0 0.311523 0.086914 0.060547 0.169922
0 0.308594 0.217773 0.054688 0.134766
0 0.374023 0.253906 0.076172 0.152344
0 0.443359 0.291992 0.062500 0.126953
0 0.308594 0.374023 0.058594 0.224609
0 0.375977 0.397461 0.068359 0.216797
0 0.443359 0.425781 0.066406 0.203125
0 0.310547 0.528320 0.054688 0.119141
0 0.375000 0.546875 0.070312 0.117188
0 0.439453 0.564453 0.066406 0.113281
0 0.314453 0.693359 0.050781 0.234375
0 0.375977 0.699219 0.068359 0.218750
0 0.439453 0.707031 0.066406 0.210938
0 0.313477 0.859375 0.060547 0.117188
0 0.376953 0.862305 0.074219 0.103516
0 0.447266 0.861328 0.066406 0.109375
0 0.565430 0.199219 0.087891 0.292969
0 0.647461 0.263672 0.068359 0.261719
0 0.567383 0.362305 0.083984 0.123047
0 0.645508 0.409180 0.072266 0.115234
0 0.647461 0.106445 0.072266 0.123047
0 0.567383 0.059570 0.083984 0.115234
0 0.564453 0.474609 0.082031 0.199219
0 0.646484 0.520508 0.074219 0.166016
0 0.567383 0.598633 0.072266 0.111328
0 0.640625 0.627930 0.078125 0.107422
0 0.566406 0.778320 0.070312 0.287109
0 0.645508 0.755859 0.064453 0.199219
0 0.643555 0.888672 0.068359 0.078125
0 0.740234 0.122070 0.046875 0.154297
0 0.784180 0.163086 0.033203 0.130859
0 0.829102 0.213867 0.048828 0.142578
0 0.866211 0.248047 0.025391 0.121094
0 0.896484 0.274414 0.027344 0.111328
0 0.926758 0.302734 0.037109 0.132812
0 0.959961 0.338867 0.029297 0.103516
0 0.989258 0.359375 0.021484 0.097656
0 0.743164 0.275391 0.052734 0.171875
0 0.785156 0.305664 0.035156 0.158203
0 0.828125 0.345703 0.046875 0.160156
0 0.874023 0.380859 0.033203 0.132812
0 0.896484 0.403320 0.019531 0.130859
0 0.929688 0.426758 0.046875 0.126953
0 0.971680 0.453125 0.025391 0.117188
0 0.992188 0.473633 0.015625 0.107422
0 0.739258 0.522461 0.044922 0.177734
0 0.785156 0.544922 0.035156 0.175781
0 0.828125 0.558594 0.035156 0.164062
0 0.859375 0.576172 0.031250 0.160156
0 0.891602 0.595703 0.029297 0.148438
0 0.925781 0.604492 0.035156 0.146484
0 0.955078 0.625000 0.031250 0.136719
0 0.985352 0.634766 0.025391 0.128906
0 0.741211 0.774414 0.056641 0.193359
0 0.787109 0.773438 0.039062 0.167969
0 0.819336 0.781250 0.033203 0.171875
0 0.854492 0.790039 0.033203 0.162109
0 0.887695 0.788086 0.033203 0.146484
0 0.926758 0.792969 0.029297 0.132812
0 0.958008 0.796875 0.025391 0.125000
0 0.985352 0.801758 0.025391 0.119141
