0 0.265625 0.816406 0.062500 0.121094
0 0.329102 0.814453 0.068359 0.128906
0 0.401367 0.813477 0.076172 0.126953
0 0.475586 0.815430 0.072266 0.126953
0 0.546875 0.812500 0.074219 0.125000
0 0.625000 0.815430 0.078125 0.126953
0 0.705078 0.816406 0.082031 0.125000
0 0.785156 0.817383 0.078125 0.126953
0 0.871094 0.815430 0.089844 0.130859
0 0.958008 0.818359 0.083984 0.140625
0 0.265625 0.713867 0.062500 0.083984
0 0.330078 0.711914 0.062500 0.083984
0 0.399414 0.710938 0.076172 0.082031
0 0.474609 0.708984 0.074219 0.085938
0 0.545898 0.709961 0.072266 0.087891
0 0.625977 0.693359 0.083984 0.082031
0 0.624023 0.744141 0.083984 0.023438
0 0.708008 0.741211 0.083984 0.029297
0 0.709961 0.713867 0.087891 0.025391
0 0.709961 0.623047 0.087891 0.164062
0 0.771484 0.620117 0.035156 0.119141
0 0.806641 0.619141 0.035156 0.121094
0 0.773438 0.702148 0.035156 0.052734
0 0.808594 0.703125 0.035156 0.046875
0 0.872070 0.738281 0.091797 0.031250
0 0.958008 0.733398 0.083984 0.033203
0 0.871094 0.701172 0.093750 0.050781
0 0.958008 0.697266 0.080078 0.050781
0 0.870117 0.606445 0.091797 0.142578
0 0.958008 0.603516 0.083984 0.148438
0 0.625977 0.600586 0.083984 0.115234
0 0.624023 0.533203 0.080078 0.019531
0 0.709961 0.531250 0.087891 0.023438
0 0.872070 0.522461 0.091797 0.021484
0 0.958984 0.521484 0.082031 0.027344
0 0.789062 0.529297 0.070312 0.023438
0 0.771484 0.552734 0.035156 0.023438
0 0.809570 0.549805 0.041016 0.021484
0 0.873047 0.500977 0.089844 0.025391
0 0.958984 0.497070 0.082031 0.033203
0 0.789062 0.505859 0.078125 0.027344
0 0.624023 0.504883 0.076172 0.044922
0 0.706055 0.500000 0.080078 0.046875
0 0.786133 0.482422 0.083984 0.015625
0 0.264648 0.645508 0.064453 0.056641
0 0.330078 0.643555 0.066406 0.052734
0 0.399414 0.643555 0.072266 0.052734
0 0.472656 0.641602 0.074219 0.048828
0 0.545898 0.638672 0.072266 0.054688
0 0.267578 0.561523 0.062500 0.111328
0 0.331055 0.561523 0.060547 0.115234
0 0.398438 0.560547 0.074219 0.117188
0 0.473633 0.556641 0.076172 0.121094
0 0.545898 0.550781 0.072266 0.121094
0 0.268555 0.470703 0.060547 0.070312
0 0.330078 0.471680 0.066406 0.076172
0 0.399414 0.465820 0.072266 0.076172
0 0.473633 0.462891 0.076172 0.074219
0 0.548828 0.459961 0.074219 0.076172
0 0.625000 0.414062 0.078125 0.144531
0 0.700195 0.409180 0.068359 0.146484
0 0.782227 0.393555 0.091797 0.177734
0 0.874023 0.394531 0.091797 0.195312
0 0.960938 0.386719 0.078125 0.191406
0 0.268555 0.393555 0.060547 0.083984
0 0.333008 0.391602 0.068359 0.091797
0 0.401367 0.385742 0.076172 0.095703
0 0.473633 0.380859 0.076172 0.097656
0 0.548828 0.375977 0.074219 0.099609
0 0.625000 0.331055 0.082031 0.025391
0 0.703125 0.326172 0.078125 0.031250
0 0.271484 0.317383 0.066406 0.076172
0 0.332031 0.313477 0.062500 0.076172
0 0.400391 0.330078 0.074219 0.035156
0 0.400391 0.286133 0.078125 0.029297
0 0.476562 0.322266 0.082031 0.039062
0 0.478516 0.274414 0.070312 0.029297
0 0.549805 0.316406 0.072266 0.035156
0 0.549805 0.268555 0.072266 0.033203
0 0.624023 0.308594 0.076172 0.039062
0 0.707031 0.301758 0.078125 0.037109
0 0.786133 0.294922 0.083984 0.031250
0 0.875977 0.287109 0.095703 0.039062
0 0.959961 0.280273 0.076172 0.041016
0 0.625977 0.259766 0.080078 0.039062
0 0.710938 0.249023 0.085938 0.033203
0 0.777344 0.242188 0.046875 0.027344
0 0.816406 0.239258 0.027344 0.033203
0 0.877930 0.232422 0.087891 0.039062
0 0.960938 0.225586 0.078125 0.041016
0 0.876953 0.161133 0.093750 0.115234
0 0.960938 0.153320 0.078125 0.111328
0 0.816406 0.172852 0.027344 0.099609
0 0.778320 0.181641 0.048828 0.097656
0 0.710938 0.188477 0.085938 0.103516
0 0.626953 0.202148 0.082031 0.099609
0 0.550781 0.209961 0.074219 0.095703
0 0.475586 0.219727 0.072266 0.095703
0 0.401367 0.226562 0.076172 0.097656
0 0.271484 0.222656 0.062500 0.128906
0 0.332031 0.236328 0.062500 0.097656
0 0.333008 0.170898 0.060547 0.041016
0 0.403320 0.165039 0.076172 0.048828
0 0.477539 0.159180 0.076172 0.044922
0 0.548828 0.152344 0.070312 0.042969
0 0.336914 0.116211 0.068359 0.083984
0 0.405273 0.109375 0.076172 0.082031
0 0.474609 0.103516 0.074219 0.085938
0 0.548828 0.093750 0.070312 0.085938
0 0.626953 0.083984 0.082031 0.089844
0 0.709961 0.096680 0.083984 0.041016
0 0.781250 0.085938 0.050781 0.035156
0 0.706055 0.051758 0.083984 0.041016
0 0.793945 0.042969 0.087891 0.042969
0 0.882812 0.028320 0.085938 0.037109
