0 0.358398 0.224609 0.123047 0.324219
0 0.465820 0.306641 0.083984 0.269531
0 0.540039 0.373047 0.060547 0.222656
0 0.596680 0.425781 0.041016 0.179688
0 0.640625 0.463867 0.042969 0.166016
0 0.681641 0.496094 0.042969 0.140625
0 0.163086 0.153320 0.259766 0.302734
0 0.170898 0.308594 0.267578 0.269531
0 0.361328 0.409180 0.125000 0.181641
0 0.466797 0.465820 0.085938 0.146484
0 0.540039 0.509766 0.068359 0.117188
0 0.592773 0.540039 0.044922 0.107422
0 0.641602 0.570312 0.044922 0.097656
0 0.683594 0.590820 0.039062 0.095703
0 0.169922 0.503906 0.257812 0.328125
0 0.356445 0.572266 0.123047 0.253906
0 0.465820 0.604492 0.087891 0.212891
0 0.541016 0.632812 0.066406 0.187500
0 0.595703 0.656250 0.046875 0.160156
0 0.639648 0.669922 0.044922 0.152344
0 0.682617 0.689453 0.041016 0.136719
0 0.169922 0.755859 0.257812 0.261719
0 0.359375 0.778320 0.113281 0.216797
0 0.469727 0.792969 0.087891 0.183594
0 0.541992 0.796875 0.064453 0.160156
0 0.593750 0.802734 0.050781 0.152344
0 0.639648 0.807617 0.044922 0.142578
0 0.683594 0.811523 0.042969 0.126953
0 0.686523 0.940430 0.041016 0.119141
0 0.643555 0.937500 0.048828 0.125000
0 0.594727 0.939453 0.048828 0.121094
0 0.541016 0.941406 0.066406 0.117188
0 0.463867 0.941406 0.087891 0.117188
0 0.358398 0.942383 0.115234 0.115234
0 0.172852 0.949219 0.259766 0.101562
0 0.728516 0.456055 0.042969 0.103516
0 0.767578 0.496094 0.031250 0.085938
0 0.792969 0.523438 0.023438 0.058594
0 0.728516 0.540039 0.027344 0.115234
0 0.763672 0.571289 0.031250 0.107422
0 0.791992 0.593750 0.017578 0.101562
0 0.816406 0.586914 0.019531 0.130859
0 0.835938 0.610352 0.019531 0.123047
0 0.729492 0.625977 0.037109 0.091797
0 0.766602 0.642578 0.029297 0.078125
0 0.793945 0.664062 0.021484 0.070312
0 0.816406 0.684570 0.019531 0.064453
0 0.728516 0.705078 0.031250 0.121094
0 0.763672 0.722656 0.031250 0.113281
0 0.792969 0.735352 0.023438 0.099609
0 0.817383 0.748047 0.021484 0.085938
0 0.727539 0.817383 0.037109 0.119141
0 0.764648 0.822266 0.033203 0.101562
0 0.793945 0.824219 0.025391 0.093750
0 0.817383 0.828125 0.021484 0.089844
0 0.726562 0.938477 0.042969 0.123047
0 0.763672 0.936523 0.035156 0.126953
0 0.796875 0.936523 0.027344 0.126953
0 0.819336 0.923828 0.021484 0.101562
