0 0.361328 0.041789 0.015625 0.054252
0 0.379883 0.041789 0.021484 0.054252
0 0.401855 0.042522 0.022461 0.055718
0 0.424805 0.043255 0.023438 0.054252
0 0.360840 0.095308 0.016602 0.052786
0 0.379883 0.096041 0.021484 0.051320
0 0.402344 0.096041 0.023438 0.051320
0 0.425293 0.097507 0.022461 0.048387
0 0.361328 0.156891 0.015625 0.052786
0 0.380371 0.156891 0.022461 0.052786
0 0.402832 0.156891 0.022461 0.052786
0 0.425781 0.158358 0.023438 0.049853
0 0.361816 0.209677 0.016602 0.055718
0 0.381348 0.210411 0.022461 0.054252
0 0.403809 0.209677 0.022461 0.052786
0 0.426270 0.209677 0.022461 0.052786
0 0.361816 0.271261 0.014648 0.052786
0 0.380371 0.271261 0.022461 0.052786
0 0.403320 0.271994 0.023438 0.054252
0 0.426270 0.272727 0.022461 0.052786
0 0.362305 0.324780 0.015625 0.051320
0 0.380859 0.324047 0.021484 0.052786
0 0.403320 0.324780 0.023438 0.054252
0 0.425781 0.326246 0.021484 0.051320
0 0.363281 0.385630 0.015625 0.052786
0 0.382324 0.385630 0.022461 0.052786
0 0.404297 0.386364 0.021484 0.054252
0 0.426758 0.387097 0.023438 0.052786
0 0.363281 0.438416 0.015625 0.049853
0 0.382324 0.437683 0.022461 0.051320
0 0.404785 0.437683 0.022461 0.051320
0 0.427246 0.438416 0.022461 0.049853
0 0.364258 0.499267 0.013672 0.051320
0 0.382812 0.498534 0.023438 0.049853
0 0.405273 0.498534 0.021484 0.049853
0 0.427734 0.498534 0.023438 0.049853
0 0.364746 0.549853 0.014648 0.049853
0 0.383301 0.549120 0.022461 0.051320
0 0.405273 0.549853 0.021484 0.052786
0 0.427734 0.550587 0.023438 0.051320
0 0.364258 0.610704 0.015625 0.051320
0 0.383301 0.610704 0.022461 0.051320
0 0.405762 0.611437 0.022461 0.052786
0 0.428711 0.611437 0.023438 0.052786
0 0.364746 0.663490 0.014648 0.051320
0 0.383301 0.663490 0.022461 0.051320
0 0.406250 0.664223 0.023438 0.052786
0 0.429688 0.664956 0.023438 0.051320
0 0.365723 0.724340 0.014648 0.049853
0 0.384277 0.724340 0.022461 0.049853
0 0.407227 0.725073 0.023438 0.051320
0 0.429688 0.724340 0.021484 0.052786
0 0.367188 0.777126 0.013672 0.052786
0 0.385742 0.777126 0.023438 0.052786
0 0.408203 0.777126 0.021484 0.052786
0 0.430176 0.778592 0.022461 0.049853
0 0.449219 0.035924 0.015625 0.054252
0 0.468262 0.037390 0.022461 0.054252
0 0.490723 0.036657 0.022461 0.052786
0 0.510742 0.037390 0.017578 0.051320
0 0.449707 0.090176 0.016602 0.051320
0 0.468750 0.089443 0.021484 0.052786
0 0.490723 0.090176 0.022461 0.054252
0 0.510742 0.090176 0.017578 0.054252
0 0.450684 0.150293 0.014648 0.051320
0 0.469238 0.150293 0.022461 0.051320
0 0.490723 0.151760 0.020508 0.054252
0 0.511230 0.153226 0.020508 0.051320
0 0.450684 0.203812 0.012695 0.052786
0 0.468750 0.204545 0.023438 0.051320
0 0.491211 0.204545 0.021484 0.051320
0 0.511719 0.204545 0.019531 0.051320
0 0.451660 0.264663 0.014648 0.048387
0 0.469727 0.265396 0.021484 0.046921
0 0.491211 0.266129 0.021484 0.048387
0 0.511230 0.266862 0.018555 0.046921
0 0.452148 0.315982 0.015625 0.054252
0 0.470703 0.317449 0.021484 0.051320
0 0.492188 0.318182 0.021484 0.052786
0 0.512207 0.318915 0.018555 0.051320
0 0.452148 0.379765 0.015625 0.055718
0 0.470703 0.380499 0.021484 0.054252
0 0.492676 0.379032 0.022461 0.051320
0 0.512207 0.379032 0.016602 0.051320
0 0.453613 0.432551 0.014648 0.049853
0 0.471191 0.432551 0.020508 0.049853
0 0.492676 0.432551 0.022461 0.049853
0 0.512695 0.431818 0.017578 0.051320
0 0.452148 0.491935 0.015625 0.051320
0 0.471191 0.493402 0.022461 0.048387
0 0.493164 0.492669 0.021484 0.046921
0 0.513184 0.492669 0.018555 0.046921
0 0.453125 0.545455 0.015625 0.052786
0 0.471680 0.545455 0.021484 0.052786
0 0.493652 0.546188 0.022461 0.054252
0 0.514160 0.546188 0.018555 0.054252
0 0.453613 0.604839 0.014648 0.054252
0 0.471680 0.605572 0.021484 0.052786
0 0.493652 0.605572 0.022461 0.052786
0 0.514160 0.606305 0.018555 0.051320
0 0.454102 0.657625 0.013672 0.051320
0 0.472168 0.658358 0.022461 0.049853
0 0.494141 0.658358 0.021484 0.049853
0 0.514160 0.658358 0.018555 0.049853
0 0.453613 0.719941 0.016602 0.052786
0 0.472656 0.719941 0.021484 0.052786
0 0.494141 0.719941 0.021484 0.052786
0 0.514648 0.720674 0.019531 0.051320
0 0.453613 0.772727 0.016602 0.049853
0 0.473145 0.771994 0.022461 0.051320
0 0.495117 0.772727 0.021484 0.052786
0 0.515625 0.774194 0.019531 0.049853
0 0.454102 0.835044 0.015625 0.054252
0 0.472656 0.835777 0.021484 0.052786
0 0.494629 0.835044 0.022461 0.051320
0 0.514648 0.835044 0.017578 0.051320
0 0.455566 0.889296 0.014648 0.051320
0 0.473633 0.887830 0.021484 0.054252
0 0.496094 0.887097 0.023438 0.052786
0 0.516113 0.887097 0.016602 0.052786
0 0.455078 0.949413 0.015625 0.054252
0 0.474121 0.950147 0.022461 0.052786
0 0.495117 0.947214 0.023438 0.052786
0 0.516113 0.949413 0.018555 0.048387
0 0.455078 0.986804 0.017578 0.023460
0 0.475098 0.986804 0.022461 0.023460
0 0.497070 0.986070 0.021484 0.021994
0 0.516602 0.986070 0.017578 0.021994
0 0.366211 0.839443 0.015625 0.054252
0 0.385254 0.839443 0.022461 0.054252
0 0.407715 0.838710 0.022461 0.052786
0 0.428223 0.837977 0.018555 0.054252
0 0.367188 0.890029 0.015625 0.049853
0 0.386230 0.890762 0.022461 0.048387
0 0.408203 0.892229 0.021484 0.051320
0 0.429199 0.892229 0.020508 0.051320
0 0.367676 0.952346 0.016602 0.051320
0 0.386230 0.952346 0.020508 0.051320
0 0.409180 0.953812 0.025391 0.054252
0 0.429199 0.953812 0.014648 0.054252
0 0.368164 0.989736 0.015625 0.017595
0 0.386230 0.988270 0.020508 0.020528
0 0.408691 0.988270 0.024414 0.020528
0 0.429688 0.989003 0.017578 0.019062
0 0.540039 0.028592 0.025391 0.054252
0 0.562988 0.028592 0.020508 0.054252
0 0.584961 0.030059 0.021484 0.057185
0 0.607422 0.028592 0.023438 0.054252
0 0.630371 0.028592 0.022461 0.054252
0 0.652832 0.028592 0.022461 0.054252
0 0.674805 0.028592 0.021484 0.054252
0 0.697266 0.029326 0.023438 0.055718
0 0.720703 0.029326 0.023438 0.055718
0 0.742676 0.028592 0.020508 0.054252
0 0.765137 0.028592 0.024414 0.054252
0 0.787598 0.029326 0.020508 0.055718
0 0.810059 0.029326 0.024414 0.055718
0 0.833008 0.029326 0.021484 0.055718
0 0.855469 0.029326 0.023438 0.055718
0 0.878418 0.030059 0.022461 0.057185
0 0.901367 0.030059 0.023438 0.057185
0 0.924316 0.030059 0.022461 0.057185
0 0.947754 0.030059 0.024414 0.057185
0 0.971680 0.029326 0.023438 0.055718
0 0.990723 0.029326 0.014648 0.055718
0 0.539062 0.083578 0.023438 0.052786
0 0.562012 0.083578 0.022461 0.052786
0 0.584961 0.082845 0.023438 0.051320
0 0.607910 0.082111 0.022461 0.052786
0 0.629883 0.082111 0.021484 0.052786
0 0.651855 0.081378 0.022461 0.054252
0 0.674805 0.082111 0.023438 0.055718
0 0.697754 0.084311 0.022461 0.051320
0 0.719727 0.085044 0.021484 0.052786
0 0.741699 0.083578 0.022461 0.055718
0 0.764160 0.083578 0.022461 0.055718
0 0.787109 0.084311 0.023438 0.054252
0 0.810059 0.085044 0.022461 0.055718
0 0.832031 0.086510 0.021484 0.052786
0 0.854492 0.085777 0.023438 0.051320
0 0.877930 0.085044 0.023438 0.052786
0 0.900879 0.084311 0.022461 0.051320
0 0.923340 0.085777 0.022461 0.048387
0 0.946289 0.085777 0.023438 0.048387
0 0.969727 0.085044 0.023438 0.049853
0 0.989258 0.085777 0.015625 0.051320
0 0.539551 0.144428 0.022461 0.054252
0 0.562012 0.143695 0.022461 0.055718
0 0.584961 0.142962 0.023438 0.054252
0 0.607422 0.144428 0.021484 0.051320
0 0.629395 0.145894 0.022461 0.054252
0 0.651855 0.146628 0.022461 0.052786
0 0.674805 0.146628 0.023438 0.052786
0 0.697754 0.145894 0.022461 0.054252
0 0.720703 0.145161 0.023438 0.052786
0 0.742676 0.145894 0.020508 0.051320
0 0.764160 0.146628 0.022461 0.052786
0 0.786621 0.147361 0.022461 0.051320
0 0.809082 0.148094 0.022461 0.052786
0 0.831055 0.146628 0.021484 0.055718
0 0.853516 0.145894 0.023438 0.054252
0 0.876465 0.147361 0.022461 0.051320
0 0.899414 0.146628 0.023438 0.049853
0 0.922852 0.145161 0.023438 0.052786
0 0.946289 0.146628 0.023438 0.055718
0 0.969238 0.146628 0.022461 0.055718
0 0.988770 0.146628 0.016602 0.055718
0 0.988770 0.201613 0.016602 0.054252
0 0.969238 0.201613 0.022461 0.054252
0 0.947266 0.201613 0.021484 0.054252
0 0.924805 0.200880 0.023438 0.055718
0 0.901855 0.198680 0.022461 0.051320
0 0.878418 0.199413 0.024414 0.049853
0 0.855957 0.200147 0.020508 0.051320
0 0.833496 0.200880 0.024414 0.049853
0 0.810059 0.201613 0.022461 0.051320
0 0.788086 0.200147 0.021484 0.054252
0 0.765137 0.198680 0.024414 0.051320
0 0.742188 0.198680 0.021484 0.051320
0 0.720215 0.198680 0.022461 0.051320
0 0.697754 0.198680 0.022461 0.051320
0 0.675293 0.197947 0.022461 0.049853
0 0.652832 0.198680 0.022461 0.048387
0 0.630371 0.198680 0.022461 0.048387
0 0.608887 0.197214 0.020508 0.051320
0 0.586426 0.197947 0.024414 0.052786
0 0.562988 0.198680 0.022461 0.051320
0 0.540039 0.197947 0.023438 0.049853
0 0.540527 0.260264 0.024414 0.051320
0 0.563477 0.259531 0.021484 0.052786
0 0.584961 0.259531 0.021484 0.052786
0 0.607422 0.259531 0.023438 0.052786
0 0.630371 0.258798 0.022461 0.051320
0 0.652832 0.259531 0.022461 0.049853
0 0.675293 0.259531 0.022461 0.049853
0 0.697754 0.259531 0.022461 0.049853
0 0.720215 0.260997 0.022461 0.052786
0 0.742676 0.260997 0.022461 0.052786
0 0.765137 0.260997 0.022461 0.052786
0 0.786621 0.261730 0.020508 0.051320
0 0.808594 0.262463 0.023438 0.052786
0 0.831543 0.263196 0.022461 0.051320
0 0.854004 0.260997 0.022461 0.046921
0 0.877441 0.260264 0.024414 0.048387
0 0.900391 0.262463 0.021484 0.052786
0 0.922852 0.262463 0.023438 0.052786
0 0.945801 0.263196 0.022461 0.054252
0 0.968750 0.263196 0.023438 0.054252
0 0.989746 0.263196 0.018555 0.054252
0 0.990234 0.316716 0.017578 0.052786
0 0.969727 0.316716 0.023438 0.052786
0 0.945801 0.317449 0.024414 0.054252
0 0.922852 0.317449 0.021484 0.054252
0 0.900879 0.316716 0.022461 0.052786
0 0.877441 0.317449 0.024414 0.051320
0 0.854980 0.317449 0.020508 0.051320
0 0.833496 0.317449 0.022461 0.051320
0 0.810059 0.315982 0.024414 0.048387
0 0.787109 0.313783 0.021484 0.052786
0 0.765137 0.314516 0.022461 0.054252
0 0.742188 0.315249 0.023438 0.052786
0 0.719727 0.314516 0.021484 0.051320
0 0.697754 0.312317 0.022461 0.055718
0 0.675293 0.311584 0.022461 0.054252
0 0.652832 0.311584 0.022461 0.054252
0 0.630859 0.310850 0.021484 0.052786
0 0.608398 0.311584 0.023438 0.051320
0 0.585938 0.313050 0.021484 0.054252
0 0.563965 0.313050 0.022461 0.054252
0 0.541992 0.311584 0.021484 0.051320
0 0.541504 0.373167 0.022461 0.048387
0 0.563477 0.373167 0.021484 0.048387
0 0.585449 0.373167 0.022461 0.048387
0 0.607422 0.372434 0.021484 0.049853
0 0.628906 0.373900 0.021484 0.052786
0 0.651855 0.374633 0.024414 0.054252
0 0.674805 0.375367 0.021484 0.055718
0 0.697266 0.374633 0.021484 0.057185
0 0.718750 0.373900 0.021484 0.055718
0 0.741211 0.376100 0.023438 0.051320
0 0.764160 0.376833 0.022461 0.052786
0 0.786621 0.376833 0.022461 0.052786
0 0.809570 0.376833 0.023438 0.052786
0 0.832031 0.377566 0.021484 0.051320
0 0.854980 0.376833 0.024414 0.049853
0 0.878418 0.376100 0.022461 0.051320
0 0.901367 0.377566 0.023438 0.054252
0 0.924316 0.378299 0.022461 0.052786
0 0.946777 0.378299 0.022461 0.052786
0 0.969238 0.378299 0.022461 0.052786
0 0.989746 0.377566 0.018555 0.051320
0 0.990234 0.431085 0.017578 0.055718
0 0.970215 0.432551 0.022461 0.052786
0 0.947754 0.431818 0.022461 0.051320
0 0.924805 0.431085 0.023438 0.052786
0 0.901367 0.428886 0.023438 0.048387
0 0.878418 0.428886 0.022461 0.048387
0 0.854980 0.428886 0.024414 0.048387
0 0.832520 0.428886 0.020508 0.048387
0 0.810059 0.429619 0.024414 0.049853
0 0.787109 0.428886 0.021484 0.051320
0 0.765137 0.429619 0.022461 0.052786
0 0.742676 0.429619 0.022461 0.052786
0 0.720703 0.428886 0.021484 0.051320
0 0.698730 0.428886 0.022461 0.051320
0 0.675781 0.429619 0.023438 0.052786
0 0.652344 0.429619 0.023438 0.052786
0 0.631348 0.428152 0.018555 0.049853
0 0.609375 0.427419 0.025391 0.051320
0 0.586426 0.428152 0.020508 0.052786
0 0.564453 0.428152 0.023438 0.052786
0 0.541016 0.427419 0.023438 0.051320
0 0.541992 0.487537 0.021484 0.051320
0 0.563477 0.488270 0.021484 0.049853
0 0.586426 0.488270 0.024414 0.049853
0 0.608887 0.486804 0.020508 0.052786
0 0.630859 0.486804 0.023438 0.052786
0 0.653320 0.488270 0.021484 0.049853
0 0.675781 0.489003 0.023438 0.051320
0 0.697754 0.489003 0.020508 0.051320
0 0.719727 0.489003 0.023438 0.051320
0 0.742676 0.489736 0.022461 0.049853
0 0.765137 0.490469 0.022461 0.051320
0 0.788086 0.489736 0.023438 0.052786
0 0.811035 0.490469 0.022461 0.054252
0 0.832520 0.491935 0.020508 0.051320
0 0.854980 0.491202 0.024414 0.049853
0 0.879395 0.489736 0.024414 0.052786
0 0.902344 0.490469 0.021484 0.054252
0 0.924805 0.491202 0.023438 0.052786
0 0.947266 0.491202 0.021484 0.052786
0 0.968750 0.490469 0.023438 0.054252
0 0.988281 0.491202 0.019531 0.052786
0 0.542480 0.538856 0.024414 0.051320
0 0.564941 0.539589 0.020508 0.052786
0 0.586914 0.538856 0.023438 0.051320
0 0.608887 0.539589 0.020508 0.049853
0 0.630371 0.540323 0.022461 0.051320
0 0.652344 0.539589 0.021484 0.052786
0 0.675781 0.538856 0.025391 0.051320
0 0.698730 0.538856 0.020508 0.051320
0 0.720703 0.541056 0.023438 0.055718
0 0.743652 0.541789 0.022461 0.054252
0 0.767090 0.541056 0.024414 0.052786
0 0.789551 0.541789 0.020508 0.051320
0 0.811035 0.543255 0.022461 0.054252
0 0.833496 0.543255 0.022461 0.054252
0 0.856934 0.542522 0.024414 0.052786
0 0.878906 0.542522 0.019531 0.052786
0 0.900391 0.543255 0.023438 0.054252
0 0.924316 0.543255 0.024414 0.054252
0 0.947754 0.545455 0.022461 0.055718
0 0.970215 0.545455 0.022461 0.055718
0 0.990234 0.545455 0.017578 0.055718
0 0.541504 0.600440 0.022461 0.054252
0 0.563965 0.600440 0.022461 0.054252
0 0.586914 0.599707 0.023438 0.052786
0 0.609863 0.601173 0.022461 0.049853
0 0.631348 0.601906 0.020508 0.051320
0 0.653809 0.601906 0.024414 0.051320
0 0.677734 0.601906 0.023438 0.051320
0 0.700195 0.602639 0.021484 0.049853
0 0.721191 0.603372 0.020508 0.051320
0 0.743164 0.602639 0.023438 0.052786
0 0.765625 0.601173 0.021484 0.049853
0 0.788086 0.601906 0.023438 0.048387
0 0.812012 0.604106 0.024414 0.052786
0 0.834473 0.604106 0.020508 0.052786
0 0.855957 0.605572 0.022461 0.055718
0 0.878418 0.606305 0.022461 0.054252
0 0.901855 0.604839 0.024414 0.051320
0 0.924805 0.604106 0.021484 0.052786
0 0.946289 0.605572 0.021484 0.055718
0 0.969238 0.607038 0.024414 0.052786
0 0.989746 0.608504 0.016602 0.055718
0 0.541992 0.653959 0.021484 0.049853
0 0.564453 0.652493 0.023438 0.052786
0 0.586426 0.652493 0.020508 0.052786
0 0.543457 0.768328 0.020508 0.052786
0 0.565918 0.767595 0.024414 0.054252
0 0.588379 0.769062 0.020508 0.057185
0 0.610352 0.769062 0.023438 0.057185
0 0.632812 0.767595 0.021484 0.054252
0 0.655273 0.767595 0.023438 0.054252
0 0.677734 0.767595 0.021484 0.054252
0 0.699707 0.768328 0.022461 0.052786
0 0.722656 0.768328 0.023438 0.052786
0 0.745605 0.767595 0.022461 0.054252
0 0.767578 0.768328 0.021484 0.055718
0 0.790039 0.770528 0.023438 0.051320
0 0.812988 0.771261 0.022461 0.052786
0 0.835449 0.771994 0.022461 0.051320
0 0.858398 0.771994 0.023438 0.051320
0 0.881348 0.771994 0.022461 0.051320
0 0.903809 0.771994 0.022461 0.051320
0 0.926758 0.771994 0.023438 0.051320
0 0.950195 0.772727 0.023438 0.052786
0 0.972656 0.774927 0.021484 0.048387
0 0.990234 0.775660 0.013672 0.049853
0 0.544434 0.829912 0.022461 0.052786
0 0.566406 0.829912 0.021484 0.052786
0 0.588867 0.829179 0.023438 0.051320
0 0.611328 0.829912 0.021484 0.049853
0 0.633301 0.830645 0.022461 0.051320
0 0.655273 0.829912 0.021484 0.052786
0 0.677734 0.829912 0.023438 0.052786
0 0.700684 0.830645 0.022461 0.051320
0 0.723633 0.832845 0.023438 0.055718
0 0.746094 0.833578 0.021484 0.054252
0 0.767578 0.833578 0.021484 0.054252
0 0.790039 0.833578 0.023438 0.054252
0 0.812988 0.833578 0.022461 0.054252
0 0.835938 0.833578 0.023438 0.054252
0 0.859375 0.833578 0.023438 0.054252
0 0.882324 0.835777 0.022461 0.049853
0 0.904297 0.837243 0.021484 0.052786
0 0.926270 0.838710 0.022461 0.049853
0 0.949219 0.838710 0.023438 0.049853
0 0.972656 0.837977 0.023438 0.051320
0 0.991699 0.839443 0.014648 0.054252
0 0.544922 0.884164 0.023438 0.052786
0 0.566895 0.881232 0.020508 0.058651
0 0.589844 0.881232 0.025391 0.058651
0 0.612793 0.883431 0.020508 0.054252
0 0.635254 0.883431 0.024414 0.054252
0 0.657227 0.882698 0.019531 0.055718
0 0.678223 0.881965 0.022461 0.051320
0 0.700684 0.883431 0.022461 0.048387
0 0.724609 0.886364 0.025391 0.054252
0 0.747070 0.886364 0.019531 0.054252
0 0.769531 0.885630 0.025391 0.052786
0 0.791992 0.886364 0.019531 0.051320
0 0.814453 0.887097 0.025391 0.052786
0 0.837891 0.886364 0.021484 0.054252
0 0.860352 0.886364 0.023438 0.054252
0 0.882324 0.887830 0.020508 0.051320
0 0.905762 0.889296 0.026367 0.054252
0 0.929199 0.888563 0.020508 0.055718
0 0.951660 0.889296 0.024414 0.057185
0 0.974609 0.890762 0.021484 0.054252
0 0.992188 0.890762 0.013672 0.054252
0 0.545898 0.946481 0.023438 0.051320
0 0.568359 0.945015 0.021484 0.054252
0 0.590820 0.945015 0.023438 0.054252
0 0.613770 0.944282 0.022461 0.055718
0 0.636230 0.943548 0.022461 0.054252
0 0.657715 0.945015 0.020508 0.051320
0 0.680176 0.947214 0.024414 0.055718
0 0.703613 0.947214 0.022461 0.055718
0 0.726074 0.946481 0.022461 0.054252
0 0.748047 0.947214 0.021484 0.052786
0 0.770508 0.947947 0.023438 0.054252
0 0.792969 0.949413 0.021484 0.051320
0 0.815430 0.949413 0.023438 0.051320
0 0.838867 0.949413 0.023438 0.051320
0 0.860840 0.951613 0.020508 0.055718
0 0.882324 0.951613 0.022461 0.055718
0 0.906250 0.950880 0.025391 0.054252
0 0.930176 0.953079 0.022461 0.049853
0 0.953125 0.954545 0.023438 0.052786
0 0.976074 0.954545 0.022461 0.052786
0 0.993652 0.954545 0.012695 0.052786
