0 0.547852 0.211914 0.162109 0.353516
0 0.689453 0.172852 0.132812 0.341797
0 0.971680 0.154297 0.056641 0.273438
0 0.974609 0.525391 0.050781 0.316406
0 0.967773 0.877930 0.060547 0.244141
0 0.550781 0.592773 0.140625 0.330078
0 0.679688 0.577148 0.132812 0.341797
0 0.543945 0.867188 0.150391 0.257812
0 0.684570 0.860352 0.126953 0.263672
0 0.204102 0.716797 0.134766 0.359375
0 0.205078 0.375977 0.140625 0.388672
0 0.208008 0.917969 0.142578 0.164062
0 0.112305 0.784180 0.044922 0.302734
0 0.114258 0.436523 0.048828 0.330078
0 0.044922 0.513672 0.085938 0.187500
0 0.043945 0.843750 0.083984 0.242188
