5 0.542000 0.501333 0.576000 0.138667
0 0.083000 0.468000 0.162000 0.181333
0 0.083000 0.222667 0.162000 0.309333
0 0.086000 0.045333 0.168000 0.088000
0 0.536000 0.018000 0.076000 0.033333
0 0.607000 0.018667 0.074000 0.034667
0 0.681000 0.020000 0.070000 0.037333
0 0.749000 0.023333 0.066000 0.044000
0 0.815000 0.026667 0.066000 0.050667
0 0.881000 0.029333 0.066000 0.056000
0 0.983000 0.036667 0.030000 0.070667
0 0.987000 0.144000 0.026000 0.080000
0 0.533000 0.114000 0.074000 0.086667
0 0.607000 0.114667 0.074000 0.085333
0 0.681000 0.116667 0.070000 0.084000
0 0.750000 0.120000 0.068000 0.082667
0 0.817000 0.124667 0.066000 0.084000
0 0.880000 0.130000 0.064000 0.084000
0 0.441000 0.241333 0.030000 0.077333
0 0.484000 0.247333 0.056000 0.084000
0 0.538000 0.257333 0.048000 0.080000
0 0.587000 0.264667 0.046000 0.078667
0 0.633000 0.274000 0.042000 0.073333
0 0.676000 0.280000 0.044000 0.072000
0 0.717000 0.288000 0.038000 0.072000
0 0.755000 0.296000 0.038000 0.064000
0 0.791000 0.300667 0.034000 0.062667
0 0.826000 0.307333 0.032000 0.062667
0 0.859000 0.312667 0.030000 0.057333
0 0.891000 0.318000 0.030000 0.057333
0 0.440000 0.301333 0.032000 0.042667
0 0.484000 0.305333 0.056000 0.048000
0 0.535000 0.312000 0.050000 0.042667
0 0.586000 0.319333 0.048000 0.044000
0 0.633000 0.326000 0.046000 0.041333
0 0.442000 0.348667 0.028000 0.054667
0 0.483000 0.350000 0.054000 0.049333
0 0.536000 0.350000 0.048000 0.041333
0 0.586000 0.347333 0.048000 0.022667
0 0.677000 0.329333 0.042000 0.037333
0 0.717000 0.334000 0.038000 0.030667
0 0.755000 0.338667 0.038000 0.032000
0 0.791000 0.344667 0.038000 0.028000
0 0.826000 0.349333 0.032000 0.026667
0 0.859000 0.352667 0.034000 0.025333
0 0.890000 0.358667 0.032000 0.026667
1 0.924000 0.295333 0.048000 0.164000
0 0.246000 0.372000 0.032000 0.056000
0 0.281000 0.367333 0.038000 0.060000
0 0.320000 0.361333 0.040000 0.061333
0 0.362000 0.356667 0.044000 0.065333
0 0.394000 0.351333 0.020000 0.057333
0 0.248000 0.329333 0.032000 0.037333
0 0.281000 0.322000 0.038000 0.044000
0 0.320000 0.315333 0.040000 0.044000
0 0.361000 0.307333 0.042000 0.049333
0 0.394000 0.302000 0.024000 0.044000
0 0.248000 0.275333 0.032000 0.076000
0 0.282000 0.268667 0.036000 0.078667
0 0.319000 0.259333 0.038000 0.081333
0 0.360000 0.250000 0.044000 0.086667
0 0.393000 0.242667 0.026000 0.082667
0 0.247000 0.224667 0.030000 0.041333
0 0.283000 0.216000 0.034000 0.045333
0 0.320000 0.204667 0.040000 0.049333
0 0.361000 0.192667 0.046000 0.052000
0 0.392000 0.183333 0.024000 0.044000
0 0.249000 0.171333 0.030000 0.076000
0 0.281000 0.162000 0.038000 0.081333
0 0.320000 0.146667 0.040000 0.085333
0 0.360000 0.133333 0.044000 0.088000
0 0.393000 0.124667 0.022000 0.084000
0 0.248000 0.121333 0.028000 0.042667
0 0.281000 0.108667 0.038000 0.049333
0 0.319000 0.092667 0.038000 0.054667
0 0.361000 0.074667 0.042000 0.053333
0 0.395000 0.063333 0.026000 0.049333
0 0.249000 0.068667 0.030000 0.078667
0 0.283000 0.054000 0.034000 0.084000
0 0.320000 0.040000 0.036000 0.077333
0 0.359000 0.032667 0.046000 0.062667
0 0.395000 0.024000 0.022000 0.045333
