0 0.285156 0.362637 0.048828 0.190476
0 0.332520 0.364469 0.045898 0.186813
0 0.380371 0.362637 0.049805 0.183150
0 0.428223 0.364469 0.045898 0.179487
0 0.283203 0.553114 0.048828 0.190476
0 0.331543 0.554945 0.047852 0.186813
0 0.379883 0.558608 0.048828 0.194139
0 0.427734 0.556777 0.046875 0.197802
0 0.512695 0.364469 0.044922 0.194139
0 0.558105 0.364469 0.045898 0.194139
0 0.605469 0.362637 0.048828 0.190476
0 0.654297 0.362637 0.048828 0.190476
0 0.701660 0.360806 0.045898 0.186813
0 0.749023 0.360806 0.048828 0.186813
0 0.512207 0.556777 0.043945 0.190476
0 0.558594 0.556777 0.048828 0.190476
1 0.469238 0.461538 0.041992 0.842491
