0 0.019531 0.696289 0.027344 0.083984
0 0.048828 0.696289 0.031250 0.087891
0 0.030273 0.808594 0.056641 0.144531
0 0.178711 0.760742 0.162109 0.205078
0 0.286133 0.698242 0.041016 0.083984
0 0.344727 0.700195 0.076172 0.080078
0 0.417969 0.699219 0.070312 0.078125
0 0.475586 0.699219 0.044922 0.078125
0 0.344727 0.788086 0.072266 0.095703
0 0.415039 0.786133 0.068359 0.099609
0 0.474609 0.798828 0.050781 0.125000
0 0.348633 0.849609 0.072266 0.027344
0 0.416016 0.851562 0.062500 0.023438
0 0.589844 0.759766 0.164062 0.207031
0 0.684570 0.760742 0.025391 0.205078
0 0.098633 0.056641 0.021484 0.082031
0 0.145508 0.057617 0.072266 0.080078
0 0.207031 0.059570 0.050781 0.083984
0 0.268555 0.058594 0.072266 0.085938
0 0.343750 0.057617 0.078125 0.083984
0 0.416016 0.058594 0.066406 0.082031
0 0.480469 0.058594 0.062500 0.082031
0 0.538086 0.058594 0.052734 0.082031
0 0.597656 0.056641 0.066406 0.078125
0 0.096680 0.136719 0.021484 0.078125
0 0.144531 0.138672 0.074219 0.074219
0 0.206055 0.137695 0.048828 0.072266
0 0.267578 0.136719 0.074219 0.074219
0 0.342773 0.137695 0.076172 0.076172
0 0.416016 0.136719 0.070312 0.078125
0 0.481445 0.135742 0.060547 0.076172
0 0.539062 0.134766 0.054688 0.078125
0 0.600586 0.134766 0.068359 0.078125
0 0.095703 0.216797 0.027344 0.089844
0 0.145508 0.217773 0.072266 0.087891
0 0.208008 0.217773 0.052734 0.087891
0 0.270508 0.218750 0.072266 0.085938
0 0.343750 0.218750 0.074219 0.085938
0 0.415039 0.217773 0.068359 0.087891
0 0.480469 0.216797 0.062500 0.085938
0 0.539062 0.217773 0.054688 0.083984
0 0.600586 0.218750 0.068359 0.085938
0 0.093750 0.297852 0.023438 0.072266
0 0.143555 0.297852 0.076172 0.072266
0 0.206055 0.296875 0.048828 0.070312
0 0.267578 0.297852 0.074219 0.068359
0 0.343750 0.299805 0.078125 0.072266
0 0.416992 0.299805 0.068359 0.076172
0 0.482422 0.296875 0.062500 0.070312
0 0.541016 0.295898 0.054688 0.072266
0 0.600586 0.297852 0.064453 0.076172
0 0.095703 0.366211 0.019531 0.060547
0 0.144531 0.363281 0.078125 0.066406
0 0.208008 0.363281 0.048828 0.066406
0 0.268555 0.364258 0.072266 0.064453
0 0.342773 0.365234 0.076172 0.066406
0 0.416016 0.365234 0.070312 0.066406
0 0.481445 0.364258 0.060547 0.064453
0 0.540039 0.363281 0.056641 0.066406
0 0.599609 0.364258 0.062500 0.068359
0 0.596680 0.433594 0.068359 0.070312
0 0.540039 0.432617 0.048828 0.072266
0 0.483398 0.430664 0.064453 0.068359
0 0.415039 0.430664 0.072266 0.068359
0 0.341797 0.431641 0.074219 0.070312
0 0.269531 0.431641 0.070312 0.070312
0 0.208008 0.430664 0.052734 0.068359
0 0.143555 0.431641 0.076172 0.066406
0 0.095703 0.431641 0.019531 0.066406
0 0.093750 0.501953 0.023438 0.070312
0 0.143555 0.500977 0.076172 0.072266
0 0.206055 0.499023 0.048828 0.068359
0 0.267578 0.498047 0.074219 0.070312
0 0.343750 0.500977 0.078125 0.072266
0 0.417969 0.500000 0.070312 0.074219
0 0.482422 0.499023 0.058594 0.072266
0 0.538086 0.500977 0.052734 0.068359
0 0.598633 0.501953 0.068359 0.070312
0 0.598633 0.588867 0.068359 0.103516
0 0.538086 0.586914 0.052734 0.107422
0 0.481445 0.587891 0.060547 0.105469
0 0.417969 0.587891 0.066406 0.105469
0 0.345703 0.585938 0.078125 0.101562
0 0.268555 0.583984 0.076172 0.105469
0 0.205078 0.584961 0.050781 0.107422
0 0.142578 0.587891 0.074219 0.101562
0 0.096680 0.585938 0.017578 0.097656
2 0.762695 0.500977 0.126953 0.791016
2 0.892578 0.516602 0.136719 0.810547
