0 0.132812 0.160156 0.261719 0.214844
0 0.369141 0.265625 0.210938 0.171875
0 0.364258 0.385742 0.216797 0.224609
0 0.074219 0.292969 0.144531 0.242188
0 0.205078 0.337891 0.105469 0.207031
0 0.581055 0.361328 0.091797 0.089844
0 0.715820 0.421875 0.076172 0.074219
0 0.582031 0.452148 0.082031 0.158203
0 0.715820 0.496094 0.064453 0.117188
0 0.833008 0.508789 0.048828 0.142578
0 0.078125 0.666016 0.152344 0.238281
0 0.202148 0.669922 0.103516 0.210938
0 0.323242 0.670898 0.123047 0.181641
0 0.433594 0.670898 0.097656 0.162109
0 0.735352 0.680664 0.048828 0.111328
0 0.076172 0.467773 0.148438 0.154297
0 0.205078 0.486328 0.109375 0.136719
0 0.325195 0.518555 0.119141 0.142578
0 0.434570 0.541016 0.087891 0.125000
0 0.078125 0.864258 0.152344 0.150391
0 0.206055 0.839844 0.111328 0.128906
0 0.325195 0.824219 0.126953 0.105469
0 0.431641 0.807617 0.097656 0.103516
