0 0.387500 0.592361 0.037963 0.065278
0 0.425000 0.592361 0.037037 0.065278
0 0.462963 0.589583 0.038889 0.062500
0 0.502315 0.593056 0.039815 0.066667
0 0.542593 0.593750 0.040741 0.065278
0 0.581019 0.593750 0.039815 0.065278
0 0.620833 0.590972 0.039815 0.062500
0 0.661574 0.585417 0.039815 0.054167
0 0.701389 0.592361 0.039815 0.068056
0 0.740278 0.593056 0.037963 0.066667
0 0.779630 0.590278 0.040741 0.061111
0 0.819444 0.588194 0.040741 0.056944
0 0.269907 0.541667 0.028704 0.033333
0 0.297685 0.542361 0.026852 0.031944
0 0.324537 0.540972 0.026852 0.029167
0 0.351852 0.540972 0.027778 0.029167
0 0.379167 0.542361 0.026852 0.031944
0 0.406019 0.542361 0.026852 0.031944
0 0.432407 0.542361 0.025926 0.031944
0 0.458333 0.542361 0.025926 0.031944
0 0.485648 0.542361 0.028704 0.031944
0 0.512500 0.542361 0.025000 0.031944
0 0.539815 0.543056 0.029630 0.033333
0 0.568519 0.543056 0.027778 0.033333
0 0.594907 0.543056 0.025000 0.033333
0 0.621296 0.543056 0.027778 0.033333
0 0.649074 0.543056 0.027778 0.033333
0 0.676389 0.543056 0.026852 0.033333
0 0.702778 0.542361 0.025926 0.031944
0 0.730556 0.542361 0.029630 0.031944
0 0.390741 0.706250 0.031481 0.154167
0 0.423148 0.702083 0.033333 0.162500
0 0.458796 0.699306 0.037963 0.173611
0 0.499537 0.696528 0.041667 0.184722
0 0.541204 0.705556 0.039815 0.152778
0 0.581481 0.702083 0.038889 0.162500
0 0.625926 0.699306 0.048148 0.176389
0 0.677315 0.696528 0.052778 0.184722
0 0.741667 0.702083 0.050000 0.162500
0 0.794907 0.699306 0.054630 0.168056
0 0.854167 0.696528 0.063889 0.181944
4 0.293981 0.705556 0.063889 0.166667
3 0.627778 0.518056 0.016667 0.022222
3 0.352778 0.746528 0.033333 0.098611
3 0.673611 0.730556 0.030556 0.052778
3 0.741204 0.743750 0.023148 0.045833
3 0.778241 0.730556 0.021296 0.044444
3 0.914815 0.736111 0.024074 0.038889
3 0.981019 0.728472 0.032407 0.048611
