0 0.222656 0.105469 0.125000 0.078125
0 0.375000 0.102539 0.117188 0.068359
0 0.518555 0.107422 0.111328 0.058594
0 0.705078 0.110352 0.117188 0.080078
0 0.831055 0.106445 0.134766 0.080078
0 0.965820 0.109375 0.068359 0.070312
0 0.231445 0.048828 0.103516 0.039062
0 0.375000 0.050781 0.117188 0.039062
0 0.517578 0.052734 0.105469 0.039062
0 0.686523 0.056641 0.099609 0.039062
0 0.818359 0.052734 0.109375 0.031250
0 0.376953 0.016602 0.097656 0.025391
0 0.516602 0.017578 0.099609 0.031250
0 0.811523 0.021484 0.095703 0.039062
0 0.681641 0.023438 0.093750 0.042969
0 0.213867 0.179688 0.142578 0.074219
0 0.373047 0.176758 0.121094 0.064453
0 0.523438 0.177734 0.121094 0.070312
0 0.713867 0.180664 0.130859 0.072266
0 0.856445 0.179688 0.150391 0.062500
0 0.201172 0.251953 0.148438 0.074219
0 0.370117 0.250977 0.126953 0.068359
0 0.530273 0.250977 0.130859 0.068359
0 0.732422 0.252930 0.144531 0.076172
0 0.885742 0.253906 0.169922 0.074219
0 0.186523 0.346680 0.158203 0.119141
0 0.362305 0.348633 0.142578 0.123047
0 0.538086 0.349609 0.150391 0.117188
0 0.758789 0.351562 0.185547 0.125000
0 0.912109 0.350586 0.175781 0.130859
0 0.169922 0.476562 0.171875 0.136719
0 0.358398 0.477539 0.150391 0.134766
0 0.542969 0.478516 0.156250 0.132812
0 0.790039 0.478516 0.212891 0.132812
0 0.926758 0.476562 0.146484 0.128906
0 0.150391 0.619141 0.187500 0.156250
0 0.352539 0.621094 0.162109 0.148438
0 0.550781 0.622070 0.171875 0.154297
0 0.822266 0.625000 0.226562 0.152344
0 0.945312 0.623047 0.109375 0.140625
0 0.132812 0.764648 0.207031 0.126953
0 0.349609 0.761719 0.179688 0.128906
0 0.551758 0.762695 0.197266 0.134766
0 0.851562 0.763672 0.242188 0.121094
0 0.972656 0.759766 0.054688 0.125000
0 0.120117 0.916016 0.224609 0.167969
0 0.338867 0.914062 0.201172 0.171875
0 0.555664 0.912109 0.201172 0.175781
0 0.872070 0.914062 0.248047 0.171875
