0 0.529297 0.593137 0.095052 0.162745
0 0.474609 0.414706 0.069010 0.170588
0 0.416667 0.447059 0.026042 0.133333
0 0.371094 0.471569 0.049479 0.135294
0 0.642578 0.392157 0.027344 0.160784
0 0.177083 0.666667 0.007812 0.058824
0 0.186198 0.665686 0.007812 0.060784
0 0.195964 0.663725 0.009115 0.064706
0 0.257812 0.651961 0.013021 0.076471
0 0.272786 0.650980 0.011719 0.082353
0 0.214844 0.561765 0.013021 0.076471
0 0.228516 0.552941 0.009115 0.078431
0 0.241536 0.546078 0.011719 0.080392
0 0.255208 0.539216 0.013021 0.086275
0 0.276693 0.526471 0.019531 0.092157
