0 0.182667 0.255000 0.045333 0.046000
0 0.228667 0.255000 0.046667 0.046000
0 0.274667 0.255000 0.045333 0.046000
0 0.320667 0.256000 0.046667 0.044000
0 0.366667 0.255000 0.045333 0.042000
0 0.412667 0.254000 0.046667 0.044000
0 0.458667 0.255000 0.045333 0.046000
0 0.504667 0.254000 0.046667 0.048000
0 0.550667 0.255000 0.045333 0.050000
0 0.596667 0.254000 0.046667 0.052000
0 0.182000 0.301000 0.046667 0.046000
0 0.228667 0.300000 0.046667 0.048000
0 0.274667 0.300000 0.045333 0.048000
0 0.320000 0.301000 0.045333 0.046000
0 0.366000 0.301000 0.046667 0.046000
0 0.412667 0.301000 0.046667 0.046000
0 0.458667 0.300000 0.045333 0.044000
0 0.504667 0.300000 0.046667 0.044000
0 0.551333 0.300000 0.046667 0.044000
0 0.598000 0.300000 0.046667 0.044000
0 0.160000 0.323000 0.000000 0.002000
0 0.182667 0.344000 0.045333 0.044000
0 0.228000 0.344000 0.045333 0.044000
0 0.273333 0.343000 0.045333 0.042000
0 0.320000 0.343000 0.048000 0.042000
0 0.366000 0.344000 0.044000 0.044000
0 0.412000 0.344000 0.048000 0.044000
0 0.458667 0.344000 0.045333 0.044000
0 0.504000 0.344000 0.045333 0.044000
0 0.550667 0.344000 0.048000 0.044000
0 0.598000 0.344000 0.046667 0.044000
0 0.182667 0.387000 0.045333 0.046000
0 0.228000 0.387000 0.045333 0.046000
0 0.273333 0.387000 0.045333 0.046000
0 0.319333 0.387000 0.046667 0.046000
0 0.365333 0.387000 0.045333 0.046000
0 0.411333 0.387000 0.046667 0.046000
0 0.458000 0.386000 0.046667 0.044000
0 0.505333 0.386000 0.048000 0.044000
0 0.551333 0.387000 0.044000 0.046000
0 0.596667 0.388000 0.046667 0.044000
0 0.182000 0.433000 0.044000 0.046000
0 0.228000 0.434000 0.045333 0.044000
0 0.273333 0.433000 0.045333 0.042000
0 0.318667 0.432000 0.045333 0.044000
0 0.365333 0.434000 0.048000 0.048000
0 0.412000 0.434000 0.045333 0.048000
0 0.458667 0.434000 0.048000 0.048000
0 0.505333 0.433000 0.045333 0.050000
0 0.550667 0.432000 0.045333 0.048000
0 0.596667 0.433000 0.046667 0.046000
0 0.182667 0.476000 0.045333 0.040000
0 0.227333 0.475000 0.044000 0.042000
0 0.272667 0.476000 0.046667 0.044000
0 0.318667 0.476000 0.045333 0.044000
0 0.365333 0.476000 0.048000 0.044000
0 0.412000 0.477000 0.045333 0.042000
0 0.458000 0.477000 0.046667 0.042000
0 0.504667 0.476000 0.046667 0.044000
0 0.551333 0.477000 0.046667 0.046000
0 0.597333 0.477000 0.045333 0.046000
0 0.182667 0.518000 0.045333 0.044000
0 0.227333 0.519000 0.044000 0.042000
0 0.272667 0.519000 0.046667 0.042000
0 0.318667 0.519000 0.045333 0.042000
0 0.365333 0.518000 0.048000 0.040000
0 0.412000 0.517000 0.045333 0.042000
0 0.458000 0.519000 0.046667 0.046000
0 0.504667 0.520000 0.046667 0.044000
0 0.551333 0.520000 0.046667 0.044000
0 0.597333 0.522000 0.045333 0.040000
0 0.182000 0.586000 0.044000 0.088000
0 0.226667 0.584000 0.045333 0.092000
0 0.273333 0.584000 0.048000 0.092000
0 0.319333 0.585000 0.044000 0.090000
0 0.364667 0.585000 0.046667 0.090000
0 0.411333 0.586000 0.046667 0.088000
0 0.458000 0.587000 0.046667 0.090000
0 0.505333 0.587000 0.048000 0.090000
0 0.552000 0.587000 0.045333 0.090000
0 0.552000 0.644000 0.045333 0.024000
0 0.505333 0.644000 0.048000 0.024000
0 0.181333 0.651000 0.045333 0.046000
0 0.226667 0.652000 0.045333 0.044000
0 0.272667 0.654000 0.046667 0.048000
0 0.319333 0.654000 0.046667 0.048000
0 0.365333 0.654000 0.045333 0.048000
0 0.411333 0.654000 0.046667 0.048000
0 0.182000 0.697000 0.046667 0.046000
0 0.228000 0.697000 0.045333 0.046000
0 0.274000 0.697000 0.046667 0.046000
0 0.320667 0.698000 0.046667 0.044000
0 0.366667 0.699000 0.045333 0.046000
0 0.412000 0.700000 0.045333 0.044000
0 0.181333 0.742000 0.045333 0.040000
0 0.227333 0.741000 0.046667 0.042000
0 0.274000 0.742000 0.046667 0.044000
0 0.320000 0.742000 0.045333 0.044000
0 0.366000 0.740000 0.046667 0.048000
0 0.412000 0.744000 0.045333 0.040000
