0 0.019531 0.013177 0.019531 0.023426
0 0.038086 0.013909 0.017578 0.021962
0 0.056641 0.013909 0.019531 0.021962
0 0.076172 0.013909 0.019531 0.021962
0 0.095703 0.015373 0.019531 0.024890
0 0.114258 0.016105 0.017578 0.023426
0 0.133301 0.016837 0.020508 0.024890
0 0.152832 0.016105 0.018555 0.026354
0 0.171875 0.015373 0.019531 0.024890
0 0.190918 0.016105 0.018555 0.023426
0 0.209473 0.017570 0.018555 0.026354
0 0.227051 0.019034 0.016602 0.023426
0 0.245605 0.019766 0.020508 0.024890
0 0.264648 0.019766 0.017578 0.024890
0 0.283203 0.020498 0.019531 0.026354
0 0.302734 0.021230 0.019531 0.024890
0 0.321289 0.021230 0.017578 0.024890
0 0.338379 0.021230 0.016602 0.024890
0 0.356445 0.021230 0.019531 0.024890
0 0.375488 0.022694 0.018555 0.021962
0 0.394043 0.023426 0.018555 0.023426
0 0.413086 0.021962 0.019531 0.026354
0 0.432617 0.022694 0.019531 0.027818
0 0.433594 0.053441 0.017578 0.033675
0 0.413574 0.052709 0.022461 0.035139
0 0.394043 0.054173 0.016602 0.038067
0 0.019531 0.043192 0.019531 0.030747
0 0.038086 0.041728 0.017578 0.033675
0 0.057129 0.041728 0.020508 0.033675
0 0.076660 0.043192 0.018555 0.030747
0 0.095703 0.044656 0.019531 0.033675
0 0.113770 0.044656 0.016602 0.033675
0 0.131836 0.043924 0.019531 0.032211
0 0.151855 0.045388 0.020508 0.029283
0 0.170898 0.047584 0.017578 0.033675
0 0.189941 0.048316 0.020508 0.032211
0 0.208496 0.047584 0.016602 0.030747
0 0.226562 0.046852 0.019531 0.032211
0 0.244141 0.047584 0.015625 0.033675
0 0.263184 0.047584 0.022461 0.033675
0 0.283691 0.046852 0.018555 0.032211
0 0.302246 0.048316 0.018555 0.029283
0 0.320801 0.049780 0.018555 0.032211
0 0.338379 0.050512 0.016602 0.030747
0 0.357422 0.051245 0.021484 0.032211
0 0.377930 0.051977 0.019531 0.030747
0 0.014160 0.071010 0.018555 0.024890
0 0.032715 0.071742 0.018555 0.023426
0 0.052246 0.071010 0.020508 0.021962
0 0.072754 0.071010 0.020508 0.021962
0 0.092285 0.071742 0.018555 0.023426
0 0.110352 0.071742 0.017578 0.023426
0 0.129395 0.073206 0.020508 0.026354
0 0.148926 0.073939 0.018555 0.024890
0 0.167480 0.073206 0.018555 0.023426
0 0.186523 0.074671 0.019531 0.020498
0 0.206055 0.075403 0.019531 0.021962
0 0.225098 0.075403 0.018555 0.021962
0 0.243652 0.074671 0.018555 0.020498
0 0.262695 0.075403 0.019531 0.019034
0 0.282227 0.076867 0.019531 0.021962
0 0.301270 0.076135 0.018555 0.023426
0 0.319824 0.075403 0.018555 0.021962
0 0.338867 0.075403 0.019531 0.021962
0 0.358398 0.076867 0.019531 0.024890
0 0.377441 0.077599 0.018555 0.023426
0 0.013672 0.095168 0.019531 0.023426
0 0.032715 0.094436 0.018555 0.024890
0 0.052734 0.094436 0.021484 0.024890
0 0.072754 0.093704 0.018555 0.026354
0 0.091797 0.095168 0.019531 0.029283
0 0.109863 0.096633 0.016602 0.026354
0 0.128418 0.095168 0.020508 0.023426
0 0.148438 0.095168 0.019531 0.023426
0 0.166992 0.095900 0.017578 0.024890
0 0.186523 0.097365 0.021484 0.021962
0 0.207031 0.098097 0.019531 0.023426
0 0.225586 0.097365 0.017578 0.024890
0 0.244629 0.098097 0.020508 0.026354
0 0.263672 0.098097 0.017578 0.026354
0 0.282227 0.098829 0.019531 0.027818
0 0.301270 0.099561 0.018555 0.026354
0 0.319824 0.098829 0.018555 0.024890
0 0.338379 0.099561 0.018555 0.023426
0 0.356445 0.101025 0.017578 0.026354
0 0.376465 0.101025 0.022461 0.026354
0 0.014160 0.125915 0.018555 0.038067
0 0.033203 0.125915 0.019531 0.038067
0 0.053223 0.125183 0.020508 0.036603
0 0.073242 0.125915 0.019531 0.035139
0 0.091797 0.126647 0.017578 0.036603
0 0.109863 0.127379 0.018555 0.035139
0 0.128906 0.128111 0.019531 0.036603
0 0.148438 0.127379 0.019531 0.038067
0 0.167480 0.125183 0.018555 0.033675
0 0.186523 0.125183 0.019531 0.033675
0 0.206055 0.127379 0.019531 0.038067
0 0.225586 0.128111 0.019531 0.036603
0 0.244141 0.128111 0.017578 0.036603
0 0.263184 0.129575 0.018555 0.033675
0 0.282227 0.131772 0.019531 0.038067
0 0.302246 0.131772 0.020508 0.038067
0 0.320801 0.130307 0.016602 0.035139
0 0.338379 0.130307 0.018555 0.035139
0 0.356934 0.131040 0.018555 0.036603
0 0.375488 0.132504 0.018555 0.033675
0 0.014160 0.169839 0.018555 0.046852
0 0.033691 0.168375 0.020508 0.049780
0 0.052246 0.168375 0.016602 0.049780
0 0.071777 0.168375 0.022461 0.049780
0 0.091309 0.167643 0.016602 0.048316
0 0.110352 0.169107 0.019531 0.045388
0 0.129883 0.170571 0.019531 0.048316
0 0.148438 0.169839 0.017578 0.049780
0 0.167480 0.169839 0.018555 0.049780
0 0.187012 0.171303 0.020508 0.046852
0 0.206543 0.172035 0.018555 0.048316
0 0.226074 0.171303 0.020508 0.049780
0 0.245117 0.171303 0.017578 0.049780
0 0.263672 0.171303 0.019531 0.049780
0 0.282715 0.172035 0.018555 0.051245
0 0.302246 0.172035 0.020508 0.051245
0 0.319824 0.172035 0.014648 0.051245
0 0.338379 0.172035 0.022461 0.051245
0 0.357910 0.172035 0.016602 0.051245
0 0.375977 0.173499 0.019531 0.048316
0 0.014160 0.212299 0.020508 0.035139
0 0.034668 0.210835 0.020508 0.038067
0 0.053711 0.211567 0.017578 0.039531
0 0.073242 0.212299 0.021484 0.038067
0 0.091797 0.211567 0.015625 0.036603
0 0.110840 0.210835 0.022461 0.038067
0 0.130859 0.211567 0.017578 0.039531
0 0.148926 0.212299 0.018555 0.038067
0 0.167480 0.211567 0.018555 0.036603
0 0.186523 0.213031 0.019531 0.033675
0 0.207031 0.213763 0.021484 0.035139
0 0.227051 0.213763 0.018555 0.035139
0 0.246094 0.213763 0.019531 0.035139
0 0.264160 0.212299 0.016602 0.038067
0 0.281738 0.213031 0.018555 0.039531
0 0.302246 0.213763 0.022461 0.038067
0 0.321777 0.213031 0.016602 0.036603
0 0.339355 0.213763 0.018555 0.035139
0 0.357910 0.215227 0.018555 0.038067
0 0.376953 0.216691 0.019531 0.035139
0 0.014160 0.243777 0.020508 0.027818
0 0.034668 0.243777 0.020508 0.027818
0 0.054199 0.243045 0.018555 0.026354
0 0.072266 0.243777 0.017578 0.024890
0 0.091309 0.243777 0.020508 0.024890
0 0.111328 0.243777 0.019531 0.024890
0 0.130859 0.243777 0.019531 0.024890
0 0.149414 0.243777 0.017578 0.024890
0 0.167480 0.243777 0.018555 0.024890
0 0.187012 0.243777 0.020508 0.024890
0 0.207031 0.243777 0.019531 0.024890
0 0.226562 0.243045 0.019531 0.026354
0 0.245605 0.243045 0.018555 0.026354
0 0.264160 0.244510 0.018555 0.023426
0 0.282227 0.244510 0.017578 0.023426
0 0.303223 0.243045 0.024414 0.026354
0 0.323730 0.243045 0.016602 0.026354
0 0.339844 0.243045 0.015625 0.026354
0 0.356934 0.243777 0.018555 0.027818
0 0.375977 0.245974 0.019531 0.023426
0 0.015137 0.268668 0.020508 0.021962
0 0.035645 0.267936 0.020508 0.023426
0 0.054199 0.267936 0.016602 0.023426
0 0.071777 0.267204 0.018555 0.024890
0 0.090332 0.267936 0.018555 0.026354
0 0.109863 0.268668 0.020508 0.024890
0 0.129883 0.269400 0.019531 0.026354
0 0.148438 0.269400 0.017578 0.026354
0 0.166504 0.268668 0.018555 0.024890
0 0.187012 0.267936 0.022461 0.026354
0 0.207031 0.267204 0.017578 0.024890
0 0.226562 0.267936 0.021484 0.023426
0 0.247070 0.267936 0.019531 0.023426
0 0.265137 0.268668 0.016602 0.021962
0 0.282227 0.268668 0.017578 0.021962
0 0.303223 0.267936 0.024414 0.023426
0 0.323730 0.268668 0.016602 0.024890
0 0.340820 0.268668 0.017578 0.024890
0 0.358398 0.267936 0.017578 0.023426
0 0.376465 0.267936 0.018555 0.023426
0 0.015137 0.298682 0.020508 0.038067
0 0.035645 0.299414 0.020508 0.036603
0 0.054199 0.298682 0.016602 0.035139
0 0.072266 0.297950 0.019531 0.036603
0 0.092285 0.297218 0.020508 0.035139
0 0.111816 0.297218 0.018555 0.035139
0 0.130859 0.298682 0.017578 0.035139
0 0.148438 0.299414 0.017578 0.033675
0 0.166504 0.298682 0.018555 0.032211
0 0.186523 0.299414 0.021484 0.030747
0 0.206543 0.299414 0.018555 0.030747
0 0.226074 0.297218 0.020508 0.035139
0 0.245117 0.297950 0.017578 0.036603
0 0.264160 0.297950 0.020508 0.036603
0 0.282715 0.299414 0.016602 0.039531
0 0.301270 0.298682 0.020508 0.040996
0 0.320312 0.297950 0.017578 0.039531
0 0.338379 0.299414 0.018555 0.036603
0 0.356934 0.299414 0.018555 0.036603
0 0.375488 0.298682 0.018555 0.038067
0 0.014160 0.339678 0.020508 0.049780
0 0.034668 0.340410 0.020508 0.048316
0 0.054199 0.341142 0.018555 0.049780
0 0.073730 0.341142 0.020508 0.049780
0 0.092285 0.341142 0.016602 0.049780
0 0.110840 0.341142 0.020508 0.049780
0 0.130859 0.342606 0.019531 0.052709
0 0.149902 0.341874 0.018555 0.054173
0 0.167480 0.341874 0.016602 0.054173
0 0.186523 0.341874 0.021484 0.054173
0 0.205566 0.341142 0.016602 0.052709
0 0.224121 0.341874 0.020508 0.051245
0 0.245605 0.342606 0.022461 0.052709
0 0.265137 0.342606 0.016602 0.052709
0 0.281738 0.342606 0.016602 0.052709
0 0.300781 0.342606 0.021484 0.052709
0 0.320312 0.341874 0.017578 0.051245
0 0.338379 0.342606 0.018555 0.049780
0 0.356934 0.342606 0.018555 0.049780
0 0.375488 0.343338 0.018555 0.048316
0 0.013672 0.383602 0.019531 0.035139
0 0.033691 0.382870 0.020508 0.036603
0 0.052734 0.382870 0.017578 0.036603
0 0.072754 0.382138 0.022461 0.038067
0 0.092773 0.382138 0.017578 0.038067
0 0.111328 0.384334 0.019531 0.033675
0 0.130859 0.385066 0.019531 0.035139
0 0.149902 0.384334 0.018555 0.036603
0 0.168457 0.382138 0.018555 0.032211
0 0.187500 0.382138 0.019531 0.032211
0 0.207031 0.384334 0.019531 0.036603
0 0.225098 0.384334 0.016602 0.036603
0 0.243652 0.383602 0.020508 0.035139
0 0.263672 0.383602 0.019531 0.035139
0 0.282227 0.383602 0.017578 0.035139
0 0.300781 0.383602 0.019531 0.035139
0 0.319336 0.382870 0.017578 0.033675
0 0.338379 0.382138 0.020508 0.035139
0 0.357422 0.383602 0.017578 0.038067
0 0.375977 0.384334 0.019531 0.036603
0 0.014160 0.410688 0.018555 0.016105
0 0.033691 0.409956 0.020508 0.017570
0 0.053223 0.409956 0.018555 0.017570
0 0.072754 0.409956 0.020508 0.017570
0 0.092773 0.409224 0.019531 0.016105
0 0.112305 0.409224 0.019531 0.016105
0 0.130859 0.411420 0.017578 0.020498
0 0.149902 0.411420 0.020508 0.020498
0 0.169434 0.412152 0.018555 0.021962
0 0.187988 0.412152 0.018555 0.021962
0 0.206055 0.411420 0.017578 0.020498
0 0.223633 0.412152 0.017578 0.019034
0 0.243164 0.412152 0.021484 0.019034
0 0.263184 0.411420 0.018555 0.020498
0 0.282715 0.411420 0.020508 0.020498
0 0.301758 0.411420 0.017578 0.020498
0 0.319824 0.410688 0.018555 0.019034
0 0.339844 0.409956 0.021484 0.020498
0 0.357910 0.409956 0.014648 0.020498
0 0.375000 0.411420 0.019531 0.017570
0 0.396484 0.081991 0.015625 0.023426
0 0.414062 0.080527 0.019531 0.026354
0 0.432617 0.080527 0.017578 0.026354
0 0.450195 0.082723 0.017578 0.021962
0 0.467773 0.083455 0.017578 0.023426
0 0.482910 0.083455 0.012695 0.023426
0 0.451172 0.052709 0.017578 0.032211
0 0.468750 0.051245 0.017578 0.035139
0 0.482910 0.051977 0.010742 0.036603
0 0.452637 0.022694 0.020508 0.027818
0 0.470703 0.023426 0.015625 0.026354
0 0.483887 0.021962 0.010742 0.023426
0 0.396484 0.106881 0.017578 0.023426
0 0.415039 0.106149 0.019531 0.024890
0 0.433105 0.106149 0.016602 0.024890
0 0.451172 0.106149 0.019531 0.024890
0 0.468262 0.106149 0.014648 0.024890
0 0.482910 0.106881 0.014648 0.023426
0 0.395508 0.135432 0.015625 0.033675
0 0.414062 0.135432 0.021484 0.033675
0 0.432617 0.136896 0.015625 0.036603
0 0.450195 0.136896 0.019531 0.036603
0 0.468750 0.136164 0.017578 0.035139
0 0.483398 0.136164 0.011719 0.035139
0 0.395020 0.165447 0.016602 0.026354
0 0.413574 0.165447 0.020508 0.026354
0 0.433105 0.164714 0.018555 0.024890
0 0.451172 0.164714 0.017578 0.024890
0 0.469238 0.165447 0.018555 0.026354
0 0.484375 0.166179 0.011719 0.024890
0 0.395996 0.191801 0.016602 0.023426
0 0.413574 0.190337 0.018555 0.026354
0 0.432129 0.188873 0.018555 0.023426
0 0.451660 0.188873 0.020508 0.023426
0 0.469238 0.189605 0.014648 0.024890
0 0.483398 0.188873 0.013672 0.026354
0 0.396484 0.219619 0.017578 0.035139
0 0.414062 0.219619 0.017578 0.035139
0 0.431641 0.218155 0.017578 0.032211
0 0.450195 0.218887 0.019531 0.030747
0 0.467773 0.221083 0.015625 0.035139
0 0.482422 0.220351 0.013672 0.036603
0 0.395996 0.249634 0.016602 0.021962
0 0.413574 0.247438 0.018555 0.026354
0 0.432617 0.245974 0.019531 0.023426
0 0.451660 0.246706 0.018555 0.021962
0 0.469238 0.248170 0.016602 0.024890
0 0.482422 0.251098 0.009766 0.019034
0 0.396484 0.270864 0.017578 0.023426
0 0.414062 0.271596 0.017578 0.021962
0 0.432129 0.272328 0.016602 0.023426
0 0.449219 0.271596 0.017578 0.024890
0 0.467773 0.273060 0.019531 0.027818
0 0.482422 0.273792 0.009766 0.026354
0 0.394531 0.300878 0.021484 0.039531
0 0.413086 0.301611 0.015625 0.038067
0 0.431152 0.301611 0.020508 0.038067
0 0.450195 0.302343 0.017578 0.036603
0 0.468262 0.301611 0.018555 0.035139
0 0.482910 0.300878 0.010742 0.033675
0 0.395020 0.333821 0.020508 0.029283
0 0.413086 0.334553 0.015625 0.027818
0 0.432617 0.333821 0.023438 0.026354
0 0.451660 0.333821 0.014648 0.026354
0 0.468262 0.332357 0.018555 0.023426
0 0.482422 0.330893 0.009766 0.026354
0 0.395996 0.357980 0.020508 0.021962
0 0.414062 0.357247 0.015625 0.023426
0 0.432129 0.357980 0.020508 0.024890
0 0.451660 0.357247 0.018555 0.026354
0 0.469727 0.356515 0.017578 0.024890
0 0.483398 0.355783 0.009766 0.026354
0 0.396973 0.387994 0.018555 0.035139
0 0.415527 0.386530 0.018555 0.038067
0 0.434082 0.385066 0.018555 0.035139
0 0.451660 0.384334 0.016602 0.036603
0 0.468750 0.384334 0.017578 0.036603
0 0.482910 0.385798 0.010742 0.033675
0 0.398926 0.410688 0.018555 0.016105
0 0.417969 0.411420 0.019531 0.014641
0 0.436523 0.412884 0.017578 0.017570
0 0.453125 0.411420 0.015625 0.020498
0 0.469727 0.411420 0.017578 0.020498
0 0.484375 0.412152 0.011719 0.019034
0 0.504395 0.024158 0.018555 0.024890
0 0.523926 0.024890 0.020508 0.023426
0 0.541504 0.024890 0.014648 0.023426
0 0.557617 0.025622 0.017578 0.021962
0 0.575684 0.024158 0.018555 0.019034
0 0.595215 0.021230 0.020508 0.024890
0 0.614258 0.021230 0.017578 0.024890
0 0.632324 0.021962 0.018555 0.023426
0 0.650879 0.021230 0.018555 0.021962
0 0.668457 0.019766 0.016602 0.024890
0 0.687012 0.018302 0.020508 0.021962
0 0.707031 0.017570 0.019531 0.023426
0 0.726074 0.016837 0.018555 0.021962
0 0.745605 0.016837 0.020508 0.021962
0 0.765137 0.017570 0.018555 0.023426
0 0.783691 0.016837 0.018555 0.024890
0 0.803223 0.016105 0.020508 0.023426
0 0.823242 0.014641 0.019531 0.026354
0 0.841309 0.014641 0.016602 0.026354
0 0.859863 0.015373 0.020508 0.024890
0 0.879883 0.015373 0.019531 0.024890
0 0.898926 0.014641 0.018555 0.026354
0 0.908203 0.001464 0.000000 0.000000
0 0.505859 0.055637 0.017578 0.035139
0 0.524902 0.054173 0.020508 0.038067
0 0.542969 0.054905 0.015625 0.039531
0 0.559082 0.055637 0.016602 0.038067
0 0.577148 0.053441 0.019531 0.033675
0 0.596191 0.051977 0.018555 0.036603
0 0.614746 0.051977 0.018555 0.036603
0 0.633301 0.051245 0.018555 0.038067
0 0.650879 0.050512 0.016602 0.036603
0 0.668945 0.049048 0.019531 0.039531
0 0.688477 0.046852 0.019531 0.035139
0 0.707520 0.047584 0.018555 0.033675
0 0.726562 0.046120 0.019531 0.030747
0 0.746094 0.044656 0.019531 0.033675
0 0.765137 0.044656 0.018555 0.033675
0 0.784180 0.044656 0.019531 0.033675
0 0.802734 0.045388 0.017578 0.035139
0 0.821777 0.045388 0.020508 0.035139
0 0.841309 0.043924 0.018555 0.032211
0 0.859863 0.043192 0.018555 0.033675
0 0.879883 0.042460 0.019531 0.032211
0 0.899902 0.040264 0.020508 0.036603
0 0.506348 0.086384 0.018555 0.029283
0 0.524902 0.086384 0.018555 0.029283
0 0.542969 0.084919 0.017578 0.026354
0 0.560547 0.084919 0.017578 0.026354
0 0.578125 0.083455 0.017578 0.023426
0 0.595703 0.081991 0.017578 0.026354
0 0.613281 0.081991 0.017578 0.026354
0 0.630859 0.082723 0.017578 0.024890
0 0.648926 0.083455 0.018555 0.026354
0 0.667969 0.081259 0.019531 0.030747
0 0.687500 0.076867 0.019531 0.021962
0 0.706543 0.076135 0.018555 0.023426
0 0.725586 0.076867 0.019531 0.024890
0 0.745117 0.075403 0.019531 0.027818
0 0.764648 0.073206 0.019531 0.023426
0 0.783691 0.073206 0.018555 0.023426
0 0.802734 0.073939 0.019531 0.024890
0 0.822266 0.073206 0.019531 0.026354
0 0.841797 0.071742 0.019531 0.023426
0 0.860840 0.071742 0.018555 0.023426
0 0.879883 0.071742 0.019531 0.023426
0 0.900391 0.070278 0.021484 0.026354
0 0.506836 0.120059 0.017578 0.035139
0 0.525391 0.108346 0.017578 0.023426
0 0.543457 0.107613 0.018555 0.024890
0 0.562012 0.108346 0.018555 0.026354
0 0.579102 0.108346 0.015625 0.026354
0 0.595703 0.106881 0.017578 0.023426
0 0.613281 0.106881 0.017578 0.023426
0 0.632324 0.106881 0.020508 0.023426
0 0.650391 0.106881 0.015625 0.023426
0 0.667480 0.105417 0.018555 0.020498
0 0.687500 0.100293 0.017578 0.024890
0 0.706055 0.099561 0.019531 0.026354
0 0.725098 0.099561 0.018555 0.026354
0 0.744629 0.099561 0.020508 0.026354
0 0.764160 0.099561 0.018555 0.026354
0 0.783203 0.098097 0.019531 0.029283
0 0.802246 0.097365 0.018555 0.027818
0 0.821777 0.097365 0.020508 0.027818
0 0.841309 0.095168 0.018555 0.023426
0 0.859863 0.094436 0.018555 0.024890
0 0.879395 0.095168 0.020508 0.026354
0 0.900391 0.095168 0.021484 0.026354
0 0.506836 0.146413 0.019531 0.017570
0 0.523926 0.138360 0.016602 0.036603
0 0.543457 0.139092 0.018555 0.035139
0 0.561035 0.138360 0.016602 0.033675
0 0.578125 0.136896 0.017578 0.036603
0 0.595215 0.135432 0.016602 0.033675
0 0.612793 0.134700 0.018555 0.035139
0 0.632812 0.133968 0.021484 0.033675
0 0.651855 0.133968 0.016602 0.033675
0 0.669434 0.133968 0.018555 0.033675
0 0.687988 0.131040 0.018555 0.039531
0 0.706543 0.130307 0.018555 0.038067
0 0.725098 0.130307 0.018555 0.038067
0 0.744629 0.129575 0.020508 0.036603
0 0.764160 0.129575 0.018555 0.036603
0 0.783203 0.128843 0.019531 0.035139
0 0.801758 0.127379 0.017578 0.038067
0 0.820312 0.127379 0.019531 0.038067
0 0.840820 0.125915 0.021484 0.040996
0 0.861328 0.124451 0.019531 0.038067
0 0.880371 0.125915 0.018555 0.035139
0 0.900391 0.125915 0.021484 0.035139
0 0.506348 0.168375 0.016602 0.026354
0 0.523926 0.169107 0.018555 0.024890
0 0.542480 0.169107 0.018555 0.024890
0 0.561035 0.167643 0.018555 0.027818
0 0.578125 0.166179 0.015625 0.024890
0 0.594727 0.166179 0.017578 0.024890
0 0.612793 0.165447 0.018555 0.023426
0 0.632324 0.163982 0.020508 0.026354
0 0.650879 0.163982 0.016602 0.026354
0 0.669434 0.163982 0.020508 0.026354
0 0.688477 0.162518 0.017578 0.023426
0 0.707031 0.161054 0.019531 0.026354
0 0.725586 0.160322 0.017578 0.024890
0 0.744629 0.159590 0.020508 0.026354
0 0.764160 0.159590 0.018555 0.026354
0 0.782715 0.159590 0.018555 0.026354
0 0.801758 0.158126 0.019531 0.023426
0 0.820312 0.157394 0.017578 0.024890
0 0.838867 0.156662 0.019531 0.023426
0 0.859863 0.154466 0.022461 0.027818
0 0.880371 0.154466 0.018555 0.027818
0 0.899902 0.155198 0.020508 0.026354
0 0.506836 0.192533 0.017578 0.024890
0 0.523926 0.193997 0.016602 0.021962
0 0.541504 0.193265 0.018555 0.020498
0 0.560547 0.191069 0.019531 0.024890
0 0.578125 0.190337 0.015625 0.023426
0 0.594727 0.191069 0.017578 0.021962
0 0.612793 0.190337 0.018555 0.020498
0 0.632324 0.189605 0.020508 0.021962
0 0.651855 0.188873 0.018555 0.020498
0 0.670898 0.186676 0.019531 0.024890
0 0.688965 0.184480 0.016602 0.020498
0 0.706543 0.184480 0.018555 0.020498
0 0.724609 0.185212 0.017578 0.021962
0 0.744141 0.183748 0.021484 0.024890
0 0.763672 0.183016 0.017578 0.023426
0 0.781738 0.182284 0.018555 0.024890
0 0.801270 0.181552 0.020508 0.023426
0 0.820312 0.183016 0.017578 0.020498
0 0.838867 0.182284 0.019531 0.019034
0 0.859375 0.180088 0.021484 0.023426
0 0.879395 0.180820 0.018555 0.024890
0 0.898926 0.180820 0.020508 0.024890
0 0.504883 0.221083 0.017578 0.032211
0 0.523926 0.219619 0.020508 0.035139
0 0.542480 0.218887 0.016602 0.033675
0 0.561035 0.218887 0.020508 0.033675
0 0.579102 0.218887 0.015625 0.033675
0 0.596191 0.218887 0.018555 0.033675
0 0.613281 0.218155 0.015625 0.032211
0 0.631836 0.218155 0.021484 0.032211
0 0.650391 0.219619 0.015625 0.035139
0 0.667969 0.217423 0.019531 0.039531
0 0.686523 0.215227 0.017578 0.035139
0 0.704590 0.213031 0.018555 0.039531
0 0.723633 0.213763 0.019531 0.040996
0 0.743652 0.214495 0.020508 0.039531
0 0.764160 0.213763 0.020508 0.038067
0 0.782715 0.213763 0.016602 0.038067
0 0.801758 0.214495 0.021484 0.039531
0 0.821289 0.213763 0.017578 0.040996
0 0.840332 0.212299 0.020508 0.038067
0 0.860840 0.211567 0.020508 0.039531
0 0.880371 0.211567 0.018555 0.039531
0 0.900391 0.211567 0.021484 0.039531
0 0.506348 0.251098 0.018555 0.027818
0 0.524902 0.250366 0.018555 0.029283
0 0.542480 0.249634 0.016602 0.027818
0 0.560547 0.249634 0.019531 0.027818
0 0.579102 0.249634 0.017578 0.027818
0 0.596680 0.249634 0.017578 0.027818
0 0.615234 0.248902 0.019531 0.026354
0 0.633301 0.248902 0.016602 0.026354
0 0.650391 0.248170 0.017578 0.024890
0 0.667969 0.247438 0.017578 0.026354
0 0.686035 0.245242 0.018555 0.021962
0 0.704102 0.245242 0.017578 0.021962
0 0.724121 0.245242 0.022461 0.021962
0 0.744141 0.244510 0.017578 0.023426
0 0.763184 0.245242 0.020508 0.024890
0 0.782715 0.245242 0.018555 0.024890
0 0.801758 0.245242 0.019531 0.024890
0 0.820312 0.245242 0.017578 0.024890
0 0.839844 0.244510 0.021484 0.023426
0 0.860840 0.243777 0.020508 0.024890
0 0.880371 0.244510 0.018555 0.026354
0 0.900391 0.245242 0.021484 0.024890
0 0.506348 0.275988 0.018555 0.021962
0 0.524902 0.275256 0.018555 0.023426
0 0.542480 0.275256 0.016602 0.023426
0 0.560547 0.275256 0.019531 0.023426
0 0.578613 0.274524 0.016602 0.021962
0 0.597168 0.273060 0.020508 0.024890
0 0.614746 0.274524 0.014648 0.027818
0 0.632324 0.274524 0.020508 0.027818
0 0.650879 0.273060 0.016602 0.024890
0 0.667969 0.273792 0.017578 0.023426
0 0.686523 0.272328 0.019531 0.023426
0 0.704590 0.270132 0.016602 0.027818
0 0.723145 0.269400 0.020508 0.026354
0 0.742676 0.269400 0.018555 0.026354
0 0.762695 0.269400 0.021484 0.026354
0 0.782715 0.269400 0.018555 0.026354
0 0.801758 0.270132 0.019531 0.027818
0 0.820312 0.270132 0.017578 0.027818
0 0.840332 0.267936 0.022461 0.023426
0 0.861328 0.267204 0.019531 0.024890
0 0.880371 0.269400 0.018555 0.029283
0 0.899902 0.270132 0.020508 0.027818
0 0.506348 0.304539 0.018555 0.038067
0 0.524902 0.306735 0.018555 0.033675
0 0.542969 0.306003 0.017578 0.032211
0 0.561523 0.305271 0.019531 0.033675
0 0.578613 0.303807 0.014648 0.030747
0 0.596191 0.303075 0.020508 0.032211
0 0.614746 0.303807 0.016602 0.033675
0 0.632324 0.302343 0.018555 0.036603
0 0.650391 0.302343 0.017578 0.036603
0 0.667969 0.302343 0.017578 0.036603
0 0.686035 0.300878 0.018555 0.033675
0 0.704590 0.299414 0.018555 0.036603
0 0.723633 0.300146 0.019531 0.038067
0 0.742676 0.301611 0.018555 0.035139
0 0.763184 0.300878 0.022461 0.033675
0 0.783203 0.300146 0.017578 0.035139
0 0.801758 0.300146 0.019531 0.035139
0 0.820801 0.299414 0.018555 0.036603
0 0.839844 0.299414 0.019531 0.036603
0 0.860352 0.298682 0.021484 0.038067
0 0.879883 0.299414 0.017578 0.039531
0 0.898438 0.300878 0.019531 0.036603
0 0.506836 0.333821 0.017578 0.020498
0 0.524902 0.332357 0.018555 0.023426
0 0.543457 0.332357 0.018555 0.023426
0 0.561523 0.333089 0.017578 0.021962
0 0.578613 0.333821 0.016602 0.023426
0 0.596680 0.332357 0.019531 0.026354
0 0.615723 0.331625 0.018555 0.024890
0 0.632812 0.330893 0.015625 0.026354
0 0.650391 0.330161 0.019531 0.024890
0 0.668457 0.330893 0.016602 0.023426
0 0.686523 0.330893 0.019531 0.023426
0 0.705078 0.330161 0.017578 0.024890
0 0.724609 0.329429 0.021484 0.023426
0 0.744141 0.329429 0.017578 0.023426
0 0.762695 0.329429 0.019531 0.023426
0 0.782715 0.330161 0.020508 0.021962
0 0.802734 0.330893 0.019531 0.023426
0 0.821777 0.329429 0.018555 0.026354
0 0.840332 0.330161 0.018555 0.027818
0 0.860352 0.330161 0.021484 0.027818
0 0.879883 0.330161 0.017578 0.027818
0 0.898438 0.330161 0.019531 0.027818
0 0.506348 0.356515 0.016602 0.024890
0 0.524902 0.355783 0.020508 0.026354
0 0.543945 0.355783 0.017578 0.026354
0 0.561523 0.355783 0.017578 0.026354
0 0.579102 0.356515 0.017578 0.027818
0 0.597656 0.357247 0.019531 0.026354
0 0.616211 0.356515 0.017578 0.024890
0 0.632812 0.356515 0.015625 0.024890
0 0.650391 0.357247 0.019531 0.026354
0 0.668457 0.355783 0.016602 0.029283
0 0.687012 0.354319 0.020508 0.026354
0 0.705566 0.352855 0.016602 0.029283
0 0.725098 0.352123 0.020508 0.027818
0 0.743652 0.352855 0.016602 0.026354
0 0.762207 0.352855 0.020508 0.026354
0 0.782715 0.354319 0.020508 0.023426
0 0.802246 0.354319 0.018555 0.023426
0 0.821777 0.354319 0.020508 0.023426
0 0.841309 0.355783 0.018555 0.026354
0 0.861328 0.355051 0.021484 0.027818
0 0.880859 0.355051 0.017578 0.027818
0 0.898926 0.355783 0.018555 0.026354
0 0.505859 0.386530 0.015625 0.032211
0 0.523926 0.385066 0.020508 0.035139
0 0.542969 0.385798 0.017578 0.036603
0 0.561035 0.386530 0.018555 0.035139
0 0.579102 0.386530 0.017578 0.035139
0 0.597656 0.386530 0.019531 0.035139
0 0.616211 0.385798 0.017578 0.033675
0 0.633301 0.385066 0.016602 0.035139
0 0.651367 0.385066 0.019531 0.035139
0 0.669434 0.384334 0.016602 0.036603
0 0.687012 0.384334 0.018555 0.036603
0 0.705566 0.384334 0.018555 0.036603
0 0.724121 0.385066 0.018555 0.038067
0 0.742188 0.385798 0.017578 0.036603
0 0.761719 0.385798 0.021484 0.036603
0 0.783203 0.385066 0.021484 0.038067
0 0.802734 0.384334 0.017578 0.036603
0 0.821777 0.384334 0.020508 0.036603
0 0.840332 0.385066 0.016602 0.038067
0 0.859375 0.386530 0.021484 0.035139
0 0.880859 0.385798 0.021484 0.033675
0 0.899902 0.385798 0.016602 0.033675
0 0.505859 0.412884 0.015625 0.020498
0 0.524414 0.412152 0.021484 0.021962
0 0.543945 0.411420 0.017578 0.020498
0 0.562012 0.412884 0.018555 0.017570
0 0.580078 0.411420 0.017578 0.014641
0 0.598145 0.410688 0.018555 0.016105
0 0.616211 0.412152 0.017578 0.019034
0 0.633301 0.411420 0.016602 0.020498
0 0.650879 0.411420 0.018555 0.020498
0 0.669434 0.412152 0.018555 0.019034
0 0.687012 0.411420 0.016602 0.017570
0 0.705078 0.410688 0.019531 0.019034
0 0.724609 0.411420 0.019531 0.020498
0 0.743652 0.412152 0.018555 0.019034
0 0.763672 0.412152 0.021484 0.019034
0 0.783691 0.412152 0.018555 0.019034
0 0.801758 0.412152 0.017578 0.019034
0 0.820801 0.412152 0.020508 0.019034
0 0.840820 0.412152 0.019531 0.019034
0 0.860840 0.412152 0.020508 0.019034
0 0.881836 0.413616 0.021484 0.019034
0 0.900879 0.413616 0.016602 0.019034
0 0.919922 0.012445 0.017578 0.021962
0 0.939453 0.012445 0.021484 0.021962
0 0.959961 0.012445 0.019531 0.021962
0 0.979004 0.012445 0.018555 0.021962
0 0.993652 0.012445 0.010742 0.021962
0 0.994629 0.038067 0.008789 0.029283
0 0.979492 0.038067 0.021484 0.029283
0 0.958984 0.039531 0.019531 0.032211
0 0.939453 0.038067 0.019531 0.035139
0 0.920898 0.039531 0.017578 0.038067
0 0.920410 0.070278 0.016602 0.023426
0 0.939453 0.068814 0.021484 0.026354
0 0.960449 0.068814 0.020508 0.026354
0 0.980469 0.067350 0.019531 0.029283
0 0.994629 0.065886 0.008789 0.026354
0 0.994629 0.091508 0.008789 0.024890
0 0.979980 0.092972 0.020508 0.021962
0 0.959473 0.094436 0.020508 0.024890
0 0.939453 0.093704 0.019531 0.026354
0 0.919922 0.092972 0.019531 0.024890
0 0.919434 0.125183 0.018555 0.039531
0 0.939453 0.124451 0.021484 0.040996
0 0.959961 0.122255 0.019531 0.036603
0 0.979980 0.122255 0.020508 0.036603
0 0.994141 0.122987 0.007812 0.038067
0 0.993652 0.153734 0.008789 0.023426
0 0.979492 0.153001 0.019531 0.024890
0 0.959961 0.153001 0.019531 0.024890
0 0.939941 0.153734 0.020508 0.023426
0 0.919922 0.154466 0.019531 0.024890
0 0.920410 0.179356 0.020508 0.024890
0 0.940430 0.177892 0.019531 0.027818
0 0.959961 0.177892 0.019531 0.027818
0 0.979980 0.178624 0.020508 0.026354
0 0.994629 0.178624 0.008789 0.026354
0 0.995117 0.210102 0.007812 0.036603
0 0.979980 0.210102 0.022461 0.036603
0 0.959961 0.210102 0.017578 0.036603
0 0.940430 0.210102 0.021484 0.036603
0 0.920898 0.210835 0.017578 0.038067
0 0.900879 0.210102 0.022461 0.039531
0 0.889648 0.191801 0.000000 0.002928
0 0.920898 0.241581 0.017578 0.026354
0 0.940918 0.241581 0.022461 0.026354
0 0.961426 0.241581 0.018555 0.026354
0 0.980469 0.241581 0.019531 0.026354
0 0.994141 0.240117 0.007812 0.023426
0 0.920410 0.267936 0.022461 0.032211
0 0.940918 0.265739 0.018555 0.027818
0 0.959961 0.267204 0.019531 0.024890
0 0.979492 0.267204 0.019531 0.024890
0 0.993652 0.265739 0.008789 0.027818
0 0.920898 0.300146 0.021484 0.038067
0 0.941406 0.297950 0.019531 0.042460
0 0.960449 0.297218 0.018555 0.038067
0 0.979492 0.297950 0.019531 0.036603
0 0.993652 0.297950 0.008789 0.036603
0 0.994629 0.327965 0.006836 0.023426
0 0.980957 0.328697 0.020508 0.021962
0 0.960938 0.328697 0.019531 0.021962
0 0.941895 0.329429 0.018555 0.020498
0 0.920898 0.330161 0.023438 0.021962
0 0.920410 0.354319 0.022461 0.026354
0 0.941406 0.354319 0.019531 0.026354
0 0.961426 0.354319 0.020508 0.026354
0 0.980469 0.353587 0.017578 0.027818
0 0.993652 0.353587 0.008789 0.027818
0 0.994141 0.385798 0.007812 0.036603
0 0.980957 0.385066 0.018555 0.038067
0 0.960938 0.384334 0.021484 0.036603
0 0.940918 0.384334 0.018555 0.036603
0 0.920898 0.383602 0.021484 0.035139
0 0.920898 0.412884 0.021484 0.023426
0 0.941406 0.413616 0.019531 0.021962
0 0.960938 0.412152 0.019531 0.019034
0 0.980469 0.413616 0.019531 0.016105
0 0.994141 0.414348 0.007812 0.017570
