0 0.508789 0.111328 0.119141 0.218750
0 0.633789 0.116211 0.130859 0.228516
0 0.755859 0.124023 0.105469 0.244141
0 0.852539 0.129883 0.103516 0.255859
0 0.948242 0.138672 0.095703 0.269531
0 0.511719 0.357422 0.113281 0.296875
0 0.629883 0.364258 0.134766 0.306641
0 0.748047 0.383789 0.105469 0.310547
0 0.854492 0.403320 0.103516 0.337891
0 0.948242 0.412109 0.095703 0.335938
0 0.509766 0.625000 0.113281 0.261719
0 0.634766 0.626953 0.132812 0.257812
0 0.754883 0.645508 0.103516 0.259766
0 0.853516 0.661133 0.101562 0.263672
0 0.947266 0.682617 0.085938 0.232422
0 0.505859 0.868164 0.117188 0.263672
0 0.634766 0.869141 0.132812 0.261719
0 0.750000 0.876953 0.097656 0.246094
0 0.857422 0.879883 0.105469 0.232422
0 0.949219 0.889648 0.093750 0.220703
