0 0.045898 0.080078 0.087891 0.117188
0 0.139648 0.079102 0.099609 0.119141
0 0.238281 0.078125 0.097656 0.117188
0 0.335938 0.078125 0.097656 0.117188
0 0.431641 0.077148 0.093750 0.115234
0 0.525391 0.077148 0.093750 0.115234
0 0.625977 0.076172 0.107422 0.113281
0 0.728516 0.077148 0.097656 0.111328
0 0.830078 0.082031 0.105469 0.121094
0 0.932617 0.082031 0.099609 0.121094
0 0.045898 0.198242 0.087891 0.111328
0 0.140625 0.196289 0.097656 0.115234
0 0.239258 0.194336 0.099609 0.111328
0 0.334961 0.193359 0.091797 0.113281
0 0.432617 0.193359 0.103516 0.113281
0 0.530273 0.192383 0.091797 0.115234
0 0.628906 0.190430 0.105469 0.111328
0 0.730469 0.190430 0.097656 0.111328
0 0.828125 0.192383 0.097656 0.115234
0 0.929688 0.193359 0.105469 0.113281
0 0.045898 0.313477 0.087891 0.123047
0 0.139648 0.311523 0.099609 0.126953
0 0.234375 0.308594 0.089844 0.121094
0 0.329102 0.308594 0.099609 0.121094
0 0.432617 0.311523 0.107422 0.126953
0 0.531250 0.309570 0.089844 0.130859
0 0.629883 0.309570 0.107422 0.130859
0 0.729492 0.311523 0.091797 0.126953
0 0.829102 0.312500 0.107422 0.128906
0 0.930664 0.314453 0.095703 0.125000
0 0.043945 0.423828 0.083984 0.101562
0 0.137695 0.425781 0.103516 0.097656
0 0.236328 0.423828 0.093750 0.093750
0 0.333008 0.420898 0.099609 0.099609
0 0.432617 0.420898 0.099609 0.099609
0 0.528320 0.423828 0.091797 0.093750
0 0.626953 0.424805 0.105469 0.095703
0 0.731445 0.420898 0.103516 0.103516
0 0.831055 0.420898 0.095703 0.103516
0 0.930664 0.424805 0.103516 0.095703
0 0.045898 0.485352 0.087891 0.033203
0 0.139648 0.488281 0.099609 0.027344
0 0.236328 0.486328 0.093750 0.023438
0 0.333984 0.482422 0.101562 0.031250
0 0.431641 0.480469 0.093750 0.027344
0 0.528320 0.482422 0.099609 0.023438
0 0.624023 0.483398 0.091797 0.025391
0 0.725586 0.483398 0.111328 0.025391
0 0.828125 0.479492 0.093750 0.017578
0 0.929688 0.479492 0.105469 0.017578
0 0.235352 0.508789 0.091797 0.025391
0 0.331055 0.509766 0.099609 0.023438
0 0.432617 0.507812 0.103516 0.019531
0 0.530273 0.507812 0.091797 0.019531
0 0.628906 0.507812 0.105469 0.019531
0 0.732422 0.505859 0.101562 0.023438
0 0.832031 0.503906 0.097656 0.019531
0 0.932617 0.504883 0.103516 0.017578
0 0.045898 0.552734 0.087891 0.093750
0 0.142578 0.547852 0.105469 0.103516
0 0.237305 0.558594 0.095703 0.085938
0 0.334961 0.560547 0.099609 0.082031
0 0.432617 0.556641 0.095703 0.074219
0 0.526367 0.554688 0.091797 0.078125
0 0.625000 0.558594 0.105469 0.085938
0 0.729492 0.557617 0.103516 0.087891
0 0.832031 0.557617 0.101562 0.087891
0 0.933594 0.558594 0.101562 0.085938
0 0.045898 0.609375 0.087891 0.039062
0 0.139648 0.612305 0.099609 0.033203
0 0.239258 0.613281 0.099609 0.035156
0 0.333984 0.612305 0.089844 0.037109
0 0.429688 0.610352 0.101562 0.033203
0 0.528320 0.612305 0.095703 0.029297
0 0.627930 0.609375 0.103516 0.023438
0 0.730469 0.608398 0.101562 0.025391
0 0.834961 0.611328 0.107422 0.031250
0 0.938477 0.613281 0.099609 0.027344
0 0.046875 0.675781 0.089844 0.101562
0 0.139648 0.676758 0.095703 0.099609
0 0.235352 0.676758 0.095703 0.099609
0 0.330078 0.673828 0.093750 0.105469
0 0.429688 0.673828 0.105469 0.105469
0 0.528320 0.675781 0.091797 0.101562
0 0.625000 0.675781 0.101562 0.101562
0 0.729492 0.674805 0.107422 0.103516
0 0.833008 0.673828 0.099609 0.101562
0 0.929688 0.674805 0.093750 0.099609
0 0.047852 0.737305 0.087891 0.029297
0 0.140625 0.737305 0.097656 0.029297
0 0.236328 0.736328 0.093750 0.027344
0 0.332031 0.735352 0.097656 0.029297
0 0.430664 0.734375 0.099609 0.027344
0 0.529297 0.734375 0.097656 0.027344
0 0.628906 0.733398 0.101562 0.025391
0 0.726562 0.734375 0.093750 0.023438
0 0.830078 0.735352 0.109375 0.025391
0 0.931641 0.735352 0.093750 0.025391
0 0.043945 0.794922 0.083984 0.085938
0 0.136719 0.792969 0.101562 0.089844
0 0.234375 0.794922 0.093750 0.093750
0 0.331055 0.794922 0.099609 0.093750
0 0.427734 0.792969 0.093750 0.089844
0 0.524414 0.791016 0.099609 0.093750
0 0.626953 0.788086 0.105469 0.087891
0 0.727539 0.790039 0.095703 0.083984
0 0.827148 0.791016 0.103516 0.085938
0 0.929688 0.791016 0.101562 0.085938
0 0.138672 0.907227 0.093750 0.130859
0 0.233398 0.927734 0.095703 0.089844
0 0.328125 0.928711 0.093750 0.091797
0 0.729492 0.923828 0.099609 0.082031
0 0.828125 0.920898 0.097656 0.087891
0 0.926758 0.919922 0.099609 0.085938
0 0.235352 0.847656 0.099609 0.027344
0 0.332031 0.847656 0.093750 0.027344
0 0.428711 0.846680 0.099609 0.025391
0 0.526367 0.845703 0.095703 0.027344
0 0.626953 0.844727 0.105469 0.025391
0 0.729492 0.844727 0.099609 0.025391
0 0.830078 0.842773 0.101562 0.021484
0 0.930664 0.844727 0.099609 0.017578
0 0.927734 0.865234 0.105469 0.023438
0 0.827148 0.868164 0.095703 0.017578
0 0.729492 0.867188 0.099609 0.015625
0 0.626953 0.864258 0.105469 0.021484
0 0.526367 0.866211 0.095703 0.025391
0 0.426758 0.866211 0.103516 0.025391
0 0.326172 0.866211 0.097656 0.025391
