0 0.056641 0.119327 0.041016 0.089312
0 0.097656 0.117862 0.039062 0.086384
0 0.138184 0.117130 0.041992 0.081991
0 0.177246 0.117862 0.036133 0.083455
0 0.060059 0.325769 0.040039 0.086384
0 0.098145 0.325769 0.036133 0.086384
0 0.137695 0.325037 0.042969 0.084919
0 0.176758 0.324305 0.035156 0.086384
0 0.061035 0.530747 0.041992 0.092240
0 0.137695 0.530015 0.042969 0.084919
0 0.177734 0.530015 0.037109 0.084919
0 0.059570 0.734261 0.037109 0.086384
0 0.097168 0.734993 0.038086 0.084919
0 0.138184 0.734993 0.043945 0.084919
0 0.177734 0.734993 0.035156 0.084919
0 0.079102 0.800878 0.078125 0.017570
0 0.159180 0.800878 0.080078 0.017570
0 0.061035 0.940703 0.040039 0.089312
0 0.100098 0.940703 0.038086 0.089312
0 0.139648 0.939239 0.041016 0.086384
0 0.179199 0.938507 0.038086 0.087848
0 0.345703 0.018302 0.033203 0.033675
0 0.381348 0.019034 0.036133 0.035139
0 0.416016 0.018302 0.033203 0.033675
0 0.449219 0.017570 0.031250 0.032211
0 0.346680 0.176428 0.037109 0.077599
0 0.380859 0.176428 0.031250 0.077599
0 0.414062 0.175695 0.035156 0.076135
0 0.439941 0.176428 0.016602 0.074671
0 0.347168 0.355051 0.032227 0.074671
0 0.381348 0.355051 0.036133 0.074671
0 0.416504 0.354319 0.034180 0.073206
0 0.448730 0.354319 0.030273 0.073206
0 0.347168 0.531479 0.032227 0.079063
0 0.380859 0.531479 0.035156 0.079063
0 0.415527 0.531479 0.036133 0.076135
0 0.447754 0.534407 0.028320 0.070278
0 0.362793 0.588580 0.067383 0.020498
0 0.432617 0.589312 0.068359 0.013177
0 0.347168 0.706442 0.036133 0.080527
0 0.382324 0.707174 0.034180 0.079063
0 0.416016 0.706442 0.033203 0.077599
0 0.449219 0.706442 0.033203 0.077599
0 0.363770 0.770132 0.069336 0.026354
0 0.433105 0.770864 0.069336 0.024890
0 0.348145 0.885066 0.034180 0.080527
0 0.382324 0.885798 0.034180 0.079063
0 0.416992 0.885066 0.035156 0.077599
0 0.450195 0.885066 0.031250 0.077599
0 0.365234 0.948755 0.068359 0.023426
0 0.433594 0.949488 0.068359 0.021962
0 0.525879 0.016837 0.028320 0.030747
0 0.556152 0.017570 0.028320 0.032211
0 0.524902 0.177892 0.032227 0.068814
0 0.556641 0.177892 0.031250 0.068814
0 0.541016 0.220351 0.062500 0.016105
0 0.524902 0.352123 0.032227 0.071742
0 0.556641 0.353587 0.031250 0.068814
0 0.541504 0.398243 0.061523 0.020498
0 0.525879 0.532211 0.032227 0.068814
0 0.556152 0.532211 0.028320 0.068814
0 0.541504 0.577599 0.061523 0.019034
0 0.525391 0.707906 0.033203 0.065886
0 0.556641 0.708638 0.029297 0.064422
0 0.541504 0.752562 0.061523 0.023426
0 0.525879 0.884334 0.030273 0.067350
0 0.556152 0.884334 0.030273 0.067350
0 0.541992 0.928990 0.064453 0.024890
0 0.729004 0.016837 0.028320 0.030747
0 0.758789 0.017570 0.027344 0.032211
0 0.729004 0.173499 0.030273 0.074671
0 0.759766 0.173499 0.031250 0.074671
0 0.744141 0.218155 0.060547 0.014641
0 0.728027 0.352855 0.030273 0.067350
0 0.754883 0.353587 0.023438 0.065886
0 0.744141 0.398243 0.056641 0.017570
0 0.728516 0.528551 0.029297 0.064422
0 0.757324 0.527818 0.028320 0.065886
0 0.742676 0.573939 0.061523 0.023426
0 0.856445 0.587116 0.072266 0.017570
0 0.926270 0.587848 0.067383 0.016105
0 0.838867 0.524890 0.033203 0.077599
0 0.873047 0.524890 0.035156 0.077599
0 0.907715 0.524158 0.034180 0.076135
0 0.940430 0.524890 0.031250 0.074671
0 0.855469 0.407028 0.068359 0.014641
0 0.924805 0.404832 0.070312 0.019034
0 0.837891 0.346999 0.033203 0.076135
0 0.872559 0.346999 0.036133 0.076135
0 0.907715 0.347731 0.034180 0.077599
0 0.941895 0.348463 0.034180 0.076135
0 0.837891 0.166911 0.033203 0.076135
0 0.863770 0.168375 0.018555 0.073206
0 0.906250 0.169107 0.033203 0.077599
0 0.941895 0.169839 0.034180 0.079063
0 0.855469 0.224012 0.066406 0.011713
0 0.924805 0.224012 0.070312 0.011713
0 0.837402 0.013909 0.030273 0.024890
0 0.870605 0.014641 0.032227 0.026354
0 0.906738 0.013909 0.036133 0.024890
0 0.941895 0.013177 0.032227 0.023426
0 0.857910 0.042460 0.071289 0.011713
0 0.928223 0.043924 0.067383 0.008785
0 0.838379 0.703514 0.032227 0.077599
0 0.872559 0.702782 0.036133 0.079063
0 0.907715 0.703514 0.034180 0.080527
0 0.942383 0.703514 0.035156 0.080527
0 0.856934 0.767204 0.067383 0.023426
0 0.925781 0.767936 0.070312 0.021962
0 0.835938 0.880673 0.035156 0.080527
0 0.871094 0.880673 0.035156 0.080527
0 0.905762 0.880673 0.034180 0.080527
0 0.939453 0.882138 0.033203 0.077599
0 0.855469 0.945827 0.068359 0.023426
0 0.924805 0.947291 0.070312 0.020498
0 0.728516 0.881406 0.031250 0.067350
0 0.757324 0.882138 0.026367 0.065886
0 0.744141 0.752562 0.060547 0.023426
0 0.742188 0.930454 0.062500 0.024890
