0 0.309082 0.448437 0.018555 0.015625
0 0.329590 0.448437 0.022461 0.015625
0 0.352051 0.448437 0.022461 0.015625
0 0.375000 0.448437 0.023438 0.015625
0 0.397461 0.448437 0.021484 0.015625
0 0.419922 0.448437 0.023438 0.015625
0 0.443359 0.448437 0.023438 0.015625
0 0.465332 0.449219 0.020508 0.014063
0 0.308105 0.489844 0.018555 0.067187
0 0.329102 0.489844 0.023438 0.067187
0 0.352051 0.489844 0.022461 0.067187
0 0.375000 0.489844 0.023438 0.067187
0 0.397461 0.489844 0.021484 0.067187
0 0.419922 0.490625 0.023438 0.065625
0 0.442871 0.490625 0.022461 0.065625
0 0.465332 0.490625 0.022461 0.065625
0 0.493164 0.443750 0.029297 0.018750
0 0.521973 0.443750 0.028320 0.018750
0 0.493652 0.489844 0.030273 0.073438
0 0.522461 0.490625 0.027344 0.071875
0 0.729980 0.398438 0.036133 0.034375
0 0.771484 0.399219 0.046875 0.032813
0 0.818848 0.400000 0.047852 0.034375
0 0.866211 0.400781 0.046875 0.032813
0 0.910645 0.400000 0.041992 0.031250
0 0.729980 0.481250 0.036133 0.131250
0 0.771484 0.482031 0.046875 0.129688
0 0.817871 0.482812 0.045898 0.131250
0 0.865234 0.482812 0.048828 0.131250
0 0.910156 0.483594 0.041016 0.132812
