0 0.033438 0.056180 0.060625 0.110631
0 0.117500 0.057476 0.107500 0.113224
0 0.225312 0.059205 0.108125 0.116681
0 0.335313 0.059637 0.110625 0.117545
0 0.444688 0.057908 0.108125 0.112360
0 0.551250 0.057476 0.105000 0.113224
0 0.659687 0.059205 0.110625 0.116681
0 0.768125 0.058341 0.106250 0.114952
0 0.878437 0.058341 0.114375 0.114952
0 0.966875 0.055315 0.065000 0.108902
0 0.032813 0.144339 0.064375 0.057044
0 0.119688 0.146932 0.109375 0.062230
0 0.227500 0.148228 0.106250 0.059637
0 0.335000 0.146067 0.108750 0.055315
0 0.444063 0.143907 0.109375 0.059637
0 0.550937 0.143907 0.104375 0.059637
0 0.658438 0.143907 0.110625 0.059637
0 0.768125 0.143907 0.108750 0.059637
0 0.879062 0.142610 0.113125 0.062230
0 0.966875 0.138721 0.062500 0.054451
0 0.033125 0.226880 0.065000 0.106309
0 0.119063 0.229041 0.106875 0.110631
0 0.230313 0.224287 0.100625 0.101124
0 0.335000 0.229041 0.108750 0.110631
0 0.443125 0.229473 0.107500 0.109767
0 0.550000 0.228608 0.106250 0.108038
0 0.656875 0.229473 0.107500 0.106309
0 0.765312 0.227744 0.109375 0.102852
0 0.876563 0.225583 0.113125 0.107174
0 0.965000 0.226448 0.063750 0.108902
0 0.964375 0.401469 0.065000 0.241141
0 0.877812 0.401469 0.108125 0.241141
0 0.770000 0.403630 0.107500 0.245462
0 0.660937 0.405791 0.110625 0.241141
0 0.551875 0.403630 0.107500 0.236819
0 0.444375 0.404494 0.107500 0.235091
0 0.336250 0.404494 0.108750 0.235091
0 0.228750 0.405359 0.106250 0.233362
0 0.119688 0.407519 0.111875 0.237684
0 0.032188 0.405791 0.063125 0.241141
0 0.031563 0.599395 0.061875 0.146067
0 0.118438 0.599395 0.111875 0.146067
0 0.227187 0.598531 0.105625 0.144339
0 0.334062 0.598099 0.108125 0.145203
0 0.441875 0.598963 0.107500 0.146932
0 0.550625 0.598963 0.110000 0.146932
0 0.658750 0.599395 0.106250 0.147796
0 0.766563 0.600691 0.109375 0.145203
0 0.876563 0.600259 0.110625 0.144339
0 0.965000 0.598963 0.066250 0.146932
0 0.031250 0.719533 0.060000 0.092481
0 0.116250 0.717373 0.110000 0.096802
0 0.225938 0.717373 0.109375 0.096802
0 0.334375 0.719101 0.107500 0.093345
0 0.442500 0.719965 0.108750 0.095073
0 0.551250 0.719101 0.108750 0.096802
0 0.658750 0.717805 0.106250 0.094209
0 0.765938 0.716940 0.108125 0.095938
0 0.875938 0.718237 0.111875 0.098531
0 0.965000 0.722126 0.066250 0.090752
0 0.032500 0.792567 0.056250 0.058773
0 0.115312 0.795592 0.109375 0.052723
0 0.224375 0.796456 0.108750 0.054451
0 0.333437 0.796456 0.109375 0.054451
0 0.442500 0.796456 0.108750 0.054451
0 0.551250 0.797321 0.108750 0.052723
0 0.660312 0.799481 0.109375 0.057044
0 0.768125 0.796889 0.106250 0.062230
0 0.877812 0.795592 0.113125 0.059637
0 0.966250 0.797321 0.063750 0.056180
0 0.029375 0.871651 0.057500 0.101124
0 0.113437 0.870787 0.110625 0.094209
0 0.224375 0.869490 0.111250 0.096802
0 0.333750 0.872515 0.107500 0.102852
0 0.442188 0.871651 0.109375 0.104581
0 0.550625 0.868626 0.107500 0.098531
0 0.659687 0.870787 0.110625 0.094209
0 0.770938 0.870787 0.111875 0.090752
0 0.881250 0.869058 0.108750 0.094209
