0 0.601562 0.172852 0.207031 0.341797
0 0.601562 0.394531 0.203125 0.417969
0 0.870117 0.478516 0.259766 0.546875
0 0.872070 0.819336 0.244141 0.361328
0 0.599609 0.711914 0.207031 0.369141
0 0.409180 0.831055 0.181641 0.322266
0 0.259766 0.911133 0.125000 0.177734
0 0.144531 0.949219 0.105469 0.101562
0 0.412109 0.261719 0.179688 0.492188
0 0.413086 0.547852 0.181641 0.365234
0 0.261719 0.678711 0.132812 0.302734
0 0.137695 0.787109 0.126953 0.261719
0 0.259766 0.441406 0.125000 0.421875
0 0.127930 0.565430 0.130859 0.369141
0 0.254883 0.173828 0.134766 0.343750
0 0.127930 0.333008 0.126953 0.333984
