0 0.327148 0.101562 0.138672 0.152344
0 0.333984 0.015625 0.140625 0.027344
0 0.124023 0.250977 0.095703 0.166016
0 0.325195 0.257812 0.146484 0.160156
0 0.445312 0.256836 0.062500 0.162109
0 0.517578 0.255859 0.070312 0.164062
0 0.609375 0.253906 0.066406 0.167969
0 0.700195 0.256836 0.087891 0.162109
0 0.875000 0.256836 0.062500 0.169922
0 0.333008 0.430664 0.134766 0.177734
0 0.330078 0.609375 0.144531 0.183594
0 0.608398 0.617188 0.072266 0.179688
0 0.690430 0.617188 0.091797 0.179688
0 0.881836 0.613281 0.083984 0.183594
0 0.333008 0.814453 0.134766 0.214844
0 0.441406 0.817383 0.066406 0.212891
0 0.606445 0.813477 0.076172 0.205078
0 0.840820 0.814453 0.158203 0.199219
