0 0.541992 0.463343 0.035156 0.029326
0 0.574219 0.461877 0.029297 0.035191
0 0.603027 0.461877 0.026367 0.035191
0 0.633301 0.460411 0.032227 0.035191
0 0.660645 0.459677 0.018555 0.030792
0 0.681152 0.454545 0.020508 0.032258
0 0.701172 0.453812 0.027344 0.024927
0 0.509277 0.467742 0.032227 0.029326
0 0.476074 0.468475 0.036133 0.027859
0 0.478027 0.436950 0.036133 0.032258
0 0.509766 0.436950 0.031250 0.032258
0 0.541992 0.434018 0.033203 0.032258
0 0.573242 0.431085 0.029297 0.029326
0 0.600586 0.429619 0.027344 0.029326
0 0.630859 0.428152 0.033203 0.029326
0 0.655762 0.425953 0.022461 0.024927
0 0.675293 0.424487 0.022461 0.024927
0 0.695801 0.424487 0.026367 0.024927
0 0.474609 0.500733 0.039062 0.039589
0 0.510254 0.498534 0.032227 0.035191
0 0.544434 0.496334 0.034180 0.036657
0 0.576172 0.494868 0.029297 0.033724
0 0.605957 0.494135 0.030273 0.035191
0 0.636230 0.490469 0.038086 0.030792
0 0.663574 0.489003 0.024414 0.027859
0 0.683594 0.487537 0.027344 0.027859
0 0.706543 0.486070 0.028320 0.027859
0 0.479492 0.409824 0.033203 0.027859
0 0.510254 0.409091 0.030273 0.029326
0 0.542480 0.408358 0.032227 0.030792
0 0.572754 0.403226 0.028320 0.020528
0 0.599121 0.402493 0.026367 0.021994
0 0.627930 0.400293 0.031250 0.020528
0 0.652344 0.398094 0.019531 0.021994
0 0.672363 0.398094 0.022461 0.021994
0 0.692383 0.397361 0.027344 0.023460
0 0.479980 0.384897 0.034180 0.030792
0 0.510742 0.381232 0.029297 0.029326
0 0.541992 0.379032 0.033203 0.027859
0 0.571289 0.378299 0.025391 0.029326
0 0.597656 0.376100 0.025391 0.027859
0 0.625977 0.374633 0.033203 0.021994
0 0.649414 0.370235 0.019531 0.021994
0 0.668457 0.370968 0.022461 0.023460
0 0.687500 0.369501 0.023438 0.023460
0 0.481445 0.359238 0.031250 0.026393
0 0.511230 0.356305 0.028320 0.023460
0 0.541016 0.355572 0.031250 0.027859
0 0.569824 0.351173 0.026367 0.021994
0 0.595215 0.350440 0.026367 0.023460
0 0.623047 0.347507 0.033203 0.023460
0 0.646973 0.346041 0.020508 0.023460
0 0.665527 0.344575 0.020508 0.020528
0 0.684570 0.344575 0.025391 0.023460
0 0.482422 0.332111 0.031250 0.021994
0 0.512207 0.331378 0.028320 0.023460
0 0.541016 0.331378 0.029297 0.026393
0 0.569824 0.328446 0.026367 0.026393
0 0.594238 0.326246 0.024414 0.027859
0 0.621094 0.324047 0.031250 0.023460
0 0.644043 0.320381 0.020508 0.021994
0 0.661133 0.321114 0.021484 0.023460
0 0.680176 0.320381 0.022461 0.021994
0 0.483398 0.310117 0.031250 0.027859
0 0.512695 0.308651 0.027344 0.027859
0 0.541016 0.304985 0.029297 0.026393
0 0.568848 0.304252 0.024414 0.027859
0 0.592773 0.302786 0.023438 0.027859
0 0.619141 0.300587 0.027344 0.023460
0 0.641602 0.298387 0.017578 0.019062
0 0.658203 0.296188 0.017578 0.017595
0 0.676758 0.296188 0.021484 0.020528
0 0.541016 0.284457 0.029297 0.020528
0 0.567871 0.281525 0.024414 0.023460
0 0.591797 0.280059 0.021484 0.023460
0 0.617188 0.277859 0.027344 0.021994
0 0.639160 0.277859 0.014648 0.021994
0 0.655762 0.276393 0.016602 0.021994
0 0.673828 0.275660 0.021484 0.020528
0 0.474121 0.533724 0.040039 0.038123
0 0.509766 0.530792 0.031250 0.032258
0 0.543945 0.529326 0.037109 0.035191
0 0.577637 0.527126 0.030273 0.030792
0 0.607422 0.526393 0.029297 0.032258
0 0.640137 0.523460 0.036133 0.026393
0 0.667969 0.521261 0.019531 0.030792
0 0.688965 0.521261 0.026367 0.030792
0 0.711914 0.518328 0.031250 0.030792
0 0.473145 0.569648 0.043945 0.039589
0 0.510254 0.565982 0.032227 0.041056
0 0.545410 0.563783 0.038086 0.036657
0 0.578125 0.561584 0.031250 0.035191
0 0.609375 0.560850 0.033203 0.030792
0 0.642578 0.556452 0.037109 0.036657
0 0.671875 0.554985 0.025391 0.033724
0 0.692383 0.554985 0.031250 0.036657
0 0.717285 0.553519 0.030273 0.033724
0 0.472168 0.607771 0.041992 0.042522
0 0.509766 0.604839 0.033203 0.036657
0 0.545898 0.602639 0.037109 0.041056
0 0.581055 0.599707 0.033203 0.035191
0 0.611816 0.598240 0.034180 0.032258
0 0.646484 0.595308 0.039062 0.032258
0 0.676270 0.593109 0.026367 0.033724
0 0.698242 0.591642 0.029297 0.036657
0 0.723145 0.592375 0.032227 0.035191
0 0.470215 0.648094 0.043945 0.041056
0 0.508301 0.645161 0.036133 0.043988
0 0.546387 0.642962 0.040039 0.042522
0 0.582031 0.641496 0.031250 0.045455
0 0.467285 0.690616 0.043945 0.043988
0 0.507812 0.688416 0.037109 0.048387
0 0.547363 0.687683 0.038086 0.046921
0 0.583008 0.684018 0.033203 0.048387
0 0.465820 0.737537 0.046875 0.046921
0 0.507812 0.733871 0.037109 0.051320
0 0.547363 0.733138 0.040039 0.052786
0 0.584961 0.731672 0.035156 0.052786
0 0.620605 0.728006 0.032227 0.057185
0 0.658691 0.725806 0.041992 0.046921
0 0.693359 0.720674 0.027344 0.042522
0 0.717773 0.718475 0.029297 0.043988
0 0.747559 0.719941 0.041992 0.041056
0 0.463379 0.785191 0.045898 0.051320
0 0.506348 0.783724 0.041992 0.051320
0 0.548340 0.782991 0.041992 0.052786
0 0.587402 0.778592 0.036133 0.055718
0 0.624512 0.776393 0.038086 0.054252
0 0.664062 0.772727 0.046875 0.046921
0 0.700195 0.768328 0.027344 0.052786
0 0.722656 0.769062 0.033203 0.048387
0 0.755859 0.766862 0.044922 0.046921
0 0.460449 0.837977 0.049805 0.057185
0 0.505371 0.836510 0.041992 0.060117
0 0.548340 0.834311 0.043945 0.058651
0 0.590332 0.831378 0.038086 0.061584
0 0.628418 0.829179 0.038086 0.060117
0 0.668457 0.826246 0.051758 0.054252
0 0.705078 0.823314 0.031250 0.054252
0 0.731934 0.823314 0.034180 0.057185
0 0.765625 0.821114 0.048828 0.052786
0 0.457520 0.894428 0.051758 0.061584
0 0.504395 0.892229 0.045898 0.057185
0 0.549316 0.891496 0.045898 0.058651
0 0.593750 0.885630 0.042969 0.046921
0 0.631836 0.884164 0.042969 0.049853
0 0.673340 0.880499 0.053711 0.051320
0 0.712402 0.877566 0.034180 0.054252
0 0.738770 0.877566 0.036133 0.054252
0 0.774414 0.878299 0.050781 0.055718
0 0.456543 0.953812 0.053711 0.065982
0 0.503418 0.953812 0.045898 0.065982
0 0.550781 0.950147 0.048828 0.058651
0 0.596191 0.945015 0.040039 0.065982
0 0.635742 0.942082 0.044922 0.060117
0 0.680664 0.942082 0.052734 0.063050
0 0.720215 0.938416 0.034180 0.061584
0 0.747559 0.938416 0.038086 0.058651
0 0.785645 0.936950 0.053711 0.058651
