0 0.320312 0.270132 0.029297 0.083455
0 0.351074 0.270864 0.032227 0.081991
0 0.381836 0.271596 0.029297 0.083455
0 0.426270 0.272328 0.030273 0.084919
0 0.456543 0.272328 0.030273 0.084919
0 0.486328 0.271596 0.029297 0.083455
0 0.526367 0.272328 0.029297 0.081991
0 0.556152 0.273060 0.030273 0.080527
0 0.585449 0.273060 0.028320 0.080527
0 0.320801 0.522694 0.034180 0.111274
0 0.352539 0.523426 0.029297 0.109810
0 0.381348 0.521230 0.028320 0.105417
0 0.425781 0.521962 0.031250 0.112738
0 0.457031 0.521230 0.031250 0.114202
0 0.486816 0.520498 0.028320 0.112738
0 0.526855 0.521962 0.032227 0.115666
0 0.557617 0.521962 0.029297 0.115666
0 0.586914 0.521230 0.029297 0.114202
0 0.323730 0.707906 0.024414 0.065886
0 0.351562 0.704246 0.031250 0.073206
0 0.381348 0.704978 0.028320 0.074671
0 0.426758 0.707174 0.027344 0.070278
0 0.455566 0.705710 0.030273 0.073206
0 0.485840 0.706442 0.030273 0.074671
0 0.527344 0.709370 0.027344 0.074671
0 0.556152 0.707906 0.030273 0.077599
0 0.583984 0.707174 0.025391 0.076135
