0 0.097656 0.144531 0.058594 0.109375
0 0.158203 0.145508 0.062500 0.107422
0 0.220703 0.144531 0.062500 0.105469
0 0.283203 0.144531 0.062500 0.105469
0 0.346680 0.143555 0.064453 0.103516
0 0.410156 0.144531 0.062500 0.101562
0 0.471680 0.143555 0.060547 0.099609
0 0.534180 0.142578 0.064453 0.101562
0 0.596680 0.143555 0.060547 0.103516
0 0.658203 0.142578 0.062500 0.105469
0 0.716797 0.145508 0.054688 0.111328
0 0.767578 0.145508 0.046875 0.111328
0 0.826172 0.145508 0.070312 0.111328
0 0.097656 0.226562 0.062500 0.054688
0 0.160156 0.226562 0.062500 0.054688
0 0.221680 0.227539 0.060547 0.056641
0 0.283203 0.225586 0.062500 0.060547
0 0.345703 0.223633 0.062500 0.056641
0 0.410156 0.224609 0.066406 0.054688
0 0.474609 0.226562 0.062500 0.058594
0 0.537109 0.225586 0.062500 0.060547
0 0.598633 0.225586 0.060547 0.060547
0 0.660156 0.225586 0.062500 0.060547
0 0.717773 0.222656 0.052734 0.054688
0 0.767578 0.224609 0.046875 0.050781
0 0.098633 0.282227 0.060547 0.068359
0 0.159180 0.284180 0.060547 0.064453
0 0.220703 0.282227 0.062500 0.060547
0 0.284180 0.283203 0.064453 0.058594
0 0.346680 0.281250 0.060547 0.054688
0 0.411133 0.280273 0.068359 0.056641
0 0.477539 0.282227 0.064453 0.060547
0 0.538086 0.282227 0.056641 0.060547
0 0.598633 0.280273 0.064453 0.056641
0 0.660156 0.279297 0.058594 0.058594
0 0.717773 0.280273 0.056641 0.060547
0 0.768555 0.280273 0.044922 0.060547
0 0.099609 0.339844 0.066406 0.050781
0 0.161133 0.337891 0.056641 0.054688
0 0.221680 0.337891 0.064453 0.054688
0 0.286133 0.336914 0.064453 0.056641
0 0.349609 0.335938 0.062500 0.054688
0 0.413086 0.334961 0.064453 0.056641
0 0.476562 0.334961 0.062500 0.056641
0 0.538086 0.335938 0.060547 0.054688
0 0.599609 0.336914 0.062500 0.056641
0 0.660156 0.335938 0.058594 0.058594
0 0.716797 0.336914 0.054688 0.060547
0 0.769531 0.337891 0.050781 0.058594
0 0.822266 0.336914 0.054688 0.056641
0 0.097656 0.393555 0.062500 0.056641
0 0.161133 0.392578 0.064453 0.058594
0 0.223633 0.391602 0.060547 0.056641
0 0.287109 0.391602 0.066406 0.056641
0 0.350586 0.390625 0.060547 0.054688
0 0.412109 0.390625 0.062500 0.054688
0 0.474609 0.388672 0.062500 0.050781
0 0.539062 0.388672 0.066406 0.050781
0 0.600586 0.388672 0.056641 0.050781
0 0.660156 0.388672 0.062500 0.050781
0 0.717773 0.387695 0.052734 0.048828
0 0.767578 0.388672 0.046875 0.046875
0 0.820312 0.390625 0.058594 0.050781
0 0.098633 0.450195 0.060547 0.056641
0 0.161133 0.447266 0.064453 0.062500
0 0.222656 0.444336 0.058594 0.056641
0 0.284180 0.444336 0.064453 0.056641
0 0.348633 0.444336 0.064453 0.056641
0 0.411133 0.444336 0.060547 0.056641
0 0.474609 0.443359 0.066406 0.054688
0 0.539062 0.443359 0.062500 0.054688
0 0.600586 0.447266 0.060547 0.062500
0 0.661133 0.445312 0.060547 0.066406
0 0.718750 0.443359 0.054688 0.062500
0 0.767578 0.444336 0.042969 0.060547
0 0.100586 0.528320 0.064453 0.107422
0 0.163086 0.529297 0.060547 0.105469
0 0.224609 0.529297 0.062500 0.105469
0 0.284180 0.529297 0.056641 0.105469
0 0.346680 0.501953 0.068359 0.050781
0 0.412109 0.500000 0.062500 0.054688
0 0.474609 0.500977 0.062500 0.056641
0 0.538086 0.500977 0.064453 0.056641
0 0.602539 0.501953 0.064453 0.058594
0 0.662109 0.501953 0.054688 0.058594
0 0.717773 0.500000 0.056641 0.054688
0 0.769531 0.500977 0.046875 0.052734
0 0.822266 0.500000 0.058594 0.050781
0 0.347656 0.554688 0.066406 0.054688
0 0.413086 0.553711 0.064453 0.056641
0 0.477539 0.552734 0.064453 0.054688
0 0.541992 0.554688 0.064453 0.050781
0 0.605469 0.554688 0.062500 0.050781
0 0.664062 0.553711 0.054688 0.052734
0 0.716797 0.550781 0.050781 0.046875
0 0.766602 0.548828 0.048828 0.050781
0 0.820312 0.549805 0.058594 0.052734
0 0.875000 0.548828 0.050781 0.054688
0 0.099609 0.608398 0.058594 0.052734
0 0.161133 0.610352 0.064453 0.048828
0 0.222656 0.609375 0.058594 0.046875
0 0.282227 0.606445 0.060547 0.052734
0 0.346680 0.604492 0.068359 0.048828
0 0.416016 0.602539 0.070312 0.052734
0 0.478516 0.603516 0.054688 0.054688
0 0.541016 0.605469 0.070312 0.050781
0 0.605469 0.631836 0.058594 0.103516
0 0.664062 0.654297 0.058594 0.058594
0 0.666016 0.601562 0.054688 0.046875
0 0.717773 0.602539 0.048828 0.044922
0 0.766602 0.601562 0.048828 0.046875
0 0.820312 0.603516 0.058594 0.050781
0 0.873047 0.603516 0.046875 0.050781
0 0.719727 0.652344 0.048828 0.058594
0 0.767578 0.653320 0.046875 0.056641
0 0.820312 0.653320 0.058594 0.056641
0 0.874023 0.654297 0.048828 0.054688
0 0.098633 0.686523 0.060547 0.099609
0 0.161133 0.684570 0.064453 0.103516
0 0.222656 0.685547 0.058594 0.105469
0 0.286133 0.710938 0.068359 0.054688
0 0.286133 0.658203 0.068359 0.050781
0 0.347656 0.658203 0.058594 0.058594
0 0.411133 0.659180 0.068359 0.056641
0 0.477539 0.658203 0.060547 0.054688
0 0.540039 0.659180 0.064453 0.052734
0 0.350586 0.711914 0.064453 0.052734
0 0.415039 0.709961 0.064453 0.056641
0 0.478516 0.708984 0.062500 0.054688
0 0.541016 0.709961 0.062500 0.052734
0 0.603516 0.710938 0.062500 0.054688
0 0.665039 0.710938 0.060547 0.054688
0 0.719727 0.710938 0.048828 0.054688
0 0.766602 0.708984 0.044922 0.058594
0 0.820312 0.708984 0.062500 0.058594
0 0.875977 0.708984 0.048828 0.058594
0 0.944336 0.709961 0.087891 0.060547
0 0.098633 0.764648 0.060547 0.048828
0 0.160156 0.763672 0.062500 0.050781
0 0.222656 0.764648 0.062500 0.052734
0 0.286133 0.763672 0.064453 0.054688
0 0.350586 0.763672 0.064453 0.054688
0 0.415039 0.764648 0.064453 0.052734
0 0.478516 0.763672 0.062500 0.050781
0 0.541992 0.763672 0.064453 0.050781
0 0.604492 0.765625 0.060547 0.054688
0 0.664062 0.764648 0.058594 0.056641
0 0.719727 0.764648 0.052734 0.056641
0 0.767578 0.765625 0.042969 0.054688
0 0.820312 0.764648 0.062500 0.052734
0 0.875977 0.763672 0.048828 0.054688
0 0.920898 0.760742 0.041016 0.048828
0 0.963867 0.761719 0.044922 0.046875
0 0.097656 0.814453 0.058594 0.050781
0 0.159180 0.813477 0.064453 0.052734
0 0.223633 0.814453 0.064453 0.054688
0 0.287109 0.816406 0.062500 0.050781
0 0.351562 0.817383 0.066406 0.052734
0 0.417969 0.816406 0.066406 0.054688
0 0.481445 0.818359 0.060547 0.058594
0 0.543945 0.818359 0.064453 0.058594
0 0.606445 0.815430 0.060547 0.052734
0 0.664062 0.816406 0.054688 0.050781
0 0.718750 0.818359 0.054688 0.054688
0 0.768555 0.818359 0.044922 0.054688
0 0.821289 0.814453 0.060547 0.046875
0 0.875000 0.812500 0.046875 0.050781
0 0.918945 0.811523 0.041016 0.048828
0 0.962891 0.811523 0.046875 0.048828
0 0.096680 0.862305 0.064453 0.048828
0 0.160156 0.863281 0.062500 0.046875
0 0.223633 0.864258 0.064453 0.048828
0 0.288086 0.866211 0.064453 0.044922
0 0.352539 0.864258 0.064453 0.041016
0 0.417969 0.864258 0.066406 0.041016
0 0.481445 0.864258 0.060547 0.041016
0 0.542969 0.864258 0.062500 0.041016
0 0.605469 0.863281 0.062500 0.039062
0 0.663086 0.862305 0.052734 0.041016
0 0.717773 0.864258 0.056641 0.044922
0 0.767578 0.864258 0.042969 0.044922
0 0.819336 0.865234 0.060547 0.046875
0 0.872070 0.863281 0.044922 0.050781
0 0.916016 0.861328 0.042969 0.046875
0 0.960938 0.860352 0.046875 0.048828
