0 0.200195 0.055718 0.019531 0.070381
0 0.228516 0.055718 0.037109 0.070381
0 0.264160 0.055718 0.034180 0.070381
0 0.333984 0.058651 0.017578 0.058651
0 0.360840 0.054985 0.036133 0.065982
0 0.399414 0.057918 0.041016 0.071848
0 0.196777 0.205279 0.020508 0.070381
0 0.226074 0.204545 0.038086 0.071848
0 0.264160 0.203812 0.038086 0.070381
0 0.333496 0.203812 0.018555 0.067449
0 0.362305 0.203812 0.039062 0.067449
0 0.399902 0.205279 0.036133 0.070381
0 0.196289 0.354106 0.019531 0.068915
0 0.226074 0.354106 0.040039 0.068915
0 0.264648 0.354106 0.037109 0.068915
0 0.331543 0.351173 0.022461 0.068915
0 0.360840 0.354106 0.036133 0.063050
0 0.396973 0.353372 0.036133 0.061584
0 0.198242 0.499267 0.019531 0.065982
0 0.226562 0.499267 0.037109 0.065982
0 0.263184 0.501466 0.036133 0.070381
0 0.331543 0.502933 0.018555 0.064516
0 0.360352 0.502199 0.039062 0.065982
0 0.397461 0.502933 0.035156 0.067449
0 0.196777 0.649560 0.020508 0.067449
0 0.227051 0.651026 0.040039 0.064516
0 0.264648 0.653226 0.035156 0.068915
0 0.330566 0.651760 0.020508 0.063050
0 0.359863 0.651760 0.038086 0.063050
0 0.398438 0.653226 0.039062 0.065982
0 0.194336 0.799853 0.021484 0.071848
0 0.224609 0.800587 0.039062 0.070381
0 0.263184 0.801320 0.038086 0.071848
0 0.329590 0.800587 0.018555 0.070381
0 0.358887 0.802053 0.040039 0.067449
0 0.397949 0.803519 0.038086 0.070381
0 0.195801 0.947214 0.018555 0.073314
0 0.224609 0.949413 0.039062 0.068915
0 0.263184 0.950880 0.038086 0.071848
0 0.330078 0.947947 0.019531 0.074780
0 0.358887 0.949413 0.038086 0.071848
0 0.397461 0.949413 0.039062 0.071848
0 0.615234 0.053519 0.019531 0.065982
0 0.643555 0.054252 0.037109 0.064516
0 0.680664 0.056452 0.037109 0.068915
0 0.749512 0.055718 0.018555 0.067449
0 0.777832 0.054985 0.038086 0.068915
0 0.814941 0.055718 0.036133 0.070381
0 0.614746 0.200880 0.016602 0.070381
0 0.642090 0.201613 0.038086 0.068915
0 0.680176 0.202346 0.038086 0.070381
0 0.749023 0.201613 0.019531 0.065982
0 0.776855 0.202346 0.036133 0.064516
0 0.813965 0.204545 0.038086 0.068915
0 0.612793 0.352639 0.020508 0.074780
0 0.642090 0.351906 0.038086 0.076246
0 0.680176 0.351173 0.038086 0.074780
0 0.750000 0.353372 0.017578 0.070381
0 0.777832 0.352639 0.038086 0.071848
0 0.814941 0.350440 0.036133 0.067449
0 0.613770 0.500733 0.022461 0.074780
0 0.642090 0.502199 0.034180 0.071848
0 0.680176 0.501466 0.041992 0.070381
0 0.749023 0.500733 0.019531 0.065982
0 0.776855 0.500000 0.036133 0.067449
0 0.814453 0.502199 0.039062 0.071848
0 0.613281 0.800587 0.017578 0.073314
0 0.641602 0.802053 0.039062 0.070381
0 0.680176 0.799853 0.038086 0.065982
0 0.750000 0.797654 0.017578 0.070381
0 0.778809 0.797654 0.040039 0.070381
0 0.816895 0.800587 0.036133 0.076246
