0 0.071289 0.026354 0.140625 0.049780
0 0.233887 0.027818 0.188477 0.052709
0 0.416504 0.027818 0.176758 0.052709
0 0.593262 0.027086 0.176758 0.051245
0 0.774902 0.028551 0.186523 0.048316
0 0.934082 0.027086 0.131836 0.045388
0 0.071289 0.103953 0.136719 0.093704
0 0.233887 0.103953 0.188477 0.093704
0 0.415039 0.103221 0.173828 0.092240
0 0.590332 0.103953 0.176758 0.090776
0 0.773438 0.102489 0.189453 0.087848
0 0.933594 0.098829 0.130859 0.095168
0 0.072266 0.200586 0.134766 0.090776
0 0.233887 0.199854 0.188477 0.092240
0 0.414551 0.200586 0.172852 0.093704
0 0.588867 0.199122 0.175781 0.096633
0 0.772461 0.196925 0.191406 0.092240
0 0.933105 0.196193 0.129883 0.093704
0 0.073242 0.300146 0.136719 0.096633
0 0.234375 0.300146 0.185547 0.096633
0 0.416016 0.299414 0.177734 0.095168
0 0.591797 0.297950 0.173828 0.098097
0 0.772949 0.298682 0.188477 0.099561
0 0.932129 0.295754 0.129883 0.105417
0 0.072754 0.401171 0.137695 0.093704
0 0.234375 0.399707 0.185547 0.096633
0 0.416016 0.397511 0.177734 0.092240
0 0.591309 0.398975 0.172852 0.089312
0 0.772949 0.396779 0.190430 0.084919
0 0.933105 0.392387 0.129883 0.093704
0 0.073730 0.497072 0.141602 0.095168
0 0.235352 0.495608 0.181641 0.098097
0 0.416504 0.492679 0.180664 0.092240
0 0.594238 0.491215 0.174805 0.095168
0 0.776855 0.497072 0.190430 0.106881
0 0.935059 0.497072 0.125977 0.106881
