0 0.140295 0.137500 0.044304 0.141667
0 0.187764 0.137500 0.050633 0.141667
0 0.237342 0.139583 0.048523 0.145833
0 0.285865 0.139583 0.048523 0.145833
0 0.334388 0.139583 0.048523 0.145833
0 0.382911 0.139583 0.048523 0.145833
0 0.431435 0.141667 0.048523 0.150000
0 0.477848 0.143750 0.044304 0.145833
0 0.525316 0.141667 0.050633 0.141667
0 0.574895 0.141667 0.048523 0.141667
0 0.622363 0.143750 0.046414 0.145833
0 0.667722 0.145833 0.044304 0.141667
0 0.139241 0.256250 0.046414 0.095833
0 0.186709 0.258333 0.048523 0.091667
0 0.236287 0.260417 0.050633 0.095833
0 0.284810 0.260417 0.046414 0.095833
0 0.331224 0.260417 0.046414 0.095833
0 0.379747 0.260417 0.050633 0.095833
0 0.429325 0.262500 0.048523 0.100000
0 0.477848 0.264583 0.048523 0.095833
0 0.526371 0.264583 0.048523 0.095833
0 0.573840 0.264583 0.046414 0.095833
0 0.620253 0.264583 0.046414 0.095833
0 0.666667 0.266667 0.046414 0.091667
0 0.139241 0.354167 0.046414 0.100000
0 0.187764 0.356250 0.050633 0.095833
0 0.238397 0.356250 0.050633 0.095833
0 0.286920 0.358333 0.046414 0.091667
0 0.333333 0.358333 0.046414 0.091667
0 0.380802 0.358333 0.048523 0.091667
0 0.429325 0.358333 0.048523 0.091667
0 0.477848 0.358333 0.048523 0.091667
0 0.526371 0.356250 0.048523 0.087500
0 0.573840 0.358333 0.046414 0.083333
0 0.621308 0.360417 0.048523 0.087500
0 0.668776 0.360417 0.046414 0.087500
0 0.139241 0.450000 0.046414 0.091667
0 0.186709 0.450000 0.048523 0.091667
0 0.235232 0.447917 0.048523 0.087500
0 0.282700 0.450000 0.046414 0.083333
0 0.331224 0.452083 0.050633 0.087500
0 0.380802 0.452083 0.048523 0.087500
0 0.428270 0.452083 0.046414 0.087500
0 0.475738 0.450000 0.048523 0.091667
0 0.526371 0.450000 0.052743 0.091667
0 0.573840 0.452083 0.042194 0.087500
0 0.620253 0.452083 0.050633 0.087500
0 0.668776 0.452083 0.046414 0.087500
0 0.137131 0.545833 0.046414 0.091667
0 0.185654 0.543750 0.050633 0.095833
0 0.235232 0.545833 0.048523 0.091667
0 0.283755 0.543750 0.048523 0.095833
0 0.332278 0.541667 0.048523 0.091667
0 0.380802 0.543750 0.048523 0.087500
0 0.429325 0.545833 0.048523 0.091667
0 0.476793 0.545833 0.046414 0.091667
0 0.525316 0.543750 0.050633 0.087500
0 0.573840 0.545833 0.046414 0.083333
0 0.622363 0.550000 0.050633 0.091667
0 0.669831 0.547917 0.044304 0.095833
0 0.137131 0.639583 0.046414 0.095833
0 0.184599 0.641667 0.048523 0.091667
0 0.234177 0.641667 0.050633 0.091667
0 0.283755 0.639583 0.048523 0.095833
0 0.332278 0.639583 0.048523 0.095833
0 0.379747 0.639583 0.046414 0.095833
0 0.428270 0.639583 0.050633 0.095833
0 0.477848 0.641667 0.048523 0.091667
0 0.526371 0.641667 0.048523 0.091667
0 0.574895 0.641667 0.048523 0.091667
0 0.623418 0.643750 0.048523 0.095833
0 0.669831 0.643750 0.044304 0.095833
0 0.138186 0.735417 0.048523 0.087500
0 0.185654 0.735417 0.046414 0.087500
0 0.234177 0.737500 0.050633 0.091667
0 0.283755 0.739583 0.048523 0.087500
0 0.139241 0.825000 0.050633 0.091667
0 0.187764 0.825000 0.042194 0.091667
0 0.235232 0.831250 0.052743 0.087500
0 0.284810 0.831250 0.046414 0.087500
0 0.332278 0.737500 0.048523 0.091667
0 0.382911 0.735417 0.048523 0.087500
0 0.428270 0.733333 0.050633 0.091667
0 0.479958 0.735417 0.048523 0.087500
0 0.527426 0.735417 0.046414 0.087500
0 0.575949 0.737500 0.050633 0.091667
0 0.625527 0.739583 0.048523 0.087500
0 0.672996 0.741667 0.046414 0.091667
0 0.672996 0.835417 0.046414 0.095833
0 0.625527 0.835417 0.048523 0.095833
0 0.577004 0.837500 0.048523 0.100000
0 0.528481 0.835417 0.048523 0.104167
