0 0.337750 0.723077 0.072500 0.140891
0 0.406250 0.723887 0.064500 0.139271
0 0.456250 0.725101 0.035500 0.141700
0 0.505750 0.725911 0.063500 0.140081
0 0.569000 0.722672 0.063000 0.133603
0 0.631500 0.721862 0.062000 0.135223
0 0.527750 0.529555 0.034500 0.080972
0 0.561250 0.531174 0.032500 0.077733
0 0.410500 0.013360 0.037000 0.025101
0 0.448250 0.016599 0.040500 0.031579
0 0.488000 0.018623 0.039000 0.035628
0 0.526500 0.023077 0.039000 0.044534
0 0.410000 0.051012 0.038000 0.066397
0 0.449000 0.057895 0.040000 0.067206
0 0.487500 0.063158 0.038000 0.066397
0 0.526750 0.070850 0.038500 0.062348
0 0.410000 0.113765 0.037000 0.070445
0 0.448250 0.118623 0.041500 0.070445
0 0.488750 0.127126 0.039500 0.072874
0 0.526250 0.130364 0.040500 0.072874
0 0.409750 0.176923 0.038500 0.067206
0 0.448250 0.183401 0.041500 0.062348
0 0.488000 0.188664 0.040000 0.063158
0 0.527000 0.192713 0.041000 0.064777
0 0.409750 0.239676 0.038500 0.071255
0 0.448250 0.244939 0.039500 0.068826
0 0.488000 0.250607 0.039000 0.070445
0 0.526250 0.254656 0.038500 0.068826
0 0.408750 0.305263 0.037500 0.059919
0 0.448250 0.306883 0.040500 0.063158
0 0.488500 0.310931 0.039000 0.064777
0 0.527250 0.316599 0.039500 0.056680
0 0.408750 0.366802 0.037500 0.068016
0 0.448250 0.371255 0.040500 0.068826
0 0.487750 0.372874 0.040500 0.070445
0 0.527500 0.375709 0.039000 0.064777
0 0.410000 0.416194 0.040000 0.032389
0 0.447750 0.417814 0.041500 0.032389
0 0.488000 0.422267 0.039000 0.028340
0 0.527000 0.423887 0.040000 0.029960
0 0.778750 0.603644 0.044500 0.107692
0 0.824000 0.604858 0.046000 0.105263
0 0.777500 0.699595 0.044000 0.085830
0 0.824000 0.701215 0.049000 0.082591
0 0.646250 0.603239 0.063500 0.113360
0 0.708500 0.603239 0.061000 0.113360
0 0.709000 0.704453 0.064000 0.089069
0 0.178250 0.640081 0.174500 0.235628
3 0.191250 0.727935 0.024500 0.084211
5 0.878750 0.789879 0.242500 0.174089
0 0.631000 0.021457 0.028000 0.036437
0 0.662750 0.026721 0.036500 0.037247
0 0.699250 0.035223 0.037500 0.034818
0 0.737000 0.041296 0.035000 0.035628
0 0.773250 0.048178 0.032500 0.034818
0 0.808750 0.056680 0.037500 0.032389
0 0.843250 0.061134 0.033500 0.038057
0 0.875250 0.072065 0.030500 0.037247
0 0.906000 0.076113 0.027000 0.032389
