0 0.018555 0.201172 0.033203 0.117188
0 0.061523 0.202148 0.052734 0.115234
0 0.118164 0.202148 0.060547 0.115234
0 0.179688 0.175781 0.058594 0.066406
0 0.237305 0.175781 0.056641 0.066406
0 0.295898 0.201172 0.060547 0.117188
0 0.355469 0.200195 0.058594 0.119141
0 0.409180 0.172852 0.048828 0.064453
0 0.455078 0.173828 0.042969 0.062500
0 0.179688 0.262695 0.054688 0.107422
0 0.234375 0.262695 0.054688 0.103516
0 0.410156 0.262695 0.050781 0.115234
0 0.458008 0.264648 0.044922 0.111328
0 0.017578 0.286133 0.031250 0.052734
0 0.060547 0.287109 0.054688 0.050781
0 0.119141 0.287109 0.062500 0.050781
0 0.018555 0.339844 0.033203 0.054688
0 0.062500 0.338867 0.054688 0.056641
0 0.119141 0.338867 0.058594 0.056641
0 0.177734 0.340820 0.058594 0.052734
0 0.236328 0.342773 0.058594 0.056641
0 0.294922 0.344727 0.058594 0.052734
0 0.352539 0.342773 0.056641 0.048828
0 0.408203 0.343750 0.054688 0.046875
0 0.458008 0.344727 0.044922 0.048828
0 0.458984 0.394531 0.042969 0.050781
0 0.409180 0.392578 0.056641 0.054688
0 0.353516 0.393555 0.054688 0.056641
0 0.295898 0.394531 0.060547 0.054688
0 0.239258 0.393555 0.052734 0.052734
0 0.180664 0.393555 0.064453 0.052734
0 0.120117 0.393555 0.056641 0.052734
0 0.064453 0.394531 0.054688 0.050781
0 0.020508 0.395508 0.033203 0.052734
0 0.017578 0.448242 0.027344 0.052734
0 0.061523 0.447266 0.060547 0.054688
0 0.122070 0.447266 0.060547 0.054688
0 0.182617 0.447266 0.060547 0.054688
0 0.240234 0.449219 0.054688 0.058594
0 0.296875 0.450195 0.058594 0.056641
0 0.353516 0.449219 0.054688 0.054688
0 0.409180 0.449219 0.056641 0.054688
0 0.459961 0.448242 0.044922 0.052734
0 0.459961 0.502930 0.044922 0.056641
0 0.409180 0.503906 0.056641 0.054688
0 0.354492 0.503906 0.052734 0.054688
0 0.297852 0.504883 0.060547 0.052734
0 0.239258 0.504883 0.056641 0.052734
0 0.181641 0.502930 0.058594 0.056641
0 0.122070 0.501953 0.060547 0.054688
0 0.063477 0.503906 0.056641 0.050781
0 0.018555 0.504883 0.033203 0.052734
0 0.018555 0.560547 0.033203 0.058594
0 0.063477 0.559570 0.056641 0.060547
0 0.123047 0.558594 0.062500 0.058594
0 0.182617 0.559570 0.056641 0.056641
0 0.241211 0.559570 0.060547 0.056641
0 0.299805 0.559570 0.056641 0.056641
0 0.354492 0.558594 0.052734 0.054688
0 0.409180 0.558594 0.056641 0.054688
0 0.460938 0.559570 0.046875 0.056641
0 0.459961 0.615234 0.048828 0.054688
0 0.408203 0.614258 0.054688 0.056641
0 0.352539 0.613281 0.056641 0.054688
0 0.297852 0.614258 0.052734 0.052734
0 0.241211 0.614258 0.060547 0.052734
0 0.182617 0.614258 0.056641 0.052734
0 0.122070 0.616211 0.064453 0.056641
0 0.061523 0.616211 0.056641 0.056641
0 0.017578 0.617188 0.031250 0.058594
0 0.067383 0.733398 0.052734 0.048828
0 0.121094 0.732422 0.054688 0.050781
0 0.176758 0.731445 0.056641 0.048828
0 0.232422 0.731445 0.054688 0.048828
0 0.272461 0.730469 0.025391 0.046875
0 0.311523 0.731445 0.052734 0.044922
0 0.366211 0.732422 0.056641 0.046875
0 0.422852 0.731445 0.056641 0.048828
0 0.469727 0.730469 0.037109 0.046875
0 0.472656 0.791016 0.031250 0.074219
0 0.424805 0.792969 0.064453 0.070312
0 0.366211 0.791992 0.052734 0.068359
0 0.365234 0.853516 0.050781 0.054688
0 0.421875 0.855469 0.062500 0.050781
0 0.469727 0.855469 0.033203 0.050781
0 0.311523 0.819336 0.048828 0.126953
0 0.267578 0.817383 0.027344 0.123047
0 0.229492 0.817383 0.048828 0.123047
0 0.174805 0.818359 0.060547 0.125000
0 0.117188 0.819336 0.054688 0.123047
0 0.063477 0.818359 0.052734 0.121094
0 0.064453 0.951172 0.042969 0.093750
0 0.110352 0.950195 0.048828 0.095703
0 0.185547 0.953125 0.042969 0.089844
0 0.232422 0.952148 0.050781 0.091797
0 0.318359 0.948242 0.042969 0.103516
0 0.367188 0.948242 0.054688 0.103516
0 0.419922 0.946289 0.050781 0.099609
0 0.466797 0.947266 0.042969 0.097656
0 0.692383 0.796875 0.392578 0.179688
0 0.690430 0.941406 0.396484 0.109375
