0 0.017578 0.074219 0.031250 0.136719
0 0.077148 0.071289 0.087891 0.130859
0 0.166016 0.072266 0.089844 0.128906
0 0.257812 0.072266 0.093750 0.128906
0 0.351562 0.072266 0.093750 0.128906
0 0.442383 0.070312 0.087891 0.125000
0 0.527344 0.071289 0.082031 0.123047
0 0.608398 0.072266 0.080078 0.125000
0 0.693359 0.071289 0.089844 0.126953
0 0.775391 0.072266 0.074219 0.128906
0 0.855469 0.073242 0.085938 0.126953
0 0.939453 0.072266 0.082031 0.125000
0 0.942383 0.197266 0.076172 0.125000
0 0.859375 0.199219 0.089844 0.121094
0 0.777344 0.201172 0.074219 0.125000
0 0.695312 0.201172 0.089844 0.125000
0 0.611328 0.202148 0.078125 0.126953
0 0.529297 0.201172 0.085938 0.128906
0 0.444336 0.200195 0.083984 0.126953
0 0.352539 0.200195 0.099609 0.126953
0 0.260742 0.200195 0.083984 0.126953
0 0.172852 0.198242 0.091797 0.130859
0 0.082031 0.197266 0.089844 0.128906
0 0.025391 0.452148 0.035156 0.048828
0 0.083984 0.451172 0.082031 0.050781
0 0.168945 0.451172 0.087891 0.050781
0 0.258789 0.451172 0.091797 0.050781
0 0.350586 0.449219 0.091797 0.046875
0 0.443359 0.449219 0.093750 0.046875
0 0.529297 0.449219 0.078125 0.046875
0 0.611328 0.449219 0.085938 0.046875
0 0.696289 0.450195 0.083984 0.048828
0 0.777344 0.452148 0.078125 0.044922
0 0.851562 0.451172 0.070312 0.042969
0 0.932617 0.452148 0.091797 0.041016
0 0.022461 0.517578 0.041016 0.089844
0 0.083008 0.516602 0.080078 0.091797
0 0.169922 0.515625 0.093750 0.089844
0 0.260742 0.517578 0.087891 0.085938
0 0.352539 0.516602 0.095703 0.083984
0 0.443359 0.516602 0.085938 0.083984
0 0.528320 0.517578 0.083984 0.085938
0 0.612305 0.518555 0.083984 0.083984
0 0.695312 0.517578 0.082031 0.082031
0 0.776367 0.515625 0.080078 0.085938
0 0.853516 0.519531 0.074219 0.093750
0 0.931641 0.519531 0.082031 0.093750
0 0.020508 0.578125 0.037109 0.031250
0 0.081055 0.577148 0.083984 0.033203
0 0.168945 0.577148 0.091797 0.033203
0 0.260742 0.577148 0.091797 0.033203
0 0.352539 0.574219 0.091797 0.027344
0 0.443359 0.573242 0.089844 0.029297
0 0.530273 0.573242 0.083984 0.029297
0 0.614258 0.573242 0.083984 0.029297
0 0.696289 0.574219 0.080078 0.031250
0 0.775391 0.575195 0.078125 0.029297
0 0.857422 0.577148 0.085938 0.033203
0 0.941406 0.577148 0.082031 0.033203
0 0.020508 0.647461 0.033203 0.111328
0 0.082031 0.647461 0.089844 0.111328
0 0.172852 0.646484 0.091797 0.109375
0 0.262695 0.645508 0.087891 0.111328
0 0.352539 0.647461 0.091797 0.115234
0 0.442383 0.647461 0.087891 0.115234
0 0.529297 0.647461 0.085938 0.115234
0 0.614258 0.646484 0.083984 0.117188
0 0.697266 0.644531 0.082031 0.113281
0 0.777344 0.645508 0.078125 0.111328
0 0.858398 0.647461 0.083984 0.115234
0 0.941406 0.648438 0.082031 0.113281
