0 0.325195 0.750733 0.060547 0.161290
0 0.379395 0.753666 0.047852 0.167155
0 0.351562 0.605572 0.109375 0.111437
0 0.488770 0.606305 0.112305 0.118768
0 0.463379 0.752933 0.051758 0.165689
0 0.517090 0.752933 0.055664 0.165689
0 0.620117 0.610704 0.105469 0.112903
0 0.598633 0.751466 0.052734 0.153959
0 0.652832 0.751466 0.049805 0.159824
1 0.416504 0.692082 0.040039 0.310850
1 0.554688 0.691349 0.029297 0.297654
1 0.696289 0.693548 0.050781 0.302053
1 0.282715 0.691349 0.043945 0.303519
0 0.086914 0.426686 0.054688 0.067449
0 0.147461 0.430352 0.048828 0.063050
0 0.832031 0.423754 0.056641 0.064516
0 0.892578 0.420821 0.060547 0.070381
