0 0.092773 0.169922 0.181641 0.105469
0 0.403320 0.166992 0.263672 0.099609
0 0.726562 0.171875 0.214844 0.113281
0 0.092773 0.361328 0.181641 0.113281
0 0.092773 0.433594 0.181641 0.031250
0 0.400391 0.360352 0.269531 0.115234
0 0.401367 0.433594 0.267578 0.031250
0 0.726562 0.379883 0.218750 0.150391
0 0.093750 0.586914 0.179688 0.111328
0 0.399414 0.587891 0.267578 0.109375
0 0.725586 0.590820 0.220703 0.115234
0 0.092773 0.790039 0.181641 0.099609
0 0.403320 0.796875 0.263672 0.121094
0 0.719727 0.791992 0.208984 0.103516
