0 0.299805 0.354492 0.064453 0.259766
0 0.365234 0.357422 0.066406 0.257812
0 0.432617 0.371094 0.064453 0.253906
0 0.299805 0.125977 0.068359 0.123047
0 0.365234 0.140625 0.066406 0.121094
0 0.432617 0.156250 0.072266 0.113281
0 0.302734 0.629883 0.066406 0.248047
0 0.367188 0.631836 0.062500 0.240234
0 0.432617 0.640625 0.072266 0.238281
0 0.558594 0.241211 0.062500 0.228516
0 0.619141 0.250977 0.062500 0.224609
0 0.678711 0.263672 0.052734 0.210938
0 0.733398 0.274414 0.052734 0.208984
0 0.781250 0.286133 0.042969 0.201172
0 0.561523 0.455078 0.060547 0.226562
0 0.621094 0.464844 0.058594 0.226562
0 0.678711 0.472656 0.052734 0.222656
0 0.756836 0.481445 0.091797 0.216797
0 0.837891 0.901367 0.062500 0.197266
0 0.556641 0.690430 0.054688 0.251953
0 0.617188 0.697266 0.066406 0.238281
0 0.678711 0.701172 0.056641 0.246094
0 0.734375 0.705078 0.054688 0.238281
0 0.783203 0.707031 0.042969 0.242188
0 0.782227 0.914062 0.044922 0.171875
0 0.730469 0.911133 0.058594 0.177734
0 0.678711 0.908203 0.048828 0.175781
0 0.618164 0.909180 0.068359 0.177734
0 0.552734 0.907227 0.062500 0.181641
0 0.302734 0.893555 0.062500 0.208984
