0 0.166016 0.439971 0.054688 0.077599
0 0.167480 0.510249 0.053711 0.071742
0 0.220703 0.440703 0.052734 0.079063
0 0.220703 0.510249 0.054688 0.068814
0 0.166504 0.312592 0.051758 0.180088
0 0.221191 0.317716 0.053711 0.172767
0 0.166992 0.194729 0.052734 0.073206
0 0.220703 0.204978 0.054688 0.067350
0 0.167480 0.126647 0.053711 0.083455
0 0.221191 0.131772 0.053711 0.079063
0 0.166992 0.054173 0.052734 0.076135
0 0.219727 0.061493 0.052734 0.079063
0 0.011230 0.034407 0.020508 0.065886
0 0.052734 0.039531 0.064453 0.076135
0 0.011230 0.103953 0.020508 0.079063
0 0.054199 0.110542 0.067383 0.089312
0 0.053711 0.182284 0.064453 0.077599
0 0.011719 0.174231 0.021484 0.067350
0 0.012207 0.300878 0.022461 0.185944
0 0.054688 0.303807 0.062500 0.180088
0 0.054688 0.432650 0.062500 0.077599
0 0.011230 0.432650 0.020508 0.077599
0 0.010742 0.508785 0.019531 0.074671
0 0.053711 0.508785 0.066406 0.074671
0 0.277344 0.092240 0.054688 0.181552
0 0.329590 0.094436 0.051758 0.185944
0 0.278320 0.208638 0.052734 0.065886
0 0.330566 0.215227 0.051758 0.061493
0 0.382324 0.032943 0.049805 0.062958
0 0.429688 0.037335 0.050781 0.071742
0 0.381348 0.094436 0.047852 0.080527
0 0.431152 0.103221 0.047852 0.077599
0 0.382812 0.162518 0.048828 0.070278
0 0.430664 0.166179 0.046875 0.077599
0 0.381836 0.224744 0.052734 0.065886
0 0.430664 0.228404 0.046875 0.064422
0 0.276855 0.325037 0.053711 0.172767
0 0.329590 0.327233 0.049805 0.168375
0 0.382812 0.330893 0.048828 0.169839
0 0.430664 0.336750 0.046875 0.158126
0 0.275391 0.478038 0.058594 0.144949
0 0.330566 0.482430 0.051758 0.136164
0 0.381836 0.447291 0.050781 0.065886
0 0.431152 0.447291 0.047852 0.065886
0 0.381836 0.511713 0.050781 0.065886
0 0.432129 0.512445 0.049805 0.064422
0 0.729492 0.122987 0.015625 0.049780
0 0.746094 0.125915 0.017578 0.055637
0 0.767578 0.131040 0.015625 0.051245
0 0.784180 0.134700 0.015625 0.049780
0 0.804688 0.136896 0.017578 0.051245
0 0.821289 0.139092 0.017578 0.049780
0 0.729980 0.166179 0.016602 0.039531
0 0.745605 0.169839 0.016602 0.040996
0 0.768066 0.173499 0.016602 0.036603
0 0.783691 0.176428 0.016602 0.039531
0 0.804688 0.179356 0.015625 0.036603
0 0.820801 0.180820 0.016602 0.036603
0 0.729980 0.202050 0.016602 0.038067
0 0.745605 0.203514 0.014648 0.035139
0 0.767090 0.208638 0.016602 0.033675
0 0.783203 0.209370 0.015625 0.032211
0 0.804688 0.211567 0.015625 0.033675
0 0.820801 0.214495 0.018555 0.036603
0 0.729492 0.234261 0.015625 0.029283
0 0.745605 0.235725 0.012695 0.032211
0 0.768066 0.237921 0.016602 0.030747
0 0.784180 0.239385 0.015625 0.033675
0 0.804688 0.243045 0.015625 0.029283
0 0.821289 0.244510 0.015625 0.032211
0 0.728516 0.265739 0.015625 0.033675
0 0.745605 0.265739 0.014648 0.033675
0 0.767578 0.303075 0.015625 0.105417
0 0.784668 0.306003 0.016602 0.105417
0 0.804688 0.275256 0.015625 0.035139
0 0.803711 0.308199 0.017578 0.030747
0 0.803711 0.342606 0.017578 0.038067
0 0.803711 0.374085 0.017578 0.024890
0 0.803711 0.427526 0.017578 0.081991
0 0.820801 0.428990 0.016602 0.079063
0 0.820801 0.374817 0.016602 0.029283
0 0.819824 0.343338 0.014648 0.033675
0 0.820801 0.310395 0.012695 0.032211
0 0.822266 0.277452 0.015625 0.033675
0 0.729004 0.300878 0.014648 0.036603
0 0.745117 0.300878 0.017578 0.036603
0 0.729004 0.336750 0.016602 0.038067
0 0.745605 0.338946 0.016602 0.033675
0 0.729492 0.369693 0.015625 0.033675
0 0.745605 0.370425 0.016602 0.032211
0 0.729004 0.404100 0.016602 0.038067
0 0.746094 0.404832 0.017578 0.036603
0 0.768555 0.370425 0.015625 0.029283
0 0.785156 0.371889 0.017578 0.026354
0 0.768066 0.427526 0.016602 0.079063
0 0.784668 0.427526 0.016602 0.079063
0 0.768555 0.491947 0.015625 0.052709
0 0.785156 0.493411 0.017578 0.049780
