0 0.202148 0.057833 0.035156 0.106881
0 0.202637 0.133236 0.034180 0.043924
0 0.203125 0.212299 0.035156 0.114202
0 0.203613 0.292094 0.034180 0.045388
0 0.203613 0.370425 0.034180 0.111274
0 0.203125 0.448755 0.035156 0.045388
0 0.203125 0.527818 0.035156 0.112738
0 0.202637 0.610542 0.036133 0.052709
0 0.204590 0.686676 0.040039 0.099561
0 0.228027 0.058565 0.012695 0.111274
0 0.227539 0.136896 0.013672 0.045388
0 0.228516 0.213763 0.015625 0.108346
0 0.229492 0.292094 0.013672 0.048316
0 0.229980 0.371157 0.014648 0.109810
0 0.229980 0.450220 0.014648 0.048316
0 0.229004 0.528551 0.012695 0.108346
0 0.228516 0.607613 0.013672 0.049780
0 0.175293 0.058565 0.014648 0.111274
0 0.175293 0.133968 0.014648 0.039531
0 0.176758 0.211567 0.017578 0.115666
0 0.177246 0.292094 0.016602 0.045388
0 0.177246 0.369693 0.016602 0.109810
0 0.176270 0.450952 0.018555 0.052709
0 0.175293 0.529283 0.016602 0.103953
0 0.177246 0.608346 0.012695 0.054173
0 0.178223 0.688873 0.014648 0.106881
0 0.253906 0.036603 0.037109 0.064422
0 0.253906 0.088580 0.037109 0.039531
0 0.254883 0.133968 0.039062 0.051245
0 0.256836 0.192533 0.037109 0.065886
0 0.255859 0.245242 0.035156 0.039531
0 0.256348 0.289165 0.034180 0.048316
0 0.256348 0.347731 0.034180 0.068814
0 0.255371 0.404832 0.036133 0.045388
0 0.256348 0.449488 0.038086 0.043924
0 0.257324 0.505857 0.036133 0.068814
0 0.257324 0.560761 0.036133 0.040996
0 0.255859 0.604685 0.037109 0.046852
0 0.236816 0.627379 0.000977 0.001464
0 0.293457 0.055637 0.040039 0.102489
0 0.294922 0.132504 0.037109 0.051245
0 0.294922 0.213031 0.037109 0.109810
0 0.294922 0.292094 0.037109 0.048316
0 0.295410 0.371157 0.038086 0.109810
0 0.295898 0.448755 0.037109 0.045388
0 0.296387 0.527086 0.038086 0.111274
0 0.315430 0.581991 0.000000 0.001464
0 0.320312 0.056369 0.013672 0.101025
0 0.320312 0.131040 0.013672 0.048316
0 0.319824 0.212299 0.012695 0.114202
0 0.320801 0.292826 0.010742 0.046852
0 0.321289 0.369693 0.011719 0.106881
0 0.320312 0.447291 0.013672 0.048316
0 0.321289 0.508053 0.015625 0.073206
0 0.347656 0.056369 0.037109 0.106881
0 0.347168 0.131772 0.038086 0.043924
0 0.347168 0.210835 0.038086 0.114202
0 0.347168 0.290630 0.038086 0.045388
0 0.348145 0.368960 0.040039 0.111274
0 0.348633 0.448023 0.039062 0.046852
0 0.347168 0.516837 0.036133 0.090776
0 0.386230 0.054905 0.036133 0.101025
0 0.385742 0.129575 0.037109 0.048316
0 0.386719 0.210102 0.039062 0.112738
0 0.387695 0.289898 0.037109 0.046852
0 0.387695 0.368960 0.037109 0.111274
0 0.387207 0.448755 0.038086 0.048316
0 0.387695 0.503660 0.039062 0.061493
0 0.414062 0.056369 0.015625 0.106881
0 0.414062 0.130307 0.015625 0.040996
0 0.413574 0.210102 0.014648 0.118594
0 0.413574 0.292826 0.014648 0.046852
0 0.414062 0.369693 0.015625 0.106881
0 0.414551 0.447291 0.014648 0.048316
0 0.414551 0.518302 0.014648 0.093704
0 0.440430 0.055637 0.037109 0.108346
0 0.440918 0.128843 0.036133 0.038067
0 0.441406 0.206442 0.037109 0.117130
0 0.440430 0.290630 0.039062 0.051245
0 0.440430 0.370425 0.039062 0.108346
0 0.441406 0.447291 0.037109 0.045388
0 0.441895 0.528551 0.038086 0.117130
0 0.478027 0.034407 0.036133 0.062958
0 0.479004 0.085652 0.034180 0.039531
0 0.479004 0.129575 0.034180 0.048316
0 0.478516 0.189605 0.035156 0.071742
0 0.479004 0.243777 0.036133 0.036603
0 0.478516 0.289165 0.037109 0.054173
0 0.478027 0.350659 0.036133 0.068814
0 0.478027 0.403367 0.036133 0.036603
0 0.478516 0.446559 0.037109 0.049780
0 0.479492 0.507321 0.035156 0.071742
0 0.479980 0.562225 0.036133 0.038067
0 0.483398 0.602489 0.029297 0.042460
0 0.503906 0.055637 0.017578 0.108346
0 0.505371 0.131772 0.014648 0.043924
0 0.505859 0.210102 0.015625 0.112738
0 0.505859 0.290630 0.015625 0.048316
0 0.506348 0.368228 0.016602 0.106881
0 0.507324 0.445827 0.014648 0.048316
0 0.506836 0.525622 0.013672 0.111274
0 0.507324 0.603953 0.012695 0.045388
0 0.501953 0.627379 0.001953 0.001464
0 0.531250 0.056369 0.035156 0.103953
0 0.568359 0.054905 0.039062 0.101025
0 0.531738 0.131040 0.038086 0.039531
0 0.531738 0.207174 0.038086 0.112738
0 0.532227 0.287701 0.039062 0.048316
0 0.533203 0.367496 0.037109 0.111274
0 0.533203 0.445095 0.037109 0.043924
0 0.532715 0.523426 0.038086 0.112738
0 0.533203 0.603221 0.039062 0.046852
0 0.570312 0.128843 0.039062 0.043924
0 0.570801 0.207906 0.038086 0.114202
0 0.571289 0.289165 0.039062 0.048316
0 0.571777 0.368228 0.038086 0.109810
0 0.572266 0.444363 0.039062 0.042460
0 0.572266 0.524158 0.039062 0.117130
0 0.571777 0.606881 0.038086 0.048316
0 0.598145 0.055637 0.016602 0.102489
0 0.599121 0.126647 0.014648 0.039531
0 0.598145 0.205710 0.012695 0.118594
0 0.598633 0.288433 0.011719 0.046852
0 0.599609 0.365300 0.013672 0.106881
0 0.599609 0.445095 0.013672 0.052709
0 0.600098 0.526354 0.014648 0.109810
0 0.600586 0.595168 0.013672 0.027818
0 0.624512 0.053441 0.034180 0.101025
0 0.623535 0.127379 0.036133 0.046852
0 0.624023 0.207174 0.037109 0.112738
0 0.624512 0.286237 0.036133 0.045388
0 0.624512 0.365300 0.036133 0.112738
0 0.624512 0.443631 0.036133 0.043924
0 0.625000 0.521962 0.037109 0.112738
0 0.664551 0.521962 0.041992 0.112738
0 0.665527 0.442899 0.040039 0.045388
0 0.664551 0.364568 0.038086 0.111274
0 0.664062 0.285505 0.039062 0.046852
0 0.663086 0.207174 0.037109 0.109810
0 0.662598 0.128843 0.038086 0.046852
0 0.661621 0.054905 0.036133 0.101025
0 0.688965 0.053441 0.018555 0.098097
0 0.690918 0.126647 0.014648 0.048316
0 0.689453 0.207906 0.011719 0.114202
0 0.689453 0.286969 0.011719 0.043924
0 0.689941 0.369693 0.012695 0.121523
0 0.690430 0.450952 0.011719 0.040996
0 0.691895 0.515373 0.012695 0.087848
0 0.717773 0.510981 0.039062 0.096633
0 0.716797 0.441435 0.041016 0.042460
0 0.715332 0.363104 0.038086 0.114202
0 0.716797 0.284773 0.035156 0.042460
0 0.716797 0.240117 0.035156 0.046852
0 0.715332 0.183748 0.038086 0.065886
0 0.715332 0.128111 0.038086 0.045388
0 0.716309 0.084919 0.036133 0.040996
0 0.714844 0.032943 0.033203 0.062958
0 0.752441 0.053441 0.041992 0.103953
0 0.754883 0.128111 0.037109 0.045388
0 0.755371 0.207174 0.038086 0.112738
0 0.754883 0.286969 0.039062 0.046852
0 0.755371 0.365300 0.040039 0.109810
0 0.755859 0.441435 0.039062 0.042460
0 0.756836 0.488287 0.041016 0.051245
0 0.779785 0.052709 0.014648 0.102489
0 0.779297 0.128843 0.015625 0.049780
0 0.778809 0.207906 0.014648 0.108346
0 0.781250 0.285505 0.009766 0.046852
0 0.783691 0.362372 0.014648 0.106881
0 0.783691 0.438507 0.014648 0.045388
0 0.776855 0.461933 0.000977 0.001464
0 0.809570 0.434846 0.041016 0.035139
0 0.811035 0.361640 0.038086 0.111274
0 0.809570 0.283309 0.035156 0.045388
0 0.808105 0.205710 0.038086 0.109810
0 0.807617 0.125183 0.037109 0.051245
0 0.804688 0.050512 0.042969 0.098097
0 0.844727 0.051977 0.039062 0.101025
0 0.845215 0.124451 0.038086 0.043924
0 0.844727 0.200586 0.037109 0.108346
0 0.845703 0.279649 0.035156 0.049780
0 0.846680 0.361640 0.037109 0.114202
0 0.871094 0.354319 0.015625 0.105417
0 0.874023 0.283309 0.011719 0.045388
0 0.873047 0.202782 0.013672 0.115666
0 0.873047 0.124451 0.013672 0.040996
0 0.873047 0.052709 0.013672 0.102489
0 0.898926 0.057833 0.026367 0.112738
0 0.925293 0.063690 0.026367 0.118594
0 0.957520 0.083455 0.026367 0.120059
0 0.979980 0.093704 0.024414 0.117130
0 0.897461 0.129575 0.029297 0.057101
0 0.927246 0.142753 0.028320 0.057101
0 0.957520 0.158126 0.026367 0.052709
0 0.979492 0.172035 0.021484 0.057101
0 0.896973 0.207906 0.034180 0.122987
0 0.927734 0.221816 0.029297 0.124451
0 0.955078 0.236457 0.027344 0.112738
0 0.979980 0.245242 0.026367 0.115666
0 0.894531 0.286237 0.029297 0.062958
0 0.923828 0.289898 0.027344 0.049780
0 0.895508 0.352855 0.033203 0.093704
0 0.013672 0.151537 0.021484 0.124451
0 0.037598 0.136896 0.026367 0.127379
0 0.064941 0.121523 0.028320 0.122987
0 0.093750 0.106881 0.027344 0.122987
0 0.125000 0.088580 0.035156 0.124451
0 0.011719 0.300878 0.021484 0.115666
0 0.036621 0.289165 0.028320 0.121523
0 0.063965 0.275256 0.026367 0.117130
0 0.092285 0.263543 0.030273 0.120059
0 0.121582 0.248902 0.028320 0.122987
0 0.012207 0.450220 0.022461 0.118594
0 0.037109 0.438507 0.027344 0.121523
0 0.063965 0.427526 0.028320 0.122987
0 0.091797 0.416545 0.029297 0.115666
0 0.119629 0.403367 0.032227 0.124451
0 0.012207 0.598829 0.020508 0.108346
0 0.035645 0.591508 0.026367 0.120059
0 0.062988 0.579795 0.026367 0.114202
0 0.090820 0.568814 0.027344 0.121523
0 0.121582 0.557833 0.026367 0.122987
0 0.011719 0.747438 0.021484 0.118594
0 0.035645 0.740117 0.026367 0.115666
0 0.064453 0.732796 0.027344 0.121523
0 0.091797 0.719619 0.031250 0.115666
0 0.119629 0.712299 0.030273 0.121523
0 0.012695 0.671303 0.023438 0.054173
0 0.038574 0.663250 0.032227 0.070278
0 0.064941 0.653001 0.028320 0.061493
0 0.092285 0.643485 0.028320 0.057101
0 0.122559 0.633968 0.030273 0.061493
0 0.012207 0.521230 0.020508 0.055637
0 0.036621 0.514641 0.024414 0.051245
0 0.065430 0.502196 0.027344 0.061493
0 0.091309 0.490483 0.030273 0.061493
0 0.120605 0.482430 0.030273 0.062958
0 0.012207 0.376281 0.020508 0.052709
0 0.038086 0.364568 0.023438 0.061493
0 0.064453 0.349195 0.029297 0.057101
0 0.092285 0.339678 0.030273 0.055637
0 0.121094 0.325769 0.025391 0.057101
0 0.013184 0.226940 0.024414 0.055637
0 0.038574 0.213763 0.032227 0.061493
0 0.066895 0.198389 0.030273 0.060029
0 0.094727 0.185212 0.031250 0.068814
0 0.123535 0.167643 0.030273 0.057101
