0 0.178711 0.302734 0.048828 0.351562
0 0.260742 0.319336 0.119141 0.369141
0 0.368164 0.344727 0.103516 0.353516
0 0.466797 0.367188 0.105469 0.335938
0 0.561523 0.386719 0.087891 0.308594
0 0.644531 0.408203 0.085938 0.308594
0 0.726562 0.425781 0.082031 0.292969
0 0.798828 0.436523 0.078125 0.283203
0 0.873047 0.453125 0.074219 0.273438
0 0.177734 0.679688 0.050781 0.402344
0 0.261719 0.680664 0.117188 0.396484
0 0.369141 0.688477 0.105469 0.376953
0 0.467773 0.696289 0.103516 0.365234
0 0.563477 0.703125 0.087891 0.347656
0 0.648438 0.707031 0.085938 0.332031
0 0.728516 0.723633 0.078125 0.330078
0 0.802734 0.727539 0.070312 0.314453
0 0.871094 0.730469 0.074219 0.308594
