0 0.426758 0.561523 0.044922 0.150391
0 0.485352 0.521484 0.072266 0.156250
0 0.554688 0.464844 0.074219 0.171875
0 0.633789 0.401367 0.095703 0.185547
0 0.714844 0.326172 0.097656 0.218750
0 0.818359 0.255859 0.109375 0.191406
0 0.932617 0.201172 0.111328 0.117188
0 0.423828 0.671875 0.062500 0.140625
0 0.481445 0.633789 0.068359 0.158203
0 0.549805 0.588867 0.080078 0.181641
0 0.630859 0.534180 0.085938 0.201172
0 0.721680 0.470703 0.087891 0.226562
0 0.822266 0.390625 0.101562 0.261719
0 0.926758 0.318359 0.095703 0.257812
0 0.417969 0.778320 0.054688 0.150391
0 0.477539 0.755859 0.072266 0.156250
0 0.551758 0.712891 0.083984 0.167969
0 0.628906 0.672852 0.078125 0.189453
0 0.724609 0.630859 0.101562 0.203125
0 0.824219 0.564453 0.105469 0.238281
0 0.932617 0.521484 0.119141 0.257812
0 0.418945 0.894531 0.056641 0.140625
0 0.474609 0.874023 0.074219 0.154297
0 0.546875 0.849609 0.089844 0.164062
0 0.631836 0.812500 0.091797 0.179688
0 0.723633 0.776367 0.099609 0.189453
0 0.832031 0.730469 0.125000 0.203125
0 0.944336 0.687500 0.111328 0.210938
0 0.422852 0.975586 0.044922 0.044922
0 0.476562 0.961914 0.066406 0.072266
0 0.547852 0.945312 0.087891 0.105469
0 0.631836 0.929688 0.095703 0.136719
0 0.726562 0.910156 0.105469 0.175781
0 0.834961 0.889648 0.115234 0.212891
0 0.947266 0.853516 0.105469 0.191406
0 0.945312 0.957031 0.109375 0.070312
