0 0.271484 0.081055 0.093750 0.158203
0 0.428711 0.081055 0.083984 0.158203
0 0.570312 0.078125 0.089844 0.152344
0 0.709961 0.076172 0.083984 0.148438
0 0.840820 0.077148 0.072266 0.150391
0 0.271484 0.345703 0.105469 0.234375
0 0.431641 0.343750 0.082031 0.226562
0 0.572266 0.345703 0.097656 0.222656
0 0.708984 0.342773 0.089844 0.224609
0 0.834961 0.339844 0.076172 0.230469
0 0.273438 0.624023 0.093750 0.236328
0 0.428711 0.625977 0.083984 0.228516
0 0.573242 0.627930 0.095703 0.240234
0 0.709961 0.627930 0.091797 0.224609
0 0.834961 0.622070 0.072266 0.236328
0 0.250977 0.892578 0.119141 0.214844
0 0.426758 0.897461 0.064453 0.205078
0 0.566406 0.898438 0.082031 0.203125
0 0.705078 0.900391 0.082031 0.199219
0 0.830078 0.902344 0.070312 0.195312
