0 0.543945 0.388672 0.099609 0.500000
0 0.538086 0.732422 0.099609 0.308594
0 0.547852 0.935547 0.099609 0.128906
0 0.076172 0.474609 0.148438 0.207031
0 0.076172 0.341797 0.148438 0.195312
0 0.244141 0.423828 0.175781 0.210938
0 0.243164 0.532227 0.185547 0.173828
0 0.408203 0.492188 0.160156 0.199219
0 0.413086 0.594727 0.150391 0.162109
0 0.074219 0.825195 0.144531 0.150391
0 0.243164 0.861328 0.177734 0.144531
0 0.410156 0.895508 0.144531 0.130859
0 0.078125 0.605469 0.136719 0.199219
0 0.243164 0.653320 0.181641 0.205078
0 0.408203 0.711914 0.148438 0.177734
0 0.407227 0.268555 0.146484 0.259766
0 0.247070 0.212891 0.177734 0.218750
0 0.242188 0.099609 0.183594 0.195312
0 0.076172 0.116211 0.148438 0.212891
0 0.637695 0.621094 0.060547 0.757812
0 0.744141 0.758789 0.082031 0.482422
0 0.906250 0.659180 0.054688 0.681641
