0 0.600586 0.178711 0.111328 0.189453
0 0.490234 0.214844 0.113281 0.199219
0 0.400391 0.239258 0.082031 0.142578
0 0.078125 0.495117 0.050781 0.083984
0 0.133789 0.478516 0.060547 0.097656
0 0.078125 0.578125 0.050781 0.097656
0 0.173828 0.513672 0.046875 0.203125
0 0.296875 0.429688 0.082031 0.121094
0 0.300781 0.314453 0.085938 0.175781
0 0.296875 0.537109 0.085938 0.140625
0 0.298828 0.681641 0.082031 0.152344
0 0.177734 0.680664 0.054688 0.130859
0 0.067383 0.677734 0.021484 0.117188
0 0.491211 0.361328 0.115234 0.160156
0 0.606445 0.333008 0.111328 0.166016
0 0.492188 0.501953 0.113281 0.164062
0 0.604492 0.465820 0.119141 0.150391
0 0.607422 0.614258 0.125000 0.162109
0 0.605469 0.733398 0.128906 0.083984
0 0.486328 0.611328 0.117188 0.074219
0 0.485352 0.711914 0.115234 0.126953
0 0.745117 0.225586 0.072266 0.173828
0 0.744141 0.363281 0.074219 0.136719
0 0.741211 0.487305 0.080078 0.158203
0 0.737305 0.657227 0.083984 0.208984
0 0.845703 0.311523 0.054688 0.162109
0 0.847656 0.428711 0.042969 0.111328
0 0.844727 0.533203 0.041016 0.128906
0 0.847656 0.669922 0.042969 0.136719
