0 0.682617 0.163086 0.271484 0.322266
0 0.472656 0.223633 0.140625 0.443359
0 0.357422 0.319336 0.089844 0.404297
0 0.275391 0.414062 0.074219 0.347656
0 0.215820 0.494141 0.048828 0.289062
0 0.166992 0.543945 0.044922 0.275391
0 0.123047 0.589844 0.046875 0.246094
0 0.682617 0.553711 0.263672 0.892578
0 0.474609 0.662109 0.148438 0.675781
0 0.356445 0.722656 0.087891 0.554688
0 0.280273 0.755859 0.068359 0.488281
0 0.220703 0.793945 0.042969 0.408203
0 0.170898 0.816406 0.048828 0.367188
0 0.125000 0.832031 0.050781 0.335938
