0 0.175781 0.176758 0.246094 0.169922
0 0.374023 0.177734 0.150391 0.171875
0 0.558594 0.177734 0.218750 0.171875
0 0.785156 0.180664 0.234375 0.177734
0 0.786133 0.357422 0.232422 0.175781
0 0.560547 0.358398 0.218750 0.173828
0 0.376953 0.357422 0.148438 0.171875
0 0.178711 0.353516 0.251953 0.179688
0 0.027344 0.360352 0.050781 0.193359
0 0.026367 0.176758 0.048828 0.173828
0 0.027344 0.533203 0.050781 0.187500
0 0.175781 0.532227 0.242188 0.173828
0 0.372070 0.530273 0.150391 0.177734
0 0.557617 0.529297 0.220703 0.175781
0 0.786133 0.531250 0.236328 0.171875
0 0.027344 0.746094 0.050781 0.246094
0 0.173828 0.738281 0.250000 0.238281
0 0.375000 0.737305 0.148438 0.244141
0 0.555664 0.738281 0.220703 0.246094
0 0.785156 0.738281 0.238281 0.246094
