0 0.017578 0.101173 0.033203 0.199413
0 0.078125 0.104839 0.087891 0.206745
0 0.166992 0.106305 0.083984 0.206745
0 0.250488 0.104839 0.086914 0.206745
0 0.339844 0.103372 0.089844 0.203812
0 0.427734 0.104839 0.085938 0.206745
0 0.515625 0.103372 0.087891 0.203812
0 0.605957 0.105572 0.090820 0.208211
0 0.690918 0.105572 0.086914 0.208211
0 0.779785 0.105572 0.084961 0.208211
0 0.868164 0.104839 0.089844 0.206745
0 0.953125 0.101906 0.085938 0.200880
0 0.018555 0.262463 0.031250 0.114370
0 0.078613 0.262463 0.088867 0.114370
0 0.166016 0.260264 0.085938 0.109971
0 0.251953 0.261730 0.085938 0.107038
0 0.338867 0.257331 0.087891 0.098240
0 0.427246 0.258065 0.088867 0.096774
0 0.516113 0.259531 0.088867 0.099707
0 0.605469 0.258798 0.089844 0.101173
0 0.693848 0.260997 0.086914 0.105572
0 0.781738 0.259531 0.088867 0.108504
0 0.868164 0.259531 0.083984 0.108504
0 0.954102 0.257331 0.087891 0.112903
0 0.018066 0.369501 0.030273 0.099707
0 0.078125 0.366569 0.087891 0.111437
0 0.165527 0.367302 0.086914 0.112903
0 0.253418 0.368768 0.088867 0.109971
0 0.342773 0.372434 0.089844 0.117302
0 0.429688 0.372434 0.083984 0.117302
0 0.516113 0.368768 0.088867 0.109971
0 0.606445 0.370968 0.091797 0.105572
0 0.694336 0.370235 0.083984 0.104106
0 0.782227 0.368768 0.091797 0.107038
0 0.870117 0.370968 0.083984 0.111437
0 0.955078 0.370968 0.085938 0.111437
0 0.017578 0.530059 0.033203 0.215543
0 0.079102 0.535191 0.089844 0.219941
0 0.169922 0.533724 0.085938 0.222874
0 0.255859 0.533724 0.085938 0.222874
0 0.343262 0.535924 0.086914 0.218475
0 0.429199 0.534457 0.084961 0.215543
0 0.516113 0.534457 0.088867 0.215543
0 0.604004 0.537390 0.086914 0.221408
0 0.694336 0.534457 0.087891 0.227273
0 0.783203 0.532258 0.089844 0.222874
0 0.871094 0.535191 0.085938 0.217009
0 0.954102 0.535191 0.080078 0.217009
0 0.954102 0.696481 0.080078 0.105572
0 0.956055 0.807185 0.083984 0.115836
0 0.956055 0.932551 0.083984 0.134897
0 0.019531 0.696481 0.027344 0.114370
0 0.080078 0.698680 0.093750 0.109971
0 0.169922 0.696481 0.085938 0.105572
0 0.255859 0.697214 0.085938 0.104106
0 0.341797 0.697214 0.085938 0.104106
0 0.428223 0.696481 0.086914 0.105572
0 0.516113 0.699413 0.088867 0.111437
0 0.604004 0.701613 0.086914 0.107038
0 0.691895 0.702346 0.088867 0.108504
0 0.781250 0.700147 0.089844 0.112903
0 0.870117 0.699413 0.087891 0.111437
0 0.870605 0.811584 0.086914 0.112903
0 0.870117 0.934018 0.085938 0.131965
0 0.018555 0.811584 0.031250 0.109971
0 0.079102 0.810850 0.089844 0.111437
0 0.168945 0.810117 0.087891 0.109971
0 0.256836 0.809384 0.087891 0.111437
0 0.343750 0.810850 0.085938 0.114370
0 0.430664 0.813783 0.087891 0.108504
0 0.516602 0.812317 0.083984 0.105572
0 0.602539 0.810117 0.087891 0.109971
0 0.689941 0.807918 0.086914 0.105572
0 0.778809 0.807918 0.090820 0.105572
0 0.017578 0.930352 0.033203 0.127566
0 0.078125 0.931818 0.089844 0.127566
0 0.168945 0.931085 0.091797 0.129032
0 0.257812 0.931818 0.085938 0.130499
0 0.343262 0.932551 0.084961 0.129032
0 0.430176 0.932551 0.088867 0.129032
0 0.517578 0.931085 0.085938 0.131965
0 0.606445 0.931085 0.091797 0.131965
0 0.694336 0.931085 0.083984 0.131965
0 0.781738 0.932551 0.090820 0.134897
