0 0.220703 0.115103 0.029297 0.197947
0 0.253418 0.074047 0.030273 0.101173
0 0.254883 0.167889 0.033203 0.095308
0 0.517578 0.151760 0.025391 0.109971
0 0.549805 0.152493 0.037109 0.111437
0 0.649902 0.176686 0.026367 0.112903
0 0.222168 0.547654 0.047852 0.326979
0 0.298340 0.546188 0.106445 0.332845
0 0.453125 0.543988 0.039062 0.307918
0 0.522461 0.545455 0.099609 0.304985
0 0.684570 0.441349 0.085938 0.070381
0 0.657715 0.582111 0.030273 0.211144
0 0.699219 0.587977 0.042969 0.196481
0 0.775879 0.548387 0.030273 0.269795
0 0.826172 0.547654 0.074219 0.265396
0 0.875000 0.549120 0.029297 0.253666
0 0.927246 0.545455 0.084961 0.252199
0 0.764160 0.022727 0.024414 0.042522
0 0.799805 0.027859 0.044922 0.052786
0 0.818359 0.213343 0.021484 0.145161
0 0.837402 0.179619 0.020508 0.071848
0 0.857910 0.223607 0.018555 0.145161
0 0.840820 0.253666 0.025391 0.073314
