0 0.794922 0.410156 0.199219 0.402344
0 0.799805 0.153320 0.201172 0.248047
0 0.798828 0.777344 0.167969 0.421875
0 0.539062 0.519531 0.117188 0.324219
0 0.541992 0.317383 0.126953 0.193359
0 0.410156 0.408203 0.140625 0.183594
0 0.439453 0.570312 0.074219 0.289062
0 0.373047 0.606445 0.054688 0.240234
0 0.374023 0.843750 0.056641 0.269531
0 0.437500 0.833984 0.074219 0.308594
0 0.530273 0.824219 0.115234 0.343750
0 0.282227 0.639648 0.060547 0.224609
0 0.285156 0.493164 0.066406 0.146484
0 0.208008 0.553711 0.029297 0.107422
0 0.241211 0.534180 0.037109 0.126953
0 0.230469 0.675781 0.066406 0.183594
0 0.224609 0.847656 0.058594 0.199219
0 0.280273 0.847656 0.056641 0.226562
