0 0.248047 0.287109 0.054688 0.105469
0 0.303711 0.294922 0.056641 0.097656
0 0.359375 0.302734 0.050781 0.097656
0 0.411133 0.312500 0.052734 0.089844
0 0.458984 0.324219 0.042969 0.097656
0 0.500000 0.328125 0.039062 0.097656
0 0.538086 0.335938 0.041016 0.093750
0 0.582031 0.340820 0.046875 0.091797
0 0.628906 0.350586 0.046875 0.083984
0 0.672852 0.358398 0.041016 0.083984
0 0.713867 0.365234 0.044922 0.078125
0 0.756836 0.371094 0.041016 0.082031
0 0.801758 0.379883 0.044922 0.080078
0 0.834961 0.385742 0.025391 0.072266
0 0.192383 0.628906 0.056641 0.734375
0 0.144531 0.654297 0.039062 0.679688
0 0.104492 0.673828 0.048828 0.636719
0 0.041016 0.699219 0.039062 0.558594
0 0.065430 0.690430 0.029297 0.591797
