0 0.225098 0.178152 0.079102 0.174487
0 0.225098 0.453079 0.079102 0.375367
0 0.352539 0.199413 0.078125 0.187683
0 0.436523 0.201613 0.089844 0.192082
0 0.524902 0.201613 0.086914 0.192082
0 0.612793 0.200880 0.088867 0.190616
0 0.688965 0.200880 0.063477 0.190616
0 0.352051 0.449413 0.077148 0.309384
0 0.434570 0.545455 0.087891 0.117302
0 0.436035 0.391496 0.084961 0.190616
0 0.523926 0.453812 0.090820 0.312317
0 0.613281 0.548387 0.087891 0.123167
0 0.613281 0.390762 0.087891 0.192082
0 0.688477 0.452346 0.062500 0.318182
0 0.814941 0.579912 0.028320 0.165689
0 0.818848 0.373900 0.036133 0.246334
0 0.822266 0.140029 0.037109 0.247801
