0 0.104492 0.214844 0.138672 0.265625
0 0.280273 0.250977 0.177734 0.279297
0 0.505859 0.315430 0.125000 0.236328
0 0.662109 0.359375 0.109375 0.214844
0 0.792969 0.404297 0.085938 0.199219
0 0.896484 0.435547 0.070312 0.187500
0 0.974609 0.459961 0.050781 0.158203
0 0.097656 0.514648 0.140625 0.259766
0 0.281250 0.544922 0.187500 0.250000
0 0.504883 0.579102 0.130859 0.205078
0 0.664062 0.599609 0.105469 0.187500
0 0.792969 0.619141 0.089844 0.167969
0 0.891602 0.633789 0.076172 0.166016
0 0.975586 0.648438 0.044922 0.148438
0 0.101562 0.885742 0.144531 0.228516
0 0.281250 0.883789 0.179688 0.212891
0 0.507812 0.879883 0.136719 0.181641
0 0.663086 0.872070 0.111328 0.166016
0 0.794922 0.867188 0.085938 0.152344
0 0.893555 0.866211 0.076172 0.142578
0 0.974609 0.864258 0.050781 0.134766
