0 0.346191 0.098829 0.038086 0.083455
0 0.345215 0.153001 0.040039 0.024890
0 0.392090 0.109078 0.032227 0.103953
0 0.419434 0.098097 0.018555 0.081991
0 0.447266 0.109810 0.037109 0.105417
0 0.419922 0.151537 0.015625 0.024890
0 0.487793 0.109810 0.034180 0.108346
0 0.514648 0.098097 0.019531 0.081991
0 0.542969 0.109810 0.035156 0.102489
0 0.515137 0.152269 0.018555 0.023426
0 0.587402 0.099561 0.038086 0.087848
0 0.586914 0.151537 0.037109 0.021962
0 0.630371 0.080527 0.024414 0.035139
0 0.631348 0.137628 0.024414 0.073206
0 0.344727 0.265007 0.029297 0.108346
0 0.371094 0.254026 0.017578 0.083455
0 0.370605 0.308199 0.018555 0.021962
0 0.399414 0.264275 0.031250 0.109810
0 0.438965 0.262079 0.032227 0.108346
0 0.466797 0.251830 0.021484 0.087848
0 0.466309 0.305271 0.018555 0.024890
0 0.493164 0.263543 0.033203 0.111274
0 0.528320 0.249634 0.019531 0.086384
0 0.530273 0.307467 0.019531 0.023426
0 0.550781 0.262811 0.025391 0.112738
0 0.587402 0.249634 0.040039 0.089312
0 0.587402 0.307467 0.040039 0.026354
0 0.632812 0.231332 0.027344 0.038067
0 0.630371 0.284773 0.026367 0.071742
1 0.624023 0.435578 0.039062 0.133236
0 0.341309 0.482430 0.018555 0.112738
0 0.340820 0.413616 0.019531 0.024890
0 0.373047 0.396047 0.046875 0.060029
0 0.419434 0.396047 0.045898 0.060029
0 0.459961 0.398975 0.035156 0.054173
0 0.493652 0.401903 0.032227 0.060029
0 0.524414 0.410688 0.027344 0.054173
0 0.373047 0.435578 0.046875 0.021962
0 0.420898 0.483163 0.048828 0.117130
0 0.461426 0.484627 0.032227 0.114202
0 0.493652 0.482430 0.032227 0.109810
0 0.363770 0.498536 0.014648 0.086384
0 0.384766 0.498536 0.015625 0.083455
0 0.523438 0.471449 0.027344 0.076135
0 0.551270 0.414348 0.026367 0.052709
0 0.574219 0.415813 0.019531 0.049780
0 0.595703 0.415813 0.023438 0.049780
0 0.550293 0.472914 0.028320 0.067350
0 0.593262 0.472914 0.020508 0.061493
0 0.170898 0.188873 0.074219 0.210835
0 0.216309 0.237921 0.022461 0.144949
0 0.068359 0.126647 0.134766 0.250366
0 0.170898 0.424597 0.068359 0.348463
0 0.219238 0.448023 0.028320 0.295754
0 0.097168 0.454612 0.051758 0.282577
0 0.028320 0.439239 0.054688 0.325037
4 0.066406 0.450952 0.130859 0.407028
