0 0.502930 0.099297 0.033203 0.152900
0 0.684570 0.090510 0.033203 0.138840
0 0.734863 0.088752 0.014648 0.135325
0 0.636230 0.093146 0.020508 0.140598
0 0.500488 0.355888 0.036133 0.114236
0 0.692871 0.345343 0.102539 0.128295
0 0.881348 0.350615 0.098633 0.114236
0 0.819336 0.091388 0.009766 0.140598
0 0.865723 0.091388 0.026367 0.140598
0 0.917969 0.088752 0.007812 0.138840
0 0.030273 0.142355 0.021484 0.059754
0 0.028809 0.282074 0.020508 0.096661
0 0.027344 0.420914 0.023438 0.061511
0 0.229492 0.214411 0.011719 0.056239
0 0.225098 0.324253 0.008789 0.075571
1 0.067871 0.215290 0.024414 0.258348
1 0.092773 0.217926 0.027344 0.270650
1 0.121094 0.230228 0.029297 0.253076
1 0.196777 0.252197 0.020508 0.230228
1 0.214844 0.250439 0.017578 0.237258
1 0.249512 0.280316 0.016602 0.202109
1 0.303223 0.149385 0.040039 0.253076
1 0.349609 0.149385 0.039062 0.235501
1 0.402344 0.130931 0.072266 0.219684
1 0.594238 0.116872 0.057617 0.198594
1 0.654785 0.097540 0.022461 0.142355
1 0.713379 0.094025 0.024414 0.142355
1 0.840820 0.094025 0.021484 0.145870
1 0.902344 0.095782 0.023438 0.142355
1 0.937988 0.092267 0.026367 0.145870
