0 0.485352 0.047852 0.087891 0.091797
0 0.575195 0.047852 0.091797 0.091797
0 0.666016 0.047852 0.089844 0.091797
0 0.757812 0.049805 0.093750 0.087891
0 0.848633 0.048828 0.087891 0.085938
0 0.940430 0.046875 0.095703 0.089844
0 0.487305 0.154297 0.083984 0.125000
0 0.574219 0.153320 0.089844 0.126953
0 0.666992 0.153320 0.095703 0.126953
0 0.759766 0.155273 0.089844 0.123047
0 0.850586 0.155273 0.091797 0.123047
0 0.941406 0.154297 0.089844 0.125000
0 0.486328 0.284180 0.089844 0.134766
0 0.577148 0.284180 0.091797 0.134766
0 0.669922 0.282227 0.093750 0.130859
0 0.760742 0.283203 0.087891 0.128906
0 0.849609 0.281250 0.089844 0.125000
0 0.940430 0.283203 0.091797 0.121094
0 0.489258 0.416992 0.091797 0.130859
0 0.579102 0.415039 0.087891 0.134766
0 0.668945 0.412109 0.091797 0.128906
0 0.761719 0.409180 0.093750 0.134766
0 0.856445 0.413086 0.095703 0.142578
0 0.950195 0.415039 0.091797 0.138672
0 0.487305 0.557617 0.080078 0.154297
0 0.573242 0.570312 0.091797 0.128906
0 0.668945 0.567383 0.099609 0.123047
0 0.763672 0.568359 0.089844 0.121094
0 0.853516 0.567383 0.089844 0.119141
0 0.949219 0.568359 0.101562 0.117188
0 0.581055 0.497070 0.087891 0.033203
0 0.670898 0.497070 0.091797 0.033203
0 0.760742 0.497070 0.087891 0.033203
0 0.854492 0.498047 0.099609 0.031250
0 0.951172 0.498047 0.093750 0.031250
0 0.485352 0.698242 0.083984 0.142578
0 0.574219 0.696289 0.093750 0.146484
0 0.666016 0.695312 0.089844 0.144531
0 0.759766 0.695312 0.097656 0.144531
0 0.853516 0.696289 0.089844 0.146484
0 0.944336 0.697266 0.091797 0.144531
0 0.158203 0.852539 0.089844 0.181641
0 0.244141 0.853516 0.082031 0.179688
0 0.327148 0.855469 0.083984 0.183594
0 0.407227 0.858398 0.076172 0.177734
0 0.485352 0.860352 0.080078 0.181641
0 0.575195 0.860352 0.099609 0.181641
0 0.673828 0.861328 0.097656 0.183594
0 0.763672 0.864258 0.082031 0.177734
0 0.854492 0.867188 0.099609 0.183594
0 0.948242 0.865234 0.087891 0.187500
0 0.161133 0.381836 0.087891 0.759766
0 0.247070 0.381836 0.083984 0.759766
0 0.326172 0.383789 0.085938 0.763672
0 0.404297 0.382812 0.082031 0.761719
