0 0.767578 0.424805 0.109375 0.607422
0 0.876953 0.358398 0.109375 0.646484
0 0.662109 0.492188 0.121094 0.554688
0 0.562500 0.559570 0.074219 0.490234
0 0.485352 0.600586 0.076172 0.462891
0 0.874023 0.820312 0.119141 0.359375
0 0.772461 0.839844 0.103516 0.320312
0 0.664062 0.864258 0.121094 0.271484
0 0.565430 0.886719 0.087891 0.226562
0 0.490234 0.903320 0.070312 0.193359
0 0.420898 0.911133 0.060547 0.177734
0 0.658203 0.153320 0.109375 0.287109
0 0.567383 0.224609 0.087891 0.246094
0 0.486328 0.301758 0.070312 0.228516
0 0.421875 0.359375 0.062500 0.210938
0 0.423828 0.185547 0.054688 0.207031
0 0.486328 0.119141 0.062500 0.222656
0 0.568359 0.082031 0.085938 0.160156
0 0.375977 0.245117 0.048828 0.185547
0 0.331055 0.286133 0.044922 0.177734
0 0.416992 0.360352 0.064453 0.232422
0 0.370117 0.410156 0.044922 0.199219
0 0.330078 0.444336 0.039062 0.185547
0 0.417969 0.646484 0.062500 0.410156
0 0.366211 0.671875 0.041016 0.375000
0 0.322266 0.702148 0.035156 0.345703
0 0.284180 0.484375 0.048828 0.175781
0 0.271484 0.339844 0.074219 0.187500
0 0.428711 0.059570 0.048828 0.115234
0 0.381836 0.102539 0.052734 0.169922
0 0.331055 0.154297 0.052734 0.144531
0 0.271484 0.219727 0.070312 0.138672
0 0.325195 0.933594 0.044922 0.132812
