0 0.109375 0.079102 0.164062 0.154297
0 0.279297 0.121094 0.148438 0.164062
0 0.432617 0.169922 0.138672 0.160156
0 0.562500 0.207031 0.117188 0.148438
0 0.674805 0.234375 0.099609 0.132812
0 0.778320 0.267578 0.103516 0.140625
0 0.862305 0.292969 0.080078 0.113281
0 0.101562 0.304688 0.164062 0.308594
0 0.284180 0.337891 0.158203 0.296875
0 0.433594 0.358398 0.128906 0.283203
0 0.565430 0.385742 0.115234 0.259766
0 0.678711 0.403320 0.091797 0.251953
0 0.773438 0.425781 0.074219 0.230469
0 0.861328 0.443359 0.085938 0.218750
0 0.112305 0.539062 0.177734 0.167969
0 0.287109 0.547852 0.152344 0.154297
0 0.437500 0.561523 0.140625 0.150391
0 0.566406 0.572266 0.121094 0.132812
0 0.679688 0.581055 0.101562 0.123047
0 0.771484 0.589844 0.089844 0.121094
0 0.860352 0.599609 0.087891 0.105469
0 0.112305 0.675781 0.177734 0.113281
0 0.116211 0.815430 0.181641 0.173828
0 0.285156 0.677734 0.160156 0.109375
0 0.284180 0.801758 0.154297 0.138672
0 0.437500 0.679688 0.136719 0.101562
0 0.436523 0.797852 0.138672 0.134766
0 0.569336 0.682617 0.119141 0.087891
0 0.570312 0.790039 0.117188 0.126953
0 0.678711 0.688477 0.099609 0.087891
0 0.683594 0.784180 0.109375 0.115234
0 0.774414 0.685547 0.087891 0.082031
0 0.780273 0.783203 0.076172 0.113281
0 0.863281 0.740234 0.089844 0.183594
