0 0.222667 0.492000 0.077333 0.152000
0 0.296000 0.492000 0.069333 0.152000
0 0.274667 0.304000 0.032000 0.072000
0 0.305333 0.310000 0.029333 0.092000
0 0.326667 0.312000 0.013333 0.088000
0 0.486667 0.312000 0.029333 0.088000
0 0.514667 0.312000 0.026667 0.088000
0 0.542667 0.312000 0.029333 0.088000
0 0.573333 0.312000 0.032000 0.088000
0 0.605333 0.312000 0.032000 0.088000
0 0.636000 0.312000 0.029333 0.088000
0 0.666667 0.312000 0.032000 0.088000
0 0.696000 0.312000 0.026667 0.088000
5 0.544000 0.548000 0.085333 0.104000
5 0.834667 0.638000 0.213333 0.164000
0 0.385333 0.522000 0.024000 0.196000
4 0.394667 0.520000 0.085333 0.208000
