0 0.325195 0.132812 0.083984 0.253906
0 0.419922 0.159180 0.066406 0.216797
0 0.419922 0.031250 0.066406 0.058594
0 0.511719 0.189453 0.078125 0.375000
0 0.594727 0.319336 0.068359 0.130859
0 0.594727 0.133789 0.072266 0.263672
0 0.671875 0.139648 0.078125 0.275391
0 0.670898 0.330078 0.068359 0.125000
0 0.743164 0.150391 0.064453 0.296875
0 0.815430 0.161133 0.068359 0.298828
0 0.877930 0.185547 0.064453 0.289062
0 0.939453 0.198242 0.058594 0.267578
0 0.747070 0.483398 0.080078 0.388672
0 0.813477 0.360352 0.060547 0.130859
0 0.880859 0.487305 0.066406 0.357422
0 0.940430 0.491211 0.056641 0.322266
0 0.815430 0.545898 0.060547 0.255859
0 0.668945 0.538086 0.064453 0.306641
0 0.588867 0.544922 0.091797 0.324219
0 0.503906 0.547852 0.078125 0.357422
