0 0.082031 0.273438 0.160156 0.304688
0 0.261719 0.316406 0.195312 0.281250
0 0.085938 0.067383 0.167969 0.130859
0 0.549805 0.288086 0.064453 0.384766
0 0.402344 0.595703 0.113281 0.140625
0 0.128906 0.649414 0.074219 0.251953
0 0.129883 0.891602 0.068359 0.216797
0 0.318359 0.894531 0.066406 0.210938
0 0.552734 0.686523 0.050781 0.275391
0 0.555664 0.917969 0.041016 0.164062
0 0.857422 0.447266 0.066406 0.136719
0 0.914062 0.375977 0.070312 0.091797
0 0.848633 0.672852 0.068359 0.330078
0 0.914062 0.682617 0.062500 0.126953
0 0.911133 0.912109 0.052734 0.175781
