0 0.432809 0.273019 0.085956 0.173448
0 0.513923 0.310493 0.081114 0.167024
0 0.590799 0.345824 0.082324 0.173448
0 0.661017 0.380086 0.082324 0.164882
0 0.730630 0.408994 0.078692 0.167024
0 0.791768 0.437901 0.077482 0.160600
0 0.861380 0.466809 0.093220 0.167024
0 0.913438 0.490364 0.052058 0.137045
0 0.946126 0.504283 0.056901 0.147752
0 0.435230 0.388651 0.090799 0.147752
0 0.519370 0.430407 0.084746 0.145610
0 0.598063 0.463597 0.084746 0.143469
0 0.673123 0.497859 0.082324 0.134904
0 0.742131 0.523555 0.077482 0.126338
0 0.805690 0.548180 0.073850 0.111349
0 0.878329 0.581370 0.093220 0.134904
0 0.932809 0.602784 0.049637 0.113490
0 0.437046 0.517131 0.089588 0.160600
0 0.521792 0.546039 0.089588 0.162741
0 0.606538 0.577088 0.089588 0.156317
0 0.683414 0.607066 0.083535 0.147752
0 0.753632 0.633833 0.078692 0.145610
0 0.819613 0.655246 0.075061 0.137045
0 0.893462 0.680942 0.101695 0.145610
0 0.950363 0.704497 0.048426 0.119914
0 0.440073 0.646681 0.093220 0.175589
0 0.443705 0.807281 0.100484 0.205567
0 0.444915 0.944325 0.098063 0.111349
0 0.529056 0.675589 0.092010 0.169165
0 0.534504 0.834047 0.095642 0.194861
0 0.613801 0.707709 0.092010 0.164882
0 0.693099 0.732334 0.085956 0.158458
0 0.766949 0.754818 0.085956 0.152034
0 0.832324 0.775161 0.081114 0.145610
0 0.909201 0.799786 0.101695 0.152034
0 0.964286 0.816916 0.044794 0.126338
0 0.622881 0.854390 0.100484 0.192719
0 0.705206 0.874732 0.093220 0.173448
0 0.782688 0.890792 0.088378 0.167024
0 0.852906 0.912206 0.083535 0.167024
0 0.927966 0.923983 0.110169 0.152034
