0 0.054688 0.224603 0.052734 0.179365
0 0.106445 0.226190 0.050781 0.176190
0 0.159180 0.226190 0.054688 0.179365
0 0.204590 0.224603 0.036133 0.182540
0 0.054199 0.469048 0.051758 0.207937
0 0.105957 0.472222 0.051758 0.201587
0 0.157715 0.473016 0.051758 0.203175
0 0.204590 0.471429 0.041992 0.206349
0 0.311035 0.218254 0.051758 0.182540
0 0.364258 0.219841 0.054688 0.179365
0 0.416992 0.221429 0.050781 0.182540
0 0.468262 0.218254 0.051758 0.188889
0 0.565430 0.221429 0.050781 0.188889
0 0.617676 0.223016 0.053711 0.185714
0 0.671387 0.223016 0.053711 0.185714
0 0.723633 0.224603 0.050781 0.182540
0 0.309082 0.470635 0.055664 0.204762
0 0.360840 0.472222 0.047852 0.201587
0 0.414551 0.471429 0.059570 0.200000
0 0.469238 0.469048 0.049805 0.204762
0 0.792480 0.190476 0.032227 0.231746
0 0.827637 0.152381 0.036133 0.266667
0 0.865234 0.129365 0.042969 0.255556
0 0.905762 0.110317 0.034180 0.217460
0 0.791992 0.467460 0.035156 0.226984
0 0.828613 0.457143 0.034180 0.257143
0 0.867676 0.455556 0.041992 0.282540
0 0.906738 0.449206 0.032227 0.304762
0 0.566895 0.400000 0.053711 0.053968
0 0.618652 0.401587 0.049805 0.050794
0 0.670410 0.400000 0.053711 0.047619
0 0.724609 0.399206 0.054688 0.049206
0 0.553223 0.501587 0.024414 0.149206
0 0.578613 0.501587 0.026367 0.149206
0 0.604492 0.500794 0.025391 0.147619
0 0.629883 0.501587 0.025391 0.146032
0 0.656738 0.501587 0.028320 0.146032
0 0.683594 0.501587 0.025391 0.146032
0 0.709473 0.503175 0.026367 0.149206
0 0.751465 0.500794 0.010742 0.147619
