0 0.687500 0.374633 0.048828 0.042522
0 0.737305 0.368768 0.050781 0.042522
0 0.787598 0.365836 0.051758 0.039589
0 0.688477 0.426686 0.046875 0.070381
0 0.736328 0.420821 0.050781 0.070381
0 0.788086 0.419355 0.050781 0.073314
0 0.687988 0.483871 0.047852 0.046921
0 0.737793 0.482405 0.051758 0.052786
0 0.788086 0.478006 0.050781 0.049853
0 0.688477 0.546188 0.046875 0.071848
0 0.737793 0.543255 0.051758 0.077713
0 0.788574 0.541789 0.051758 0.077713
0 0.551758 0.386364 0.042969 0.039589
0 0.595215 0.380499 0.043945 0.039589
0 0.637207 0.379032 0.040039 0.036657
0 0.551758 0.434751 0.042969 0.068915
0 0.595215 0.431818 0.043945 0.065982
0 0.637207 0.429619 0.040039 0.070381
0 0.552734 0.488270 0.041016 0.043988
0 0.595703 0.487537 0.044922 0.045455
0 0.637695 0.487537 0.039062 0.045455
0 0.552734 0.546921 0.042969 0.070381
0 0.596191 0.545455 0.043945 0.073314
0 0.637695 0.546188 0.039062 0.071848
0 0.509277 0.389296 0.040039 0.036657
0 0.510742 0.436950 0.042969 0.061584
0 0.510254 0.491202 0.041992 0.043988
0 0.468750 0.439883 0.039062 0.064516
0 0.469238 0.393695 0.040039 0.036657
0 0.469727 0.493402 0.041016 0.042522
0 0.430664 0.493402 0.037109 0.042522
0 0.430176 0.443548 0.038086 0.063050
0 0.431152 0.397361 0.038086 0.035191
0 0.393066 0.399560 0.038086 0.033724
0 0.393066 0.444282 0.038086 0.061584
0 0.393555 0.494868 0.037109 0.039589
0 0.394531 0.549120 0.039062 0.065982
0 0.422852 0.548387 0.017578 0.067449
0 0.133789 0.423754 0.027344 0.029326
0 0.162109 0.422287 0.029297 0.032258
0 0.191406 0.418622 0.029297 0.030792
0 0.223145 0.415689 0.032227 0.030792
0 0.253906 0.412023 0.029297 0.029326
0 0.289062 0.410557 0.029297 0.032258
0 0.321289 0.407625 0.033203 0.032258
0 0.356445 0.403959 0.035156 0.036657
0 0.290039 0.453079 0.031250 0.052786
0 0.321289 0.451613 0.033203 0.055718
0 0.355957 0.448680 0.036133 0.061584
0 0.290039 0.499267 0.031250 0.036657
0 0.322754 0.498534 0.032227 0.038123
0 0.356445 0.497801 0.035156 0.036657
0 0.134277 0.464076 0.026367 0.051320
0 0.163086 0.461877 0.029297 0.052786
0 0.191406 0.459677 0.029297 0.057185
0 0.223145 0.456745 0.032227 0.057185
0 0.256836 0.456012 0.035156 0.055718
0 0.135254 0.505865 0.028320 0.032258
0 0.163574 0.505132 0.028320 0.030792
0 0.191895 0.505865 0.028320 0.032258
0 0.135254 0.543988 0.028320 0.043988
0 0.163574 0.544721 0.028320 0.045455
0 0.192383 0.544721 0.029297 0.045455
0 0.840820 0.360704 0.056641 0.041056
0 0.896973 0.354839 0.055664 0.043988
0 0.841309 0.414223 0.055664 0.074780
0 0.896973 0.412757 0.055664 0.077713
0 0.841309 0.474340 0.053711 0.051320
0 0.896973 0.472874 0.055664 0.048387
0 0.841797 0.539589 0.054688 0.082111
3 0.287109 0.584311 0.023438 0.089443
3 0.329590 0.586510 0.018555 0.090909
3 0.343750 0.578446 0.009766 0.080645
3 0.356445 0.582111 0.015625 0.085044
