0 0.084961 0.297852 0.064453 0.212891
0 0.164062 0.296875 0.093750 0.214844
0 0.261719 0.295898 0.101562 0.212891
0 0.362305 0.296875 0.099609 0.210938
0 0.458984 0.298828 0.093750 0.214844
0 0.553711 0.298828 0.095703 0.214844
0 0.644531 0.296875 0.085938 0.210938
0 0.727539 0.296875 0.080078 0.210938
0 0.810547 0.299805 0.085938 0.216797
0 0.075195 0.564453 0.080078 0.128906
0 0.164062 0.565430 0.097656 0.126953
0 0.260742 0.565430 0.095703 0.126953
0 0.359375 0.565430 0.101562 0.126953
0 0.457031 0.565430 0.093750 0.126953
0 0.552734 0.567383 0.097656 0.123047
0 0.644531 0.570312 0.085938 0.128906
0 0.732422 0.569336 0.089844 0.130859
0 0.821289 0.571289 0.087891 0.134766
0 0.078125 0.797852 0.070312 0.146484
0 0.163086 0.798828 0.099609 0.144531
0 0.260742 0.796875 0.095703 0.140625
0 0.358398 0.795898 0.099609 0.142578
0 0.456055 0.795898 0.095703 0.142578
0 0.550781 0.795898 0.093750 0.142578
0 0.641602 0.796875 0.087891 0.144531
0 0.726562 0.796875 0.082031 0.144531
0 0.814453 0.796875 0.093750 0.144531
0 0.092773 0.041016 0.056641 0.078125
0 0.193359 0.041016 0.058594 0.078125
0 0.288086 0.040039 0.048828 0.076172
0 0.390625 0.041016 0.062500 0.078125
0 0.481445 0.041016 0.064453 0.078125
0 0.574219 0.040039 0.066406 0.076172
0 0.666016 0.041016 0.062500 0.078125
0 0.750000 0.041016 0.058594 0.078125
