0 0.240234 0.433284 0.035156 0.177419
0 0.274902 0.433284 0.034180 0.177419
0 0.309570 0.432551 0.035156 0.178886
0 0.345703 0.433284 0.037109 0.180352
0 0.380859 0.434018 0.033203 0.178886
0 0.414551 0.431818 0.034180 0.174487
0 0.449707 0.431818 0.036133 0.174487
0 0.485840 0.431818 0.036133 0.174487
0 0.521484 0.438416 0.035156 0.161290
0 0.555664 0.436950 0.033203 0.158358
0 0.520996 0.317449 0.038086 0.039589
0 0.554688 0.317449 0.029297 0.039589
0 0.585938 0.417155 0.025391 0.206745
0 0.615234 0.417155 0.033203 0.203812
0 0.647461 0.417155 0.031250 0.203812
0 0.678711 0.417155 0.031250 0.203812
0 0.709961 0.417155 0.031250 0.203812
0 0.741211 0.417155 0.031250 0.203812
0 0.771973 0.417155 0.030273 0.203812
0 0.803223 0.416422 0.032227 0.205279
0 0.835449 0.417155 0.032227 0.206745
0 0.867188 0.417155 0.031250 0.206745
0 0.896973 0.418622 0.026367 0.203812
