0 0.243164 0.277126 0.044922 0.064516
0 0.278809 0.283724 0.040039 0.068915
0 0.317871 0.289589 0.038086 0.068915
0 0.353516 0.291789 0.037109 0.067449
0 0.388672 0.297654 0.037109 0.070381
0 0.424316 0.301320 0.036133 0.071848
0 0.458984 0.307185 0.035156 0.068915
0 0.493164 0.313783 0.033203 0.070381
0 0.526855 0.317449 0.034180 0.068915
0 0.560059 0.324047 0.034180 0.067449
0 0.592773 0.328446 0.033203 0.067449
0 0.620605 0.334311 0.024414 0.070381
0 0.313477 0.353372 0.042969 0.082111
0 0.350586 0.359238 0.039062 0.079179
0 0.386719 0.362903 0.037109 0.077713
0 0.422852 0.370235 0.037109 0.077713
0 0.458496 0.377566 0.036133 0.077713
0 0.492676 0.379765 0.034180 0.076246
0 0.526367 0.384897 0.035156 0.074780
0 0.561035 0.391496 0.036133 0.076246
0 0.594238 0.393695 0.034180 0.071848
0 0.622070 0.399560 0.025391 0.077713
0 0.277344 0.348974 0.041016 0.085044
0 0.239258 0.344575 0.042969 0.082111
0 0.193359 0.420821 0.046875 0.070381
0 0.232422 0.427419 0.044922 0.068915
0 0.270996 0.431085 0.041992 0.073314
0 0.309082 0.438416 0.040039 0.073314
0 0.347656 0.442082 0.037109 0.071848
0 0.384277 0.442815 0.036133 0.073314
0 0.421387 0.446481 0.036133 0.074780
0 0.457520 0.451613 0.034180 0.073314
0 0.491699 0.456745 0.036133 0.071848
0 0.527344 0.461144 0.037109 0.074780
0 0.561523 0.465543 0.035156 0.068915
0 0.595703 0.469941 0.033203 0.065982
0 0.623047 0.473607 0.023438 0.070381
0 0.623047 0.543988 0.025391 0.079179
0 0.594727 0.542522 0.033203 0.076246
0 0.562012 0.538123 0.036133 0.079179
0 0.527344 0.532991 0.035156 0.083578
0 0.492188 0.529326 0.037109 0.082111
0 0.456543 0.524927 0.036133 0.085044
0 0.419922 0.519795 0.037109 0.083578
0 0.382324 0.513930 0.036133 0.080645
0 0.071777 0.408358 0.047852 0.065982
0 0.111816 0.412757 0.047852 0.065982
0 0.153809 0.418622 0.045898 0.065982
0 0.068359 0.482405 0.037109 0.087977
0 0.105469 0.486070 0.050781 0.092375
0 0.147949 0.491202 0.045898 0.087977
0 0.188477 0.495601 0.044922 0.090909
0 0.228027 0.497067 0.043945 0.087977
0 0.267090 0.504399 0.041992 0.087977
0 0.305664 0.508065 0.039062 0.083578
0 0.344238 0.513196 0.038086 0.082111
0 0.145020 0.581378 0.034180 0.074780
0 0.181152 0.584311 0.045898 0.071848
0 0.222168 0.589443 0.045898 0.067449
0 0.263672 0.593842 0.042969 0.070381
0 0.302246 0.595308 0.043945 0.073314
0 0.342285 0.596774 0.040039 0.073314
0 0.380371 0.599707 0.040039 0.073314
0 0.417969 0.603372 0.039062 0.080645
0 0.456543 0.605572 0.038086 0.082111
0 0.493652 0.608504 0.038086 0.085044
0 0.527832 0.613636 0.038086 0.083578
0 0.562988 0.615103 0.032227 0.080645
0 0.599121 0.616569 0.040039 0.083578
0 0.625977 0.621701 0.027344 0.082111
0 0.627930 0.702346 0.027344 0.082111
0 0.597656 0.695015 0.035156 0.073314
0 0.563477 0.687683 0.035156 0.076246
0 0.527344 0.686217 0.039062 0.085044
0 0.491699 0.685484 0.038086 0.083578
0 0.455078 0.683284 0.039062 0.082111
0 0.417480 0.682551 0.040039 0.086510
0 0.377441 0.677419 0.041992 0.085044
0 0.339355 0.674487 0.043945 0.085044
0 0.297852 0.672287 0.041016 0.089443
0 0.258789 0.667889 0.046875 0.086510
0 0.218262 0.663490 0.045898 0.089443
0 0.177246 0.662023 0.045898 0.089443
0 0.150391 0.648827 0.017578 0.063050
0 0.046875 0.405425 0.015625 0.065982
0 0.024902 0.404692 0.047852 0.079179
0 0.033691 0.483871 0.053711 0.096774
0 0.023926 0.296188 0.045898 0.076246
0 0.062012 0.293255 0.057617 0.064516
0 0.104492 0.287390 0.054688 0.061584
0 0.144531 0.282258 0.060547 0.063050
0 0.189453 0.274194 0.056641 0.070381
0 0.203613 0.343109 0.061523 0.076246
0 0.115234 0.344575 0.052734 0.055718
0 0.071777 0.341642 0.049805 0.041056
0 0.030273 0.343109 0.042969 0.029326
