0 0.248227 0.161039 0.145390 0.109091
0 0.391844 0.161039 0.141844 0.109091
0 0.534574 0.161039 0.143617 0.109091
0 0.676418 0.160390 0.140071 0.110390
0 0.781915 0.161039 0.070922 0.111688
0 0.250000 0.280519 0.141844 0.106494
0 0.391844 0.281818 0.141844 0.106494
0 0.535461 0.280519 0.145390 0.103896
0 0.679078 0.280519 0.141844 0.103896
0 0.784574 0.280519 0.069149 0.103896
0 0.250000 0.401299 0.141844 0.109091
0 0.391844 0.401948 0.141844 0.107792
0 0.533688 0.401948 0.141844 0.107792
0 0.676418 0.401948 0.143617 0.107792
0 0.786348 0.402597 0.076241 0.109091
0 0.247340 0.520779 0.143617 0.103896
0 0.320035 0.573377 0.001773 0.001299
0 0.392730 0.519481 0.140071 0.101299
0 0.534574 0.519481 0.143617 0.101299
0 0.676418 0.520130 0.140071 0.100000
0 0.783688 0.522078 0.074468 0.103896
0 0.249113 0.637662 0.143617 0.109091
0 0.392730 0.638961 0.143617 0.106494
0 0.536348 0.640260 0.143617 0.109091
0 0.679965 0.640909 0.143617 0.107792
0 0.786348 0.641558 0.069149 0.109091
0 0.250000 0.757792 0.141844 0.105195
0 0.392730 0.758442 0.143617 0.103896
0 0.536348 0.759740 0.143617 0.106494
0 0.678191 0.759091 0.140071 0.107792
0 0.786348 0.759091 0.076241 0.107792
