0 0.625977 0.233398 0.130859 0.412109
0 0.791992 0.177734 0.201172 0.351562
0 0.537109 0.305664 0.046875 0.337891
0 0.537109 0.612305 0.046875 0.337891
0 0.622070 0.572266 0.111328 0.390625
0 0.784180 0.504883 0.212891 0.458984
0 0.274414 0.216797 0.072266 0.398438
0 0.351562 0.202148 0.082031 0.369141
0 0.271484 0.570312 0.074219 0.417969
0 0.346680 0.556641 0.080078 0.398438
0 0.272461 0.873047 0.080078 0.253906
0 0.349609 0.872070 0.082031 0.255859
0 0.538086 0.879883 0.048828 0.240234
0 0.619141 0.864258 0.125000 0.271484
0 0.790039 0.835938 0.212891 0.328125
