0 0.093750 0.374023 0.035156 0.744141
0 0.150391 0.375977 0.082031 0.748047
0 0.208984 0.395508 0.039062 0.720703
0 0.264648 0.402344 0.087891 0.707031
0 0.327148 0.435547 0.037109 0.667969
0 0.370117 0.440430 0.060547 0.646484
0 0.422852 0.461914 0.033203 0.619141
0 0.468750 0.471680 0.058594 0.599609
0 0.527344 0.492188 0.039062 0.578125
0 0.564453 0.505859 0.035156 0.539062
0 0.600586 0.514648 0.037109 0.544922
0 0.634766 0.523438 0.019531 0.519531
0 0.666992 0.678711 0.029297 0.224609
0 0.711914 0.681641 0.048828 0.218750
0 0.761719 0.691406 0.042969 0.214844
0 0.801758 0.702148 0.025391 0.201172
0 0.838867 0.709961 0.044922 0.193359
0 0.874023 0.713867 0.033203 0.193359
0 0.904297 0.722656 0.027344 0.175781
0 0.930664 0.724609 0.029297 0.179688
0 0.961914 0.730469 0.033203 0.167969
0 0.989258 0.739258 0.021484 0.158203
0 0.107422 0.840820 0.054688 0.087891
0 0.167969 0.845703 0.050781 0.093750
0 0.265625 0.843750 0.042969 0.082031
0 0.376953 0.852539 0.046875 0.064453
0 0.468750 0.851562 0.050781 0.050781
0 0.556641 0.853516 0.050781 0.058594
0 0.618164 0.854492 0.052734 0.056641
0 0.018555 0.319336 0.033203 0.626953
