0 0.229492 0.149414 0.138672 0.263672
0 0.364258 0.172852 0.123047 0.255859
0 0.502930 0.208008 0.126953 0.244141
0 0.627930 0.246094 0.083984 0.238281
0 0.726562 0.264648 0.101562 0.228516
0 0.837891 0.287109 0.093750 0.222656
0 0.228516 0.400391 0.140625 0.281250
0 0.367188 0.422852 0.125000 0.263672
0 0.506836 0.438477 0.134766 0.259766
0 0.626953 0.466797 0.113281 0.234375
0 0.731445 0.483398 0.103516 0.212891
0 0.835938 0.489258 0.089844 0.208984
0 0.232422 0.647461 0.144531 0.228516
0 0.369141 0.663086 0.136719 0.224609
0 0.508789 0.674805 0.134766 0.228516
0 0.631836 0.682617 0.115234 0.216797
0 0.736328 0.688477 0.109375 0.193359
0 0.831055 0.693359 0.087891 0.199219
0 0.375000 0.038086 0.128906 0.072266
0 0.504883 0.050781 0.123047 0.097656
0 0.623047 0.070312 0.097656 0.136719
0 0.732422 0.087891 0.101562 0.152344
0 0.831055 0.109375 0.091797 0.148438
0 0.234375 0.879883 0.140625 0.240234
0 0.376953 0.887695 0.144531 0.224609
0 0.513672 0.889648 0.148438 0.216797
0 0.645508 0.891602 0.119141 0.216797
0 0.755859 0.893555 0.121094 0.208984
0 0.847656 0.899414 0.078125 0.201172
