0 0.198242 0.294853 0.041016 0.051471
0 0.239746 0.295588 0.041992 0.050000
0 0.304199 0.294118 0.086914 0.047059
0 0.414551 0.290441 0.133789 0.054412
0 0.546875 0.288971 0.130859 0.051471
0 0.678711 0.288971 0.132812 0.051471
0 0.787598 0.290441 0.084961 0.054412
0 0.852539 0.288971 0.044922 0.057353
0 0.937500 0.286765 0.125000 0.052941
0 0.196777 0.363971 0.038086 0.086765
0 0.239746 0.363235 0.045898 0.088235
0 0.305176 0.361765 0.084961 0.085294
0 0.415039 0.360294 0.132812 0.088235
0 0.548340 0.358824 0.133789 0.085294
0 0.680664 0.357353 0.130859 0.088235
0 0.789062 0.354412 0.085938 0.082353
0 0.853516 0.355147 0.042969 0.080882
0 0.894531 0.355882 0.039062 0.082353
0 0.197266 0.436029 0.039062 0.060294
0 0.236816 0.445588 0.040039 0.079412
0 0.303711 0.441912 0.087891 0.083824
0 0.415039 0.441176 0.134766 0.085294
0 0.547852 0.442647 0.130859 0.088235
0 0.680176 0.441176 0.133789 0.091176
0 0.790039 0.438971 0.082031 0.083824
0 0.303223 0.528676 0.088867 0.089706
0 0.415039 0.528676 0.134766 0.089706
0 0.548828 0.527206 0.132812 0.086765
0 0.681641 0.527206 0.132812 0.086765
0 0.781738 0.527206 0.067383 0.086765
0 0.303223 0.614706 0.088867 0.082353
0 0.303223 0.700000 0.088867 0.085294
0 0.304688 0.790441 0.091797 0.095588
0 0.413574 0.616176 0.131836 0.085294
0 0.546875 0.613971 0.134766 0.089706
0 0.683105 0.610294 0.135742 0.082353
0 0.793945 0.613235 0.085938 0.088235
0 0.798340 0.700000 0.077148 0.094118
0 0.801270 0.788971 0.077148 0.086765
0 0.511230 0.764706 0.030273 0.141176
0 0.539551 0.766176 0.020508 0.138235
0 0.567383 0.764706 0.021484 0.135294
0 0.595703 0.763971 0.027344 0.133824
0 0.635254 0.763235 0.028320 0.135294
0 0.664062 0.763235 0.021484 0.138235
0 0.693359 0.763235 0.023438 0.138235
0 0.721680 0.763235 0.023438 0.132353
