0 0.035156 0.322266 0.050781 0.144531
0 0.060547 0.255859 0.000000 0.003906
0 0.090820 0.317383 0.060547 0.162109
0 0.154297 0.312500 0.062500 0.152344
0 0.036133 0.448242 0.048828 0.119141
0 0.092773 0.445312 0.060547 0.128906
0 0.153320 0.440430 0.056641 0.134766
0 0.040039 0.565430 0.044922 0.119141
0 0.092773 0.560547 0.060547 0.121094
0 0.153320 0.554688 0.060547 0.132812
0 0.039062 0.679688 0.054688 0.128906
0 0.094727 0.679688 0.056641 0.132812
0 0.149414 0.678711 0.056641 0.130859
0 0.041016 0.799805 0.050781 0.126953
0 0.098633 0.804688 0.056641 0.125000
0 0.156250 0.804688 0.054688 0.125000
0 0.493164 0.270508 0.072266 0.162109
0 0.351562 0.421875 0.070312 0.128906
0 0.417969 0.418945 0.070312 0.134766
0 0.492188 0.414062 0.074219 0.140625
0 0.346680 0.543945 0.076172 0.126953
0 0.419922 0.541992 0.066406 0.130859
0 0.492188 0.542969 0.078125 0.140625
0 0.345703 0.675781 0.070312 0.144531
0 0.418945 0.675781 0.068359 0.148438
0 0.491211 0.672852 0.076172 0.138672
0 0.571289 0.674805 0.080078 0.146484
0 0.346680 0.817383 0.072266 0.146484
0 0.419922 0.818359 0.070312 0.156250
0 0.490234 0.819336 0.070312 0.146484
0 0.569336 0.821289 0.087891 0.146484
0 0.791992 0.814453 0.095703 0.148438
0 0.879883 0.809570 0.087891 0.154297
0 0.962891 0.812500 0.074219 0.156250
0 0.790039 0.665039 0.099609 0.154297
0 0.879883 0.662109 0.080078 0.148438
0 0.958984 0.657227 0.078125 0.158203
