0 0.266406 0.107516 0.135937 0.152401
0 0.269531 0.439457 0.129688 0.390397
0 0.271094 0.788100 0.135937 0.306889
0 0.409375 0.786013 0.140625 0.311065
0 0.413281 0.435282 0.132812 0.390397
0 0.269531 0.211900 0.139063 0.052192
0 0.412500 0.211900 0.134375 0.060543
0 0.411719 0.106472 0.135937 0.150313
0 0.559375 0.107516 0.134375 0.156576
0 0.560937 0.262004 0.131250 0.152401
0 0.559375 0.414405 0.128125 0.152401
0 0.558594 0.563674 0.129688 0.146138
0 0.558594 0.711900 0.129688 0.150313
0 0.559375 0.867432 0.128125 0.160752
0 0.707812 0.103340 0.137500 0.152401
0 0.800000 0.105428 0.046875 0.148225
0 0.705469 0.413361 0.139063 0.446764
0 0.803906 0.407098 0.057813 0.459290
0 0.705469 0.793319 0.142187 0.304802
0 0.806250 0.790188 0.059375 0.311065
0 0.911719 0.502088 0.154688 0.995825
