0 0.238462 0.149590 0.101538 0.131148
0 0.233846 0.272541 0.101538 0.118852
0 0.333077 0.200820 0.096923 0.262295
0 0.439231 0.194672 0.115385 0.278689
0 0.553077 0.188525 0.112308 0.266393
0 0.671538 0.177254 0.124615 0.288934
0 0.796154 0.103484 0.124615 0.141393
0 0.795385 0.245902 0.126154 0.143443
0 0.232308 0.395492 0.098462 0.127049
0 0.230769 0.525615 0.101538 0.133197
0 0.330000 0.462090 0.100000 0.264344
0 0.437692 0.460041 0.112308 0.272541
0 0.551538 0.457992 0.115385 0.268443
0 0.673077 0.456967 0.127692 0.270492
0 0.797692 0.390369 0.121538 0.137295
0 0.796154 0.527664 0.124615 0.137295
0 0.228462 0.715164 0.100000 0.250000
0 0.326923 0.724385 0.090769 0.256148
0 0.430000 0.725410 0.106154 0.270492
0 0.548462 0.730533 0.118462 0.280738
0 0.670000 0.738730 0.118462 0.284836
0 0.795385 0.740779 0.126154 0.297131
5 0.089231 0.889344 0.172308 0.221311
