0 0.272461 0.148438 0.048828 0.292969
0 0.325195 0.127930 0.056641 0.251953
0 0.388672 0.119141 0.078125 0.234375
0 0.465820 0.097656 0.083984 0.191406
0 0.543945 0.074219 0.080078 0.144531
0 0.660156 0.048828 0.144531 0.093750
0 0.271484 0.419922 0.062500 0.332031
0 0.328125 0.396484 0.066406 0.332031
0 0.387695 0.373047 0.072266 0.359375
0 0.467773 0.336914 0.087891 0.380859
0 0.549805 0.300781 0.076172 0.414062
0 0.628906 0.267578 0.082031 0.437500
0 0.723633 0.229492 0.111328 0.455078
0 0.269531 0.711914 0.050781 0.134766
0 0.327148 0.701172 0.060547 0.144531
0 0.394531 0.691406 0.070312 0.156250
0 0.466797 0.681641 0.085938 0.167969
0 0.545898 0.691406 0.080078 0.214844
0 0.630859 0.670898 0.085938 0.224609
0 0.731445 0.655273 0.115234 0.255859
