1 0.082031 0.411679 0.056641 0.201460
1 0.163086 0.410949 0.054688 0.188321
1 0.249512 0.413139 0.043945 0.198540
1 0.337891 0.413869 0.050781 0.194161
1 0.420410 0.414599 0.043945 0.192701
1 0.503418 0.408759 0.051758 0.195620
1 0.589844 0.413869 0.048828 0.194161
1 0.675781 0.410219 0.046875 0.192701
1 0.757812 0.410949 0.039062 0.191241
1 0.844238 0.408759 0.043945 0.192701
1 0.928223 0.409489 0.041992 0.191241
1 0.088867 0.800730 0.037109 0.223358
1 0.257324 0.789781 0.036133 0.207299
1 0.425781 0.794161 0.029297 0.207299
1 0.767578 0.808029 0.031250 0.170803
4 0.860352 0.808759 0.070312 0.181022
