0 0.110352 0.218750 0.083984 0.156250
0 0.197266 0.217773 0.089844 0.158203
0 0.290039 0.217773 0.095703 0.158203
0 0.384766 0.217773 0.093750 0.158203
0 0.479492 0.218750 0.095703 0.160156
0 0.571289 0.216797 0.087891 0.164062
0 0.659180 0.214844 0.087891 0.160156
0 0.750000 0.214844 0.093750 0.160156
0 0.842773 0.214844 0.091797 0.160156
0 0.928711 0.213867 0.080078 0.162109
0 0.112305 0.377930 0.083984 0.158203
0 0.199219 0.376953 0.089844 0.160156
0 0.291992 0.376953 0.095703 0.160156
0 0.386719 0.378906 0.093750 0.156250
0 0.477539 0.378906 0.087891 0.156250
0 0.568359 0.377930 0.093750 0.158203
0 0.659180 0.377930 0.087891 0.158203
0 0.748047 0.376953 0.089844 0.160156
0 0.840820 0.376953 0.095703 0.160156
0 0.928711 0.377930 0.080078 0.158203
0 0.110352 0.550781 0.083984 0.191406
0 0.199219 0.551758 0.093750 0.189453
0 0.292969 0.552734 0.093750 0.191406
0 0.385742 0.551758 0.091797 0.193359
0 0.476562 0.552734 0.089844 0.195312
0 0.568359 0.553711 0.093750 0.193359
0 0.658203 0.552734 0.085938 0.191406
0 0.747070 0.552734 0.091797 0.191406
0 0.838867 0.551758 0.091797 0.189453
0 0.925781 0.552734 0.082031 0.187500
0 0.111328 0.726562 0.082031 0.160156
0 0.199219 0.725586 0.093750 0.162109
0 0.291992 0.726562 0.091797 0.164062
0 0.388672 0.728516 0.101562 0.160156
0 0.108398 0.845703 0.083984 0.074219
0 0.199219 0.843750 0.097656 0.078125
0 0.293945 0.842773 0.091797 0.076172
0 0.389648 0.844727 0.099609 0.072266
0 0.480469 0.781250 0.074219 0.187500
0 0.555664 0.779297 0.076172 0.191406
0 0.649414 0.767578 0.103516 0.234375
0 0.747070 0.764648 0.091797 0.240234
0 0.837891 0.763672 0.089844 0.238281
0 0.924805 0.764648 0.083984 0.236328
