0 0.890625 0.279297 0.218750 0.218750
0 0.883789 0.426758 0.208984 0.212891
0 0.885742 0.574219 0.208984 0.167969
0 0.883789 0.708984 0.208984 0.148438
0 0.884766 0.851562 0.210938 0.144531
0 0.702148 0.835938 0.146484 0.121094
0 0.704102 0.717773 0.154297 0.126953
0 0.708008 0.594727 0.146484 0.130859
0 0.704102 0.471680 0.154297 0.169922
0 0.705078 0.337891 0.152344 0.191406
0 0.566406 0.503906 0.125000 0.144531
0 0.564453 0.388672 0.125000 0.156250
0 0.456055 0.529297 0.099609 0.121094
0 0.456055 0.428711 0.095703 0.130859
0 0.387695 0.453125 0.041016 0.105469
0 0.387695 0.548828 0.037109 0.093750
0 0.344727 0.469727 0.056641 0.103516
0 0.343750 0.559570 0.054688 0.107422
0 0.295898 0.492188 0.044922 0.093750
0 0.295898 0.577148 0.041016 0.095703
0 0.252930 0.587891 0.037109 0.093750
0 0.252930 0.507812 0.037109 0.085938
0 0.074219 0.590820 0.011719 0.056641
0 0.083984 0.588867 0.011719 0.056641
0 0.097656 0.584961 0.011719 0.060547
0 0.111328 0.578125 0.015625 0.066406
0 0.125977 0.569336 0.017578 0.064453
0 0.143555 0.562500 0.017578 0.066406
0 0.159180 0.553711 0.017578 0.072266
0 0.177734 0.546875 0.023438 0.074219
0 0.199219 0.537109 0.015625 0.074219
0 0.220703 0.527344 0.019531 0.078125
0 0.073242 0.642578 0.013672 0.050781
0 0.084961 0.641602 0.009766 0.052734
0 0.096680 0.636719 0.013672 0.054688
0 0.111328 0.632812 0.015625 0.058594
0 0.127930 0.626953 0.017578 0.058594
0 0.143555 0.623047 0.013672 0.066406
0 0.160156 0.617188 0.019531 0.070312
0 0.179688 0.611328 0.019531 0.074219
0 0.200195 0.606445 0.017578 0.080078
0 0.219727 0.596680 0.021484 0.080078
0 0.107422 0.682617 0.023438 0.048828
0 0.126953 0.681641 0.015625 0.050781
0 0.143555 0.678711 0.013672 0.056641
0 0.161133 0.676758 0.017578 0.056641
0 0.179688 0.671875 0.019531 0.058594
0 0.200195 0.670898 0.025391 0.064453
0 0.223633 0.667969 0.021484 0.066406
0 0.245117 0.663086 0.021484 0.068359
0 0.264648 0.661133 0.017578 0.068359
0 0.292969 0.657227 0.039062 0.072266
0 0.108398 0.736328 0.025391 0.062500
0 0.128906 0.738281 0.015625 0.062500
0 0.145508 0.737305 0.013672 0.064453
0 0.162109 0.737305 0.019531 0.068359
0 0.180664 0.735352 0.017578 0.068359
0 0.203125 0.737305 0.023438 0.072266
0 0.224609 0.737305 0.019531 0.076172
0 0.247070 0.729492 0.017578 0.072266
0 0.265625 0.728516 0.015625 0.074219
0 0.292969 0.728516 0.035156 0.078125
0 0.129883 0.786133 0.017578 0.033203
0 0.143555 0.787109 0.013672 0.035156
0 0.164062 0.788086 0.019531 0.037109
0 0.181641 0.791992 0.019531 0.041016
0 0.214844 0.797852 0.046875 0.052734
0 0.247070 0.794922 0.021484 0.058594
0 0.266602 0.796875 0.021484 0.062500
0 0.294922 0.799805 0.035156 0.064453
0 0.353516 0.646484 0.070312 0.082031
0 0.397461 0.639648 0.017578 0.087891
0 0.338867 0.728516 0.037109 0.082031
0 0.372070 0.729492 0.029297 0.083984
0 0.337891 0.805664 0.039062 0.072266
0 0.372070 0.808594 0.029297 0.070312
0 0.396484 0.728516 0.019531 0.089844
0 0.399414 0.811523 0.021484 0.076172
0 0.449219 0.633789 0.085938 0.099609
0 0.451172 0.726562 0.074219 0.093750
0 0.452148 0.815430 0.076172 0.083984
0 0.557617 0.617188 0.115234 0.109375
0 0.560547 0.720703 0.113281 0.109375
0 0.558594 0.823242 0.121094 0.099609
