0 0.248047 0.125000 0.164062 0.132812
0 0.405273 0.124023 0.150391 0.134766
0 0.558594 0.122070 0.156250 0.130859
0 0.682617 0.101562 0.091797 0.167969
0 0.779297 0.107422 0.097656 0.171875
0 0.876953 0.108398 0.097656 0.169922
0 0.962891 0.109375 0.074219 0.171875
0 0.247070 0.014648 0.166016 0.025391
0 0.406250 0.014648 0.152344 0.025391
0 0.559570 0.011719 0.154297 0.019531
0 0.558594 0.040039 0.156250 0.037109
0 0.404297 0.041992 0.152344 0.033203
0 0.246094 0.041992 0.164062 0.033203
0 0.247070 0.207031 0.166016 0.039062
0 0.407227 0.208008 0.154297 0.037109
0 0.559570 0.207031 0.150391 0.035156
0 0.557617 0.287109 0.154297 0.125000
0 0.406250 0.287109 0.148438 0.125000
0 0.248047 0.286133 0.167969 0.123047
0 0.249023 0.368164 0.169922 0.044922
0 0.409180 0.368164 0.150391 0.044922
0 0.559570 0.366211 0.150391 0.041016
0 0.679688 0.365234 0.089844 0.042969
0 0.774414 0.363281 0.099609 0.039062
0 0.871094 0.362305 0.093750 0.041016
0 0.958984 0.363281 0.082031 0.042969
0 0.678711 0.267578 0.091797 0.160156
0 0.776367 0.268555 0.103516 0.158203
0 0.876953 0.270508 0.097656 0.162109
0 0.960938 0.273438 0.070312 0.156250
0 0.247070 0.457031 0.166016 0.136719
0 0.406250 0.456055 0.152344 0.138672
0 0.562500 0.456055 0.160156 0.138672
0 0.561523 0.541016 0.162109 0.031250
0 0.404297 0.541992 0.152344 0.029297
0 0.246094 0.542969 0.164062 0.031250
0 0.245117 0.658203 0.162109 0.199219
0 0.403320 0.658203 0.154297 0.199219
0 0.558594 0.658203 0.156250 0.199219
0 0.684570 0.661133 0.091797 0.197266
0 0.685547 0.473633 0.089844 0.177734
0 0.778320 0.472656 0.103516 0.175781
0 0.875977 0.472656 0.091797 0.175781
0 0.960938 0.471680 0.078125 0.173828
0 0.962891 0.665039 0.066406 0.205078
0 0.879883 0.664062 0.099609 0.207031
0 0.780273 0.662109 0.099609 0.203125
0 0.248047 0.924805 0.167969 0.150391
0 0.404297 0.922852 0.156250 0.146484
0 0.554688 0.921875 0.144531 0.144531
0 0.733398 0.923828 0.197266 0.148438
0 0.876953 0.924805 0.089844 0.150391
0 0.959961 0.924805 0.076172 0.150391
