0 0.012153 0.060510 0.022917 0.117834
0 0.048611 0.059713 0.047222 0.116242
0 0.095139 0.054936 0.044444 0.106688
0 0.142708 0.057325 0.052083 0.111465
0 0.196875 0.050159 0.050694 0.097134
0 0.247917 0.052548 0.048611 0.101911
0 0.285069 0.050159 0.024306 0.097134
0 0.314236 0.049363 0.025694 0.095541
0 0.354167 0.049363 0.050000 0.095541
0 0.406944 0.047771 0.052778 0.092357
0 0.461111 0.046975 0.052778 0.090764
0 0.517708 0.043790 0.054861 0.084395
0 0.571875 0.045382 0.052083 0.087580
0 0.626389 0.045382 0.054167 0.087580
0 0.680208 0.043790 0.049306 0.084395
0 0.734028 0.045382 0.052778 0.087580
0 0.785764 0.043790 0.049306 0.084395
0 0.837153 0.044586 0.052083 0.085987
0 0.888542 0.045382 0.047917 0.087580
0 0.938889 0.046975 0.047222 0.090764
0 0.982639 0.050955 0.034722 0.085987
0 0.012153 0.300955 0.022917 0.292994
0 0.047222 0.298567 0.047222 0.297771
0 0.096875 0.297771 0.052083 0.296178
0 0.147222 0.290605 0.048611 0.310510
0 0.196528 0.284236 0.050000 0.297771
0 0.247222 0.284236 0.051389 0.297771
0 0.301042 0.282643 0.056250 0.294586
0 0.355903 0.278662 0.053472 0.302548
0 0.409722 0.277070 0.054167 0.299363
0 0.463542 0.277866 0.053472 0.297771
0 0.518056 0.277866 0.055556 0.297771
0 0.572917 0.277070 0.054167 0.299363
0 0.628125 0.274682 0.056250 0.294586
0 0.683333 0.274682 0.054167 0.294586
0 0.736806 0.274682 0.052778 0.294586
0 0.788194 0.274682 0.050000 0.294586
0 0.838889 0.277070 0.051389 0.299363
0 0.888889 0.275478 0.048611 0.302548
0 0.937847 0.277866 0.049306 0.307325
0 0.980903 0.281847 0.036806 0.299363
0 0.012500 0.635350 0.023611 0.302548
0 0.048611 0.632166 0.050000 0.305732
0 0.096875 0.631369 0.046528 0.307325
0 0.147222 0.627389 0.054167 0.299363
0 0.199306 0.625000 0.050000 0.304140
0 0.251042 0.621019 0.053472 0.296178
0 0.304167 0.617834 0.052778 0.302548
0 0.357986 0.611465 0.054861 0.289809
0 0.411806 0.609076 0.052778 0.294586
0 0.466667 0.613057 0.056944 0.302548
0 0.521875 0.611465 0.053472 0.305732
0 0.576389 0.609076 0.055556 0.300955
0 0.630903 0.606688 0.053472 0.305732
0 0.685069 0.605096 0.054861 0.302548
0 0.737153 0.606688 0.049306 0.299363
0 0.789236 0.606688 0.054861 0.299363
0 0.843056 0.607484 0.052778 0.297771
0 0.893750 0.605096 0.048611 0.292994
0 0.941667 0.605096 0.047222 0.292994
0 0.982292 0.611465 0.034028 0.305732
0 0.014583 0.907643 0.027778 0.184713
0 0.051042 0.908439 0.045139 0.183121
0 0.098264 0.904459 0.045139 0.175159
0 0.147569 0.909236 0.050694 0.181529
0 0.200000 0.908439 0.047222 0.183121
0 0.250694 0.902866 0.050000 0.194268
0 0.304514 0.901274 0.053472 0.197452
0 0.359028 0.900478 0.052778 0.199045
0 0.411458 0.900478 0.052083 0.199045
0 0.464931 0.900478 0.053472 0.199045
0 0.519097 0.898885 0.057639 0.202229
0 0.576389 0.897293 0.056944 0.205414
0 0.630556 0.898885 0.055556 0.202229
0 0.685417 0.898885 0.051389 0.202229
0 0.737847 0.898885 0.052083 0.202229
0 0.789583 0.898885 0.051389 0.202229
0 0.843403 0.898885 0.052083 0.202229
0 0.893403 0.898885 0.049306 0.202229
0 0.941319 0.898885 0.046528 0.202229
0 0.983333 0.900478 0.031944 0.199045
