0 0.762695 0.161133 0.255859 0.318359
0 0.942383 0.167969 0.107422 0.332031
0 0.942383 0.664062 0.111328 0.671875
0 0.758789 0.494141 0.255859 0.339844
0 0.759766 0.832031 0.070312 0.335938
0 0.676758 0.833984 0.080078 0.332031
0 0.562500 0.185547 0.152344 0.367188
0 0.422852 0.246094 0.126953 0.488281
0 0.327148 0.322266 0.076172 0.519531
0 0.255859 0.405273 0.066406 0.470703
0 0.195312 0.404297 0.054688 0.199219
0 0.138672 0.476562 0.062500 0.199219
0 0.137695 0.628906 0.056641 0.230469
0 0.193359 0.565430 0.058594 0.267578
0 0.561523 0.500000 0.158203 0.511719
0 0.417969 0.606445 0.125000 0.412109
0 0.325195 0.677734 0.072266 0.343750
0 0.258789 0.732422 0.076172 0.304688
0 0.201172 0.774414 0.058594 0.251953
0 0.141602 0.807617 0.064453 0.224609
