0 0.032227 0.326172 0.060547 0.187500
0 0.234375 0.332031 0.242188 0.234375
0 0.500000 0.330078 0.269531 0.207031
0 0.757812 0.330078 0.250000 0.207031
0 0.941406 0.334961 0.117188 0.216797
0 0.223633 0.170898 0.244141 0.111328
0 0.490234 0.170898 0.289062 0.111328
0 0.764648 0.172852 0.259766 0.115234
0 0.947266 0.176758 0.105469 0.107422
0 0.042969 0.577148 0.082031 0.087891
0 0.214844 0.575195 0.253906 0.095703
0 0.484375 0.575195 0.285156 0.095703
0 0.754883 0.574219 0.255859 0.097656
0 0.941406 0.576172 0.117188 0.101562
0 0.041016 0.731445 0.078125 0.212891
0 0.223633 0.729492 0.240234 0.197266
0 0.482422 0.728516 0.277344 0.199219
0 0.756836 0.728516 0.255859 0.214844
0 0.943359 0.730469 0.113281 0.207031
0 0.042969 0.878906 0.078125 0.097656
0 0.210938 0.881836 0.257812 0.087891
0 0.481445 0.892578 0.283203 0.109375
0 0.756836 0.886719 0.267578 0.121094
0 0.945312 0.885742 0.109375 0.119141
0 0.939453 0.972656 0.117188 0.054688
0 0.756836 0.969727 0.275391 0.060547
0 0.214844 0.966797 0.265625 0.058594
0 0.486328 0.969727 0.277344 0.052734
