0 0.081055 0.104492 0.103516 0.205078
0 0.075195 0.397461 0.099609 0.435547
0 0.072266 0.800781 0.097656 0.398438
0 0.222656 0.131836 0.058594 0.240234
0 0.292969 0.160156 0.082031 0.230469
0 0.375977 0.192383 0.072266 0.212891
0 0.439453 0.224609 0.050781 0.199219
0 0.435547 0.072266 0.050781 0.140625
0 0.376953 0.061523 0.070312 0.119141
0 0.294922 0.041016 0.089844 0.078125
0 0.529297 0.102539 0.066406 0.201172
0 0.594727 0.122070 0.052734 0.228516
0 0.642578 0.153320 0.039062 0.224609
0 0.531250 0.267578 0.058594 0.195312
0 0.589844 0.297852 0.046875 0.173828
0 0.638672 0.321289 0.046875 0.169922
0 0.216797 0.435547 0.050781 0.410156
0 0.285156 0.446289 0.093750 0.404297
0 0.366211 0.465820 0.072266 0.384766
0 0.433594 0.483398 0.054688 0.373047
0 0.218750 0.816406 0.062500 0.367188
0 0.288086 0.819336 0.087891 0.361328
0 0.368164 0.823242 0.080078 0.345703
0 0.428711 0.829102 0.056641 0.330078
0 0.528320 0.518555 0.056641 0.349609
0 0.585938 0.537109 0.046875 0.335938
0 0.634766 0.553711 0.042969 0.322266
0 0.679688 0.566406 0.046875 0.312500
0 0.719727 0.711914 0.044922 0.576172
0 0.767578 0.719727 0.042969 0.556641
0 0.807617 0.736328 0.052734 0.527344
0 0.841797 0.746094 0.050781 0.507812
0 0.870117 0.749023 0.037109 0.501953
0 0.525391 0.839844 0.062500 0.320312
0 0.586914 0.847656 0.048828 0.304688
0 0.637695 0.850586 0.048828 0.298828
0 0.679688 0.857422 0.046875 0.285156
