0 0.118750 0.235937 0.106250 0.109375
0 0.315625 0.239063 0.125000 0.103125
0 0.518750 0.237500 0.125000 0.106250
0 0.715625 0.235937 0.118750 0.109375
0 0.115625 0.365625 0.118750 0.112500
0 0.315625 0.365625 0.125000 0.112500
0 0.517188 0.365625 0.128125 0.112500
0 0.714063 0.367188 0.121875 0.115625
0 0.075000 0.517188 0.050000 0.115625
0 0.151562 0.514062 0.046875 0.115625
0 0.275000 0.515625 0.056250 0.118750
0 0.350000 0.514062 0.056250 0.121875
0 0.478125 0.515625 0.050000 0.118750
0 0.553125 0.515625 0.050000 0.112500
0 0.679688 0.514062 0.046875 0.115625
0 0.751563 0.515625 0.046875 0.118750
0 0.076563 0.656250 0.053125 0.131250
0 0.153125 0.654687 0.050000 0.128125
0 0.276562 0.656250 0.053125 0.125000
0 0.348438 0.653125 0.046875 0.131250
0 0.479687 0.654687 0.053125 0.128125
0 0.556250 0.654687 0.050000 0.128125
0 0.676562 0.657813 0.053125 0.121875
0 0.751563 0.656250 0.046875 0.131250
0 0.076563 0.809375 0.046875 0.118750
0 0.151562 0.809375 0.046875 0.118750
0 0.276562 0.807813 0.053125 0.115625
0 0.353125 0.807813 0.050000 0.115625
0 0.478125 0.807813 0.050000 0.121875
0 0.551562 0.806250 0.046875 0.118750
0 0.676562 0.804688 0.053125 0.121875
0 0.753125 0.807813 0.043750 0.121875
0 0.078125 0.925000 0.050000 0.081250
0 0.150000 0.921875 0.050000 0.081250
0 0.275000 0.923438 0.056250 0.078125
0 0.351562 0.923438 0.059375 0.084375
0 0.481250 0.925000 0.056250 0.081250
0 0.556250 0.926562 0.050000 0.078125
3 0.693750 0.959375 0.056250 0.081250
