0 0.030762 0.105417 0.059570 0.035139
0 0.045898 0.164714 0.029297 0.083455
0 0.016113 0.163982 0.030273 0.084919
0 0.030762 0.221083 0.057617 0.032211
0 0.030273 0.289898 0.056641 0.032211
0 0.017578 0.349195 0.031250 0.083455
0 0.046875 0.349195 0.027344 0.083455
0 0.031738 0.404832 0.061523 0.030747
0 0.030762 0.473646 0.059570 0.030747
0 0.016113 0.529283 0.030273 0.083455
0 0.045898 0.530015 0.029297 0.081991
0 0.030762 0.587116 0.059570 0.035139
0 0.031738 0.658858 0.061523 0.035139
0 0.046875 0.715959 0.031250 0.079063
0 0.016113 0.714495 0.030273 0.081991
0 0.017090 0.773060 0.030273 0.032211
0 0.046875 0.773060 0.029297 0.032211
0 0.030762 0.843338 0.059570 0.032211
0 0.044922 0.901171 0.027344 0.083455
0 0.015625 0.901903 0.029297 0.084919
0 0.030762 0.960469 0.059570 0.032211
0 0.453613 0.075403 0.020508 0.062958
0 0.474609 0.075403 0.021484 0.062958
0 0.496582 0.076135 0.022461 0.064422
0 0.519531 0.075403 0.023438 0.065886
0 0.542969 0.074671 0.023438 0.064422
0 0.566406 0.074671 0.023438 0.064422
0 0.589355 0.074671 0.022461 0.064422
0 0.613281 0.073206 0.025391 0.067350
0 0.453613 0.172035 0.020508 0.065886
0 0.474121 0.172767 0.020508 0.064422
0 0.495605 0.172035 0.022461 0.062958
0 0.519043 0.172035 0.024414 0.062958
0 0.542969 0.172035 0.023438 0.062958
0 0.566895 0.172035 0.024414 0.062958
0 0.589844 0.172035 0.021484 0.062958
0 0.612305 0.171303 0.023438 0.064422
0 0.454590 0.270864 0.022461 0.061493
0 0.477051 0.270864 0.022461 0.061493
0 0.499023 0.269400 0.021484 0.058565
0 0.519531 0.268668 0.019531 0.060029
0 0.541992 0.268668 0.025391 0.060029
0 0.565918 0.268668 0.022461 0.060029
0 0.588867 0.268668 0.023438 0.060029
0 0.610840 0.268668 0.020508 0.060029
0 0.453125 0.366032 0.019531 0.058565
0 0.474121 0.366032 0.022461 0.058565
0 0.496582 0.367496 0.022461 0.061493
0 0.519043 0.367496 0.022461 0.061493
0 0.541504 0.368960 0.022461 0.064422
0 0.565430 0.368228 0.025391 0.065886
0 0.589355 0.366032 0.022461 0.061493
0 0.611816 0.366032 0.022461 0.061493
0 0.453613 0.461201 0.020508 0.058565
0 0.474609 0.461201 0.021484 0.058565
0 0.496094 0.462665 0.021484 0.061493
0 0.519531 0.463397 0.025391 0.060029
0 0.543457 0.464129 0.022461 0.061493
0 0.566895 0.463397 0.024414 0.062958
0 0.591309 0.464129 0.024414 0.064422
0 0.614746 0.464129 0.022461 0.064422
0 0.454590 0.558565 0.020508 0.060029
0 0.475098 0.558565 0.020508 0.060029
0 0.497070 0.557833 0.023438 0.058565
0 0.520020 0.557833 0.022461 0.058565
0 0.542969 0.559297 0.023438 0.061493
0 0.565918 0.557833 0.022461 0.064422
0 0.588867 0.557833 0.023438 0.064422
0 0.611816 0.559297 0.022461 0.061493
0 0.454102 0.654466 0.019531 0.061493
0 0.474609 0.655930 0.021484 0.058565
0 0.496582 0.655930 0.022461 0.058565
0 0.519043 0.655198 0.022461 0.060029
0 0.541992 0.655930 0.023438 0.061493
0 0.565430 0.656662 0.023438 0.060029
0 0.588867 0.657394 0.023438 0.061493
0 0.454102 0.751830 0.017578 0.060029
0 0.474121 0.751830 0.022461 0.060029
0 0.496094 0.751830 0.021484 0.060029
0 0.519043 0.751830 0.024414 0.060029
0 0.542480 0.753294 0.022461 0.062958
0 0.565430 0.753294 0.023438 0.062958
0 0.589355 0.754758 0.024414 0.065886
0 0.612305 0.755490 0.021484 0.064422
0 0.453125 0.848463 0.019531 0.062958
0 0.474121 0.848463 0.022461 0.062958
0 0.496582 0.849927 0.022461 0.065886
0 0.519531 0.851391 0.023438 0.062958
0 0.542969 0.851391 0.023438 0.062958
0 0.566406 0.850659 0.023438 0.064422
0 0.589844 0.850659 0.023438 0.064422
0 0.612793 0.851391 0.022461 0.062958
0 0.454590 0.946559 0.020508 0.062958
0 0.475098 0.947291 0.020508 0.061493
0 0.497070 0.948023 0.023438 0.062958
0 0.519043 0.948023 0.020508 0.062958
0 0.541504 0.948023 0.024414 0.062958
0 0.565430 0.948755 0.023438 0.061493
0 0.588379 0.948755 0.022461 0.061493
0 0.611328 0.948755 0.023438 0.061493
0 0.658203 0.046120 0.019531 0.065886
0 0.680176 0.045388 0.024414 0.067350
0 0.704590 0.045388 0.024414 0.067350
0 0.729492 0.045388 0.025391 0.067350
0 0.754395 0.043924 0.024414 0.064422
0 0.779297 0.043192 0.025391 0.065886
0 0.805176 0.043924 0.026367 0.067350
0 0.831543 0.043192 0.026367 0.068814
0 0.856445 0.041728 0.023438 0.065886
0 0.881348 0.041728 0.026367 0.065886
0 0.907227 0.040264 0.025391 0.062958
0 0.933105 0.038799 0.026367 0.065886
0 0.960449 0.038799 0.028320 0.065886
0 0.986328 0.038067 0.023438 0.067350
0 0.657715 0.151537 0.022461 0.065886
0 0.681152 0.149341 0.024414 0.070278
0 0.704590 0.148609 0.022461 0.068814
0 0.729004 0.149341 0.026367 0.067350
0 0.754395 0.148609 0.024414 0.065886
0 0.779297 0.147877 0.025391 0.067350
0 0.805176 0.146413 0.026367 0.064422
0 0.831543 0.146413 0.026367 0.064422
0 0.856934 0.146413 0.024414 0.064422
0 0.881836 0.145681 0.025391 0.065886
0 0.907227 0.145681 0.025391 0.065886
0 0.933105 0.145681 0.026367 0.065886
0 0.959473 0.144217 0.026367 0.062958
0 0.983887 0.143485 0.022461 0.064422
0 0.658203 0.254026 0.021484 0.065886
0 0.680176 0.252562 0.022461 0.068814
0 0.704102 0.252562 0.025391 0.068814
0 0.729004 0.252562 0.024414 0.068814
0 0.753418 0.251830 0.024414 0.067350
0 0.778809 0.252562 0.026367 0.065886
0 0.804199 0.253294 0.024414 0.067350
0 0.829102 0.252562 0.025391 0.068814
0 0.855469 0.250366 0.027344 0.064422
0 0.881348 0.250366 0.024414 0.064422
0 0.906738 0.251098 0.026367 0.065886
0 0.933105 0.251098 0.026367 0.065886
0 0.958984 0.250366 0.025391 0.064422
0 0.983887 0.250366 0.024414 0.064422
0 0.658203 0.357247 0.019531 0.064422
0 0.680176 0.357247 0.024414 0.064422
0 0.704102 0.356515 0.023438 0.062958
0 0.728516 0.357247 0.025391 0.061493
0 0.752441 0.357247 0.022461 0.061493
0 0.776855 0.356515 0.026367 0.062958
0 0.803223 0.355783 0.026367 0.061493
0 0.829102 0.354319 0.025391 0.064422
0 0.854492 0.354319 0.025391 0.064422
0 0.880371 0.355783 0.026367 0.061493
0 0.905273 0.355783 0.023438 0.061493
0 0.930664 0.355051 0.027344 0.062958
0 0.957031 0.355783 0.025391 0.064422
0 0.982422 0.355051 0.025391 0.065886
0 0.657227 0.458272 0.023438 0.061493
0 0.680176 0.459004 0.022461 0.062958
0 0.703125 0.459004 0.023438 0.062958
0 0.727539 0.459736 0.025391 0.064422
0 0.752930 0.459004 0.025391 0.065886
0 0.777832 0.459736 0.024414 0.067350
0 0.802246 0.459736 0.024414 0.067350
0 0.828125 0.459004 0.027344 0.065886
0 0.854492 0.459004 0.025391 0.065886
0 0.879395 0.459004 0.024414 0.065886
0 0.905273 0.459736 0.027344 0.064422
0 0.931152 0.459004 0.024414 0.062958
0 0.956543 0.459004 0.026367 0.062958
0 0.982910 0.459004 0.026367 0.062958
0 0.657227 0.560761 0.021484 0.064422
0 0.680176 0.561493 0.024414 0.062958
0 0.704102 0.562225 0.023438 0.064422
0 0.728516 0.562225 0.025391 0.064422
0 0.753906 0.563690 0.025391 0.067350
0 0.778809 0.562958 0.024414 0.068814
0 0.803711 0.562225 0.025391 0.067350
0 0.829102 0.562958 0.025391 0.065886
0 0.854980 0.562958 0.026367 0.065886
0 0.880371 0.562958 0.024414 0.065886
0 0.906250 0.563690 0.027344 0.067350
0 0.932129 0.563690 0.024414 0.067350
0 0.958008 0.564422 0.027344 0.068814
0 0.984375 0.565154 0.025391 0.067350
0 0.657715 0.767936 0.022461 0.065886
0 0.680176 0.768668 0.022461 0.064422
0 0.704590 0.769400 0.026367 0.065886
0 0.729492 0.769400 0.023438 0.065886
0 0.753418 0.770132 0.024414 0.067350
0 0.778320 0.770132 0.025391 0.067350
0 0.803711 0.769400 0.025391 0.065886
0 0.829102 0.770132 0.025391 0.064422
0 0.854492 0.772328 0.025391 0.068814
0 0.879883 0.772328 0.025391 0.068814
0 0.905762 0.773792 0.026367 0.071742
0 0.931152 0.774524 0.024414 0.070278
0 0.957520 0.773792 0.028320 0.068814
0 0.984375 0.775256 0.025391 0.065886
0 0.657227 0.871157 0.019531 0.067350
0 0.679199 0.872621 0.024414 0.064422
0 0.704102 0.872621 0.025391 0.064422
0 0.729004 0.872621 0.024414 0.064422
0 0.753906 0.873353 0.025391 0.065886
0 0.779297 0.873353 0.025391 0.065886
0 0.805176 0.874817 0.026367 0.068814
0 0.830566 0.876281 0.024414 0.065886
0 0.855957 0.877013 0.026367 0.067350
0 0.881348 0.877013 0.024414 0.067350
0 0.906738 0.877013 0.026367 0.067350
0 0.932129 0.877013 0.024414 0.067350
0 0.958496 0.878477 0.028320 0.070278
0 0.984375 0.879209 0.023438 0.068814
0 0.658203 0.970717 0.021484 0.052709
0 0.680664 0.968521 0.023438 0.057101
0 0.704590 0.969253 0.024414 0.058565
0 0.728516 0.970717 0.023438 0.055637
0 0.754395 0.969253 0.028320 0.052709
0 0.780273 0.970717 0.023438 0.049780
0 0.804688 0.971449 0.025391 0.051245
0 0.829590 0.972914 0.024414 0.048316
0 0.855957 0.972182 0.028320 0.046852
0 0.881836 0.972914 0.023438 0.045388
0 0.907227 0.972182 0.027344 0.043924
0 0.933594 0.971449 0.025391 0.045388
0 0.960449 0.972914 0.028320 0.048316
0 0.985840 0.973646 0.022461 0.046852
