0 0.662109 0.336914 0.105469 0.248047
0 0.735352 0.425781 0.041016 0.148438
0 0.662109 0.461914 0.093750 0.197266
0 0.731445 0.533203 0.037109 0.121094
0 0.448242 0.725586 0.103516 0.291016
0 0.535156 0.767578 0.078125 0.246094
0 0.585938 0.793945 0.023438 0.208984
0 0.622070 0.809570 0.044922 0.201172
0 0.659180 0.825195 0.029297 0.185547
0 0.443359 0.945312 0.113281 0.109375
0 0.535156 0.961914 0.074219 0.076172
0 0.584961 0.967773 0.021484 0.064453
0 0.619141 0.967773 0.042969 0.064453
0 0.656250 0.973633 0.019531 0.052734
