0 0.955078 0.210938 0.089844 0.417969
0 0.852539 0.230469 0.111328 0.425781
0 0.750000 0.265625 0.093750 0.402344
0 0.653320 0.298828 0.095703 0.378906
0 0.565430 0.333984 0.087891 0.343750
0 0.488281 0.364258 0.074219 0.322266
0 0.419922 0.384766 0.066406 0.308594
0 0.360352 0.412109 0.056641 0.292969
0 0.306641 0.437500 0.050781 0.269531
0 0.259766 0.454102 0.046875 0.251953
0 0.223633 0.469727 0.037109 0.240234
0 0.191406 0.481445 0.031250 0.232422
0 0.164062 0.493164 0.031250 0.228516
0 0.132812 0.501953 0.031250 0.210938
0 0.137695 0.289062 0.029297 0.230469
0 0.167969 0.276367 0.031250 0.240234
0 0.197266 0.254883 0.039062 0.244141
0 0.229492 0.230469 0.033203 0.250000
0 0.261719 0.208984 0.039062 0.265625
0 0.302734 0.180664 0.050781 0.283203
0 0.358398 0.148438 0.068359 0.292969
0 0.417969 0.133789 0.058594 0.263672
0 0.489258 0.115234 0.072266 0.226562
0 0.564453 0.097656 0.085938 0.191406
0 0.650391 0.083984 0.089844 0.164062
0 0.743164 0.063477 0.103516 0.123047
0 0.952148 0.663086 0.091797 0.521484
0 0.856445 0.671875 0.107422 0.500000
0 0.752930 0.680664 0.095703 0.470703
0 0.653320 0.691406 0.091797 0.449219
0 0.566406 0.695312 0.085938 0.410156
0 0.492188 0.706055 0.066406 0.384766
0 0.421875 0.710938 0.062500 0.367188
0 0.360352 0.716797 0.060547 0.351562
0 0.306641 0.718750 0.058594 0.324219
0 0.259766 0.722656 0.046875 0.300781
0 0.223633 0.720703 0.037109 0.285156
0 0.190430 0.718750 0.037109 0.261719
0 0.164062 0.723633 0.031250 0.251953
0 0.135742 0.721680 0.029297 0.236328
