0 0.026367 0.109810 0.046875 0.093704
0 0.079590 0.111274 0.061523 0.090776
0 0.141113 0.109810 0.061523 0.087848
0 0.202637 0.109810 0.061523 0.087848
0 0.263184 0.111274 0.059570 0.090776
0 0.319824 0.109810 0.053711 0.093704
0 0.376465 0.109078 0.059570 0.092240
0 0.437500 0.109810 0.062500 0.090776
0 0.498535 0.110542 0.059570 0.092240
0 0.557617 0.110542 0.058594 0.092240
0 0.617676 0.113470 0.061523 0.098097
0 0.673828 0.113470 0.050781 0.098097
0 0.730957 0.112006 0.063477 0.095168
0 0.791016 0.113470 0.056641 0.092240
0 0.851074 0.114202 0.063477 0.093704
0 0.911621 0.114934 0.057617 0.092240
0 0.969238 0.115666 0.057617 0.093704
0 0.972168 0.197657 0.051758 0.070278
0 0.916016 0.198389 0.060547 0.068814
0 0.854980 0.199122 0.061523 0.070278
0 0.794434 0.199122 0.059570 0.070278
0 0.734375 0.198389 0.060547 0.068814
0 0.677246 0.200586 0.053711 0.064422
0 0.620117 0.199122 0.060547 0.061493
0 0.559082 0.195461 0.061523 0.068814
0 0.497559 0.196925 0.061523 0.071742
0 0.435059 0.194729 0.063477 0.076135
0 0.374023 0.193265 0.058594 0.073206
0 0.317383 0.193265 0.054688 0.073206
0 0.260742 0.193265 0.058594 0.073206
0 0.201172 0.194729 0.060547 0.070278
0 0.140625 0.193997 0.060547 0.068814
0 0.078613 0.193997 0.063477 0.068814
0 0.023926 0.193997 0.045898 0.068814
0 0.022461 0.273792 0.042969 0.090776
0 0.075195 0.275988 0.062500 0.086384
0 0.136719 0.277452 0.060547 0.089312
0 0.199219 0.275256 0.064453 0.093704
0 0.259766 0.275256 0.056641 0.093704
0 0.316406 0.275988 0.056641 0.092240
0 0.374023 0.276720 0.058594 0.093704
0 0.435059 0.278184 0.063477 0.090776
0 0.497070 0.277452 0.060547 0.089312
0 0.557617 0.275988 0.060547 0.092240
0 0.618164 0.277452 0.060547 0.095168
0 0.674805 0.279649 0.052734 0.090776
0 0.732422 0.277452 0.062500 0.086384
0 0.792969 0.278184 0.058594 0.084919
0 0.853516 0.279649 0.062500 0.087848
0 0.915527 0.279649 0.061523 0.087848
0 0.021484 0.372621 0.041016 0.098097
0 0.072754 0.371157 0.061523 0.101025
0 0.133789 0.369693 0.060547 0.098097
0 0.197754 0.369693 0.067383 0.098097
0 0.259277 0.370425 0.055664 0.099561
0 0.316406 0.370425 0.058594 0.099561
0 0.374512 0.372621 0.057617 0.103953
0 0.435059 0.373353 0.063477 0.102489
0 0.497070 0.373353 0.060547 0.102489
0 0.558594 0.373353 0.062500 0.102489
0 0.619629 0.372621 0.059570 0.101025
0 0.675781 0.371157 0.052734 0.103953
0 0.734375 0.371157 0.064453 0.103953
0 0.795898 0.373353 0.058594 0.099561
0 0.856934 0.374817 0.063477 0.102489
0 0.917480 0.374817 0.057617 0.102489
0 0.971680 0.374085 0.050781 0.101025
0 0.021484 0.470717 0.041016 0.098097
0 0.073730 0.469253 0.063477 0.101025
0 0.134766 0.467789 0.058594 0.098097
0 0.196289 0.468521 0.064453 0.096633
0 0.256348 0.468521 0.055664 0.096633
0 0.314453 0.469985 0.060547 0.093704
0 0.677734 0.468521 0.054688 0.087848
0 0.020996 0.554173 0.040039 0.068814
0 0.072754 0.552709 0.063477 0.071742
0 0.134766 0.554173 0.060547 0.074671
0 0.195801 0.554905 0.061523 0.073206
0 0.256836 0.555637 0.060547 0.074671
0 0.315918 0.555637 0.057617 0.074671
0 0.373535 0.554905 0.057617 0.073206
0 0.434082 0.552709 0.063477 0.077599
0 0.497070 0.553441 0.062500 0.079063
0 0.560059 0.554173 0.063477 0.077599
0 0.621582 0.554173 0.059570 0.077599
0 0.678223 0.554905 0.053711 0.076135
0 0.734863 0.555637 0.059570 0.077599
0 0.795410 0.555637 0.061523 0.077599
0 0.856934 0.554905 0.061523 0.076135
0 0.917480 0.555637 0.059570 0.074671
0 0.972656 0.557101 0.050781 0.077599
0 0.020020 0.628111 0.036133 0.079063
0 0.069336 0.628843 0.060547 0.077599
0 0.132324 0.630307 0.065430 0.074671
0 0.194824 0.631040 0.059570 0.076135
0 0.256348 0.631040 0.063477 0.076135
0 0.313477 0.630307 0.050781 0.074671
0 0.370605 0.629575 0.063477 0.076135
0 0.433594 0.630307 0.062500 0.077599
0 0.496582 0.631040 0.063477 0.076135
0 0.559570 0.632504 0.062500 0.079063
0 0.020020 0.710102 0.038086 0.081991
0 0.069824 0.709370 0.061523 0.083455
0 0.132324 0.707174 0.063477 0.079063
0 0.193848 0.707906 0.059570 0.077599
0 0.254883 0.707174 0.062500 0.076135
0 0.312500 0.705710 0.052734 0.073206
0 0.371582 0.710835 0.065430 0.083455
0 0.435547 0.710835 0.062500 0.083455
0 0.497070 0.710835 0.060547 0.083455
0 0.560059 0.710102 0.065430 0.084919
0 0.796387 0.629575 0.061523 0.070278
0 0.856445 0.630307 0.058594 0.068814
0 0.916016 0.631772 0.060547 0.071742
0 0.971191 0.630307 0.049805 0.074671
0 0.795410 0.710835 0.065430 0.074671
0 0.856934 0.707906 0.057617 0.080527
0 0.917480 0.706442 0.063477 0.077599
0 0.974609 0.708638 0.050781 0.073206
0 0.020508 0.773792 0.037109 0.048316
0 0.069824 0.774524 0.061523 0.046852
0 0.131836 0.774524 0.062500 0.046852
0 0.194336 0.773792 0.062500 0.048316
0 0.256348 0.770864 0.061523 0.042460
0 0.312012 0.770864 0.049805 0.042460
0 0.370117 0.770132 0.066406 0.040996
0 0.435059 0.771596 0.063477 0.038067
0 0.497070 0.773060 0.060547 0.040996
0 0.559570 0.773060 0.064453 0.040996
0 0.622559 0.773792 0.061523 0.042460
0 0.679199 0.772328 0.051758 0.045388
0 0.735840 0.771596 0.061523 0.043924
0 0.796875 0.773060 0.060547 0.040996
0 0.857910 0.772328 0.061523 0.039531
0 0.918457 0.770132 0.059570 0.043924
0 0.973145 0.773792 0.049805 0.051245
0 0.019043 0.847731 0.036133 0.040996
0 0.068359 0.849927 0.066406 0.045388
0 0.132324 0.848463 0.061523 0.042460
0 0.194336 0.850659 0.062500 0.038067
0 0.255859 0.849927 0.060547 0.036603
0 0.313477 0.849927 0.054688 0.036603
0 0.372559 0.852123 0.063477 0.040996
0 0.434570 0.850659 0.062500 0.038067
0 0.496582 0.852123 0.059570 0.040996
0 0.558594 0.850659 0.064453 0.038067
0 0.621094 0.850659 0.060547 0.038067
0 0.677734 0.849927 0.052734 0.036603
0 0.734863 0.849927 0.061523 0.036603
0 0.798828 0.849195 0.066406 0.035139
0 0.861816 0.849927 0.059570 0.033675
0 0.921387 0.852855 0.059570 0.039531
0 0.975586 0.852123 0.048828 0.040996
0 0.020020 0.909224 0.034180 0.081991
0 0.067383 0.911420 0.060547 0.077599
0 0.129883 0.907028 0.060547 0.068814
0 0.193359 0.905564 0.066406 0.071742
0 0.256348 0.907760 0.059570 0.076135
0 0.313965 0.906296 0.055664 0.079063
0 0.680176 0.907028 0.055664 0.077599
0 0.976074 0.909956 0.047852 0.068814
0 0.018066 0.967789 0.034180 0.038067
0 0.069336 0.972182 0.064453 0.043924
0 0.127441 0.972914 0.061523 0.054173
0 0.192871 0.975110 0.067383 0.049780
0 0.258789 0.973646 0.062500 0.052709
0 0.315430 0.973646 0.050781 0.049780
0 0.373535 0.974378 0.067383 0.051245
0 0.439453 0.974378 0.060547 0.048316
0 0.497559 0.973646 0.061523 0.052709
0 0.559082 0.974378 0.061523 0.051245
0 0.623535 0.975842 0.055664 0.048316
0 0.678711 0.975842 0.058594 0.048316
0 0.737305 0.971449 0.060547 0.048316
0 0.799316 0.972182 0.059570 0.052709
0 0.861816 0.974378 0.065430 0.051245
0 0.924805 0.975110 0.060547 0.049780
0 0.974121 0.972914 0.045898 0.054173
