0 0.169922 0.580078 0.066406 0.140625
0 0.012695 0.468750 0.021484 0.304688
0 0.028320 0.454102 0.025391 0.318359
0 0.058594 0.424805 0.039062 0.333984
0 0.057617 0.683594 0.025391 0.179688
0 0.029297 0.702148 0.027344 0.189453
0 0.008789 0.712891 0.013672 0.171875
0 0.269531 0.221680 0.019531 0.361328
0 0.298828 0.196289 0.039062 0.376953
0 0.338867 0.181641 0.044922 0.359375
0 0.377930 0.168945 0.041016 0.333984
0 0.373047 0.490234 0.039062 0.304688
0 0.337891 0.508789 0.035156 0.291016
0 0.299805 0.527344 0.041016 0.285156
0 0.270508 0.542969 0.021484 0.253906
0 0.373047 0.822266 0.031250 0.351562
0 0.339844 0.828125 0.039062 0.343750
0 0.301758 0.838867 0.033203 0.322266
0 0.271484 0.845703 0.027344 0.308594
0 0.697266 0.866211 0.066406 0.267578
0 0.753906 0.876953 0.054688 0.246094
0 0.869141 0.888672 0.121094 0.222656
0 0.824219 0.630859 0.027344 0.234375
0 0.855469 0.639648 0.035156 0.220703
0 0.896484 0.663086 0.042969 0.216797
