0 0.582031 0.211914 0.054688 0.240234
0 0.640625 0.253906 0.062500 0.234375
0 0.710938 0.301758 0.058594 0.208984
0 0.771484 0.348633 0.054688 0.197266
0 0.830078 0.380859 0.054688 0.175781
0 0.883789 0.423828 0.056641 0.156250
0 0.477539 0.143555 0.123047 0.283203
0 0.352539 0.090820 0.095703 0.177734
0 0.274414 0.052734 0.072266 0.101562
0 0.474609 0.471680 0.136719 0.283203
0 0.353516 0.428711 0.085938 0.302734
0 0.274414 0.400391 0.072266 0.316406
0 0.185547 0.362305 0.093750 0.349609
0 0.054688 0.319336 0.105469 0.400391
0 0.582031 0.527344 0.062500 0.222656
0 0.643555 0.545898 0.068359 0.216797
0 0.711914 0.569336 0.060547 0.193359
0 0.771484 0.590820 0.062500 0.181641
0 0.831055 0.619141 0.060547 0.156250
0 0.883789 0.629883 0.052734 0.138672
0 0.053711 0.833008 0.103516 0.333984
0 0.183594 0.830078 0.093750 0.296875
0 0.273438 0.833008 0.078125 0.283203
0 0.351562 0.838867 0.085938 0.271484
0 0.463867 0.823242 0.087891 0.212891
0 0.585938 0.838867 0.062500 0.212891
0 0.643555 0.835938 0.068359 0.195312
0 0.712891 0.835938 0.062500 0.187500
0 0.769531 0.838867 0.058594 0.173828
0 0.830078 0.835938 0.054688 0.156250
0 0.883789 0.841797 0.052734 0.144531
