0 0.365741 0.463974 0.024074 0.076419
0 0.390278 0.464520 0.025000 0.075328
0 0.414352 0.466157 0.023148 0.078603
0 0.437037 0.467795 0.022222 0.075328
0 0.459722 0.468341 0.023148 0.076419
0 0.482870 0.470524 0.023148 0.072052
0 0.504630 0.470524 0.020370 0.072052
0 0.525463 0.472707 0.021296 0.067686
0 0.546759 0.473253 0.021296 0.068777
0 0.567130 0.474345 0.019444 0.066594
0 0.586574 0.475437 0.019444 0.068777
0 0.606481 0.477074 0.020370 0.065502
0 0.626389 0.478712 0.019444 0.068777
0 0.323611 0.557314 0.028704 0.064410
0 0.350926 0.557314 0.025926 0.064410
0 0.376852 0.557860 0.025926 0.065502
0 0.402315 0.558406 0.025000 0.064410
0 0.426852 0.557860 0.024074 0.063319
0 0.450000 0.558952 0.022222 0.061135
0 0.472685 0.558952 0.023148 0.061135
0 0.494907 0.560590 0.021296 0.057860
0 0.516204 0.560590 0.021296 0.057860
0 0.537037 0.561681 0.020370 0.055677
0 0.557407 0.561681 0.020370 0.055677
0 0.576852 0.562773 0.018519 0.053493
0 0.595370 0.562773 0.018519 0.053493
0 0.614352 0.563319 0.019444 0.052402
0 0.632407 0.563319 0.016667 0.052402
0 0.649074 0.563865 0.016667 0.051310
0 0.665741 0.563865 0.016667 0.051310
0 0.681944 0.564410 0.015741 0.050218
0 0.696759 0.564410 0.013889 0.050218
0 0.711111 0.565502 0.014815 0.048035
0 0.725926 0.565502 0.014815 0.048035
0 0.741204 0.565502 0.015741 0.048035
0 0.324537 0.627183 0.026852 0.051310
0 0.351389 0.628275 0.026852 0.049127
0 0.377778 0.627729 0.025926 0.048035
0 0.402315 0.626638 0.023148 0.050218
0 0.426389 0.625546 0.025000 0.048035
0 0.451389 0.625546 0.025000 0.048035
0 0.474537 0.623908 0.021296 0.044760
0 0.494907 0.623362 0.019444 0.045852
0 0.516204 0.622817 0.023148 0.044760
0 0.537037 0.622817 0.018519 0.044760
0 0.556944 0.621179 0.021296 0.041485
0 0.577315 0.620633 0.019444 0.042576
0 0.595833 0.620087 0.017593 0.041485
0 0.613426 0.620087 0.017593 0.041485
0 0.631481 0.619541 0.018519 0.040393
0 0.648611 0.619541 0.015741 0.040393
0 0.663889 0.618996 0.014815 0.039301
0 0.679630 0.617904 0.016667 0.041485
0 0.696759 0.617904 0.017593 0.041485
0 0.712500 0.617904 0.013889 0.041485
0 0.726852 0.616812 0.014815 0.039301
0 0.741204 0.616266 0.013889 0.040393
