0 0.164062 0.178711 0.062500 0.244141
0 0.233398 0.125000 0.056641 0.109375
0 0.297852 0.129883 0.068359 0.119141
0 0.369141 0.143555 0.082031 0.115234
0 0.447266 0.157227 0.074219 0.119141
0 0.232422 0.241211 0.062500 0.142578
0 0.298828 0.245117 0.070312 0.142578
0 0.367188 0.252930 0.085938 0.134766
0 0.448242 0.239258 0.072266 0.080078
0 0.448242 0.300781 0.072266 0.062500
0 0.162109 0.414062 0.066406 0.253906
0 0.233398 0.400391 0.060547 0.203125
0 0.294922 0.409180 0.066406 0.205078
0 0.369141 0.416992 0.070312 0.201172
0 0.445312 0.384766 0.070312 0.125000
0 0.447266 0.502930 0.074219 0.119141
0 0.369141 0.541016 0.078125 0.058594
0 0.296875 0.530273 0.066406 0.060547
0 0.235352 0.527344 0.064453 0.062500
0 0.161133 0.612305 0.060547 0.154297
0 0.229492 0.620117 0.060547 0.138672
0 0.295898 0.625000 0.064453 0.140625
0 0.366211 0.627930 0.064453 0.134766
0 0.445312 0.640625 0.070312 0.156250
0 0.160156 0.709961 0.058594 0.044922
0 0.230469 0.713867 0.054688 0.056641
0 0.299805 0.716797 0.056641 0.062500
0 0.372070 0.722656 0.064453 0.058594
0 0.447266 0.752930 0.074219 0.064453
0 0.444336 0.836914 0.076172 0.119141
0 0.370117 0.766602 0.076172 0.048828
0 0.368164 0.840820 0.072266 0.099609
0 0.299805 0.762695 0.068359 0.052734
0 0.160156 0.752930 0.070312 0.056641
0 0.233398 0.760742 0.064453 0.044922
0 0.158203 0.833008 0.074219 0.115234
0 0.234375 0.834961 0.062500 0.111328
0 0.301758 0.838867 0.064453 0.107422
0 0.160156 0.943359 0.082031 0.109375
0 0.235352 0.943359 0.064453 0.105469
0 0.300781 0.942383 0.062500 0.107422
0 0.369141 0.941406 0.066406 0.109375
0 0.448242 0.941406 0.072266 0.105469
0 0.609375 0.230469 0.085938 0.242188
0 0.606445 0.397461 0.087891 0.119141
0 0.605469 0.505859 0.089844 0.117188
0 0.757812 0.250977 0.070312 0.216797
0 0.823242 0.258789 0.060547 0.201172
0 0.755859 0.412109 0.074219 0.113281
0 0.828125 0.414062 0.058594 0.117188
0 0.755859 0.518555 0.070312 0.119141
0 0.828125 0.523438 0.070312 0.113281
0 0.755859 0.684570 0.066406 0.212891
0 0.826172 0.631836 0.062500 0.099609
0 0.829102 0.712891 0.068359 0.070312
0 0.829102 0.771484 0.068359 0.046875
0 0.827148 0.846680 0.064453 0.103516
0 0.753906 0.837891 0.066406 0.097656
0 0.757812 0.945312 0.070312 0.109375
0 0.830078 0.948242 0.066406 0.099609
0 0.607422 0.610352 0.085938 0.083984
0 0.606445 0.687500 0.087891 0.070312
0 0.605469 0.753906 0.085938 0.062500
0 0.604492 0.834961 0.083984 0.099609
0 0.601562 0.941406 0.085938 0.113281
