0 0.237589 0.369668 0.060284 0.165877
0 0.291667 0.363744 0.058511 0.172986
0 0.354610 0.354265 0.067376 0.182464
0 0.422872 0.343602 0.072695 0.189573
0 0.496454 0.336493 0.078014 0.203791
0 0.232270 0.533175 0.060284 0.165877
0 0.290780 0.533175 0.060284 0.170616
0 0.353723 0.530806 0.065603 0.180095
0 0.421986 0.530806 0.074468 0.184834
0 0.497340 0.530806 0.079787 0.199052
0 0.621454 0.349526 0.069149 0.182464
0 0.693262 0.342417 0.074468 0.191943
0 0.770390 0.334123 0.076241 0.203791
5 0.332447 0.728673 0.079787 0.106635
