0 0.570312 0.372070 0.085938 0.189453
0 0.692383 0.399414 0.126953 0.177734
0 0.564453 0.132812 0.089844 0.164062
0 0.677734 0.174805 0.109375 0.158203
0 0.771484 0.208008 0.078125 0.150391
0 0.871094 0.241211 0.109375 0.166016
0 0.742188 0.044922 0.085938 0.085938
0 0.904297 0.471680 0.121094 0.126953
0 0.942383 0.700195 0.115234 0.177734
0 0.710938 0.663086 0.125000 0.212891
0 0.586914 0.642578 0.111328 0.218750
0 0.448242 0.617188 0.126953 0.234375
0 0.308594 0.589844 0.082031 0.246094
0 0.240234 0.573242 0.078125 0.255859
0 0.370117 0.604492 0.044922 0.236328
0 0.182617 0.559570 0.048828 0.255859
0 0.453125 0.330078 0.113281 0.199219
0 0.372070 0.314453 0.064453 0.195312
0 0.310547 0.293945 0.074219 0.205078
0 0.254883 0.284180 0.056641 0.201172
0 0.215820 0.274414 0.025391 0.193359
0 0.114258 0.213867 0.181641 0.271484
0 0.454102 0.908203 0.138672 0.183594
0 0.307617 0.906250 0.068359 0.187500
0 0.244141 0.899414 0.078125 0.201172
0 0.109375 0.898438 0.199219 0.203125
0 0.596680 0.917969 0.103516 0.164062
0 0.742188 0.922852 0.140625 0.154297
0 0.930664 0.925781 0.138672 0.132812
