0 0.513672 0.153320 0.121094 0.302734
0 0.615234 0.095703 0.089844 0.187500
0 0.705078 0.045898 0.085938 0.087891
0 0.507812 0.394531 0.121094 0.394531
0 0.612305 0.303711 0.091797 0.416016
0 0.707031 0.221680 0.097656 0.431641
0 0.803711 0.190430 0.103516 0.376953
0 0.885742 0.163086 0.064453 0.322266
0 0.476562 0.656250 0.062500 0.203125
0 0.538086 0.608398 0.060547 0.197266
0 0.610352 0.575195 0.095703 0.255859
0 0.705078 0.537109 0.101562 0.300781
0 0.804688 0.607422 0.101562 0.566406
0 0.702148 0.789062 0.107422 0.261719
0 0.609375 0.811523 0.078125 0.244141
0 0.539062 0.811523 0.058594 0.275391
0 0.474609 0.841797 0.066406 0.242188
0 0.811523 0.938477 0.087891 0.123047
0 0.711914 0.943359 0.111328 0.105469
0 0.605469 0.963867 0.089844 0.072266
