0 0.307129 0.049265 0.114258 0.095588
0 0.398926 0.049265 0.067383 0.095588
0 0.466309 0.047059 0.067383 0.091176
0 0.532715 0.047794 0.067383 0.092647
0 0.599609 0.047794 0.070312 0.092647
0 0.691406 0.049265 0.113281 0.095588
0 0.306152 0.180147 0.116211 0.166176
0 0.398926 0.177206 0.069336 0.172059
0 0.465820 0.176471 0.064453 0.170588
0 0.532227 0.177941 0.068359 0.173529
0 0.599609 0.178676 0.066406 0.172059
0 0.690430 0.180882 0.115234 0.167647
0 0.304688 0.317647 0.113281 0.102941
0 0.396973 0.316176 0.071289 0.105882
0 0.465820 0.311765 0.066406 0.097059
0 0.532715 0.311765 0.067383 0.097059
0 0.600586 0.312500 0.068359 0.098529
0 0.691895 0.314706 0.114258 0.097059
0 0.308105 0.471324 0.104492 0.192647
0 0.377930 0.602941 0.035156 0.064706
0 0.380371 0.471324 0.030273 0.198529
0 0.617676 0.475000 0.030273 0.200000
0 0.617188 0.608088 0.031250 0.066176
0 0.601562 0.640441 0.000000 0.001471
0 0.688477 0.474265 0.101562 0.195588
0 0.689941 0.607353 0.098633 0.070588
0 0.467773 0.532353 0.062500 0.250000
0 0.530762 0.531618 0.063477 0.248529
0 0.306152 0.605147 0.100586 0.066176
