0 0.125000 0.133000 0.223333 0.110000
0 0.363333 0.124000 0.253333 0.132000
0 0.613333 0.115000 0.253333 0.122000
0 0.870000 0.109000 0.260000 0.134000
0 0.123333 0.261000 0.233333 0.146000
0 0.365000 0.254000 0.243333 0.156000
0 0.611667 0.250000 0.263333 0.156000
0 0.871667 0.248000 0.256667 0.164000
0 0.121667 0.463000 0.236667 0.262000
0 0.353333 0.457000 0.253333 0.262000
0 0.608333 0.461000 0.263333 0.270000
0 0.871667 0.460000 0.256667 0.276000
0 0.343333 0.727000 0.266667 0.270000
0 0.608333 0.733000 0.270000 0.266000
0 0.865000 0.740000 0.270000 0.272000
4 0.111667 0.724000 0.210000 0.260000
