0 0.340820 0.283203 0.146484 0.296875
0 0.342773 0.521484 0.142578 0.179688
0 0.625977 0.289062 0.142578 0.296875
0 0.632812 0.524414 0.128906 0.173828
0 0.924805 0.283203 0.130859 0.300781
0 0.924805 0.521484 0.130859 0.175781
0 0.055664 0.347656 0.107422 0.179688
0 0.055664 0.526367 0.107422 0.177734
0 0.055664 0.861328 0.107422 0.261719
0 0.343750 0.867188 0.144531 0.261719
0 0.633789 0.867188 0.134766 0.265625
0 0.924805 0.868164 0.138672 0.263672
0 0.055664 0.039062 0.107422 0.074219
0 0.336914 0.035156 0.138672 0.066406
0 0.634766 0.034180 0.132812 0.064453
0 0.913086 0.032227 0.123047 0.060547
