0 0.281250 0.374633 0.041016 0.095308
0 0.332520 0.375367 0.059570 0.099707
0 0.392578 0.376100 0.060547 0.101173
0 0.453613 0.376833 0.061523 0.099707
0 0.514160 0.375367 0.059570 0.096774
0 0.565918 0.376100 0.043945 0.095308
0 0.916504 0.153226 0.045898 0.101173
0 0.221191 0.476540 0.067383 0.076246
0 0.289551 0.478006 0.065430 0.082111
0 0.356445 0.478006 0.068359 0.082111
0 0.425293 0.478739 0.069336 0.080645
0 0.492676 0.478739 0.065430 0.080645
0 0.560059 0.479472 0.069336 0.079179
0 0.627441 0.480205 0.065430 0.080645
0 0.694336 0.480205 0.068359 0.080645
0 0.756836 0.486804 0.050781 0.067449
0 0.154297 0.480938 0.064453 0.073314
0 0.095703 0.479472 0.052734 0.076246
0 0.099121 0.560117 0.043945 0.087977
0 0.154297 0.563050 0.066406 0.090909
0 0.221680 0.563050 0.068359 0.090909
0 0.290039 0.562317 0.068359 0.089443
0 0.357422 0.563783 0.066406 0.086510
0 0.425293 0.563783 0.069336 0.086510
0 0.492676 0.563050 0.065430 0.087977
0 0.561035 0.563783 0.071289 0.089443
0 0.628418 0.565249 0.063477 0.086510
0 0.695801 0.565982 0.071289 0.087977
0 0.757324 0.566716 0.051758 0.086510
0 0.099609 0.650293 0.044922 0.092375
0 0.154297 0.652493 0.064453 0.090909
0 0.221680 0.651760 0.070312 0.089443
0 0.290039 0.652493 0.066406 0.087977
0 0.356934 0.640029 0.067383 0.063050
0 0.425293 0.640029 0.069336 0.063050
0 0.492676 0.640029 0.065430 0.063050
0 0.561035 0.640029 0.071289 0.063050
0 0.094727 0.744135 0.048828 0.092375
0 0.153320 0.741935 0.066406 0.093842
0 0.221680 0.744135 0.070312 0.089443
0 0.289551 0.746334 0.065430 0.093842
0 0.346680 0.748534 0.046875 0.107038
0 0.386230 0.748534 0.032227 0.107038
0 0.419922 0.749267 0.033203 0.108504
0 0.473633 0.750000 0.074219 0.107038
0 0.526855 0.749267 0.032227 0.105572
0 0.559570 0.750733 0.033203 0.102639
3 0.495605 0.804252 0.036133 0.136364
3 0.598633 0.747801 0.023438 0.058651
3 0.617676 0.747801 0.018555 0.049853
3 0.333008 0.825513 0.058594 0.152493
3 0.057617 0.808651 0.037109 0.089443
3 0.097168 0.806452 0.038086 0.087977
3 0.186035 0.793988 0.041992 0.107038
3 0.216797 0.759531 0.029297 0.093842
