0 0.010254 0.040323 0.018555 0.077713
0 0.053223 0.040323 0.065430 0.077713
0 0.106934 0.039589 0.041992 0.076246
0 0.160156 0.039589 0.064453 0.076246
0 0.221680 0.041789 0.058594 0.074780
0 0.283691 0.040323 0.065430 0.071848
0 0.337402 0.038856 0.041992 0.074780
0 0.392090 0.039589 0.067383 0.076246
0 0.453613 0.039589 0.055664 0.076246
0 0.514160 0.038123 0.065430 0.073314
0 0.568359 0.038123 0.042969 0.073314
0 0.621582 0.038856 0.063477 0.074780
0 0.682617 0.039589 0.058594 0.073314
0 0.743652 0.038856 0.063477 0.071848
0 0.796387 0.038856 0.041992 0.071848
0 0.849121 0.039589 0.063477 0.073314
0 0.907715 0.038856 0.053711 0.074780
0 0.967773 0.038123 0.058594 0.073314
0 0.010254 0.092375 0.018555 0.029326
0 0.052734 0.090176 0.066406 0.033724
0 0.105957 0.091642 0.041992 0.033724
0 0.159668 0.092375 0.065430 0.032258
0 0.221680 0.090909 0.058594 0.029326
0 0.283691 0.090909 0.065430 0.029326
0 0.338379 0.090176 0.043945 0.027859
0 0.393066 0.091642 0.065430 0.024927
0 0.452637 0.091642 0.053711 0.024927
0 0.513184 0.090176 0.067383 0.027859
0 0.567383 0.089443 0.041016 0.026393
0 0.620605 0.088710 0.065430 0.027859
0 0.681641 0.090176 0.056641 0.030792
0 0.742676 0.091642 0.065430 0.027859
0 0.796387 0.090909 0.041992 0.026393
0 0.849121 0.089443 0.063477 0.029326
0 0.909180 0.091642 0.056641 0.033724
0 0.967773 0.090909 0.060547 0.035191
0 0.010742 0.140029 0.017578 0.068915
0 0.052246 0.139296 0.065430 0.070381
0 0.105469 0.141496 0.041016 0.074780
0 0.158691 0.142229 0.065430 0.073314
0 0.220703 0.142962 0.058594 0.074780
0 0.282227 0.144428 0.064453 0.071848
0 0.334961 0.142229 0.041016 0.067449
0 0.390137 0.140762 0.069336 0.070381
0 0.452148 0.140762 0.054688 0.070381
0 0.514160 0.142229 0.069336 0.067449
0 0.568848 0.147361 0.040039 0.065982
0 0.622070 0.142229 0.066406 0.076246
0 0.685547 0.140029 0.060547 0.071848
0 0.746094 0.140029 0.060547 0.071848
0 0.798828 0.139296 0.044922 0.070381
0 0.851562 0.138563 0.060547 0.071848
0 0.911133 0.141496 0.058594 0.077713
0 0.969238 0.144428 0.057617 0.071848
0 0.010254 0.212610 0.018555 0.061584
0 0.052246 0.208211 0.063477 0.058651
0 0.104004 0.209677 0.040039 0.061584
0 0.156738 0.210411 0.065430 0.060117
0 0.219238 0.210411 0.059570 0.060117
0 0.282715 0.209677 0.067383 0.061584
0 0.335938 0.209677 0.039062 0.061584
0 0.389648 0.207478 0.068359 0.065982
0 0.453613 0.208211 0.059570 0.067449
0 0.515625 0.212610 0.064453 0.058651
0 0.568359 0.211144 0.041016 0.055718
0 0.620117 0.211877 0.062500 0.054252
0 0.682617 0.214076 0.062500 0.058651
0 0.746582 0.212610 0.065430 0.061584
0 0.800293 0.211144 0.041992 0.058651
0 0.851562 0.210411 0.060547 0.060117
0 0.912598 0.211144 0.061523 0.061584
0 0.971680 0.211877 0.056641 0.060117
0 0.009766 0.303519 0.017578 0.126100
0 0.049805 0.303519 0.066406 0.126100
0 0.103516 0.302786 0.041016 0.127566
0 0.156738 0.302053 0.065430 0.126100
0 0.218750 0.302053 0.058594 0.126100
0 0.281250 0.304252 0.066406 0.130499
0 0.335938 0.304985 0.042969 0.129032
0 0.389160 0.302786 0.063477 0.124633
0 0.452148 0.304252 0.062500 0.121701
0 0.516113 0.302786 0.065430 0.118768
0 0.568848 0.301320 0.040039 0.121701
0 0.621094 0.302786 0.064453 0.124633
0 0.683594 0.304985 0.060547 0.120235
0 0.746094 0.305718 0.064453 0.121701
0 0.799316 0.302786 0.041992 0.127566
0 0.851562 0.302786 0.062500 0.127566
0 0.913086 0.303519 0.060547 0.126100
0 0.971680 0.302786 0.056641 0.124633
0 0.008789 0.406158 0.015625 0.082111
0 0.050293 0.409824 0.069336 0.089443
0 0.105469 0.409824 0.041016 0.089443
0 0.158203 0.409091 0.064453 0.087977
0 0.220215 0.409824 0.059570 0.086510
0 0.283203 0.409824 0.066406 0.086510
0 0.337402 0.409091 0.041992 0.087977
0 0.391602 0.406891 0.066406 0.083578
0 0.454102 0.406891 0.058594 0.083578
0 0.516113 0.406891 0.065430 0.083578
0 0.568848 0.405425 0.040039 0.086510
0 0.622070 0.406158 0.066406 0.087977
0 0.684570 0.407625 0.058594 0.085044
0 0.746094 0.409824 0.064453 0.089443
0 0.799805 0.408358 0.042969 0.092375
0 0.851562 0.406158 0.060547 0.087977
0 0.913086 0.408358 0.062500 0.083578
0 0.971191 0.408358 0.053711 0.083578
0 0.970703 0.478006 0.054688 0.055718
0 0.912598 0.479472 0.061523 0.052786
0 0.853027 0.479472 0.057617 0.052786
0 0.801758 0.480938 0.044922 0.049853
0 0.748535 0.481672 0.061523 0.051320
0 0.687500 0.478739 0.060547 0.057185
0 0.625000 0.478006 0.064453 0.055718
0 0.570801 0.480938 0.043945 0.049853
0 0.516113 0.480938 0.065430 0.049853
0 0.454590 0.478006 0.057617 0.055718
0 0.392090 0.478006 0.067383 0.055718
0 0.337402 0.480205 0.041992 0.051320
0 0.284180 0.480205 0.064453 0.051320
0 0.221191 0.480205 0.061523 0.051320
0 0.158691 0.480205 0.063477 0.051320
0 0.105469 0.480205 0.042969 0.051320
0 0.051758 0.480938 0.064453 0.052786
0 0.011230 0.480938 0.016602 0.052786
0 0.010742 0.573314 0.017578 0.131965
0 0.051758 0.568182 0.064453 0.130499
0 0.105957 0.568915 0.041992 0.126100
0 0.159180 0.568182 0.064453 0.127566
0 0.222656 0.571848 0.062500 0.134897
0 0.285156 0.571848 0.062500 0.134897
0 0.338379 0.568182 0.043945 0.127566
0 0.392578 0.569648 0.064453 0.124633
0 0.453613 0.569648 0.057617 0.124633
0 0.515625 0.567449 0.066406 0.129032
0 0.569336 0.567449 0.041016 0.129032
0 0.624023 0.569648 0.068359 0.124633
0 0.686035 0.569648 0.055664 0.124633
0 0.747559 0.568182 0.067383 0.127566
0 0.802246 0.569648 0.041992 0.130499
0 0.854980 0.568915 0.063477 0.131965
0 0.916016 0.568915 0.058594 0.131965
0 0.972168 0.569648 0.053711 0.130499
0 0.010742 0.677419 0.019531 0.087977
0 0.052246 0.677419 0.063477 0.085044
0 0.104980 0.677419 0.041992 0.085044
0 0.158691 0.675953 0.065430 0.087977
0 0.221680 0.675220 0.060547 0.086510
0 0.284180 0.675220 0.064453 0.086510
0 0.337891 0.674487 0.042969 0.085044
0 0.392090 0.673754 0.065430 0.086510
0 0.454102 0.675220 0.058594 0.089443
0 0.517090 0.677419 0.067383 0.085044
0 0.572266 0.674487 0.042969 0.079179
0 0.011230 0.741202 0.020508 0.045455
0 0.053711 0.748534 0.064453 0.057185
0 0.106445 0.747801 0.041016 0.058651
0 0.159668 0.747801 0.065430 0.058651
0 0.223145 0.747801 0.061523 0.058651
0 0.286621 0.745601 0.065430 0.054252
0 0.338867 0.744868 0.039062 0.055718
0 0.391113 0.743402 0.065430 0.052786
0 0.453125 0.745601 0.058594 0.048387
0 0.515625 0.748534 0.066406 0.054252
0 0.568359 0.749267 0.039062 0.052786
0 0.622559 0.746334 0.069336 0.046921
0 0.687012 0.745601 0.059570 0.048387
0 0.748047 0.745601 0.062500 0.048387
0 0.800293 0.744868 0.041992 0.049853
0 0.853516 0.746334 0.064453 0.052786
0 0.914551 0.745601 0.057617 0.054252
0 0.971680 0.745601 0.056641 0.054252
0 0.972168 0.836510 0.055664 0.127566
0 0.915039 0.837977 0.058594 0.124633
0 0.854004 0.837243 0.063477 0.123167
0 0.802734 0.837243 0.039062 0.123167
0 0.751953 0.837243 0.062500 0.123167
0 0.689453 0.834311 0.062500 0.129032
0 0.625000 0.834311 0.066406 0.129032
0 0.572266 0.837977 0.039062 0.121701
0 0.518555 0.837243 0.068359 0.120235
0 0.455078 0.835044 0.058594 0.124633
0 0.392090 0.835044 0.067383 0.124633
0 0.338379 0.837243 0.040039 0.120235
0 0.285156 0.833578 0.066406 0.112903
0 0.224609 0.833578 0.054688 0.112903
0 0.162598 0.837977 0.069336 0.121701
0 0.106934 0.837977 0.041992 0.121701
0 0.053223 0.836510 0.065430 0.118768
0 0.011230 0.832845 0.018555 0.126100
0 0.011719 0.942082 0.021484 0.092375
0 0.055176 0.941349 0.065430 0.093842
0 0.108887 0.939883 0.041992 0.090909
0 0.162109 0.941349 0.064453 0.087977
0 0.224609 0.941349 0.060547 0.087977
0 0.286133 0.939150 0.062500 0.092375
0 0.338867 0.939150 0.042969 0.092375
0 0.393066 0.942082 0.065430 0.086510
0 0.456055 0.942082 0.060547 0.086510
0 0.520020 0.940616 0.067383 0.089443
0 0.572266 0.936217 0.037109 0.080645
0 0.623535 0.937683 0.065430 0.077713
0 0.687500 0.942082 0.062500 0.086510
0 0.750000 0.940616 0.062500 0.089443
0 0.801758 0.939883 0.041016 0.087977
0 0.853516 0.941349 0.062500 0.085044
0 0.914062 0.940616 0.058594 0.083578
0 0.971191 0.939150 0.055664 0.086510
