0 0.084961 0.068359 0.144531 0.134115
0 0.226562 0.066406 0.138672 0.130208
0 0.364258 0.068359 0.136719 0.126302
0 0.503418 0.067708 0.141602 0.125000
0 0.644043 0.066406 0.139648 0.127604
0 0.787109 0.067708 0.146484 0.130208
0 0.927246 0.067057 0.133789 0.131510
0 0.087891 0.496745 0.125000 0.571615
0 0.237305 0.496745 0.132812 0.574219
0 0.366699 0.494141 0.125977 0.579427
0 0.498535 0.492188 0.137695 0.575521
0 0.634277 0.494792 0.133789 0.570312
0 0.786621 0.494792 0.131836 0.562500
0 0.915527 0.489583 0.125977 0.572917
