0 0.403320 0.105469 0.064453 0.125000
0 0.461914 0.117188 0.048828 0.121094
0 0.504883 0.125977 0.044922 0.119141
0 0.552734 0.134766 0.046875 0.113281
0 0.600586 0.146484 0.044922 0.121094
0 0.642578 0.156250 0.035156 0.117188
0 0.673828 0.166992 0.031250 0.115234
0 0.405273 0.216797 0.060547 0.117188
0 0.458984 0.225586 0.046875 0.115234
0 0.505859 0.232422 0.042969 0.113281
0 0.550781 0.241211 0.046875 0.107422
0 0.596680 0.249023 0.044922 0.107422
0 0.639648 0.257812 0.041016 0.109375
0 0.675781 0.265625 0.027344 0.101562
0 0.403320 0.320312 0.060547 0.113281
0 0.458008 0.329102 0.048828 0.103516
0 0.504883 0.335938 0.044922 0.101562
0 0.550781 0.340820 0.046875 0.107422
0 0.595703 0.349609 0.046875 0.101562
0 0.638672 0.355469 0.039062 0.101562
0 0.674805 0.363281 0.033203 0.093750
0 0.401367 0.409180 0.056641 0.076172
0 0.458008 0.416992 0.048828 0.080078
0 0.505859 0.421875 0.046875 0.078125
0 0.550781 0.425781 0.042969 0.078125
0 0.598633 0.431641 0.048828 0.074219
0 0.639648 0.437500 0.044922 0.070312
0 0.676758 0.441406 0.033203 0.070312
0 0.404297 0.493164 0.062500 0.099609
0 0.458008 0.495117 0.048828 0.099609
0 0.505859 0.501953 0.046875 0.097656
0 0.551758 0.507812 0.048828 0.093750
0 0.596680 0.511719 0.044922 0.093750
0 0.640625 0.514648 0.042969 0.095703
0 0.674805 0.517578 0.033203 0.082031
0 0.399414 0.590820 0.064453 0.103516
0 0.458008 0.590820 0.052734 0.111328
0 0.506836 0.582031 0.044922 0.078125
0 0.506836 0.633789 0.044922 0.025391
0 0.554688 0.585938 0.050781 0.078125
0 0.551758 0.635742 0.052734 0.029297
0 0.597656 0.588867 0.046875 0.080078
0 0.598633 0.640625 0.048828 0.031250
0 0.639648 0.594727 0.041016 0.080078
0 0.638672 0.641602 0.039062 0.029297
0 0.676758 0.596680 0.029297 0.080078
0 0.677734 0.647461 0.031250 0.021484
0 0.728516 0.183594 0.027344 0.101562
0 0.761719 0.199219 0.042969 0.117188
0 0.799805 0.214844 0.037109 0.109375
0 0.834961 0.228516 0.037109 0.113281
0 0.871094 0.239258 0.035156 0.099609
0 0.730469 0.280273 0.027344 0.099609
0 0.762695 0.291992 0.041016 0.099609
0 0.803711 0.305664 0.037109 0.095703
0 0.836914 0.318359 0.033203 0.093750
0 0.871094 0.326172 0.039062 0.085938
0 0.728516 0.371094 0.027344 0.093750
0 0.763672 0.383789 0.039062 0.095703
0 0.800781 0.391602 0.035156 0.095703
0 0.838867 0.401367 0.033203 0.091797
0 0.873047 0.409180 0.039062 0.095703
0 0.729492 0.452148 0.029297 0.068359
0 0.763672 0.457031 0.039062 0.070312
0 0.803711 0.464844 0.037109 0.062500
0 0.838867 0.472656 0.037109 0.066406
0 0.875000 0.477539 0.035156 0.064453
0 0.904297 0.481445 0.023438 0.060547
0 0.730469 0.523438 0.027344 0.082031
0 0.764648 0.526367 0.041016 0.087891
0 0.803711 0.531250 0.041016 0.085938
0 0.839844 0.539062 0.035156 0.082031
0 0.872070 0.544922 0.033203 0.078125
0 0.902344 0.545898 0.023438 0.072266
0 0.729492 0.599609 0.029297 0.074219
0 0.764648 0.604492 0.044922 0.076172
0 0.804688 0.607422 0.039062 0.074219
0 0.839844 0.610352 0.035156 0.076172
0 0.875000 0.614258 0.039062 0.072266
0 0.904297 0.625000 0.027344 0.085938
0 0.729492 0.646484 0.029297 0.023438
0 0.764648 0.645508 0.044922 0.017578
0 0.806641 0.648438 0.039062 0.019531
0 0.843750 0.652344 0.035156 0.019531
0 0.875977 0.655273 0.029297 0.025391
0 0.319336 0.230469 0.021484 0.097656
0 0.321289 0.154297 0.017578 0.062500
0 0.322266 0.326172 0.027344 0.109375
0 0.320312 0.413086 0.027344 0.072266
0 0.321289 0.489258 0.033203 0.080078
0 0.319336 0.573242 0.033203 0.083984
0 0.318359 0.626953 0.039062 0.023438
0 0.120117 0.249023 0.041016 0.087891
0 0.156250 0.233398 0.031250 0.083984
0 0.190430 0.216797 0.037109 0.082031
0 0.225586 0.202148 0.033203 0.080078
0 0.257812 0.184570 0.027344 0.072266
0 0.121094 0.320312 0.035156 0.089844
0 0.155273 0.304688 0.033203 0.093750
0 0.191406 0.292969 0.035156 0.097656
0 0.226562 0.278320 0.035156 0.107422
0 0.256836 0.264648 0.029297 0.107422
0 0.122070 0.400391 0.029297 0.093750
0 0.154297 0.390625 0.035156 0.097656
0 0.191406 0.377930 0.035156 0.099609
0 0.225586 0.369141 0.033203 0.105469
0 0.253906 0.358398 0.027344 0.103516
0 0.122070 0.470703 0.033203 0.066406
0 0.155273 0.460938 0.037109 0.070312
0 0.189453 0.452148 0.035156 0.072266
0 0.220703 0.445312 0.031250 0.074219
0 0.251953 0.435547 0.031250 0.074219
0 0.120117 0.538086 0.033203 0.083984
0 0.155273 0.531250 0.033203 0.085938
0 0.187500 0.526367 0.031250 0.091797
0 0.221680 0.551758 0.037109 0.166016
0 0.251953 0.546875 0.031250 0.167969
0 0.116211 0.615234 0.037109 0.078125
0 0.153320 0.605469 0.037109 0.074219
0 0.117188 0.657227 0.035156 0.025391
0 0.153320 0.651367 0.037109 0.025391
0 0.188477 0.646484 0.033203 0.027344
0 0.222656 0.641602 0.035156 0.025391
0 0.252930 0.639648 0.029297 0.025391
0 0.040039 0.288086 0.029297 0.072266
0 0.039062 0.351562 0.031250 0.078125
0 0.041016 0.429688 0.027344 0.085938
0 0.041992 0.496094 0.029297 0.066406
0 0.013672 0.501953 0.023438 0.058594
0 0.046875 0.561523 0.023438 0.080078
0 0.047852 0.623047 0.029297 0.066406
0 0.017578 0.561523 0.019531 0.080078
0 0.020508 0.626953 0.025391 0.066406
0 0.935547 0.276367 0.035156 0.095703
0 0.966797 0.283203 0.031250 0.097656
0 0.939453 0.353516 0.023438 0.082031
0 0.969727 0.364258 0.033203 0.080078
0 0.941406 0.425781 0.027344 0.082031
0 0.940430 0.485352 0.025391 0.048828
0 0.404297 0.699219 0.062500 0.046875
0 0.458008 0.704102 0.048828 0.041016
0 0.503906 0.705078 0.042969 0.039062
0 0.551758 0.706055 0.052734 0.041016
0 0.599609 0.706055 0.042969 0.041016
0 0.640625 0.707031 0.039062 0.042969
0 0.672852 0.707031 0.025391 0.042969
0 0.404297 0.762695 0.062500 0.083984
0 0.458984 0.764648 0.046875 0.080078
0 0.506836 0.763672 0.048828 0.078125
0 0.552734 0.764648 0.042969 0.076172
0 0.596680 0.765625 0.044922 0.078125
0 0.640625 0.766602 0.042969 0.076172
0 0.675781 0.767578 0.027344 0.078125
0 0.675781 0.842773 0.027344 0.072266
0 0.641602 0.841797 0.041016 0.074219
0 0.597656 0.842773 0.046875 0.076172
0 0.551758 0.841797 0.044922 0.074219
0 0.505859 0.842773 0.046875 0.076172
0 0.458984 0.841797 0.046875 0.078125
0 0.405273 0.843750 0.060547 0.082031
0 0.405273 0.919922 0.060547 0.070312
0 0.458984 0.916992 0.046875 0.076172
0 0.506836 0.916016 0.048828 0.074219
0 0.553711 0.916992 0.044922 0.072266
0 0.600586 0.916992 0.048828 0.072266
0 0.644531 0.916992 0.039062 0.072266
0 0.670898 0.915039 0.013672 0.068359
0 0.734375 0.713867 0.031250 0.044922
0 0.765625 0.716797 0.031250 0.039062
0 0.800781 0.715820 0.039062 0.037109
0 0.837891 0.716797 0.035156 0.035156
0 0.870117 0.719727 0.029297 0.041016
0 0.897461 0.718750 0.025391 0.042969
0 0.734375 0.772461 0.031250 0.076172
0 0.765625 0.772461 0.031250 0.076172
0 0.801758 0.771484 0.041016 0.074219
0 0.838867 0.771484 0.033203 0.074219
0 0.872070 0.773438 0.033203 0.078125
0 0.898438 0.775391 0.019531 0.074219
0 0.733398 0.843750 0.029297 0.066406
0 0.764648 0.842773 0.033203 0.068359
0 0.801758 0.843750 0.041016 0.070312
0 0.839844 0.842773 0.035156 0.072266
0 0.873047 0.843750 0.031250 0.074219
0 0.899414 0.843750 0.021484 0.074219
0 0.767578 0.913086 0.035156 0.072266
0 0.802734 0.914062 0.035156 0.070312
0 0.838867 0.912109 0.037109 0.066406
0 0.871094 0.912109 0.035156 0.066406
0 0.901367 0.911133 0.025391 0.064453
0 0.148438 0.760742 0.035156 0.068359
0 0.184570 0.763672 0.037109 0.074219
0 0.220703 0.762695 0.035156 0.076172
0 0.251953 0.760742 0.027344 0.072266
0 0.250977 0.833984 0.029297 0.074219
0 0.218750 0.834961 0.035156 0.072266
0 0.183594 0.836914 0.035156 0.076172
0 0.147461 0.836914 0.037109 0.076172
0 0.150391 0.910156 0.039062 0.074219
0 0.186523 0.909180 0.037109 0.072266
0 0.222656 0.909180 0.035156 0.076172
0 0.252930 0.910156 0.025391 0.078125
