0 0.407227 0.268328 0.052734 0.046921
0 0.458984 0.268328 0.050781 0.046921
0 0.510254 0.268328 0.051758 0.046921
0 0.561523 0.268328 0.050781 0.046921
0 0.611816 0.267595 0.049805 0.045455
0 0.662109 0.266862 0.050781 0.046921
0 0.712402 0.267595 0.049805 0.048387
0 0.761719 0.266862 0.048828 0.049853
0 0.811523 0.266862 0.050781 0.049853
0 0.861328 0.267595 0.048828 0.048387
0 0.910645 0.265396 0.049805 0.043988
0 0.960449 0.262463 0.049805 0.049853
0 0.406250 0.352639 0.050781 0.121701
0 0.457520 0.353372 0.051758 0.120235
0 0.508789 0.354106 0.050781 0.121701
0 0.560059 0.353372 0.051758 0.123167
0 0.611328 0.351906 0.050781 0.120235
0 0.663086 0.353372 0.052734 0.120235
0 0.713379 0.352639 0.047852 0.118768
0 0.762695 0.351906 0.050781 0.120235
0 0.812988 0.351906 0.049805 0.120235
0 0.862793 0.340176 0.049805 0.093842
0 0.912109 0.339443 0.048828 0.095308
0 0.961426 0.333578 0.049805 0.101173
0 0.457520 0.472874 0.051758 0.118768
0 0.508789 0.474340 0.050781 0.118768
0 0.560547 0.470674 0.052734 0.111437
0 0.612305 0.469208 0.050781 0.114370
0 0.662598 0.468475 0.049805 0.112903
0 0.712402 0.468475 0.049805 0.112903
0 0.762207 0.469208 0.049805 0.114370
0 0.813965 0.435484 0.051758 0.052786
0 0.380859 0.175953 0.048828 0.120235
0 0.431641 0.176686 0.052734 0.118768
0 0.482910 0.177419 0.049805 0.120235
0 0.534180 0.177419 0.052734 0.120235
0 0.585449 0.175953 0.049805 0.117302
0 0.636230 0.175220 0.051758 0.118768
0 0.687500 0.176686 0.050781 0.121701
0 0.737305 0.177419 0.048828 0.120235
0 0.785645 0.175953 0.047852 0.117302
0 0.834961 0.175953 0.050781 0.117302
0 0.886230 0.175953 0.051758 0.117302
0 0.936523 0.175953 0.048828 0.117302
0 0.979004 0.175953 0.036133 0.117302
0 0.381348 0.089443 0.047852 0.052786
0 0.431152 0.088710 0.051758 0.054252
0 0.482422 0.088710 0.050781 0.054252
0 0.534180 0.088710 0.052734 0.054252
0 0.585938 0.088710 0.050781 0.054252
0 0.635742 0.088710 0.048828 0.054252
0 0.685059 0.087977 0.049805 0.052786
0 0.736328 0.087977 0.052734 0.052786
0 0.787598 0.087977 0.049805 0.052786
0 0.837891 0.087977 0.050781 0.052786
0 0.887207 0.088710 0.047852 0.054252
0 0.936035 0.088710 0.049805 0.054252
0 0.979492 0.087977 0.037109 0.052786
0 0.381836 0.043988 0.046875 0.035191
0 0.429688 0.045455 0.048828 0.032258
0 0.480957 0.042522 0.053711 0.026393
0 0.533203 0.042522 0.050781 0.026393
0 0.585938 0.044721 0.054688 0.030792
0 0.637695 0.044721 0.048828 0.030792
0 0.686523 0.043988 0.048828 0.029326
0 0.736328 0.043988 0.050781 0.029326
0 0.786621 0.045455 0.049805 0.032258
0 0.836426 0.045455 0.049805 0.032258
0 0.886230 0.044721 0.049805 0.030792
0 0.934570 0.043988 0.046875 0.032258
0 0.978027 0.044721 0.040039 0.033724
0 0.895020 0.203812 0.000977 0.002933
4 0.404785 0.473607 0.040039 0.114370
0 0.320801 0.405425 0.036133 0.107038
0 0.289062 0.441349 0.027344 0.167155
0 0.269043 0.412023 0.014648 0.096774
0 0.321777 0.199413 0.036133 0.146628
0 0.291504 0.212610 0.028320 0.149560
0 0.271484 0.228739 0.013672 0.134897
0 0.331543 0.045455 0.018555 0.041056
0 0.309570 0.060117 0.025391 0.049853
0 0.291016 0.080645 0.011719 0.038123
