0 0.259766 0.246094 0.136719 0.097656
0 0.495117 0.247070 0.333984 0.095703
0 0.722656 0.246094 0.121094 0.093750
0 0.722656 0.340820 0.121094 0.095703
0 0.258789 0.341797 0.138672 0.101562
0 0.411133 0.343750 0.166016 0.097656
0 0.578125 0.339844 0.167969 0.089844
0 0.257812 0.435547 0.136719 0.093750
0 0.411133 0.435547 0.169922 0.093750
0 0.580078 0.438477 0.167969 0.099609
0 0.726562 0.438477 0.125000 0.099609
0 0.254883 0.526367 0.142578 0.087891
0 0.410156 0.526367 0.167969 0.087891
0 0.579102 0.526367 0.169922 0.087891
0 0.724609 0.529297 0.121094 0.082031
0 0.956055 0.179688 0.080078 0.082031
0 0.954102 0.266602 0.083984 0.091797
0 0.953125 0.355469 0.082031 0.085938
0 0.955078 0.429688 0.078125 0.062500
0 0.204102 0.638672 0.044922 0.105469
0 0.249023 0.641602 0.044922 0.099609
0 0.307617 0.641602 0.072266 0.099609
0 0.360352 0.640625 0.033203 0.101562
0 0.397461 0.640625 0.041016 0.101562
0 0.437500 0.640625 0.039062 0.101562
0 0.477539 0.640625 0.041016 0.101562
0 0.515625 0.640625 0.035156 0.101562
0 0.555664 0.641602 0.044922 0.103516
0 0.602539 0.640625 0.048828 0.105469
0 0.644531 0.638672 0.035156 0.101562
0 0.685547 0.639648 0.046875 0.099609
0 0.729492 0.640625 0.041016 0.101562
0 0.771484 0.639648 0.042969 0.103516
0 0.205078 0.739258 0.042969 0.095703
0 0.248047 0.739258 0.042969 0.095703
0 0.306641 0.739258 0.074219 0.095703
0 0.361328 0.739258 0.035156 0.095703
0 0.398438 0.738281 0.039062 0.093750
0 0.437500 0.738281 0.039062 0.093750
0 0.476562 0.738281 0.039062 0.093750
0 0.514648 0.738281 0.037109 0.093750
0 0.553711 0.738281 0.041016 0.093750
0 0.591797 0.738281 0.035156 0.093750
0 0.632812 0.738281 0.046875 0.093750
0 0.683594 0.738281 0.054688 0.093750
0 0.729492 0.737305 0.037109 0.091797
0 0.770508 0.737305 0.044922 0.091797
0 0.206055 0.834961 0.044922 0.095703
0 0.249023 0.834961 0.041016 0.095703
0 0.305664 0.834961 0.072266 0.095703
0 0.360352 0.833984 0.037109 0.097656
0 0.398438 0.833008 0.039062 0.095703
0 0.437500 0.833984 0.039062 0.093750
0 0.476562 0.833008 0.039062 0.091797
0 0.514648 0.833008 0.037109 0.091797
0 0.554688 0.833984 0.042969 0.093750
0 0.591797 0.833984 0.031250 0.093750
0 0.630859 0.833984 0.046875 0.093750
0 0.682617 0.832031 0.056641 0.097656
0 0.728516 0.831055 0.035156 0.095703
0 0.769531 0.831055 0.046875 0.095703
0 0.206055 0.922852 0.044922 0.080078
0 0.249023 0.921875 0.041016 0.082031
0 0.304688 0.919922 0.070312 0.078125
0 0.359375 0.920898 0.039062 0.076172
0 0.398438 0.920898 0.039062 0.076172
0 0.438477 0.918945 0.041016 0.080078
0 0.477539 0.918945 0.037109 0.080078
0 0.514648 0.919922 0.037109 0.078125
0 0.554688 0.918945 0.042969 0.076172
0 0.592773 0.917969 0.033203 0.078125
0 0.618164 0.916992 0.017578 0.076172
0 0.640625 0.917969 0.027344 0.074219
0 0.677734 0.918945 0.046875 0.076172
0 0.724609 0.917969 0.046875 0.078125
0 0.770508 0.917969 0.044922 0.078125
