0 0.135742 0.062500 0.099609 0.121094
0 0.232422 0.079102 0.089844 0.154297
0 0.323242 0.089844 0.080078 0.175781
0 0.129883 0.208008 0.091797 0.228516
0 0.228516 0.233398 0.097656 0.212891
0 0.319336 0.268555 0.080078 0.197266
0 0.132812 0.407227 0.101562 0.208984
0 0.229492 0.422852 0.091797 0.208984
0 0.322266 0.452148 0.085938 0.208984
0 0.131836 0.599609 0.091797 0.207031
0 0.227539 0.617188 0.095703 0.191406
0 0.316406 0.631836 0.082031 0.181641
0 0.132812 0.797852 0.093750 0.201172
0 0.231445 0.806641 0.095703 0.203125
0 0.320312 0.814453 0.082031 0.179688
0 0.132812 0.946289 0.089844 0.107422
0 0.232422 0.949219 0.101562 0.101562
0 0.326172 0.950195 0.085938 0.099609
0 0.890625 0.066406 0.062500 0.128906
0 0.807617 0.041016 0.052734 0.078125
0 0.750977 0.026367 0.060547 0.048828
0 0.888672 0.181641 0.050781 0.144531
0 0.804688 0.138672 0.050781 0.144531
0 0.751953 0.108398 0.058594 0.146484
0 0.681641 0.081055 0.062500 0.134766
0 0.611328 0.060547 0.066406 0.117188
0 0.537109 0.041992 0.074219 0.080078
0 0.455078 0.026367 0.074219 0.048828
0 0.458008 0.133789 0.080078 0.181641
0 0.539062 0.162109 0.078125 0.160156
0 0.614258 0.197266 0.068359 0.160156
0 0.687500 0.228516 0.070312 0.152344
0 0.748047 0.254883 0.058594 0.142578
0 0.810547 0.281250 0.058594 0.140625
0 0.888672 0.311523 0.050781 0.138672
0 0.456055 0.306641 0.080078 0.179688
0 0.538086 0.332031 0.076172 0.175781
0 0.615234 0.361328 0.070312 0.175781
0 0.686523 0.378906 0.064453 0.164062
0 0.749023 0.403320 0.064453 0.162109
0 0.812500 0.421875 0.062500 0.160156
0 0.891602 0.447266 0.056641 0.148438
0 0.460938 0.484375 0.074219 0.183594
0 0.539062 0.501953 0.078125 0.175781
0 0.618164 0.527344 0.076172 0.171875
0 0.687500 0.544922 0.062500 0.171875
0 0.750000 0.557617 0.058594 0.162109
0 0.809570 0.574219 0.052734 0.167969
0 0.892578 0.588867 0.054688 0.150391
0 0.462891 0.663086 0.070312 0.169922
0 0.541992 0.670898 0.076172 0.166016
0 0.616211 0.685547 0.076172 0.179688
0 0.685547 0.697266 0.062500 0.160156
0 0.749023 0.708984 0.060547 0.160156
0 0.811523 0.721680 0.060547 0.162109
0 0.894531 0.737305 0.054688 0.146484
0 0.462891 0.833008 0.078125 0.181641
0 0.543945 0.841797 0.080078 0.171875
0 0.619141 0.851562 0.070312 0.167969
0 0.690430 0.856445 0.068359 0.162109
0 0.752930 0.862305 0.068359 0.158203
0 0.813477 0.868164 0.064453 0.150391
0 0.897461 0.881836 0.056641 0.146484
0 0.460938 0.959961 0.074219 0.080078
0 0.541016 0.960938 0.074219 0.078125
0 0.619141 0.964844 0.066406 0.070312
0 0.687500 0.966797 0.062500 0.066406
0 0.750977 0.969727 0.064453 0.060547
0 0.815430 0.971680 0.064453 0.056641
0 0.897461 0.976562 0.052734 0.046875
