0 0.192871 0.073206 0.094727 0.143485
0 0.267090 0.076135 0.055664 0.137628
0 0.313965 0.136164 0.038086 0.017570
0 0.313965 0.071010 0.034180 0.092240
0 0.314453 0.016105 0.037109 0.023426
0 0.379395 0.076867 0.092773 0.144949
0 0.442871 0.139824 0.034180 0.019034
0 0.444824 0.068814 0.034180 0.079063
0 0.444824 0.015373 0.034180 0.027818
0 0.492188 0.074671 0.060547 0.146413
0 0.550781 0.076867 0.056641 0.142020
0 0.596680 0.017570 0.035156 0.023426
0 0.597656 0.068082 0.033203 0.077599
0 0.598145 0.136896 0.034180 0.024890
0 0.662598 0.075403 0.094727 0.147877
0 0.738281 0.076135 0.056641 0.143485
0 0.784668 0.136164 0.036133 0.023426
0 0.787109 0.073206 0.035156 0.087848
0 0.787109 0.016837 0.035156 0.024890
0 0.850586 0.076135 0.091797 0.143485
0 0.926270 0.074671 0.057617 0.140556
0 0.973633 0.134700 0.037109 0.020498
0 0.979004 0.074671 0.040039 0.090776
0 0.974121 0.019034 0.036133 0.029283
0 0.024902 0.068082 0.034180 0.086384
0 0.038086 0.429722 0.046875 0.065886
0 0.085449 0.428990 0.047852 0.067350
0 0.133301 0.430454 0.047852 0.070278
0 0.181152 0.430454 0.047852 0.070278
0 0.229980 0.428990 0.049805 0.067350
0 0.278320 0.428990 0.046875 0.067350
0 0.326660 0.428990 0.049805 0.067350
0 0.375977 0.429722 0.048828 0.065886
0 0.423828 0.431186 0.046875 0.068814
0 0.472168 0.431918 0.049805 0.067350
0 0.520020 0.431918 0.045898 0.067350
0 0.566895 0.432650 0.047852 0.065886
0 0.615723 0.433382 0.049805 0.067350
0 0.665039 0.434114 0.048828 0.065886
0 0.038086 0.546120 0.048828 0.163982
0 0.085938 0.546120 0.046875 0.163982
0 0.133789 0.546120 0.048828 0.163982
0 0.182129 0.545388 0.047852 0.165447
0 0.230469 0.546852 0.048828 0.168375
0 0.278809 0.547584 0.047852 0.166911
0 0.327148 0.548316 0.048828 0.168375
0 0.375977 0.549048 0.048828 0.166911
0 0.423340 0.549048 0.045898 0.166911
0 0.474121 0.551245 0.036133 0.142020
0 0.520508 0.549780 0.035156 0.139092
0 0.713379 0.433382 0.047852 0.070278
0 0.760742 0.433382 0.046875 0.070278
0 0.809082 0.431186 0.049805 0.065886
0 0.858887 0.431186 0.049805 0.065886
0 0.906250 0.431918 0.044922 0.067350
0 0.953613 0.431918 0.049805 0.067350
0 0.988770 0.431918 0.020508 0.067350
0 0.989258 0.547584 0.019531 0.163982
0 0.955078 0.547584 0.048828 0.163982
0 0.906738 0.548316 0.047852 0.165447
0 0.858887 0.548316 0.047852 0.165447
0 0.810547 0.546852 0.048828 0.162518
0 0.762695 0.548316 0.046875 0.159590
0 0.713867 0.549780 0.050781 0.162518
0 0.665039 0.548316 0.046875 0.165447
0 0.617676 0.547584 0.047852 0.163982
0 0.568359 0.548316 0.050781 0.162518
4 0.495605 0.549048 0.096680 0.169839
