0 0.025391 0.303711 0.046875 0.146484
0 0.112305 0.284180 0.111328 0.162109
0 0.217773 0.261719 0.119141 0.171875
0 0.342773 0.235352 0.126953 0.173828
0 0.479492 0.208008 0.146484 0.185547
0 0.629883 0.181641 0.166016 0.210938
0 0.800781 0.147461 0.179688 0.244141
0 0.941406 0.120117 0.113281 0.236328
0 0.026367 0.453125 0.048828 0.171875
0 0.101562 0.444336 0.109375 0.185547
0 0.215820 0.431641 0.126953 0.191406
0 0.339844 0.418945 0.132812 0.201172
0 0.473633 0.395508 0.142578 0.220703
0 0.585938 0.334961 0.070312 0.099609
0 0.668945 0.327148 0.087891 0.111328
0 0.625977 0.435547 0.169922 0.128906
0 0.797852 0.367188 0.169922 0.238281
0 0.945312 0.312500 0.109375 0.132812
0 0.947266 0.421875 0.105469 0.097656
0 0.024414 0.573242 0.044922 0.068359
0 0.025391 0.650391 0.046875 0.078125
0 0.103516 0.650391 0.109375 0.085938
0 0.105469 0.570312 0.109375 0.085938
0 0.214844 0.602539 0.113281 0.173828
0 0.339844 0.599609 0.125000 0.183594
0 0.470703 0.593750 0.140625 0.187500
0 0.625977 0.588867 0.166016 0.197266
0 0.796875 0.534180 0.175781 0.119141
0 0.805664 0.633789 0.169922 0.091797
0 0.942383 0.531250 0.115234 0.113281
0 0.946289 0.636719 0.107422 0.101562
0 0.025391 0.710938 0.046875 0.035156
0 0.103516 0.710938 0.109375 0.046875
0 0.218750 0.712891 0.113281 0.039062
0 0.342773 0.702148 0.126953 0.041016
0 0.475586 0.712891 0.142578 0.054688
0 0.624023 0.708984 0.173828 0.054688
0 0.798828 0.706055 0.183594 0.048828
0 0.941406 0.706055 0.113281 0.048828
0 0.025391 0.801758 0.046875 0.142578
0 0.102539 0.808594 0.107422 0.152344
0 0.218750 0.811523 0.117188 0.166016
0 0.337891 0.821289 0.121094 0.166016
0 0.469727 0.825195 0.142578 0.177734
0 0.622070 0.829102 0.162109 0.189453
0 0.797852 0.830078 0.177734 0.203125
0 0.944336 0.833008 0.103516 0.205078
