0 0.054199 0.093478 0.102539 0.114493
0 0.173828 0.092029 0.136719 0.117391
0 0.305176 0.087681 0.125977 0.108696
0 0.437988 0.087681 0.139648 0.108696
0 0.571777 0.089130 0.127930 0.111594
0 0.703125 0.089130 0.134766 0.111594
0 0.835449 0.086957 0.129883 0.107246
0 0.941895 0.085507 0.083008 0.110145
0 0.052734 0.326087 0.099609 0.356522
0 0.171875 0.324638 0.138672 0.359420
0 0.304199 0.322464 0.125977 0.355072
0 0.437500 0.321014 0.140625 0.357971
0 0.571777 0.317391 0.127930 0.350725
0 0.703125 0.316667 0.134766 0.352174
0 0.834473 0.317391 0.127930 0.353623
0 0.940918 0.319565 0.084961 0.349275
