0 0.220703 0.256836 0.195312 0.232422
0 0.387695 0.246094 0.142578 0.246094
0 0.545898 0.228516 0.138672 0.238281
0 0.707031 0.225586 0.171875 0.240234
0 0.891602 0.167969 0.162109 0.273438
0 0.214844 0.523438 0.183594 0.277344
0 0.390625 0.510742 0.148438 0.259766
0 0.542969 0.504883 0.136719 0.267578
0 0.707031 0.502930 0.167969 0.255859
0 0.882812 0.495117 0.183594 0.271484
0 0.393555 0.818359 0.146484 0.230469
0 0.541016 0.817383 0.148438 0.232422
0 0.705078 0.812500 0.179688 0.222656
0 0.873047 0.811523 0.156250 0.224609
0 0.975586 0.817383 0.048828 0.236328
0 0.280273 0.815430 0.056641 0.228516
