0 0.259766 0.063477 0.101562 0.080078
0 0.326172 0.060547 0.039062 0.082031
0 0.364258 0.062500 0.037109 0.078125
0 0.474609 0.064453 0.089844 0.082031
0 0.575195 0.066406 0.111328 0.078125
0 0.673828 0.063477 0.085938 0.072266
0 0.748047 0.065430 0.042969 0.083984
0 0.782227 0.066406 0.025391 0.082031
0 0.851562 0.067383 0.117188 0.083984
0 0.259766 0.204102 0.097656 0.064453
0 0.349609 0.203125 0.082031 0.066406
0 0.256836 0.274414 0.091797 0.076172
0 0.346680 0.277344 0.087891 0.070312
0 0.257812 0.358398 0.105469 0.091797
0 0.351562 0.360352 0.082031 0.087891
0 0.474609 0.280273 0.093750 0.236328
0 0.579102 0.277344 0.115234 0.242188
0 0.681641 0.276367 0.089844 0.240234
0 0.750977 0.357422 0.044922 0.078125
0 0.750000 0.282227 0.046875 0.072266
0 0.750977 0.204102 0.044922 0.083984
0 0.840820 0.205078 0.134766 0.085938
0 0.841797 0.283203 0.132812 0.070312
0 0.841797 0.360352 0.132812 0.083984
0 0.260742 0.593750 0.099609 0.070312
0 0.356445 0.591797 0.091797 0.074219
0 0.259766 0.664062 0.093750 0.070312
0 0.353516 0.665039 0.093750 0.068359
0 0.261719 0.740234 0.097656 0.085938
0 0.356445 0.743164 0.091797 0.080078
0 0.474609 0.666016 0.097656 0.230469
0 0.579102 0.666016 0.111328 0.230469
0 0.679688 0.666016 0.085938 0.230469
0 0.749023 0.740234 0.052734 0.082031
0 0.755859 0.665039 0.039062 0.068359
0 0.756836 0.589844 0.041016 0.082031
0 0.839844 0.590820 0.125000 0.083984
0 0.837891 0.666016 0.128906 0.066406
0 0.837891 0.741211 0.128906 0.083984
0 0.260742 0.956055 0.087891 0.083984
0 0.344727 0.958984 0.076172 0.078125
0 0.478516 0.959961 0.089844 0.080078
0 0.579102 0.959961 0.111328 0.080078
0 0.677734 0.956055 0.082031 0.083984
0 0.758789 0.960938 0.041016 0.078125
0 0.822266 0.964844 0.082031 0.070312
