0 0.078125 0.307617 0.152344 0.134766
0 0.226562 0.307617 0.144531 0.134766
0 0.382812 0.306641 0.167969 0.132812
0 0.529297 0.306641 0.125000 0.132812
0 0.741211 0.306641 0.298828 0.132812
0 0.936523 0.305664 0.091797 0.134766
0 0.080078 0.515625 0.156250 0.152344
0 0.225586 0.516602 0.134766 0.146484
0 0.316406 0.515625 0.046875 0.144531
0 0.401367 0.513672 0.123047 0.148438
0 0.526367 0.515625 0.126953 0.152344
0 0.687500 0.516602 0.195312 0.150391
0 0.078125 0.746094 0.148438 0.148438
0 0.223633 0.746094 0.142578 0.148438
0 0.316406 0.745117 0.042969 0.146484
0 0.402344 0.746094 0.128906 0.144531
0 0.531250 0.748047 0.128906 0.148438
0 0.660156 0.749023 0.128906 0.146484
0 0.756836 0.750000 0.064453 0.148438
0 0.810547 0.747070 0.042969 0.154297
0 0.869141 0.743164 0.074219 0.146484
