0 0.036133 0.228006 0.058594 0.265396
0 0.035156 0.450880 0.058594 0.180352
0 0.037109 0.576979 0.062500 0.068915
0 0.036621 0.051320 0.057617 0.099707
0 0.205078 0.048387 0.078125 0.093842
0 0.285645 0.052053 0.079102 0.101173
0 0.366699 0.049120 0.079102 0.095308
0 0.445801 0.047654 0.077148 0.092375
0 0.526367 0.049120 0.082031 0.095308
0 0.607910 0.049120 0.081055 0.095308
0 0.686035 0.049120 0.073242 0.095308
0 0.764160 0.049853 0.083008 0.096774
0 0.844238 0.051320 0.081055 0.099707
0 0.206543 0.228006 0.079102 0.262463
0 0.286621 0.228739 0.081055 0.260997
0 0.367188 0.227273 0.080078 0.258065
0 0.447266 0.225073 0.080078 0.262463
0 0.528320 0.223607 0.082031 0.259531
0 0.608398 0.227273 0.078125 0.252199
0 0.687988 0.228739 0.081055 0.255132
0 0.767090 0.228739 0.077148 0.255132
0 0.846191 0.226540 0.081055 0.250733
0 0.207031 0.482405 0.080078 0.246334
0 0.288086 0.480205 0.082031 0.250733
0 0.369141 0.479472 0.080078 0.249267
0 0.448730 0.478006 0.079102 0.252199
0 0.526367 0.480938 0.082031 0.252199
0 0.608398 0.481672 0.082031 0.250733
0 0.687988 0.483871 0.077148 0.255132
0 0.767090 0.480205 0.081055 0.259531
0 0.845703 0.480205 0.078125 0.256598
1 0.113281 0.335777 0.097656 0.668622
1 0.942871 0.330645 0.104492 0.658358
