0 0.485135 0.382591 0.043243 0.076923
0 0.529054 0.379555 0.047297 0.078947
0 0.568243 0.382591 0.031081 0.072874
0 0.608784 0.384615 0.050000 0.076923
0 0.659459 0.382591 0.051351 0.080972
0 0.708108 0.381579 0.051351 0.070850
0 0.758108 0.383603 0.048649 0.070850
0 0.803378 0.383603 0.044595 0.070850
0 0.844595 0.385628 0.051351 0.074899
0 0.889865 0.385628 0.050000 0.074899
0 0.935135 0.383603 0.054054 0.074899
0 0.975676 0.386640 0.048649 0.076923
0 0.443243 0.381579 0.035135 0.074899
0 0.405405 0.381579 0.043243 0.078947
0 0.363514 0.381579 0.040541 0.087045
0 0.324324 0.384615 0.043243 0.080972
0 0.283784 0.383603 0.043243 0.074899
0 0.244595 0.381579 0.048649 0.070850
0 0.208108 0.381579 0.045946 0.070850
0 0.166892 0.383603 0.044595 0.074899
0 0.127027 0.379555 0.048649 0.082996
0 0.084459 0.383603 0.060811 0.074899
0 0.033108 0.381579 0.052703 0.078947
0 0.021622 0.522267 0.040541 0.085020
0 0.058784 0.523279 0.068919 0.087045
0 0.104730 0.525304 0.060811 0.087045
0 0.147297 0.525304 0.059459 0.082996
0 0.189189 0.525304 0.051351 0.082996
0 0.231757 0.524291 0.052703 0.080972
0 0.277027 0.524291 0.043243 0.093117
0 0.314865 0.523279 0.045946 0.099190
0 0.358784 0.521255 0.044595 0.099190
0 0.402027 0.526316 0.041892 0.089069
0 0.443243 0.526316 0.040541 0.089069
0 0.485811 0.524291 0.044595 0.093117
0 0.531081 0.524291 0.045946 0.089069
0 0.576351 0.523279 0.044595 0.091093
0 0.620270 0.520243 0.072973 0.089069
0 0.672973 0.519231 0.062162 0.091093
0 0.725000 0.520243 0.063514 0.085020
0 0.777703 0.520243 0.060811 0.093117
0 0.822973 0.524291 0.064865 0.085020
0 0.871622 0.521255 0.062162 0.082996
0 0.920270 0.525304 0.064865 0.078947
0 0.963514 0.524291 0.064865 0.080972
0 0.352703 0.681174 0.048649 0.107287
0 0.400676 0.684211 0.047297 0.101215
0 0.446622 0.682186 0.044595 0.097166
0 0.491216 0.682186 0.044595 0.097166
0 0.537838 0.682186 0.048649 0.097166
0 0.582432 0.682186 0.040541 0.097166
0 0.629054 0.687247 0.068919 0.095142
0 0.688514 0.683198 0.066216 0.095142
0 0.744595 0.682186 0.064865 0.097166
0 0.801351 0.682186 0.064865 0.097166
0 0.850000 0.682186 0.064865 0.097166
0 0.899324 0.683198 0.068919 0.099190
0 0.954054 0.685223 0.070270 0.099190
0 0.212838 0.683198 0.052703 0.095142
0 0.261486 0.681174 0.047297 0.091093
0 0.308784 0.685223 0.047297 0.103239
0 0.172297 0.682186 0.055405 0.101215
0 0.128378 0.681174 0.062162 0.099190
0 0.081757 0.680162 0.066216 0.093117
0 0.036486 0.683198 0.070270 0.095142
0 0.020946 0.867409 0.039189 0.119433
0 0.055405 0.867409 0.062162 0.127530
0 0.103378 0.867409 0.060811 0.119433
0 0.152703 0.868421 0.059459 0.129555
0 0.199324 0.871457 0.055405 0.123482
0 0.248649 0.866397 0.056757 0.121457
0 0.297973 0.864372 0.052703 0.125506
0 0.347297 0.866397 0.048649 0.121457
0 0.395946 0.869433 0.048649 0.119433
0 0.443919 0.869433 0.050000 0.119433
0 0.495946 0.867409 0.054054 0.115385
0 0.545946 0.871457 0.054054 0.119433
0 0.593919 0.871457 0.058108 0.123482
0 0.649324 0.871457 0.071622 0.119433
0 0.707432 0.870445 0.074324 0.125506
0 0.767568 0.874494 0.075676 0.117409
0 0.827703 0.873482 0.068919 0.119433
0 0.883108 0.869433 0.074324 0.119433
0 0.937162 0.868421 0.074324 0.117409
0 0.979730 0.868421 0.040541 0.105263
0 0.022297 0.260121 0.041892 0.066802
0 0.056081 0.258097 0.060811 0.066802
0 0.104730 0.253036 0.058108 0.064777
0 0.143919 0.258097 0.052703 0.054656
0 0.185811 0.256073 0.050000 0.062753
0 0.222297 0.260121 0.044595 0.054656
0 0.256757 0.257085 0.043243 0.056680
0 0.295270 0.260121 0.041892 0.058704
0 0.334459 0.261134 0.036486 0.064777
0 0.372297 0.259109 0.041892 0.068826
0 0.406757 0.260121 0.037838 0.066802
0 0.445270 0.261134 0.039189 0.064777
0 0.483108 0.263158 0.039189 0.064777
0 0.518919 0.260121 0.043243 0.062753
0 0.557432 0.260121 0.036486 0.062753
0 0.598649 0.258097 0.051351 0.058704
0 0.647973 0.261134 0.050000 0.056680
0 0.693243 0.258097 0.045946 0.058704
0 0.736486 0.258097 0.051351 0.066802
0 0.779054 0.259109 0.047297 0.060729
0 0.822973 0.261134 0.048649 0.064777
0 0.861486 0.258097 0.055405 0.066802
0 0.904054 0.262146 0.051351 0.066802
0 0.947973 0.263158 0.058108 0.064777
0 0.980405 0.262146 0.039189 0.066802
0 0.012838 0.149798 0.022973 0.056680
0 0.037838 0.147773 0.056757 0.052632
0 0.077027 0.147773 0.051351 0.064777
0 0.122297 0.151822 0.052703 0.060729
0 0.161486 0.150810 0.044595 0.058704
0 0.196622 0.152834 0.044595 0.058704
0 0.233108 0.153846 0.041892 0.056680
0 0.268919 0.151822 0.040541 0.056680
0 0.304054 0.152834 0.040541 0.058704
0 0.337162 0.149798 0.039189 0.060729
0 0.374324 0.150810 0.037838 0.058704
0 0.408784 0.150810 0.039189 0.058704
0 0.446622 0.150810 0.033784 0.058704
0 0.481757 0.151822 0.036486 0.060729
0 0.517568 0.151822 0.035135 0.060729
0 0.549324 0.149798 0.033784 0.060729
0 0.589189 0.150810 0.045946 0.058704
0 0.635135 0.149798 0.045946 0.056680
0 0.679054 0.149798 0.041892 0.056680
0 0.722297 0.149798 0.044595 0.056680
0 0.761486 0.151822 0.033784 0.052632
0 0.796622 0.150810 0.044595 0.050607
0 0.835811 0.151822 0.044595 0.052632
0 0.882432 0.156883 0.040541 0.054656
0 0.918919 0.154858 0.037838 0.062753
0 0.958108 0.151822 0.056757 0.060729
0 0.022297 0.053644 0.041892 0.054656
0 0.058108 0.054656 0.051351 0.048583
0 0.100000 0.054656 0.048649 0.048583
0 0.139865 0.050607 0.047297 0.048583
0 0.178378 0.052632 0.040541 0.052632
0 0.211486 0.053644 0.039189 0.058704
0 0.244595 0.050607 0.037838 0.052632
0 0.278378 0.052632 0.040541 0.056680
0 0.311486 0.053644 0.041892 0.058704
0 0.344595 0.054656 0.035135 0.056680
0 0.379730 0.055668 0.037838 0.058704
0 0.412162 0.055668 0.032432 0.062753
0 0.446622 0.053644 0.033784 0.054656
0 0.479730 0.053644 0.037838 0.050607
0 0.513514 0.053644 0.032432 0.054656
0 0.546622 0.056680 0.036486 0.056680
0 0.583108 0.055668 0.047297 0.050607
0 0.622973 0.056680 0.043243 0.052632
0 0.667568 0.057692 0.048649 0.050607
0 0.708784 0.055668 0.050000 0.050607
0 0.746622 0.055668 0.044595 0.054656
0 0.782432 0.054656 0.040541 0.052632
0 0.820946 0.055668 0.047297 0.054656
0 0.859459 0.055668 0.048649 0.054656
0 0.893243 0.058704 0.040541 0.048583
0 0.933784 0.057692 0.048649 0.050607
0 0.969595 0.059717 0.044595 0.046559
