3 0.422852 0.493402 0.093750 0.394428
0 0.060547 0.073314 0.119141 0.114370
0 0.190430 0.074780 0.166016 0.111437
0 0.054688 0.208211 0.107422 0.134897
0 0.183594 0.211144 0.175781 0.131965
0 0.050293 0.349707 0.098633 0.136364
0 0.173828 0.349707 0.181641 0.139296
0 0.073730 0.554985 0.145508 0.241935
0 0.248535 0.543255 0.209961 0.236070
0 0.382812 0.091642 0.166016 0.118768
0 0.546387 0.096041 0.161133 0.127566
0 0.385254 0.216276 0.168945 0.130499
0 0.553711 0.225073 0.167969 0.109971
0 0.558594 0.354106 0.177734 0.130499
0 0.711914 0.018328 0.111328 0.033724
0 0.836426 0.023460 0.141602 0.043988
0 0.720215 0.104106 0.135742 0.129032
0 0.850586 0.111437 0.154297 0.114370
0 0.733887 0.228739 0.131836 0.131965
0 0.867676 0.230938 0.163086 0.133431
0 0.745605 0.355572 0.139648 0.127566
0 0.880371 0.357771 0.166992 0.134897
