0 0.038086 0.061523 0.072266 0.119141
0 0.123047 0.063477 0.078125 0.123047
0 0.216797 0.065430 0.078125 0.126953
0 0.312500 0.063477 0.078125 0.123047
0 0.415039 0.064453 0.080078 0.125000
0 0.516602 0.064453 0.083984 0.125000
0 0.616211 0.064453 0.080078 0.125000
0 0.711914 0.064453 0.080078 0.125000
0 0.809570 0.062500 0.076172 0.121094
0 0.899414 0.065430 0.076172 0.126953
0 0.043945 0.222656 0.056641 0.128906
0 0.127930 0.224609 0.072266 0.128906
0 0.218750 0.219727 0.070312 0.130859
0 0.312500 0.222656 0.078125 0.140625
0 0.414062 0.220703 0.082031 0.140625
0 0.512695 0.219727 0.083984 0.134766
0 0.615234 0.223633 0.082031 0.138672
0 0.717773 0.222656 0.080078 0.140625
0 0.812500 0.221680 0.078125 0.150391
0 0.906250 0.221680 0.078125 0.154297
0 0.038086 0.390625 0.068359 0.164062
0 0.120117 0.383789 0.072266 0.162109
0 0.214844 0.386719 0.074219 0.164062
0 0.310547 0.385742 0.082031 0.162109
0 0.416016 0.391602 0.085938 0.154297
0 0.517578 0.392578 0.085938 0.160156
0 0.619141 0.394531 0.082031 0.167969
0 0.717773 0.397461 0.080078 0.169922
0 0.808594 0.397461 0.074219 0.158203
0 0.903320 0.395508 0.072266 0.150391
0 0.044922 0.570312 0.058594 0.136719
0 0.128906 0.575195 0.062500 0.126953
0 0.219727 0.568359 0.072266 0.136719
0 0.315430 0.569336 0.076172 0.134766
0 0.416992 0.568359 0.083984 0.132812
0 0.518555 0.569336 0.080078 0.142578
0 0.618164 0.569336 0.076172 0.150391
0 0.716797 0.568359 0.078125 0.152344
0 0.809570 0.568359 0.068359 0.140625
0 0.901367 0.570312 0.072266 0.140625
0 0.979492 0.064453 0.041016 0.121094
0 0.979492 0.219727 0.041016 0.162109
0 0.982422 0.398438 0.031250 0.164062
0 0.978516 0.568359 0.039062 0.152344
