0 0.096680 0.183594 0.185547 0.363281
0 0.354492 0.252930 0.341797 0.458984
0 0.355469 0.540039 0.343750 0.365234
0 0.092773 0.469727 0.181641 0.357422
0 0.092773 0.807617 0.181641 0.384766
0 0.356445 0.821289 0.341797 0.357422
0 0.618164 0.490234 0.193359 0.558594
0 0.751953 0.554688 0.082031 0.464844
0 0.843750 0.593750 0.105469 0.457031
0 0.927734 0.631836 0.058594 0.419922
0 0.741211 0.881836 0.080078 0.236328
0 0.837891 0.888672 0.117188 0.222656
0 0.925781 0.913086 0.058594 0.173828
0 0.614258 0.922852 0.173828 0.154297
0 0.750977 0.116211 0.080078 0.228516
0 0.618164 0.089844 0.185547 0.175781
0 0.917969 0.256836 0.085938 0.240234
