3 0.300781 0.791056 0.029297 0.112903
3 0.323242 0.799120 0.027344 0.102639
3 0.442871 0.794721 0.032227 0.111437
3 0.572266 0.849707 0.033203 0.124633
3 0.603516 0.846774 0.035156 0.127566
3 0.277344 0.519062 0.017578 0.058651
0 0.320801 0.319648 0.018555 0.017595
0 0.320801 0.352639 0.018555 0.042522
0 0.347656 0.351906 0.035156 0.043988
0 0.381836 0.352639 0.033203 0.045455
0 0.411133 0.353372 0.025391 0.043988
0 0.441895 0.353372 0.036133 0.043988
0 0.476562 0.354106 0.033203 0.042522
0 0.505371 0.354839 0.024414 0.043988
0 0.535645 0.355572 0.036133 0.042522
0 0.571777 0.354839 0.036133 0.041056
0 0.601074 0.354839 0.022461 0.041056
0 0.629883 0.354839 0.035156 0.041056
0 0.666504 0.354839 0.038086 0.041056
0 0.697754 0.357771 0.022461 0.046921
0 0.723633 0.357771 0.029297 0.046921
0 0.319824 0.412757 0.018555 0.074780
0 0.347168 0.412757 0.036133 0.074780
0 0.382812 0.414223 0.035156 0.077713
0 0.411621 0.414956 0.022461 0.076246
0 0.440918 0.414223 0.036133 0.074780
0 0.476562 0.413490 0.035156 0.076246
0 0.506348 0.412757 0.022461 0.074780
0 0.535645 0.412757 0.036133 0.074780
0 0.571777 0.414223 0.036133 0.077713
0 0.601562 0.414956 0.023438 0.076246
0 0.630859 0.416422 0.035156 0.079179
0 0.666992 0.417889 0.037109 0.076246
0 0.696289 0.417155 0.021484 0.074780
0 0.722656 0.418622 0.031250 0.071848
0 0.320312 0.471408 0.019531 0.042522
0 0.347168 0.471408 0.034180 0.042522
0 0.382324 0.471408 0.036133 0.042522
0 0.411133 0.472874 0.021484 0.039589
0 0.440430 0.472874 0.037109 0.039589
0 0.477051 0.472141 0.036133 0.041056
0 0.506348 0.472874 0.022461 0.042522
0 0.536133 0.473607 0.037109 0.041056
0 0.572266 0.475073 0.035156 0.043988
0 0.601562 0.475806 0.023438 0.042522
0 0.630859 0.474340 0.035156 0.039589
0 0.666992 0.475073 0.037109 0.038123
0 0.696289 0.476540 0.021484 0.041056
0 0.722168 0.476540 0.030273 0.041056
0 0.320801 0.524194 0.018555 0.060117
0 0.347656 0.523460 0.035156 0.061584
0 0.383301 0.524194 0.036133 0.063050
0 0.412109 0.524194 0.021484 0.063050
0 0.440918 0.524927 0.036133 0.064516
0 0.477051 0.524927 0.036133 0.064516
0 0.506836 0.524194 0.023438 0.063050
0 0.536621 0.525660 0.036133 0.060117
0 0.571777 0.525660 0.034180 0.060117
0 0.600098 0.526393 0.022461 0.058651
0 0.629883 0.528592 0.037109 0.063050
0 0.666504 0.528592 0.036133 0.063050
0 0.695801 0.527859 0.022461 0.061584
0 0.722168 0.527859 0.030273 0.061584
0 0.798828 0.199413 0.029297 0.049853
0 0.831543 0.200147 0.036133 0.048387
0 0.869141 0.200880 0.039062 0.049853
0 0.798340 0.247801 0.028320 0.049853
0 0.831055 0.247801 0.037109 0.049853
0 0.797852 0.292522 0.027344 0.039589
0 0.830078 0.292522 0.037109 0.039589
0 0.867676 0.292522 0.038086 0.039589
0 0.867676 0.343109 0.038086 0.061584
0 0.830566 0.343109 0.036133 0.061584
0 0.798340 0.343109 0.028320 0.061584
0 0.797363 0.409824 0.026367 0.071848
0 0.829590 0.410557 0.038086 0.070381
0 0.868164 0.411290 0.039062 0.071848
0 0.868164 0.480205 0.039062 0.065982
0 0.829590 0.480205 0.038086 0.065982
0 0.796875 0.481672 0.027344 0.068915
0 0.796387 0.552786 0.026367 0.073314
0 0.829102 0.552053 0.039062 0.074780
0 0.868164 0.551320 0.039062 0.073314
0 0.795898 0.622434 0.027344 0.065982
0 0.829102 0.621701 0.039062 0.067449
0 0.796387 0.688416 0.028320 0.063050
0 0.829590 0.689150 0.038086 0.061584
0 0.021484 0.278592 0.041016 0.064516
0 0.069336 0.288856 0.054688 0.058651
0 0.117188 0.302786 0.044922 0.054252
0 0.157227 0.313783 0.037109 0.052786
0 0.190918 0.320381 0.032227 0.045455
0 0.222656 0.328446 0.029297 0.041056
0 0.251465 0.411290 0.008789 0.030792
0 0.270996 0.412023 0.030273 0.029326
0 0.294434 0.412757 0.016602 0.030792
0 0.270508 0.374633 0.033203 0.042522
0 0.294434 0.375367 0.014648 0.043988
0 0.293945 0.322581 0.017578 0.061584
0 0.270020 0.279326 0.034180 0.027859
0 0.294922 0.278592 0.015625 0.026393
0 0.235352 0.280059 0.037109 0.029326
0 0.246582 0.332845 0.018555 0.035191
0 0.270996 0.339443 0.030273 0.024927
0 0.909668 0.337243 0.038086 0.076246
0 0.936523 0.332845 0.015625 0.076246
0 0.958008 0.323314 0.023438 0.086510
0 0.977051 0.321848 0.014648 0.086510
0 0.991699 0.316716 0.016602 0.090909
0 0.896973 0.410557 0.020508 0.076246
0 0.917969 0.409824 0.021484 0.077713
0 0.937012 0.409091 0.014648 0.085044
0 0.956055 0.408358 0.025391 0.089443
0 0.976074 0.408358 0.014648 0.095308
0 0.991699 0.408358 0.016602 0.098240
0 0.896973 0.482405 0.022461 0.070381
0 0.920410 0.486804 0.020508 0.073314
0 0.955566 0.493402 0.030273 0.077713
0 0.975586 0.498534 0.013672 0.087977
0 0.991211 0.502199 0.015625 0.098240
0 0.897949 0.558651 0.020508 0.082111
0 0.919434 0.567449 0.018555 0.090909
0 0.936035 0.570381 0.010742 0.090909
0 0.955078 0.579912 0.023438 0.095308
0 0.974609 0.588710 0.015625 0.101173
0 0.991211 0.596774 0.015625 0.108504
0 0.899902 0.286657 0.020508 0.036657
0 0.918457 0.281525 0.012695 0.026393
0 0.934570 0.275660 0.015625 0.029326
0 0.951660 0.266862 0.016602 0.029326
0 0.972168 0.260264 0.020508 0.033724
0 0.991699 0.251466 0.016602 0.033724
