0 0.233398 0.108398 0.060547 0.212891
0 0.310547 0.108398 0.046875 0.212891
0 0.388672 0.108398 0.062500 0.212891
0 0.476562 0.108398 0.058594 0.212891
0 0.567383 0.108398 0.064453 0.212891
0 0.655273 0.109375 0.060547 0.214844
0 0.749023 0.108398 0.056641 0.212891
0 0.842773 0.108398 0.056641 0.212891
0 0.228516 0.268555 0.054688 0.115234
0 0.307617 0.268555 0.044922 0.107422
0 0.388672 0.268555 0.062500 0.107422
0 0.476562 0.267578 0.058594 0.101562
0 0.565430 0.268555 0.060547 0.107422
0 0.656250 0.267578 0.054688 0.105469
0 0.749023 0.271484 0.052734 0.105469
0 0.841797 0.277344 0.058594 0.109375
0 0.229492 0.370117 0.056641 0.091797
0 0.229492 0.466797 0.056641 0.101562
0 0.306641 0.370117 0.035156 0.095703
0 0.303711 0.468750 0.041016 0.101562
0 0.389648 0.373047 0.056641 0.089844
0 0.387695 0.471680 0.060547 0.107422
0 0.475586 0.374023 0.060547 0.087891
0 0.475586 0.468750 0.060547 0.101562
0 0.566406 0.371094 0.054688 0.085938
0 0.562500 0.465820 0.062500 0.103516
0 0.658203 0.369141 0.054688 0.085938
0 0.656250 0.465820 0.058594 0.107422
0 0.746094 0.369141 0.050781 0.093750
0 0.746094 0.466797 0.050781 0.101562
0 0.842773 0.370117 0.060547 0.083984
0 0.842773 0.463867 0.060547 0.103516
0 0.226562 0.584961 0.058594 0.091797
0 0.226562 0.676758 0.058594 0.091797
0 0.304688 0.586914 0.042969 0.091797
0 0.300781 0.679688 0.046875 0.093750
0 0.387695 0.584961 0.060547 0.091797
0 0.386719 0.680664 0.062500 0.099609
0 0.472656 0.583984 0.058594 0.093750
0 0.470703 0.679688 0.062500 0.097656
0 0.560547 0.583984 0.062500 0.089844
0 0.561523 0.680664 0.060547 0.103516
0 0.656250 0.586914 0.058594 0.091797
0 0.656250 0.681641 0.058594 0.097656
0 0.746094 0.586914 0.062500 0.091797
0 0.748047 0.681641 0.058594 0.097656
0 0.843750 0.582031 0.058594 0.089844
0 0.841797 0.679688 0.062500 0.105469
