0 0.276367 0.471449 0.029297 0.035139
0 0.307129 0.472182 0.032227 0.033675
0 0.338379 0.472182 0.030273 0.033675
0 0.368164 0.472182 0.029297 0.033675
0 0.397949 0.471449 0.030273 0.032211
0 0.428223 0.471449 0.030273 0.032211
0 0.450195 0.471449 0.013672 0.032211
0 0.276367 0.505857 0.029297 0.036603
0 0.306641 0.504392 0.031250 0.033675
0 0.337402 0.505124 0.030273 0.032211
0 0.367188 0.503660 0.029297 0.029283
0 0.397461 0.502928 0.031250 0.030747
0 0.428223 0.504392 0.030273 0.033675
0 0.450195 0.505124 0.013672 0.032211
0 0.273926 0.537335 0.028320 0.032211
0 0.272461 0.571742 0.029297 0.036603
0 0.270996 0.604685 0.030273 0.035139
0 0.270020 0.637628 0.030273 0.033675
0 0.269531 0.672767 0.033203 0.036603
0 0.268066 0.706442 0.030273 0.036603
0 0.489746 0.469985 0.028320 0.032211
0 0.518555 0.470717 0.029297 0.030747
0 0.548828 0.469253 0.031250 0.027818
0 0.579590 0.467789 0.030273 0.030747
0 0.609863 0.468521 0.030273 0.032211
0 0.640137 0.469253 0.030273 0.030747
0 0.663574 0.468521 0.016602 0.029283
0 0.489746 0.502928 0.028320 0.030747
0 0.519043 0.502196 0.030273 0.032211
0 0.549316 0.502196 0.030273 0.032211
0 0.579590 0.501464 0.030273 0.033675
0 0.610352 0.501464 0.031250 0.033675
0 0.641602 0.501464 0.031250 0.033675
0 0.665039 0.501464 0.015625 0.033675
0 0.706543 0.469253 0.026367 0.030747
0 0.736328 0.467789 0.033203 0.027818
0 0.769043 0.466325 0.032227 0.030747
0 0.801758 0.465593 0.037109 0.032211
0 0.836426 0.467057 0.032227 0.032211
0 0.708008 0.500000 0.029297 0.033675
0 0.738281 0.500732 0.037109 0.032211
0 0.771484 0.498536 0.033203 0.033675
0 0.804688 0.499268 0.035156 0.032211
0 0.838867 0.499268 0.035156 0.032211
0 0.106445 0.411420 0.031250 0.029283
0 0.136719 0.412152 0.029297 0.027818
0 0.165527 0.412152 0.030273 0.027818
0 0.104980 0.442167 0.030273 0.032211
0 0.133301 0.441435 0.030273 0.030747
0 0.163574 0.441435 0.030273 0.030747
0 0.192383 0.441435 0.029297 0.030747
0 0.101562 0.472182 0.029297 0.030747
0 0.131836 0.472914 0.029297 0.029283
0 0.161621 0.472914 0.030273 0.029283
0 0.190430 0.474378 0.029297 0.032211
0 0.219727 0.472914 0.029297 0.032211
0 0.099609 0.505124 0.031250 0.035139
0 0.130371 0.505857 0.032227 0.033675
0 0.159180 0.505124 0.029297 0.035139
0 0.188965 0.505857 0.030273 0.033675
0 0.217285 0.505857 0.030273 0.033675
0 0.097656 0.539531 0.033203 0.033675
0 0.126953 0.538799 0.031250 0.032211
0 0.156738 0.538067 0.032227 0.033675
0 0.185547 0.538067 0.031250 0.036603
0 0.216309 0.538799 0.030273 0.032211
0 0.093262 0.573206 0.034180 0.033675
0 0.122559 0.573206 0.032227 0.033675
0 0.154785 0.572474 0.032227 0.035139
0 0.184570 0.569546 0.033203 0.032211
0 0.214355 0.571010 0.028320 0.032211
0 0.089844 0.607613 0.035156 0.035139
0 0.122070 0.607613 0.031250 0.035139
0 0.152344 0.606149 0.033203 0.035139
0 0.183105 0.603221 0.032227 0.035139
0 0.212891 0.604685 0.031250 0.032211
0 0.087891 0.642020 0.035156 0.033675
0 0.119629 0.640556 0.034180 0.033675
0 0.150391 0.639092 0.031250 0.033675
0 0.180176 0.639092 0.034180 0.033675
0 0.211426 0.636896 0.032227 0.032211
0 0.085938 0.675695 0.037109 0.036603
0 0.116211 0.674963 0.035156 0.035139
0 0.146973 0.672767 0.034180 0.033675
0 0.179199 0.671303 0.032227 0.030747
0 0.209961 0.672767 0.033203 0.030747
0 0.040527 0.524158 0.018555 0.026354
0 0.066895 0.523426 0.030273 0.024890
0 0.039062 0.550512 0.019531 0.026354
0 0.063477 0.548316 0.031250 0.027818
0 0.037109 0.576135 0.019531 0.027818
0 0.061035 0.576135 0.030273 0.024890
0 0.033203 0.603953 0.019531 0.027818
0 0.057129 0.602489 0.030273 0.024890
0 0.031738 0.630307 0.018555 0.024890
0 0.055176 0.628111 0.032227 0.026354
0 0.029297 0.655198 0.019531 0.024890
0 0.053711 0.654466 0.033203 0.026354
0 0.025879 0.682284 0.020508 0.026354
0 0.052734 0.680820 0.033203 0.023426
0 0.106934 0.383602 0.030273 0.032211
0 0.109375 0.351391 0.029297 0.032211
0 0.111816 0.322840 0.028320 0.027818
0 0.141602 0.321376 0.031250 0.027818
0 0.170410 0.321376 0.030273 0.027818
0 0.198242 0.320644 0.029297 0.029283
0 0.227539 0.319912 0.029297 0.024890
0 0.256348 0.319912 0.028320 0.027818
0 0.284668 0.319180 0.028320 0.026354
0 0.312988 0.317716 0.028320 0.026354
0 0.342285 0.318448 0.030273 0.024890
0 0.372070 0.318448 0.029297 0.024890
0 0.113770 0.297950 0.030273 0.024890
0 0.143555 0.296486 0.029297 0.021962
0 0.171875 0.295754 0.029297 0.020498
0 0.200195 0.295754 0.029297 0.020498
0 0.228516 0.295754 0.029297 0.023426
0 0.256836 0.297218 0.027344 0.020498
0 0.285156 0.295754 0.027344 0.023426
0 0.312988 0.295022 0.028320 0.024890
0 0.342285 0.294290 0.030273 0.023426
0 0.372559 0.293558 0.028320 0.021962
0 0.115234 0.273792 0.029297 0.026354
0 0.145020 0.272328 0.030273 0.023426
0 0.172852 0.273060 0.027344 0.021962
0 0.201172 0.273060 0.029297 0.024890
0 0.229492 0.273060 0.029297 0.021962
0 0.257324 0.273792 0.028320 0.023426
0 0.285645 0.271596 0.028320 0.021962
0 0.313965 0.271596 0.028320 0.021962
0 0.342773 0.270864 0.029297 0.023426
0 0.372070 0.270864 0.029297 0.020498
0 0.118164 0.248902 0.029297 0.026354
0 0.119629 0.223280 0.030273 0.024890
0 0.146973 0.248902 0.030273 0.026354
0 0.174316 0.247438 0.028320 0.023426
0 0.202637 0.247438 0.030273 0.023426
0 0.230957 0.248170 0.028320 0.024890
0 0.258789 0.248902 0.027344 0.026354
0 0.286621 0.248170 0.028320 0.024890
0 0.314941 0.248170 0.028320 0.027818
0 0.343750 0.247438 0.029297 0.026354
0 0.373047 0.246706 0.029297 0.024890
0 0.147461 0.224744 0.029297 0.027818
0 0.176270 0.223280 0.028320 0.024890
0 0.203125 0.224744 0.027344 0.027818
0 0.231934 0.223280 0.028320 0.024890
0 0.259277 0.224012 0.028320 0.026354
0 0.287598 0.224012 0.028320 0.026354
0 0.315430 0.222548 0.029297 0.023426
0 0.343750 0.222548 0.027344 0.026354
0 0.372559 0.222548 0.028320 0.023426
0 0.205566 0.199122 0.028320 0.023426
0 0.206055 0.175695 0.029297 0.023426
0 0.208496 0.153001 0.028320 0.021962
0 0.232910 0.199122 0.028320 0.023426
0 0.260742 0.199122 0.027344 0.029283
0 0.287598 0.199854 0.026367 0.027818
0 0.315918 0.199854 0.030273 0.024890
0 0.344238 0.199122 0.028320 0.023426
0 0.372559 0.198389 0.028320 0.024890
0 0.234375 0.174963 0.027344 0.024890
0 0.261719 0.174963 0.027344 0.024890
0 0.289062 0.174963 0.029297 0.024890
0 0.317383 0.175695 0.029297 0.023426
0 0.344727 0.174963 0.027344 0.024890
0 0.372559 0.174963 0.028320 0.027818
0 0.401367 0.173499 0.029297 0.021962
0 0.235352 0.153001 0.027344 0.024890
0 0.263184 0.153001 0.028320 0.024890
0 0.290039 0.153001 0.027344 0.024890
0 0.317871 0.151537 0.028320 0.024890
0 0.346680 0.151537 0.029297 0.024890
0 0.375000 0.149341 0.029297 0.020498
0 0.403809 0.150073 0.028320 0.024890
0 0.400879 0.317716 0.028320 0.026354
0 0.429688 0.317716 0.029297 0.026354
0 0.453125 0.318448 0.017578 0.024890
0 0.400879 0.294290 0.028320 0.023426
0 0.430176 0.294290 0.028320 0.023426
0 0.454102 0.293558 0.019531 0.021962
0 0.491211 0.295022 0.023438 0.030747
0 0.491699 0.268668 0.024414 0.021962
0 0.491699 0.319912 0.024414 0.019034
0 0.524414 0.316252 0.027344 0.026354
0 0.551758 0.316984 0.027344 0.024890
0 0.579590 0.316252 0.028320 0.026354
0 0.524414 0.288433 0.027344 0.032211
0 0.523926 0.262811 0.028320 0.019034
0 0.552246 0.264275 0.028320 0.021962
0 0.579590 0.263543 0.026367 0.023426
0 0.607422 0.262811 0.029297 0.021962
0 0.552246 0.289898 0.028320 0.029283
0 0.580566 0.289165 0.028320 0.030747
0 0.608887 0.289165 0.028320 0.030747
0 0.609375 0.316984 0.031250 0.027818
0 0.638672 0.265739 0.025391 0.019034
0 0.639648 0.292826 0.025391 0.029283
0 0.639648 0.317716 0.027344 0.023426
0 0.431152 0.172767 0.028320 0.023426
0 0.431641 0.148609 0.027344 0.024890
0 0.459473 0.148609 0.028320 0.024890
0 0.459961 0.173499 0.027344 0.024890
0 0.488770 0.170571 0.030273 0.024890
0 0.488770 0.148609 0.030273 0.024890
0 0.518066 0.170571 0.026367 0.024890
0 0.517578 0.147145 0.027344 0.024890
0 0.545410 0.170571 0.028320 0.024890
0 0.545898 0.144217 0.027344 0.027818
0 0.574219 0.143485 0.029297 0.029283
0 0.575195 0.169107 0.029297 0.021962
0 0.604492 0.168375 0.029297 0.023426
0 0.603516 0.144217 0.027344 0.027818
0 0.633301 0.166911 0.028320 0.023426
0 0.632812 0.142753 0.029297 0.027818
0 0.663086 0.166911 0.029297 0.023426
0 0.662598 0.142753 0.028320 0.027818
0 0.692871 0.164714 0.032227 0.024890
0 0.692871 0.142020 0.030273 0.026354
0 0.724121 0.163982 0.030273 0.023426
0 0.722168 0.140556 0.030273 0.026354
0 0.753418 0.139824 0.030273 0.027818
0 0.785156 0.137628 0.031250 0.029283
0 0.815918 0.135432 0.030273 0.027818
0 0.754395 0.163982 0.030273 0.023426
0 0.785645 0.161786 0.032227 0.024890
0 0.817383 0.161054 0.029297 0.023426
0 0.679688 0.264275 0.023438 0.021962
0 0.680664 0.290630 0.023438 0.027818
0 0.681152 0.316984 0.024414 0.021962
0 0.718262 0.256955 0.034180 0.024890
0 0.753906 0.257687 0.035156 0.026354
0 0.788574 0.255490 0.034180 0.024890
0 0.824219 0.254026 0.037109 0.021962
0 0.719238 0.284773 0.034180 0.030747
0 0.754395 0.284773 0.036133 0.033675
0 0.789551 0.282577 0.034180 0.029283
0 0.825195 0.281845 0.037109 0.030747
0 0.720215 0.312592 0.034180 0.024890
0 0.755371 0.311127 0.034180 0.024890
0 0.790527 0.311859 0.036133 0.026354
0 0.827148 0.311127 0.037109 0.027818
0 0.858887 0.258419 0.022461 0.021962
0 0.860352 0.285505 0.023438 0.029283
0 0.861328 0.310395 0.023438 0.023426
0 0.325684 0.571010 0.030273 0.049780
0 0.325195 0.617130 0.033203 0.048316
0 0.358887 0.616398 0.034180 0.049780
0 0.361328 0.568082 0.029297 0.046852
0 0.399902 0.571742 0.032227 0.048316
0 0.432129 0.569546 0.032227 0.052709
0 0.399414 0.617130 0.035156 0.048316
0 0.433105 0.618594 0.032227 0.045388
0 0.511719 0.568814 0.033203 0.051245
0 0.545898 0.568814 0.035156 0.051245
0 0.511719 0.620791 0.033203 0.049780
0 0.545898 0.620059 0.035156 0.048316
0 0.586914 0.567350 0.031250 0.048316
0 0.619141 0.567350 0.033203 0.048316
0 0.586914 0.617862 0.031250 0.046852
0 0.619629 0.617862 0.034180 0.046852
0 0.705078 0.566618 0.021484 0.046852
0 0.734375 0.567350 0.037109 0.048316
0 0.708008 0.618594 0.019531 0.051245
0 0.734863 0.615666 0.036133 0.048316
0 0.773926 0.566618 0.036133 0.046852
0 0.810059 0.565886 0.038086 0.048316
0 0.777344 0.616398 0.033203 0.049780
0 0.813477 0.617130 0.039062 0.051245
