0 0.208984 0.166016 0.097656 0.207031
0 0.340820 0.160156 0.091797 0.195312
0 0.478516 0.168945 0.109375 0.205078
0 0.623047 0.166992 0.097656 0.208984
0 0.772461 0.168945 0.103516 0.205078
0 0.921875 0.166016 0.101562 0.207031
0 0.208008 0.461914 0.087891 0.208984
0 0.337891 0.461914 0.089844 0.208984
0 0.472656 0.459961 0.101562 0.205078
0 0.621094 0.461914 0.093750 0.208984
0 0.769531 0.465820 0.093750 0.205078
0 0.918945 0.469727 0.099609 0.212891
0 0.209961 0.765625 0.091797 0.234375
0 0.334961 0.766602 0.099609 0.224609
0 0.476562 0.765625 0.105469 0.234375
0 0.622070 0.764648 0.095703 0.236328
0 0.773438 0.767578 0.101562 0.234375
0 0.920898 0.763672 0.091797 0.230469
