0 0.273438 0.545455 0.021484 0.076246
0 0.303711 0.546188 0.039062 0.074780
0 0.342773 0.546188 0.039062 0.074780
0 0.381836 0.546188 0.039062 0.074780
0 0.420898 0.546188 0.039062 0.074780
0 0.459961 0.546188 0.039062 0.074780
0 0.499023 0.546188 0.039062 0.074780
0 0.537598 0.547654 0.038086 0.071848
0 0.576660 0.547654 0.040039 0.071848
0 0.615723 0.546921 0.038086 0.073314
0 0.655273 0.547654 0.041016 0.074780
0 0.694824 0.547654 0.038086 0.074780
0 0.733398 0.548387 0.039062 0.076246
0 0.772949 0.548387 0.040039 0.076246
0 0.812012 0.548387 0.038086 0.076246
0 0.850586 0.548387 0.039062 0.076246
0 0.889648 0.548387 0.039062 0.076246
0 0.928223 0.549120 0.038086 0.074780
0 0.967285 0.549120 0.040039 0.074780
0 0.992676 0.549120 0.010742 0.074780
0 0.273926 0.617302 0.020508 0.041056
0 0.303711 0.616569 0.039062 0.042522
0 0.342773 0.615836 0.039062 0.041056
0 0.382812 0.616569 0.041016 0.039589
0 0.421875 0.615836 0.037109 0.038123
0 0.459961 0.616569 0.039062 0.036657
0 0.498535 0.618768 0.038086 0.041056
0 0.537598 0.618035 0.040039 0.042522
0 0.577148 0.615836 0.039062 0.038123
0 0.577148 0.674487 0.039062 0.079179
0 0.538086 0.677419 0.039062 0.073314
0 0.499023 0.678152 0.039062 0.074780
0 0.459961 0.678152 0.039062 0.074780
0 0.420898 0.678886 0.039062 0.076246
0 0.381836 0.678152 0.039062 0.077713
0 0.343262 0.676686 0.038086 0.074780
0 0.304199 0.676686 0.040039 0.074780
0 0.274414 0.678152 0.019531 0.077713
0 0.274414 0.737537 0.019531 0.041056
0 0.304688 0.736070 0.041016 0.043988
0 0.343750 0.734604 0.037109 0.041056
0 0.381836 0.734604 0.039062 0.041056
0 0.420898 0.735337 0.039062 0.042522
0 0.459961 0.735337 0.039062 0.042522
0 0.499023 0.735337 0.039062 0.042522
0 0.538086 0.736070 0.039062 0.041056
0 0.577637 0.736804 0.040039 0.042522
0 0.617188 0.736070 0.039062 0.043988
0 0.655762 0.735337 0.038086 0.042522
0 0.694336 0.736070 0.039062 0.041056
0 0.733398 0.736804 0.039062 0.042522
0 0.772461 0.736804 0.039062 0.042522
0 0.811523 0.736070 0.039062 0.041056
0 0.850586 0.735337 0.039062 0.042522
0 0.890625 0.735337 0.041016 0.042522
0 0.928711 0.736070 0.035156 0.041056
0 0.966309 0.736804 0.040039 0.042522
0 0.992188 0.737537 0.011719 0.041056
0 0.382812 0.791789 0.041016 0.041056
0 0.275391 0.849707 0.019531 0.074780
0 0.304199 0.849707 0.038086 0.074780
0 0.343262 0.849707 0.040039 0.074780
0 0.382324 0.851173 0.038086 0.071848
0 0.420898 0.851173 0.039062 0.071848
0 0.459961 0.851173 0.039062 0.071848
0 0.498535 0.851173 0.038086 0.071848
0 0.538574 0.850440 0.041992 0.073314
0 0.578125 0.850440 0.037109 0.073314
0 0.615723 0.850440 0.038086 0.073314
0 0.655762 0.850440 0.041992 0.073314
0 0.696289 0.851173 0.039062 0.071848
0 0.734375 0.851173 0.037109 0.071848
0 0.773438 0.850440 0.041016 0.073314
0 0.813477 0.851173 0.039062 0.074780
0 0.851562 0.850440 0.037109 0.076246
0 0.889648 0.850440 0.039062 0.076246
0 0.928711 0.851173 0.039062 0.074780
0 0.967773 0.851173 0.039062 0.074780
0 0.992188 0.852639 0.009766 0.071848
0 0.421387 0.909824 0.038086 0.045455
0 0.382812 0.964076 0.041016 0.042522
0 0.422852 0.963343 0.039062 0.043988
0 0.461914 0.964076 0.039062 0.045455
