0 0.174316 0.172337 0.038086 0.273669
0 0.214844 0.171598 0.041016 0.272189
0 0.253418 0.171598 0.036133 0.272189
0 0.290527 0.172337 0.038086 0.270710
0 0.328613 0.173817 0.038086 0.273669
0 0.366699 0.171598 0.038086 0.278107
0 0.405273 0.170858 0.039062 0.276627
0 0.442383 0.172337 0.035156 0.273669
0 0.479004 0.173817 0.038086 0.276627
0 0.518066 0.174556 0.040039 0.275148
0 0.557617 0.173817 0.039062 0.273669
0 0.596191 0.173817 0.038086 0.273669
0 0.633789 0.175296 0.037109 0.276627
0 0.672852 0.175296 0.041016 0.276627
0 0.711914 0.173817 0.037109 0.273669
0 0.749023 0.173817 0.037109 0.273669
0 0.785156 0.178994 0.035156 0.284024
0 0.823730 0.176036 0.041992 0.289941
0 0.865234 0.173817 0.041016 0.285503
0 0.904297 0.176036 0.037109 0.281065
0 0.944824 0.173077 0.036133 0.281065
0 0.980957 0.174556 0.036133 0.278107
0 0.173828 0.426775 0.039062 0.229290
0 0.214355 0.426775 0.041992 0.229290
0 0.252930 0.426036 0.035156 0.227811
0 0.289062 0.426036 0.037109 0.227811
0 0.326660 0.430473 0.038086 0.236686
0 0.364746 0.431213 0.038086 0.235207
0 0.404297 0.430473 0.041016 0.233728
0 0.442871 0.429734 0.036133 0.235207
0 0.480469 0.428254 0.039062 0.232249
0 0.518555 0.431213 0.037109 0.226331
0 0.557617 0.431213 0.041016 0.226331
0 0.597168 0.428994 0.038086 0.230769
0 0.634277 0.429734 0.036133 0.232249
0 0.672852 0.429734 0.041016 0.232249
0 0.710449 0.430473 0.034180 0.233728
0 0.746582 0.433432 0.038086 0.227811
0 0.787109 0.434911 0.042969 0.230769
0 0.827148 0.434911 0.037109 0.230769
0 0.868652 0.436391 0.045898 0.233728
0 0.906738 0.434172 0.030273 0.238166
0 0.944336 0.431953 0.044922 0.233728
0 0.979980 0.430473 0.026367 0.236686
0 0.173828 0.560651 0.039062 0.038462
0 0.212891 0.562870 0.039062 0.034024
0 0.250488 0.561391 0.036133 0.031065
0 0.288086 0.558432 0.039062 0.036982
0 0.326660 0.557692 0.038086 0.035503
0 0.364258 0.564349 0.037109 0.028107
0 0.400879 0.563609 0.036133 0.026627
0 0.440430 0.562870 0.042969 0.028107
0 0.480957 0.563609 0.038086 0.029586
0 0.518066 0.561391 0.036133 0.034024
0 0.557129 0.560651 0.041992 0.032544
0 0.596680 0.561391 0.037109 0.031065
0 0.633789 0.560651 0.037109 0.029586
0 0.671875 0.562870 0.039062 0.025148
0 0.709961 0.564349 0.037109 0.028107
0 0.747559 0.562870 0.038086 0.031065
0 0.786133 0.561391 0.039062 0.028107
0 0.824707 0.563609 0.038086 0.023669
0 0.866211 0.566568 0.044922 0.029586
0 0.906738 0.567308 0.036133 0.028107
0 0.944336 0.565828 0.039062 0.025148
0 0.978516 0.563609 0.029297 0.029586
