0 0.110224 0.140625 0.028754 0.048295
0 0.144569 0.142045 0.039936 0.045455
0 0.186102 0.142045 0.043131 0.045455
0 0.226038 0.142045 0.036741 0.045455
0 0.266773 0.140625 0.044728 0.042614
0 0.310703 0.140625 0.043131 0.042614
0 0.352236 0.142045 0.039936 0.045455
0 0.393770 0.143466 0.043131 0.042614
0 0.436901 0.140625 0.043131 0.036932
0 0.479233 0.137784 0.041534 0.042614
0 0.519968 0.137784 0.039936 0.042614
0 0.559904 0.139205 0.039936 0.039773
0 0.601438 0.139205 0.043131 0.039773
0 0.644569 0.137784 0.043131 0.042614
0 0.689297 0.137784 0.046326 0.042614
0 0.732428 0.137784 0.039936 0.042614
0 0.770767 0.136364 0.036741 0.039773
0 0.809904 0.136364 0.041534 0.039773
0 0.864217 0.137784 0.067093 0.042614
0 0.133387 0.339489 0.071885 0.258523
0 0.206869 0.339489 0.075080 0.258523
0 0.289936 0.338068 0.091054 0.261364
0 0.376997 0.338068 0.083067 0.261364
0 0.458466 0.338068 0.079872 0.261364
0 0.539137 0.338068 0.081470 0.261364
0 0.621406 0.336648 0.083067 0.264205
0 0.708466 0.336648 0.091054 0.264205
0 0.790735 0.335227 0.073482 0.267045
0 0.861022 0.333807 0.067093 0.264205
0 0.134185 0.605114 0.070288 0.181818
0 0.207668 0.605114 0.076677 0.181818
0 0.288339 0.605114 0.084665 0.181818
0 0.373003 0.605114 0.084665 0.181818
0 0.456070 0.602273 0.081470 0.176136
0 0.538339 0.602273 0.083067 0.176136
0 0.621406 0.603693 0.083067 0.178977
0 0.707668 0.603693 0.089457 0.178977
0 0.789936 0.602273 0.075080 0.176136
0 0.861821 0.600852 0.068690 0.178977
0 0.134984 0.774148 0.071885 0.156250
0 0.206070 0.769886 0.073482 0.147727
0 0.287540 0.784091 0.086262 0.170455
0 0.372204 0.782670 0.079872 0.167614
0 0.617412 0.779830 0.078275 0.167614
0 0.707668 0.781250 0.089457 0.164773
0 0.789936 0.769886 0.071885 0.153409
0 0.862620 0.769886 0.073482 0.153409
0 0.452875 0.811080 0.023962 0.105114
0 0.481629 0.811080 0.027157 0.099432
0 0.514377 0.813920 0.025559 0.099432
0 0.545527 0.812500 0.023962 0.102273
