0 0.671875 0.406250 0.179688 0.562500
0 0.668945 0.857422 0.173828 0.277344
0 0.670898 0.694336 0.166016 0.083984
0 0.532227 0.583008 0.099609 0.822266
0 0.440430 0.600586 0.091797 0.791016
0 0.273438 0.471680 0.000000 0.001953
0 0.333984 0.357422 0.128906 0.246094
0 0.333008 0.742188 0.126953 0.511719
0 0.202148 0.553711 0.130859 0.544922
0 0.202148 0.915039 0.142578 0.162109
0 0.204102 0.826172 0.130859 0.062500
0 0.172852 0.269531 0.072266 0.097656
0 0.238281 0.246094 0.058594 0.113281
0 0.301758 0.223633 0.080078 0.111328
0 0.381836 0.200195 0.072266 0.107422
0 0.456055 0.169922 0.068359 0.101562
0 0.535156 0.140625 0.085938 0.105469
0 0.615234 0.115234 0.070312 0.105469
0 0.707031 0.083008 0.113281 0.134766
