0 0.168945 0.175781 0.259766 0.312500
0 0.167969 0.409180 0.257812 0.302734
0 0.165039 0.695312 0.267578 0.296875
0 0.418945 0.722656 0.181641 0.257812
0 0.597656 0.749023 0.128906 0.228516
0 0.420898 0.481445 0.189453 0.259766
0 0.415039 0.254883 0.185547 0.291016
0 0.424805 0.082031 0.181641 0.160156
0 0.601562 0.140625 0.140625 0.261719
0 0.601562 0.335938 0.148438 0.234375
0 0.598633 0.536133 0.138672 0.212891
0 0.743164 0.093750 0.091797 0.144531
0 0.739258 0.224609 0.087891 0.210938
0 0.729492 0.404297 0.107422 0.191406
0 0.732422 0.570312 0.101562 0.183594
0 0.727539 0.750977 0.103516 0.169922
0 0.827148 0.294922 0.052734 0.175781
0 0.883789 0.333008 0.048828 0.154297
0 0.936523 0.369141 0.048828 0.156250
0 0.982422 0.402344 0.035156 0.132812
0 0.820312 0.446289 0.046875 0.162109
0 0.879883 0.475586 0.052734 0.166016
0 0.933594 0.500977 0.050781 0.142578
0 0.981445 0.526367 0.037109 0.123047
0 0.817383 0.595703 0.068359 0.171875
0 0.874023 0.618164 0.052734 0.154297
0 0.931641 0.635742 0.054688 0.150391
0 0.979492 0.650391 0.041016 0.125000
0 0.819336 0.750000 0.076172 0.164062
0 0.878906 0.760742 0.050781 0.138672
0 0.932617 0.771484 0.052734 0.128906
0 0.979492 0.763672 0.041016 0.105469
