0 0.535156 0.225586 0.113281 0.271484
0 0.674805 0.289062 0.138672 0.273438
0 0.791016 0.361328 0.078125 0.214844
0 0.861328 0.371094 0.066406 0.281250
0 0.538086 0.444336 0.126953 0.244141
0 0.672852 0.487305 0.134766 0.232422
0 0.788086 0.536133 0.076172 0.189453
0 0.862305 0.568359 0.064453 0.187500
0 0.300781 0.134766 0.187500 0.265625
0 0.063477 0.072266 0.115234 0.140625
0 0.054688 0.260742 0.101562 0.330078
0 0.293945 0.347656 0.177734 0.289062
0 0.538086 0.650391 0.115234 0.226562
0 0.675781 0.673828 0.136719 0.195312
0 0.791016 0.690430 0.093750 0.169922
0 0.868164 0.715820 0.060547 0.158203
0 0.866211 0.844727 0.068359 0.146484
0 0.791992 0.858398 0.095703 0.177734
0 0.678711 0.860352 0.158203 0.197266
0 0.540039 0.880859 0.119141 0.238281
0 0.295898 0.611328 0.173828 0.285156
0 0.299805 0.872070 0.185547 0.255859
0 0.057617 0.580078 0.107422 0.316406
0 0.059570 0.866211 0.111328 0.267578
0 0.909180 0.431641 0.029297 0.218750
0 0.910156 0.606445 0.031250 0.166016
0 0.911133 0.735352 0.025391 0.123047
0 0.912109 0.861328 0.023438 0.156250
0 0.867188 0.955078 0.062500 0.089844
2 0.159180 0.094727 0.076172 0.177734
2 0.159180 0.295898 0.080078 0.294922
2 0.160156 0.582031 0.085938 0.296875
2 0.160156 0.864258 0.082031 0.271484
2 0.433594 0.161133 0.082031 0.275391
2 0.432617 0.400391 0.068359 0.253906
2 0.428711 0.634766 0.064453 0.250000
2 0.440430 0.872070 0.080078 0.244141
