0 0.708008 0.213867 0.048828 0.349609
0 0.632812 0.231445 0.097656 0.361328
0 0.541992 0.256836 0.099609 0.345703
0 0.455078 0.280273 0.074219 0.318359
0 0.377930 0.305664 0.080078 0.310547
0 0.306641 0.322266 0.070312 0.292969
0 0.243164 0.340820 0.060547 0.294922
0 0.194336 0.356445 0.048828 0.279297
0 0.145508 0.368164 0.052734 0.267578
0 0.100586 0.381836 0.048828 0.267578
0 0.059570 0.396484 0.033203 0.261719
0 0.025391 0.401367 0.035156 0.263672
0 0.027344 0.208984 0.031250 0.140625
0 0.064453 0.195312 0.035156 0.152344
0 0.106445 0.176758 0.048828 0.166016
0 0.145508 0.161133 0.044922 0.173828
0 0.192383 0.138672 0.044922 0.160156
0 0.240234 0.122070 0.058594 0.177734
0 0.303711 0.090820 0.064453 0.173828
0 0.375000 0.077148 0.070312 0.150391
0 0.458008 0.064453 0.080078 0.125000
0 0.534180 0.050781 0.083984 0.097656
0 0.630859 0.032227 0.093750 0.060547
0 0.706055 0.523438 0.056641 0.257812
0 0.634766 0.532227 0.097656 0.248047
0 0.541016 0.546875 0.101562 0.238281
0 0.454102 0.558594 0.083984 0.226562
0 0.376953 0.568359 0.078125 0.218750
0 0.305664 0.580078 0.068359 0.214844
0 0.242188 0.589844 0.058594 0.207031
0 0.189453 0.593750 0.042969 0.203125
0 0.147461 0.601562 0.048828 0.191406
0 0.099609 0.591797 0.046875 0.148438
0 0.708984 0.803711 0.046875 0.294922
0 0.637695 0.802734 0.095703 0.281250
0 0.541992 0.803711 0.099609 0.271484
0 0.452148 0.800781 0.080078 0.253906
0 0.374023 0.803711 0.076172 0.244141
0 0.304688 0.802734 0.066406 0.234375
0 0.244141 0.803711 0.062500 0.220703
0 0.189453 0.803711 0.050781 0.216797
0 0.130859 0.798828 0.074219 0.207031
0 0.071289 0.801758 0.052734 0.201172
