0 0.131836 0.113281 0.154297 0.117188
0 0.297852 0.116211 0.134766 0.115234
0 0.452148 0.114258 0.138672 0.111328
0 0.608398 0.112305 0.126953 0.111328
0 0.767578 0.108398 0.136719 0.107422
0 0.130859 0.355469 0.156250 0.355469
0 0.296875 0.350586 0.128906 0.349609
0 0.449219 0.350586 0.132812 0.333984
0 0.607422 0.353516 0.132812 0.335938
0 0.766602 0.354492 0.126953 0.330078
0 0.132812 0.736328 0.152344 0.304688
0 0.294922 0.737305 0.128906 0.306641
0 0.451172 0.736328 0.128906 0.300781
0 0.605469 0.739258 0.128906 0.302734
0 0.766602 0.739258 0.130859 0.302734
0 0.863281 0.088867 0.039062 0.080078
0 0.863281 0.145508 0.039062 0.033203
0 0.862305 0.184570 0.037109 0.044922
0 0.862305 0.365234 0.037109 0.316406
0 0.862305 0.553711 0.037109 0.060547
0 0.858398 0.737305 0.044922 0.306641
0 0.855469 0.916992 0.039062 0.052734
