0 0.130556 0.510185 0.027778 0.075926
0 0.133333 0.459259 0.033333 0.040741
0 0.170833 0.471296 0.047222 0.042593
0 0.215278 0.482407 0.047222 0.046296
0 0.169444 0.520370 0.044444 0.077778
0 0.212500 0.532407 0.041667 0.079630
0 0.258333 0.542593 0.044444 0.070370
0 0.259722 0.494444 0.047222 0.044444
0 0.304167 0.505556 0.041667 0.040741
0 0.304167 0.555556 0.041667 0.074074
0 0.344444 0.564815 0.038889 0.074074
0 0.348611 0.517593 0.041667 0.042593
0 0.386111 0.531481 0.044444 0.040741
0 0.384722 0.576852 0.041667 0.079630
0 0.425000 0.539815 0.038889 0.042593
0 0.425000 0.588889 0.038889 0.074074
0 0.465278 0.551852 0.036111 0.040741
0 0.463889 0.597222 0.038889 0.072222
0 0.502778 0.562037 0.033333 0.042593
0 0.502778 0.608333 0.033333 0.068519
0 0.537500 0.573148 0.036111 0.038889
0 0.537500 0.618519 0.036111 0.070370
0 0.576389 0.585185 0.036111 0.037037
0 0.576389 0.627778 0.036111 0.070370
0 0.609722 0.595370 0.036111 0.042593
0 0.608333 0.637037 0.033333 0.066667
0 0.643056 0.603704 0.036111 0.044444
0 0.641667 0.645370 0.033333 0.068519
0 0.677778 0.613889 0.033333 0.038889
0 0.677778 0.656481 0.027778 0.068519
0 0.709722 0.622222 0.036111 0.037037
0 0.709722 0.665741 0.036111 0.064815
0 0.743056 0.630556 0.030556 0.038889
0 0.743056 0.674074 0.030556 0.066667
0 0.773611 0.640741 0.030556 0.037037
0 0.773611 0.681481 0.030556 0.066667
0 0.804167 0.648148 0.030556 0.037037
0 0.805556 0.689815 0.027778 0.061111
0 0.837500 0.656481 0.030556 0.038889
0 0.834722 0.695370 0.030556 0.061111
0 0.866667 0.666667 0.027778 0.037037
0 0.866667 0.705556 0.027778 0.059259
0 0.893056 0.673148 0.030556 0.031481
0 0.894444 0.712037 0.027778 0.061111
0 0.920833 0.680556 0.025000 0.035185
0 0.941667 0.687963 0.022222 0.035185
0 0.922222 0.721296 0.022222 0.057407
0 0.943056 0.727778 0.019444 0.055556
0 0.134722 0.289815 0.025000 0.038889
0 0.134722 0.340741 0.030556 0.070370
0 0.172222 0.302778 0.044444 0.046296
0 0.172222 0.351852 0.044444 0.077778
0 0.218056 0.319444 0.047222 0.046296
0 0.215278 0.365741 0.041667 0.075926
0 0.261111 0.334259 0.044444 0.046296
0 0.259722 0.381481 0.041667 0.077778
0 0.301389 0.345370 0.041667 0.042593
0 0.302778 0.395370 0.038889 0.075926
0 0.344444 0.360185 0.038889 0.042593
0 0.343056 0.409259 0.041667 0.077778
0 0.384722 0.375926 0.041667 0.044444
0 0.386111 0.421296 0.038889 0.075926
0 0.425000 0.387037 0.033333 0.040741
0 0.426389 0.433333 0.036111 0.070370
0 0.462500 0.400000 0.036111 0.044444
0 0.463889 0.445370 0.038889 0.072222
0 0.500000 0.413889 0.038889 0.042593
0 0.500000 0.459259 0.038889 0.070370
0 0.537500 0.426852 0.036111 0.042593
0 0.536111 0.471296 0.033333 0.072222
0 0.572222 0.437963 0.033333 0.038889
0 0.573611 0.482407 0.036111 0.072222
0 0.606944 0.450000 0.036111 0.040741
0 0.606944 0.493519 0.036111 0.068519
0 0.641667 0.460185 0.033333 0.038889
0 0.641667 0.501852 0.027778 0.066667
0 0.675000 0.470370 0.027778 0.040741
0 0.676389 0.513889 0.030556 0.064815
0 0.708333 0.484259 0.033333 0.038889
0 0.706944 0.524074 0.036111 0.062963
0 0.740278 0.493519 0.030556 0.035185
0 0.743056 0.535185 0.030556 0.062963
0 0.770833 0.503704 0.030556 0.037037
0 0.770833 0.542593 0.030556 0.062963
0 0.802778 0.512963 0.027778 0.037037
0 0.801389 0.551852 0.030556 0.059259
0 0.830556 0.522222 0.027778 0.037037
0 0.830556 0.560185 0.027778 0.057407
0 0.858333 0.533333 0.027778 0.033333
0 0.859722 0.574074 0.030556 0.059259
0 0.887500 0.540741 0.030556 0.033333
0 0.890278 0.581481 0.025000 0.062963
0 0.919444 0.551852 0.027778 0.033333
0 0.916667 0.588889 0.027778 0.055556
0 0.941667 0.557407 0.016667 0.033333
0 0.940278 0.597222 0.019444 0.053704
0 0.070833 0.121296 0.063889 0.038889
0 0.068056 0.174074 0.058333 0.077778
0 0.133333 0.123148 0.027778 0.042593
0 0.131944 0.175000 0.025000 0.075926
0 0.169444 0.137963 0.044444 0.050000
0 0.169444 0.186111 0.038889 0.079630
0 0.213889 0.156481 0.044444 0.050000
0 0.215278 0.199074 0.047222 0.068519
0 0.258333 0.173148 0.044444 0.050000
0 0.261111 0.220370 0.038889 0.077778
0 0.301389 0.190741 0.041667 0.048148
0 0.300000 0.236111 0.038889 0.075926
0 0.341667 0.204630 0.038889 0.046296
0 0.343056 0.250926 0.036111 0.075926
0 0.383333 0.217593 0.033333 0.046296
0 0.383333 0.266667 0.038889 0.074074
0 0.422222 0.234259 0.038889 0.046296
0 0.423611 0.283333 0.036111 0.077778
0 0.462500 0.248148 0.036111 0.040741
0 0.459722 0.295370 0.041667 0.075926
0 0.498611 0.263889 0.036111 0.038889
0 0.497222 0.306481 0.038889 0.068519
0 0.534722 0.277778 0.036111 0.044444
0 0.536111 0.322222 0.033333 0.070370
0 0.572222 0.292593 0.033333 0.040741
0 0.572222 0.334259 0.033333 0.068519
0 0.604167 0.303704 0.030556 0.044444
0 0.605556 0.350000 0.033333 0.070370
0 0.637500 0.316667 0.030556 0.040741
0 0.640278 0.360185 0.030556 0.068519
0 0.672222 0.330556 0.033333 0.038889
0 0.672222 0.372222 0.033333 0.070370
0 0.704167 0.343519 0.030556 0.038889
0 0.705556 0.385185 0.033333 0.066667
0 0.736111 0.353704 0.033333 0.040741
0 0.736111 0.397222 0.033333 0.068519
0 0.765278 0.365741 0.030556 0.038889
0 0.795833 0.377778 0.030556 0.033333
0 0.827778 0.390741 0.027778 0.033333
0 0.855556 0.400926 0.027778 0.035185
0 0.883333 0.410185 0.027778 0.035185
0 0.911111 0.421296 0.027778 0.031481
0 0.933333 0.430556 0.016667 0.031481
0 0.768056 0.409259 0.030556 0.062963
0 0.797222 0.418519 0.027778 0.062963
0 0.827778 0.429630 0.027778 0.062963
0 0.855556 0.438889 0.027778 0.062963
0 0.884722 0.450926 0.030556 0.061111
0 0.911111 0.459259 0.027778 0.059259
0 0.936111 0.469444 0.011111 0.050000
0 0.133333 0.026852 0.033333 0.050000
0 0.170833 0.035185 0.047222 0.066667
0 0.218056 0.044444 0.041667 0.077778
0 0.212500 0.011111 0.052778 0.018519
0 0.258333 0.020370 0.038889 0.037037
0 0.258333 0.062037 0.038889 0.079630
0 0.300000 0.034259 0.044444 0.046296
0 0.301389 0.079630 0.041667 0.077778
0 0.341667 0.052778 0.038889 0.046296
0 0.343056 0.097222 0.036111 0.075926
0 0.380556 0.070370 0.038889 0.048148
0 0.380556 0.112963 0.038889 0.074074
0 0.422222 0.085185 0.038889 0.048148
0 0.420833 0.132407 0.036111 0.075926
0 0.459722 0.102778 0.036111 0.046296
0 0.459722 0.147222 0.036111 0.072222
0 0.497222 0.117593 0.033333 0.042593
0 0.498611 0.163889 0.030556 0.068519
0 0.536111 0.134259 0.033333 0.042593
0 0.533333 0.177778 0.033333 0.070370
0 0.566667 0.150926 0.038889 0.042593
0 0.566667 0.192593 0.033333 0.070370
0 0.604167 0.164815 0.030556 0.044444
0 0.602778 0.207407 0.033333 0.066667
0 0.637500 0.178704 0.030556 0.042593
0 0.669444 0.194444 0.033333 0.040741
0 0.636111 0.219444 0.027778 0.061111
0 0.669444 0.234259 0.033333 0.061111
0 0.702778 0.205556 0.033333 0.044444
0 0.731944 0.222222 0.036111 0.040741
0 0.762500 0.234259 0.030556 0.038889
0 0.793056 0.247222 0.030556 0.038889
0 0.822222 0.258333 0.033333 0.038889
0 0.852778 0.270370 0.027778 0.040741
0 0.880556 0.280556 0.027778 0.038889
0 0.906944 0.294444 0.030556 0.040741
0 0.930556 0.304630 0.016667 0.031481
0 0.702778 0.249074 0.027778 0.064815
0 0.733333 0.261111 0.027778 0.062963
0 0.762500 0.273148 0.030556 0.061111
0 0.795833 0.285185 0.025000 0.059259
0 0.823611 0.299074 0.030556 0.064815
0 0.852778 0.310185 0.027778 0.064815
0 0.880556 0.323148 0.027778 0.061111
0 0.908333 0.334259 0.027778 0.057407
0 0.931944 0.345370 0.019444 0.057407
0 0.927778 0.178704 0.016667 0.031481
0 0.926389 0.215741 0.019444 0.053704
0 0.905556 0.203704 0.027778 0.055556
0 0.906944 0.169444 0.030556 0.035185
0 0.877778 0.155556 0.027778 0.037037
0 0.879167 0.193519 0.030556 0.061111
0 0.850000 0.179630 0.027778 0.059259
0 0.852778 0.145370 0.022222 0.035185
0 0.820833 0.128704 0.030556 0.035185
0 0.822222 0.167593 0.027778 0.057407
0 0.793056 0.152778 0.030556 0.061111
0 0.790278 0.116667 0.030556 0.037037
0 0.762500 0.100926 0.030556 0.035185
0 0.762500 0.140741 0.030556 0.062963
0 0.731944 0.124074 0.030556 0.059259
0 0.701389 0.108333 0.030556 0.057407
0 0.670833 0.095370 0.030556 0.061111
0 0.704167 0.074074 0.030556 0.037037
0 0.666667 0.054630 0.033333 0.035185
0 0.634722 0.039815 0.030556 0.038889
0 0.636111 0.080556 0.033333 0.068519
0 0.602778 0.024074 0.033333 0.040741
0 0.601389 0.065741 0.036111 0.068519
0 0.566667 0.050000 0.033333 0.070370
0 0.563889 0.015741 0.038889 0.027778
0 0.531944 0.034259 0.036111 0.064815
0 0.493056 0.025926 0.036111 0.048148
0 0.455556 0.016667 0.038889 0.029630
0 0.845833 0.017593 0.025000 0.031481
0 0.875000 0.029630 0.027778 0.037037
0 0.902778 0.044444 0.027778 0.037037
0 0.926389 0.057407 0.019444 0.033333
0 0.925000 0.092593 0.016667 0.055556
0 0.901389 0.078704 0.025000 0.057407
0 0.875000 0.066667 0.027778 0.055556
0 0.847222 0.052778 0.022222 0.057407
0 0.819444 0.032407 0.027778 0.046296
0 0.788889 0.022222 0.027778 0.040741
0 0.020833 0.293519 0.036111 0.038889
0 0.070833 0.287963 0.063889 0.038889
0 0.019444 0.344444 0.033333 0.074074
0 0.068056 0.341667 0.069444 0.075926
0 0.018056 0.462963 0.030556 0.040741
0 0.070833 0.458333 0.069444 0.046296
0 0.019444 0.513889 0.033333 0.068519
0 0.066667 0.511111 0.061111 0.077778
0 0.050000 0.850926 0.094444 0.157407
0 0.150000 0.855556 0.105556 0.155556
0 0.051389 0.738889 0.097222 0.070370
0 0.152778 0.748148 0.100000 0.077778
0 0.052778 0.960185 0.094444 0.079630
0 0.156944 0.964815 0.113889 0.070370
0 0.233333 0.793519 0.050000 0.031481
0 0.283333 0.802778 0.044444 0.031481
0 0.241667 0.893519 0.055556 0.175926
0 0.283333 0.892593 0.055556 0.159259
0 0.543056 0.930556 0.041667 0.131481
0 0.543056 0.847222 0.047222 0.046296
0 0.577778 0.853704 0.027778 0.044444
0 0.606944 0.860185 0.025000 0.050000
0 0.577778 0.936111 0.033333 0.127778
0 0.609722 0.941667 0.025000 0.116667
