0 0.203125 0.209961 0.226562 0.318359
0 0.422852 0.211914 0.212891 0.314453
0 0.634766 0.206055 0.175781 0.310547
0 0.828125 0.208008 0.210938 0.306641
0 0.032227 0.208984 0.060547 0.320312
0 0.027344 0.516602 0.050781 0.263672
0 0.204102 0.514648 0.220703 0.271484
0 0.425781 0.515625 0.222656 0.269531
0 0.630859 0.517578 0.187500 0.273438
0 0.832031 0.520508 0.214844 0.267578
0 0.966797 0.520508 0.054688 0.267578
0 0.975586 0.210938 0.048828 0.320312
0 0.027344 0.790039 0.050781 0.255859
0 0.205078 0.791992 0.222656 0.248047
0 0.426758 0.793945 0.220703 0.251953
0 0.629883 0.791992 0.185547 0.255859
0 0.824219 0.793945 0.203125 0.259766
0 0.962891 0.789062 0.074219 0.269531
0 0.033203 0.961914 0.058594 0.076172
0 0.207031 0.959961 0.222656 0.080078
0 0.425781 0.958984 0.218750 0.082031
0 0.630859 0.958984 0.191406 0.082031
0 0.835938 0.964844 0.152344 0.070312
0 0.972656 0.965820 0.050781 0.068359
