0 0.502500 0.211796 0.028750 0.042895
0 0.531563 0.210903 0.029375 0.044683
0 0.503437 0.254692 0.029375 0.044683
0 0.532500 0.254692 0.028750 0.044683
0 0.503437 0.287310 0.029375 0.024129
0 0.534062 0.287310 0.030625 0.024129
0 0.460938 0.321269 0.040625 0.043789
0 0.500000 0.321269 0.037500 0.043789
0 0.537188 0.320822 0.036875 0.042895
0 0.574375 0.319482 0.037500 0.045576
0 0.459375 0.366399 0.040000 0.048257
0 0.499063 0.365952 0.039375 0.049151
0 0.537813 0.364611 0.038125 0.046470
0 0.575000 0.364611 0.036250 0.046470
0 0.460313 0.413315 0.039375 0.049151
0 0.499063 0.412869 0.038125 0.050045
0 0.537500 0.411975 0.038750 0.048257
0 0.575313 0.411081 0.036875 0.050045
0 0.460625 0.459339 0.040000 0.046470
0 0.499688 0.459786 0.038125 0.045576
0 0.537813 0.459339 0.038125 0.044683
0 0.575313 0.458445 0.036875 0.046470
0 0.460313 0.505809 0.039375 0.048257
0 0.499063 0.505809 0.038125 0.048257
0 0.537188 0.504915 0.038125 0.046470
0 0.575313 0.504021 0.038125 0.048257
0 0.574688 0.274799 0.030625 0.049151
0 0.554688 0.284182 0.009375 0.030384
0 0.605938 0.263181 0.031875 0.065237
0 0.629062 0.249777 0.011875 0.056300
0 0.644062 0.247542 0.011875 0.053619
0 0.663125 0.260947 0.022500 0.058981
0 0.685000 0.273905 0.023750 0.043789
0 0.707500 0.282395 0.021250 0.028597
0 0.608750 0.405719 0.026250 0.058981
0 0.628750 0.398123 0.015000 0.058088
0 0.645000 0.397230 0.011250 0.054513
0 0.660937 0.404826 0.018125 0.055407
0 0.680625 0.317248 0.017500 0.048257
0 0.710000 0.318141 0.040000 0.048257
0 0.750000 0.316354 0.040000 0.044683
0 0.790000 0.315460 0.040000 0.046470
0 0.819063 0.315907 0.018125 0.047364
0 0.818750 0.362824 0.018750 0.046470
0 0.789687 0.361930 0.039375 0.048257
0 0.750000 0.361930 0.040000 0.048257
0 0.710625 0.362824 0.038750 0.046470
0 0.682187 0.362824 0.018125 0.046470
0 0.680625 0.409294 0.016250 0.044683
0 0.709063 0.408400 0.040625 0.046470
0 0.748750 0.408847 0.038750 0.047364
0 0.788438 0.409294 0.040625 0.046470
0 0.817500 0.408847 0.017500 0.045576
0 0.817500 0.454870 0.017500 0.046470
0 0.789062 0.454870 0.039375 0.046470
0 0.748437 0.454870 0.041875 0.046470
0 0.708750 0.454870 0.037500 0.046470
0 0.681562 0.455764 0.016875 0.048257
0 0.681250 0.502681 0.016250 0.045576
0 0.709063 0.502681 0.039375 0.045576
0 0.747812 0.501787 0.038125 0.043789
0 0.787813 0.500447 0.041875 0.046470
0 0.817500 0.500447 0.017500 0.046470
0 0.817500 0.547811 0.017500 0.048257
0 0.788438 0.547811 0.040625 0.048257
0 0.748125 0.547811 0.040000 0.048257
0 0.709688 0.548704 0.036875 0.046470
0 0.682187 0.548257 0.018125 0.045576
0 0.680625 0.594281 0.015000 0.046470
0 0.708438 0.594727 0.040625 0.045576
0 0.748437 0.594727 0.039375 0.045576
0 0.788438 0.593387 0.040625 0.048257
0 0.817813 0.592940 0.018125 0.047364
0 0.816875 0.639857 0.020000 0.046470
0 0.787500 0.640304 0.038750 0.045576
0 0.747812 0.639857 0.040625 0.044683
0 0.708125 0.639857 0.038750 0.044683
0 0.680625 0.640751 0.016250 0.046470
0 0.680625 0.686774 0.016250 0.045576
0 0.708125 0.685880 0.038750 0.047364
0 0.747188 0.684987 0.039375 0.045576
0 0.786563 0.684987 0.039375 0.045576
0 0.816562 0.684987 0.020625 0.045576
0 0.817187 0.729669 0.019375 0.043789
0 0.786875 0.730563 0.041250 0.043789
0 0.747188 0.730563 0.038125 0.043789
0 0.708750 0.731457 0.038750 0.042002
0 0.680625 0.730563 0.017500 0.040214
0 0.465000 0.569258 0.038750 0.039321
0 0.501563 0.569258 0.034375 0.039321
0 0.536250 0.568365 0.035000 0.037534
0 0.572500 0.567024 0.037500 0.040214
0 0.465625 0.609026 0.038750 0.040214
0 0.501563 0.608579 0.033125 0.041108
0 0.536250 0.609026 0.036250 0.042002
0 0.572812 0.609026 0.036875 0.042002
0 0.465938 0.651028 0.036875 0.038427
0 0.501563 0.652368 0.034375 0.041108
0 0.536563 0.651921 0.035625 0.042002
0 0.572812 0.651475 0.036875 0.041108
0 0.609062 0.564343 0.030625 0.047364
0 0.604375 0.607685 0.021250 0.042895
0 0.603437 0.649687 0.023125 0.046470
0 0.602812 0.692136 0.021875 0.042002
0 0.578438 0.693476 0.028125 0.042895
0 0.578125 0.733244 0.028750 0.040214
0 0.603437 0.733691 0.021875 0.041108
0 0.556250 0.703753 0.012500 0.020554
0 0.556250 0.724754 0.012500 0.017873
0 0.556250 0.744861 0.012500 0.020554
0 0.509062 0.728329 0.020625 0.075067
0 0.530000 0.729669 0.018750 0.077748
0 0.461250 0.693923 0.026250 0.043789
0 0.460625 0.740840 0.027500 0.051832
0 0.481875 0.703753 0.012500 0.024129
0 0.481875 0.737712 0.013750 0.040214
0 0.430000 0.564790 0.032500 0.050045
0 0.433750 0.608579 0.022500 0.042895
0 0.434063 0.651028 0.023125 0.042002
0 0.433437 0.693923 0.023125 0.040214
0 0.433750 0.735031 0.022500 0.042002
0 0.378125 0.552279 0.015000 0.046470
0 0.377188 0.598302 0.013125 0.047364
0 0.377188 0.644772 0.013125 0.042002
0 0.376875 0.689902 0.013750 0.046470
0 0.376563 0.734138 0.015625 0.043789
0 0.405625 0.255139 0.015000 0.052726
0 0.430000 0.268543 0.032500 0.063450
0 0.460313 0.278374 0.030625 0.045576
0 0.480312 0.286416 0.009375 0.027703
0 0.391562 0.256926 0.011875 0.056300
0 0.373750 0.267650 0.022500 0.063450
0 0.351250 0.278374 0.021250 0.045576
0 0.330625 0.287310 0.021250 0.027703
0 0.406250 0.399911 0.017500 0.052726
0 0.427812 0.408400 0.025625 0.055407
0 0.382188 0.404826 0.031875 0.060769
0 0.223750 0.324397 0.018750 0.042895
0 0.252500 0.323950 0.038750 0.043789
0 0.290625 0.325290 0.037500 0.046470
0 0.329062 0.324397 0.039375 0.048257
0 0.356875 0.323503 0.016250 0.046470
0 0.224062 0.370420 0.019375 0.047364
0 0.253125 0.369973 0.038750 0.048257
0 0.290938 0.369973 0.036875 0.048257
0 0.329375 0.369973 0.040000 0.048257
0 0.357500 0.369526 0.016250 0.047364
0 0.357500 0.415996 0.016250 0.045576
0 0.329688 0.416443 0.039375 0.044683
0 0.290625 0.417337 0.038750 0.046470
0 0.252812 0.416890 0.036875 0.047364
0 0.224375 0.417784 0.020000 0.049151
0 0.224375 0.463360 0.018750 0.042002
0 0.252500 0.462913 0.037500 0.042895
0 0.290938 0.463807 0.039375 0.044683
0 0.329688 0.462466 0.038125 0.047364
0 0.356875 0.461573 0.016250 0.045576
0 0.357500 0.505809 0.015000 0.042895
0 0.330625 0.506702 0.038750 0.041108
0 0.292500 0.508937 0.037500 0.045576
0 0.254688 0.508937 0.038125 0.045576
0 0.225938 0.508490 0.019375 0.044683
0 0.225938 0.553172 0.019375 0.044683
0 0.254375 0.553619 0.037500 0.043789
0 0.292187 0.553172 0.038125 0.042895
0 0.330625 0.551385 0.038750 0.048257
0 0.358438 0.551832 0.016875 0.049151
0 0.358750 0.598302 0.016250 0.043789
0 0.330937 0.597855 0.039375 0.044683
0 0.292187 0.598302 0.038125 0.045576
0 0.254688 0.598749 0.036875 0.044683
0 0.227187 0.598749 0.018125 0.044683
0 0.227187 0.643878 0.018125 0.045576
0 0.255312 0.643432 0.038125 0.046470
0 0.293125 0.643432 0.037500 0.046470
0 0.330937 0.643432 0.038125 0.046470
0 0.359687 0.643432 0.019375 0.046470
0 0.226875 0.689902 0.017500 0.042895
0 0.255000 0.689008 0.038750 0.044683
0 0.293438 0.689455 0.038125 0.045576
0 0.331562 0.689455 0.038125 0.045576
0 0.359063 0.689455 0.016875 0.045576
0 0.360000 0.734138 0.015000 0.043789
0 0.331875 0.734138 0.041250 0.043789
0 0.293438 0.734138 0.035625 0.043789
0 0.256875 0.734138 0.037500 0.043789
0 0.228125 0.731903 0.020000 0.039321
0 0.152188 0.511171 0.016875 0.035746
0 0.176875 0.510277 0.032500 0.037534
0 0.204687 0.510724 0.023125 0.038427
0 0.204687 0.548704 0.023125 0.037534
0 0.176875 0.549151 0.032500 0.036640
0 0.177187 0.586238 0.033125 0.037534
0 0.204687 0.586685 0.021875 0.036640
0 0.177187 0.624218 0.031875 0.038427
0 0.204375 0.624665 0.022500 0.037534
0 0.178125 0.663539 0.032500 0.034853
0 0.205625 0.661752 0.022500 0.038427
0 0.177813 0.700179 0.033125 0.038427
0 0.205937 0.701072 0.023125 0.036640
0 0.177813 0.733691 0.033125 0.030384
0 0.205937 0.733691 0.021875 0.028597
0 0.503437 0.163092 0.030625 0.049151
0 0.533125 0.163986 0.028750 0.050938
0 0.839375 0.502681 0.025000 0.038427
0 0.869375 0.501787 0.035000 0.036640
0 0.895312 0.501340 0.016875 0.037534
0 0.840000 0.541108 0.023750 0.038427
0 0.869375 0.540214 0.035000 0.040214
0 0.894687 0.539768 0.015625 0.039321
0 0.895000 0.578642 0.015000 0.038427
0 0.869687 0.579088 0.035625 0.037534
0 0.839375 0.579982 0.025000 0.039321
0 0.838750 0.619750 0.023750 0.040214
0 0.895000 0.618409 0.018750 0.041108
0 0.867812 0.619303 0.034375 0.041108
2 0.616875 0.329759 0.047500 0.114388
2 0.655625 0.328418 0.033750 0.109920
2 0.616875 0.474084 0.047500 0.106345
2 0.655625 0.472297 0.033750 0.100983
2 0.382188 0.474531 0.036875 0.112601
2 0.419687 0.477212 0.043125 0.101877
2 0.383750 0.331993 0.030000 0.104558
2 0.417812 0.332440 0.044375 0.101877
