0 0.033203 0.071289 0.058594 0.138672
0 0.112305 0.074219 0.099609 0.144531
0 0.212891 0.074219 0.101562 0.144531
0 0.315430 0.073242 0.103516 0.142578
0 0.413086 0.073242 0.091797 0.142578
0 0.506836 0.072266 0.095703 0.140625
0 0.594727 0.072266 0.080078 0.140625
0 0.676758 0.072266 0.080078 0.140625
0 0.757812 0.072266 0.082031 0.140625
0 0.843750 0.074219 0.089844 0.144531
0 0.933594 0.074219 0.089844 0.144531
0 0.031250 0.193359 0.058594 0.101562
0 0.111328 0.193359 0.101562 0.101562
0 0.213867 0.193359 0.103516 0.101562
0 0.316406 0.197266 0.101562 0.093750
0 0.416016 0.196289 0.097656 0.091797
0 0.511719 0.192383 0.093750 0.099609
0 0.599609 0.195312 0.082031 0.105469
0 0.679688 0.194336 0.078125 0.107422
0 0.761719 0.192383 0.085938 0.103516
0 0.847656 0.195312 0.085938 0.097656
0 0.933594 0.195312 0.085938 0.097656
0 0.934570 0.367188 0.083984 0.246094
0 0.849609 0.367188 0.085938 0.246094
0 0.761719 0.365234 0.089844 0.242188
0 0.677734 0.367188 0.078125 0.238281
0 0.598633 0.370117 0.080078 0.244141
0 0.513672 0.368164 0.089844 0.248047
0 0.416992 0.330078 0.103516 0.171875
0 0.315430 0.329102 0.099609 0.173828
0 0.211914 0.327148 0.107422 0.169922
0 0.110352 0.329102 0.095703 0.166016
0 0.032227 0.329102 0.060547 0.166016
0 0.033203 0.500000 0.062500 0.175781
0 0.114258 0.499023 0.099609 0.177734
0 0.216797 0.499023 0.105469 0.177734
0 0.318359 0.499023 0.097656 0.177734
0 0.416992 0.499023 0.099609 0.177734
0 0.512695 0.539062 0.091797 0.097656
0 0.597656 0.539062 0.078125 0.097656
0 0.675781 0.538086 0.078125 0.099609
0 0.758789 0.537109 0.087891 0.097656
0 0.847656 0.536133 0.089844 0.099609
0 0.934570 0.537109 0.083984 0.101562
0 0.932617 0.676758 0.087891 0.177734
0 0.844727 0.676758 0.087891 0.177734
0 0.758789 0.676758 0.083984 0.177734
0 0.675781 0.675781 0.082031 0.179688
0 0.593750 0.672852 0.082031 0.173828
0 0.510742 0.674805 0.083984 0.169922
0 0.416016 0.676758 0.105469 0.173828
0 0.317383 0.673828 0.091797 0.179688
0 0.216797 0.674805 0.109375 0.181641
0 0.113281 0.675781 0.097656 0.179688
0 0.035156 0.676758 0.058594 0.181641
0 0.033203 0.815430 0.054688 0.095703
0 0.111328 0.813477 0.101562 0.099609
0 0.214844 0.811523 0.105469 0.095703
0 0.317383 0.810547 0.099609 0.097656
0 0.416992 0.811523 0.099609 0.099609
0 0.510742 0.811523 0.087891 0.099609
0 0.596680 0.812500 0.083984 0.101562
0 0.678711 0.811523 0.080078 0.103516
0 0.760742 0.811523 0.083984 0.103516
0 0.845703 0.812500 0.085938 0.101562
0 0.931641 0.809570 0.085938 0.095703
0 0.932617 0.901367 0.083984 0.087891
0 0.846680 0.904297 0.087891 0.082031
0 0.758789 0.900391 0.087891 0.074219
0 0.676758 0.901367 0.076172 0.072266
0 0.596680 0.905273 0.083984 0.080078
0 0.511719 0.905273 0.085938 0.080078
0 0.414062 0.930664 0.109375 0.130859
0 0.313477 0.926758 0.091797 0.138672
0 0.214844 0.927734 0.105469 0.140625
0 0.113281 0.933594 0.097656 0.128906
0 0.033203 0.932617 0.062500 0.126953
0 0.512695 0.970703 0.091797 0.046875
0 0.597656 0.969727 0.082031 0.048828
0 0.676758 0.968750 0.076172 0.046875
0 0.759766 0.966797 0.089844 0.050781
0 0.847656 0.967773 0.085938 0.052734
0 0.934570 0.970703 0.087891 0.046875
