0 0.075195 0.096680 0.111328 0.189453
0 0.173828 0.121094 0.078125 0.179688
0 0.272461 0.157227 0.091797 0.220703
0 0.368164 0.198242 0.083984 0.216797
0 0.075195 0.365234 0.119141 0.335938
0 0.179688 0.375000 0.070312 0.316406
0 0.266602 0.395508 0.091797 0.310547
0 0.361328 0.421875 0.082031 0.289062
0 0.082031 0.634766 0.105469 0.187500
0 0.173828 0.638672 0.085938 0.187500
0 0.266602 0.649414 0.091797 0.185547
0 0.358398 0.650391 0.091797 0.183594
0 0.070312 0.862305 0.121094 0.244141
0 0.173828 0.862305 0.074219 0.232422
0 0.268555 0.863281 0.099609 0.242188
0 0.361328 0.856445 0.074219 0.216797
0 0.528320 0.303711 0.228516 0.365234
0 0.662109 0.406250 0.054688 0.222656
0 0.518555 0.472656 0.228516 0.269531
0 0.661133 0.558594 0.056641 0.136719
0 0.502930 0.673828 0.193359 0.179688
0 0.611328 0.682617 0.019531 0.142578
0 0.652344 0.682617 0.058594 0.146484
0 0.438477 0.872070 0.072266 0.232422
0 0.510742 0.877930 0.072266 0.220703
0 0.571289 0.874023 0.048828 0.212891
0 0.613281 0.871094 0.035156 0.218750
0 0.651367 0.867188 0.041016 0.214844
