0 0.152832 0.716267 0.057617 0.168979
0 0.213379 0.715006 0.063477 0.166456
0 0.272949 0.713745 0.059570 0.168979
0 0.407227 0.715006 0.074219 0.166456
0 0.475586 0.715006 0.064453 0.166456
0 0.543945 0.715637 0.072266 0.165195
0 0.608887 0.713745 0.065430 0.166456
0 0.673340 0.713745 0.065430 0.168979
0 0.810059 0.711854 0.061523 0.172762
0 0.806152 0.929382 0.063477 0.141236
0 0.149414 0.932535 0.044922 0.134931
0 0.206543 0.932535 0.069336 0.134931
0 0.265625 0.931904 0.058594 0.136192
0 0.400879 0.931274 0.075195 0.134931
0 0.468750 0.931274 0.068359 0.137453
0 0.538086 0.930643 0.070312 0.138714
0 0.604980 0.932535 0.065430 0.134931
0 0.668457 0.931904 0.061523 0.136192
0 0.955566 0.709332 0.086914 0.182850
0 0.953125 0.930013 0.091797 0.139975
