0 0.777344 0.208984 0.214844 0.414062
0 0.770508 0.540039 0.216797 0.416016
0 0.771484 0.861328 0.222656 0.277344
0 0.582031 0.871094 0.164062 0.257812
0 0.587891 0.590820 0.156250 0.357422
0 0.584961 0.281250 0.154297 0.371094
0 0.583008 0.086914 0.162109 0.169922
0 0.438477 0.126953 0.146484 0.250000
0 0.433594 0.375000 0.136719 0.382812
0 0.433594 0.653320 0.136719 0.271484
0 0.436523 0.889648 0.138672 0.212891
0 0.310547 0.886719 0.105469 0.195312
0 0.218750 0.887695 0.070312 0.181641
0 0.148438 0.891602 0.070312 0.162109
0 0.084961 0.911133 0.060547 0.123047
0 0.315430 0.695312 0.099609 0.203125
0 0.230469 0.712891 0.093750 0.191406
0 0.146484 0.730469 0.058594 0.167969
0 0.071289 0.616211 0.080078 0.146484
0 0.145508 0.584961 0.068359 0.142578
0 0.226562 0.556641 0.093750 0.167969
0 0.318359 0.520508 0.093750 0.185547
0 0.436523 0.380859 0.142578 0.378906
0 0.323242 0.363281 0.091797 0.199219
0 0.225586 0.405273 0.095703 0.208984
0 0.146484 0.449219 0.062500 0.183594
0 0.073242 0.522461 0.076172 0.111328
0 0.083984 0.453125 0.070312 0.101562
0 0.075195 0.312500 0.068359 0.207031
0 0.145508 0.294922 0.056641 0.207031
0 0.225586 0.226562 0.095703 0.238281
0 0.319336 0.169922 0.095703 0.292969
0 0.433594 0.135742 0.136719 0.248047
