0 0.158203 0.255859 0.074219 0.093750
0 0.247070 0.252930 0.060547 0.087891
0 0.336914 0.254883 0.068359 0.095703
0 0.430664 0.253906 0.060547 0.089844
0 0.520508 0.252930 0.056641 0.087891
0 0.605469 0.252930 0.054688 0.091797
0 0.690430 0.251953 0.052734 0.093750
0 0.774414 0.254883 0.056641 0.087891
0 0.852539 0.250977 0.041016 0.091797
0 0.156250 0.382812 0.070312 0.093750
0 0.249023 0.379883 0.052734 0.091797
0 0.338867 0.377930 0.064453 0.091797
0 0.431641 0.376953 0.062500 0.089844
0 0.517578 0.375977 0.058594 0.095703
0 0.156250 0.318359 0.070312 0.039062
0 0.249023 0.316406 0.060547 0.042969
0 0.338867 0.319336 0.068359 0.041016
0 0.431641 0.317383 0.062500 0.041016
0 0.520508 0.315430 0.056641 0.041016
0 0.604492 0.317383 0.052734 0.041016
0 0.605469 0.378906 0.054688 0.089844
0 0.606445 0.441406 0.056641 0.035156
0 0.607422 0.497070 0.054688 0.076172
0 0.605469 0.553711 0.050781 0.037109
0 0.603516 0.610352 0.054688 0.076172
0 0.605469 0.667969 0.058594 0.039062
0 0.605469 0.726562 0.058594 0.078125
0 0.604492 0.782227 0.056641 0.033203
0 0.604492 0.833984 0.056641 0.070312
0 0.690430 0.316406 0.056641 0.035156
0 0.690430 0.377930 0.056641 0.087891
0 0.688477 0.438477 0.052734 0.033203
0 0.692383 0.496094 0.044922 0.082031
0 0.684570 0.833008 0.056641 0.072266
0 0.687500 0.780273 0.050781 0.033203
0 0.688477 0.724609 0.052734 0.078125
0 0.689453 0.667969 0.050781 0.035156
0 0.774414 0.316406 0.052734 0.035156
0 0.773438 0.377930 0.054688 0.087891
0 0.771484 0.441406 0.050781 0.039062
0 0.770508 0.500000 0.052734 0.078125
0 0.770508 0.554688 0.052734 0.031250
0 0.772461 0.611328 0.048828 0.082031
0 0.773438 0.672852 0.050781 0.041016
0 0.771484 0.728516 0.054688 0.070312
0 0.771484 0.781250 0.054688 0.035156
0 0.770508 0.835938 0.056641 0.074219
0 0.853516 0.315430 0.046875 0.037109
0 0.853516 0.377930 0.046875 0.087891
0 0.854492 0.439453 0.048828 0.035156
0 0.852539 0.497070 0.052734 0.080078
0 0.848633 0.553711 0.044922 0.033203
0 0.850586 0.609375 0.041016 0.078125
0 0.850586 0.706055 0.041016 0.115234
0 0.849609 0.781250 0.042969 0.035156
0 0.850586 0.833984 0.044922 0.070312
0 0.156250 0.444336 0.066406 0.033203
0 0.156250 0.498047 0.066406 0.074219
0 0.156250 0.554688 0.066406 0.039062
0 0.156250 0.613281 0.066406 0.078125
0 0.157227 0.668945 0.068359 0.033203
0 0.157227 0.725586 0.068359 0.080078
0 0.157227 0.782227 0.068359 0.033203
0 0.157227 0.832031 0.068359 0.066406
0 0.247070 0.445312 0.060547 0.035156
0 0.247070 0.501953 0.060547 0.078125
0 0.247070 0.558594 0.060547 0.035156
0 0.247070 0.614258 0.060547 0.076172
0 0.249023 0.668945 0.064453 0.033203
0 0.249023 0.723633 0.064453 0.076172
0 0.248047 0.780273 0.062500 0.037109
0 0.250000 0.832031 0.058594 0.066406
0 0.337891 0.443359 0.066406 0.035156
0 0.337891 0.499023 0.066406 0.076172
0 0.338867 0.554688 0.068359 0.035156
0 0.339844 0.609375 0.066406 0.074219
0 0.338867 0.665039 0.064453 0.037109
0 0.338867 0.723633 0.064453 0.080078
0 0.338867 0.779297 0.064453 0.031250
0 0.338867 0.832031 0.064453 0.074219
0 0.432617 0.443359 0.064453 0.035156
0 0.432617 0.500000 0.064453 0.078125
0 0.430664 0.556641 0.060547 0.035156
0 0.430664 0.611328 0.060547 0.074219
0 0.431641 0.666992 0.062500 0.037109
0 0.431641 0.723633 0.062500 0.076172
0 0.430664 0.780273 0.060547 0.037109
0 0.430664 0.834961 0.060547 0.072266
