0 0.040527 0.056452 0.047852 0.033724
0 0.040527 0.104106 0.047852 0.073314
0 0.089844 0.107771 0.052734 0.077713
0 0.091797 0.056452 0.052734 0.042522
0 0.140625 0.064516 0.046875 0.035191
0 0.141113 0.118768 0.049805 0.076246
0 0.188965 0.119501 0.049805 0.074780
0 0.239258 0.124633 0.048828 0.073314
0 0.288574 0.129765 0.049805 0.074780
0 0.334473 0.136364 0.047852 0.076246
0 0.381348 0.142229 0.047852 0.073314
0 0.190430 0.068915 0.048828 0.041056
0 0.238281 0.073314 0.050781 0.041056
0 0.288574 0.074047 0.045898 0.051320
0 0.334961 0.077713 0.048828 0.058651
0 0.380859 0.079912 0.048828 0.057185
0 0.428711 0.081378 0.044922 0.074780
0 0.472656 0.086510 0.046875 0.073314
0 0.518555 0.087977 0.046875 0.082111
0 0.562988 0.088710 0.047852 0.089443
0 0.607910 0.089443 0.047852 0.090909
0 0.652344 0.093842 0.050781 0.090909
0 0.427734 0.145161 0.046875 0.070381
0 0.474609 0.151760 0.048828 0.071848
0 0.520020 0.159824 0.047852 0.067449
0 0.566895 0.163490 0.047852 0.071848
0 0.610840 0.169355 0.047852 0.074780
0 0.653809 0.172287 0.045898 0.065982
0 0.657227 0.237537 0.042969 0.061584
0 0.612793 0.231672 0.045898 0.073314
0 0.567383 0.228006 0.044922 0.065982
0 0.522461 0.223607 0.044922 0.074780
0 0.477539 0.220674 0.044922 0.068915
0 0.430664 0.216276 0.048828 0.077713
0 0.382324 0.209677 0.047852 0.064516
0 0.334961 0.204545 0.046875 0.074780
0 0.287598 0.200880 0.047852 0.067449
0 0.238770 0.196481 0.049805 0.076246
0 0.040527 0.172287 0.049805 0.068915
0 0.088867 0.175953 0.050781 0.073314
0 0.140625 0.183284 0.050781 0.079179
0 0.188477 0.190616 0.052734 0.079179
0 0.037598 0.277126 0.051758 0.143695
0 0.089355 0.282991 0.049805 0.143695
0 0.141602 0.287390 0.050781 0.140762
0 0.189453 0.293255 0.050781 0.140762
0 0.238281 0.297654 0.050781 0.140762
0 0.289062 0.301320 0.052734 0.139296
0 0.336914 0.304252 0.046875 0.133431
0 0.385254 0.310117 0.051758 0.136364
0 0.432129 0.314516 0.051758 0.133431
0 0.479980 0.318182 0.051758 0.137830
0 0.525391 0.323314 0.052734 0.133431
0 0.570312 0.326246 0.050781 0.133431
0 0.617188 0.330645 0.052734 0.136364
0 0.662109 0.332845 0.050781 0.134897
0 0.667480 0.434751 0.045898 0.065982
0 0.622559 0.431085 0.049805 0.073314
0 0.575684 0.427419 0.047852 0.071848
0 0.530273 0.423021 0.048828 0.068915
0 0.037109 0.384897 0.052734 0.074780
0 0.089355 0.386364 0.049805 0.074780
0 0.140625 0.393695 0.050781 0.074780
0 0.188477 0.393695 0.050781 0.071848
0 0.240234 0.400293 0.054688 0.076246
0 0.289062 0.402493 0.052734 0.074780
0 0.338379 0.408358 0.049805 0.071848
0 0.386230 0.408358 0.053711 0.071848
0 0.435547 0.415689 0.048828 0.077713
0 0.481934 0.420088 0.047852 0.074780
0 0.037598 0.452346 0.051758 0.077713
0 0.088867 0.458211 0.050781 0.074780
0 0.139648 0.462610 0.052734 0.074780
0 0.191406 0.469941 0.050781 0.077713
0 0.240234 0.471408 0.052734 0.068915
0 0.290527 0.472874 0.049805 0.071848
0 0.340332 0.480938 0.047852 0.076246
0 0.387695 0.482405 0.048828 0.073314
0 0.437988 0.486070 0.047852 0.071848
0 0.485352 0.489736 0.052734 0.070381
0 0.533203 0.492669 0.050781 0.073314
0 0.580078 0.496334 0.052734 0.077713
0 0.034668 0.568182 0.055664 0.156891
0 0.088867 0.569648 0.052734 0.151026
0 0.139648 0.574047 0.048828 0.148094
0 0.191895 0.576979 0.051758 0.151026
0 0.242676 0.580645 0.049805 0.149560
0 0.293457 0.587977 0.051758 0.155425
0 0.341797 0.586510 0.054688 0.146628
0 0.391602 0.588710 0.052734 0.142229
0 0.441895 0.590909 0.051758 0.140762
0 0.488281 0.590176 0.054688 0.139296
0 0.536621 0.594575 0.055664 0.136364
0 0.584473 0.599707 0.053711 0.131965
0 0.630859 0.597507 0.052734 0.127566
0 0.676270 0.604106 0.053711 0.140762
0 0.626953 0.501466 0.048828 0.073314
0 0.671387 0.506598 0.049805 0.071848
0 0.033203 0.684018 0.056641 0.080645
0 0.088867 0.683284 0.050781 0.082111
0 0.142090 0.685484 0.049805 0.077713
0 0.193359 0.686217 0.050781 0.082111
0 0.242676 0.691349 0.053711 0.074780
0 0.293457 0.697214 0.047852 0.077713
0 0.344238 0.698680 0.053711 0.080645
0 0.392578 0.698680 0.050781 0.080645
0 0.442383 0.703079 0.052734 0.083578
0 0.492188 0.701613 0.050781 0.071848
0 0.541016 0.705279 0.050781 0.073314
0 0.587402 0.708944 0.049805 0.074780
0 0.030273 0.760264 0.052734 0.080645
0 0.088379 0.758798 0.057617 0.077713
0 0.141113 0.763196 0.053711 0.086510
0 0.191895 0.763930 0.049805 0.079179
0 0.242188 0.767595 0.054688 0.074780
0 0.298340 0.771261 0.049805 0.073314
0 0.347168 0.772727 0.053711 0.079179
0 0.395508 0.771994 0.048828 0.074780
0 0.444824 0.777859 0.053711 0.074780
0 0.496582 0.778592 0.051758 0.073314
0 0.545410 0.782258 0.051758 0.080645
0 0.590332 0.783724 0.051758 0.074780
0 0.638184 0.783724 0.051758 0.077713
0 0.687012 0.784457 0.053711 0.073314
0 0.030273 0.876100 0.056641 0.165689
0 0.085938 0.879765 0.056641 0.158358
0 0.139160 0.881965 0.051758 0.156891
0 0.190918 0.883431 0.051758 0.153959
0 0.244629 0.882698 0.055664 0.152493
0 0.296875 0.883431 0.054688 0.151026
0 0.350586 0.886364 0.054688 0.148094
0 0.400879 0.887097 0.053711 0.149560
0 0.449707 0.888563 0.055664 0.152493
0 0.498535 0.890762 0.055664 0.148094
0 0.548340 0.893695 0.053711 0.142229
0 0.597656 0.890762 0.056641 0.148094
0 0.645020 0.896628 0.059570 0.151026
0 0.694824 0.895161 0.059570 0.148094
