0 0.155273 0.251953 0.126953 0.320312
0 0.261719 0.251953 0.085938 0.320312
0 0.345703 0.249023 0.082031 0.314453
0 0.425781 0.248047 0.078125 0.316406
0 0.507812 0.247070 0.085938 0.314453
0 0.590820 0.247070 0.080078 0.314453
0 0.672852 0.248047 0.083984 0.316406
0 0.752930 0.249023 0.076172 0.314453
0 0.832031 0.249023 0.082031 0.314453
0 0.916016 0.249023 0.085938 0.314453
0 0.154297 0.580078 0.128906 0.343750
0 0.262695 0.579102 0.087891 0.345703
0 0.348633 0.579102 0.083984 0.345703
0 0.429688 0.579102 0.078125 0.345703
0 0.510742 0.577148 0.083984 0.341797
0 0.592773 0.574219 0.080078 0.347656
0 0.672852 0.577148 0.080078 0.353516
0 0.751953 0.581055 0.078125 0.345703
0 0.830078 0.579102 0.078125 0.341797
0 0.153320 0.874023 0.126953 0.248047
0 0.260742 0.874023 0.087891 0.248047
0 0.348633 0.871094 0.087891 0.242188
0 0.433594 0.870117 0.082031 0.244141
0 0.514648 0.872070 0.080078 0.248047
0 0.594727 0.873047 0.080078 0.246094
0 0.674805 0.873047 0.080078 0.246094
0 0.752930 0.875000 0.076172 0.242188
0 0.833008 0.875000 0.083984 0.242188
0 0.904297 0.874023 0.058594 0.244141
0 0.111328 0.045898 0.218750 0.087891
0 0.262695 0.044922 0.087891 0.085938
0 0.343750 0.046875 0.085938 0.089844
0 0.426758 0.045898 0.080078 0.087891
0 0.506836 0.045898 0.080078 0.087891
0 0.588867 0.045898 0.083984 0.087891
0 0.671875 0.045898 0.082031 0.087891
0 0.750977 0.043945 0.076172 0.083984
0 0.829102 0.043945 0.080078 0.083984
0 0.914062 0.047852 0.085938 0.091797
