0 0.177734 0.106445 0.082031 0.208984
0 0.107422 0.117188 0.046875 0.191406
0 0.031250 0.125977 0.050781 0.208984
0 0.072266 0.121094 0.023438 0.207031
0 0.253906 0.141602 0.070312 0.099609
0 0.260742 0.051758 0.072266 0.099609
0 0.311523 0.095703 0.048828 0.187500
0 0.356445 0.090820 0.048828 0.177734
0 0.398438 0.059570 0.031250 0.115234
0 0.446289 0.051758 0.048828 0.099609
0 0.399414 0.130859 0.033203 0.058594
0 0.444336 0.128906 0.052734 0.054688
0 0.490234 0.079102 0.031250 0.154297
0 0.531250 0.080078 0.054688 0.156250
0 0.578125 0.076172 0.035156 0.148438
0 0.618164 0.070312 0.044922 0.136719
0 0.659180 0.072266 0.033203 0.140625
0 0.701172 0.070312 0.050781 0.136719
0 0.750977 0.091797 0.041016 0.097656
0 0.751953 0.022461 0.046875 0.041016
0 0.798828 0.021484 0.042969 0.039062
0 0.798828 0.083984 0.046875 0.089844
0 0.849609 0.063477 0.050781 0.123047
0 0.902344 0.062500 0.062500 0.121094
0 0.046875 0.312500 0.058594 0.175781
0 0.105469 0.302734 0.058594 0.191406
0 0.175781 0.253906 0.078125 0.113281
0 0.173828 0.351562 0.078125 0.093750
0 0.254883 0.288086 0.072266 0.208984
0 0.338867 0.234375 0.095703 0.136719
0 0.335938 0.334961 0.085938 0.091797
0 0.428711 0.217773 0.083984 0.134766
0 0.421875 0.325195 0.082031 0.091797
0 0.502930 0.317383 0.080078 0.095703
0 0.510742 0.215820 0.087891 0.134766
0 0.595703 0.246094 0.093750 0.218750
0 0.680664 0.168945 0.083984 0.083984
0 0.682617 0.263672 0.072266 0.109375
0 0.774414 0.215820 0.103516 0.189453
0 0.880859 0.151367 0.105469 0.091797
0 0.880859 0.244141 0.109375 0.109375
0 0.876953 0.345703 0.109375 0.117188
0 0.876953 0.426758 0.117188 0.052734
0 0.873047 0.484375 0.105469 0.085938
0 0.776367 0.377930 0.099609 0.158203
0 0.679688 0.388672 0.093750 0.156250
0 0.588867 0.460938 0.087891 0.230469
0 0.507812 0.429688 0.082031 0.148438
0 0.505859 0.535156 0.082031 0.070312
0 0.419922 0.450195 0.093750 0.193359
0 0.340820 0.458008 0.083984 0.173828
0 0.258789 0.462891 0.080078 0.179688
0 0.174805 0.471680 0.083984 0.173828
0 0.099609 0.474609 0.066406 0.171875
0 0.036133 0.477539 0.068359 0.166016
0 0.780273 0.491211 0.103516 0.091797
0 0.678711 0.514648 0.095703 0.103516
0 0.775391 0.583984 0.089844 0.113281
0 0.874023 0.583984 0.115234 0.113281
0 0.680664 0.631836 0.087891 0.126953
0 0.589844 0.657227 0.097656 0.181641
0 0.587891 0.818359 0.093750 0.164062
0 0.503906 0.738281 0.078125 0.328125
0 0.419922 0.786133 0.082031 0.236328
0 0.421875 0.606445 0.089844 0.123047
0 0.336914 0.622070 0.083984 0.146484
0 0.259766 0.618164 0.085938 0.134766
0 0.185547 0.616211 0.078125 0.119141
0 0.107422 0.630859 0.066406 0.125000
0 0.037109 0.610352 0.070312 0.072266
0 0.036133 0.773438 0.068359 0.257812
0 0.110352 0.799805 0.068359 0.208984
0 0.182617 0.789062 0.072266 0.214844
0 0.253906 0.791992 0.082031 0.212891
0 0.332031 0.796875 0.082031 0.214844
0 0.679688 0.797852 0.082031 0.205078
0 0.828125 0.768555 0.195312 0.263672
