0 0.377441 0.271596 0.051758 0.215227
0 0.322754 0.274524 0.053711 0.221083
0 0.431152 0.272328 0.055664 0.219619
0 0.487793 0.272328 0.057617 0.219619
0 0.538086 0.273792 0.042969 0.222548
0 0.579590 0.273060 0.040039 0.224012
0 0.620605 0.270864 0.041992 0.219619
0 0.324707 0.482430 0.055664 0.194729
0 0.378906 0.480966 0.052734 0.197657
0 0.432617 0.481698 0.054688 0.199122
0 0.489258 0.481698 0.058594 0.199122
0 0.538086 0.478038 0.039062 0.191801
0 0.578125 0.478038 0.041016 0.191801
0 0.621582 0.478038 0.045898 0.191801
0 0.744141 0.311127 0.046875 0.180088
0 0.791016 0.310395 0.046875 0.181552
0 0.835449 0.309663 0.041992 0.180088
0 0.879395 0.309663 0.045898 0.180088
0 0.924316 0.309663 0.043945 0.180088
0 0.967773 0.310395 0.042969 0.178624
0 0.741211 0.486091 0.042969 0.158126
0 0.788574 0.486091 0.051758 0.158126
0 0.835938 0.487555 0.042969 0.161054
0 0.879883 0.485359 0.044922 0.165447
0 0.923340 0.483163 0.041992 0.161054
0 0.967285 0.482430 0.045898 0.162518
0 0.147461 0.106881 0.062500 0.210835
0 0.207031 0.145681 0.042969 0.235725
0 0.251465 0.193997 0.032227 0.200586
0 0.059082 0.073939 0.090820 0.144949
