0 0.820312 0.102539 0.160156 0.201172
0 0.684570 0.139648 0.119141 0.275391
0 0.577148 0.181641 0.083984 0.316406
0 0.575195 0.048828 0.103516 0.093750
0 0.575195 0.439453 0.107422 0.324219
0 0.686523 0.388672 0.115234 0.382812
0 0.828125 0.306641 0.156250 0.398438
0 0.824219 0.652344 0.148438 0.382812
0 0.826172 0.916992 0.156250 0.166016
0 0.693359 0.695312 0.113281 0.363281
0 0.583008 0.724609 0.107422 0.308594
0 0.692383 0.925781 0.115234 0.148438
0 0.579102 0.933594 0.111328 0.132812
0 0.486328 0.071289 0.058594 0.138672
0 0.489258 0.247070 0.064453 0.291016
0 0.430664 0.099609 0.060547 0.195312
0 0.378906 0.116211 0.050781 0.228516
0 0.424805 0.292969 0.056641 0.285156
0 0.374023 0.334961 0.048828 0.271484
0 0.483398 0.513672 0.060547 0.242188
0 0.426758 0.543945 0.060547 0.228516
0 0.373047 0.567383 0.039062 0.216797
0 0.485352 0.771484 0.064453 0.257812
0 0.427734 0.788086 0.054688 0.244141
0 0.373047 0.803711 0.058594 0.240234
0 0.326172 0.819336 0.039062 0.208984
0 0.488281 0.953125 0.066406 0.093750
0 0.430664 0.960938 0.060547 0.078125
0 0.375000 0.961914 0.054688 0.076172
0 0.325195 0.965820 0.041016 0.068359
0 0.314453 0.371094 0.062500 0.257812
0 0.310547 0.192383 0.062500 0.205078
0 0.317383 0.079102 0.056641 0.154297
0 0.264648 0.128906 0.048828 0.148438
0 0.263672 0.250977 0.046875 0.166016
0 0.217773 0.179688 0.048828 0.160156
0 0.178711 0.225586 0.037109 0.146484
0 0.144531 0.253906 0.031250 0.125000
0 0.115234 0.290039 0.023438 0.115234
0 0.213867 0.293945 0.048828 0.154297
0 0.176758 0.336914 0.033203 0.138672
0 0.143555 0.369141 0.025391 0.132812
0 0.117188 0.396484 0.027344 0.132812
0 0.215820 0.447266 0.052734 0.218750
0 0.173828 0.479492 0.035156 0.193359
0 0.148438 0.500000 0.039062 0.183594
0 0.118164 0.519531 0.025391 0.171875
0 0.318359 0.582031 0.066406 0.250000
0 0.257812 0.614258 0.058594 0.228516
0 0.215820 0.637695 0.048828 0.220703
0 0.176758 0.657227 0.033203 0.205078
0 0.145508 0.669922 0.025391 0.187500
0 0.117188 0.685547 0.031250 0.179688
0 0.291016 0.820312 0.042969 0.230469
0 0.256836 0.826172 0.037109 0.222656
0 0.215820 0.839844 0.048828 0.218750
0 0.177734 0.847656 0.035156 0.214844
0 0.146484 0.854492 0.027344 0.193359
0 0.120117 0.864258 0.029297 0.197266
