0 0.457031 0.285191 0.046875 0.054252
0 0.503418 0.285191 0.045898 0.054252
0 0.549316 0.285924 0.045898 0.055718
0 0.596191 0.285924 0.047852 0.055718
0 0.643555 0.286657 0.046875 0.057185
0 0.689941 0.286657 0.045898 0.057185
0 0.735840 0.285924 0.045898 0.055718
0 0.781250 0.286657 0.044922 0.054252
0 0.826660 0.285924 0.045898 0.052786
0 0.868652 0.285191 0.038086 0.054252
0 0.457520 0.346041 0.045898 0.052786
0 0.503418 0.346774 0.045898 0.051320
0 0.549316 0.348974 0.045898 0.055718
0 0.596191 0.348240 0.047852 0.057185
0 0.643066 0.346774 0.045898 0.054252
0 0.689453 0.347507 0.046875 0.052786
0 0.735840 0.347507 0.045898 0.052786
0 0.780762 0.346041 0.043945 0.055718
0 0.825684 0.346041 0.045898 0.055718
0 0.868652 0.346774 0.040039 0.054252
0 0.457031 0.406158 0.046875 0.055718
0 0.503418 0.406158 0.045898 0.055718
0 0.549316 0.405425 0.045898 0.054252
0 0.595703 0.406158 0.046875 0.052786
0 0.642578 0.405425 0.046875 0.051320
0 0.688477 0.404692 0.044922 0.052786
0 0.734375 0.405425 0.046875 0.054252
0 0.780762 0.405425 0.045898 0.054252
0 0.827148 0.406158 0.046875 0.055718
0 0.869141 0.406158 0.037109 0.055718
0 0.458008 0.451613 0.046875 0.026393
0 0.504883 0.451613 0.046875 0.026393
0 0.551270 0.451613 0.045898 0.026393
0 0.597168 0.450880 0.045898 0.027859
0 0.643555 0.450880 0.046875 0.027859
0 0.689453 0.450880 0.044922 0.027859
0 0.735352 0.450147 0.046875 0.026393
0 0.781738 0.450147 0.045898 0.026393
0 0.827148 0.450147 0.044922 0.026393
0 0.869141 0.449413 0.039062 0.027859
0 0.458496 0.508798 0.045898 0.087977
0 0.504395 0.508798 0.045898 0.087977
0 0.550293 0.508065 0.045898 0.086510
0 0.596680 0.508065 0.046875 0.086510
0 0.643066 0.509531 0.045898 0.089443
0 0.688965 0.508065 0.045898 0.092375
0 0.734863 0.507331 0.045898 0.090909
0 0.780762 0.508065 0.045898 0.089443
0 0.827148 0.508065 0.046875 0.089443
0 0.868652 0.508065 0.036133 0.089443
0 0.458984 0.585044 0.042969 0.058651
0 0.503418 0.585777 0.045898 0.057185
0 0.549805 0.585044 0.046875 0.055718
0 0.596191 0.585777 0.045898 0.054252
0 0.643066 0.585777 0.047852 0.054252
0 0.689941 0.585777 0.045898 0.054252
0 0.736328 0.585777 0.046875 0.054252
0 0.781738 0.584311 0.043945 0.057185
0 0.828125 0.585044 0.048828 0.058651
0 0.870605 0.584311 0.036133 0.060117
0 0.460449 0.645894 0.045898 0.060117
0 0.505859 0.645894 0.044922 0.060117
0 0.551270 0.645161 0.045898 0.058651
0 0.460449 0.718475 0.045898 0.087977
0 0.505859 0.719208 0.044922 0.086510
0 0.551270 0.719208 0.045898 0.086510
0 0.459961 0.793255 0.044922 0.055718
0 0.505859 0.791789 0.046875 0.058651
0 0.552246 0.791789 0.045898 0.058651
0 0.598633 0.791789 0.046875 0.058651
0 0.645020 0.791789 0.045898 0.058651
0 0.691406 0.792522 0.046875 0.057185
0 0.737793 0.792522 0.045898 0.057185
0 0.783691 0.792522 0.045898 0.057185
0 0.829590 0.793255 0.045898 0.058651
0 0.872559 0.793988 0.040039 0.057185
0 0.459961 0.851173 0.046875 0.054252
0 0.506348 0.850440 0.045898 0.055718
0 0.552734 0.851173 0.046875 0.057185
0 0.598145 0.852639 0.043945 0.054252
0 0.643555 0.852639 0.046875 0.054252
0 0.690918 0.851906 0.047852 0.055718
0 0.737305 0.851906 0.044922 0.055718
0 0.782715 0.851906 0.045898 0.055718
0 0.829590 0.850440 0.047852 0.052786
0 0.873047 0.850440 0.039062 0.052786
0 0.460449 0.927419 0.045898 0.083578
0 0.506348 0.928152 0.045898 0.082111
0 0.552734 0.926686 0.046875 0.079179
0 0.598633 0.925953 0.044922 0.080645
0 0.643555 0.927419 0.044922 0.083578
0 0.690430 0.927419 0.048828 0.083578
0 0.736816 0.926686 0.043945 0.082111
0 0.782715 0.925953 0.047852 0.083578
0 0.829590 0.925953 0.045898 0.083578
0 0.871094 0.926686 0.037109 0.082111
0 0.159180 0.214076 0.066406 0.087977
0 0.214355 0.222141 0.043945 0.098240
0 0.258301 0.221408 0.043945 0.099707
0 0.303711 0.220674 0.046875 0.098240
0 0.349609 0.219941 0.044922 0.099707
0 0.394531 0.219208 0.044922 0.098240
0 0.449219 0.219941 0.064453 0.096774
0 0.219727 0.299853 0.035156 0.057185
0 0.259766 0.299853 0.044922 0.057185
0 0.304688 0.299120 0.044922 0.055718
0 0.350098 0.296921 0.045898 0.060117
0 0.389160 0.300587 0.032227 0.058651
0 0.220703 0.358504 0.035156 0.060117
0 0.260742 0.358504 0.044922 0.060117
0 0.305664 0.357771 0.044922 0.058651
0 0.350586 0.357771 0.044922 0.058651
0 0.388672 0.356305 0.031250 0.055718
0 0.221680 0.417155 0.035156 0.057185
0 0.261719 0.416422 0.044922 0.058651
0 0.306152 0.416422 0.043945 0.055718
0 0.351074 0.414956 0.045898 0.058651
0 0.389648 0.415689 0.031250 0.060117
0 0.389648 0.461144 0.031250 0.030792
0 0.351562 0.461877 0.044922 0.029326
0 0.306641 0.461144 0.044922 0.027859
0 0.261230 0.461144 0.045898 0.027859
0 0.221191 0.459677 0.034180 0.024927
0 0.221680 0.518328 0.035156 0.092375
0 0.261719 0.519795 0.044922 0.089443
0 0.306641 0.501466 0.044922 0.052786
0 0.306641 0.544721 0.044922 0.033724
0 0.351562 0.519062 0.044922 0.082111
0 0.390137 0.518328 0.032227 0.083578
0 0.221680 0.592375 0.035156 0.058651
0 0.261719 0.593109 0.044922 0.057185
0 0.307129 0.591642 0.045898 0.054252
0 0.352051 0.589443 0.043945 0.058651
0 0.389648 0.589443 0.031250 0.058651
0 0.222168 0.651026 0.036133 0.058651
0 0.262207 0.651026 0.043945 0.058651
0 0.307129 0.649560 0.045898 0.055718
0 0.352051 0.648827 0.043945 0.057185
0 0.389648 0.650293 0.031250 0.060117
0 0.390137 0.723607 0.030273 0.086510
0 0.352539 0.722141 0.044922 0.089443
0 0.308105 0.695015 0.043945 0.035191
0 0.307617 0.740469 0.042969 0.055718
0 0.262207 0.725073 0.043945 0.089443
0 0.222168 0.726540 0.034180 0.089443
0 0.223633 0.797654 0.033203 0.058651
0 0.262695 0.797654 0.044922 0.058651
0 0.307617 0.796921 0.044922 0.057185
0 0.352539 0.797654 0.044922 0.055718
0 0.391113 0.798387 0.032227 0.057185
0 0.222656 0.854106 0.033203 0.057185
0 0.262207 0.854106 0.045898 0.057185
0 0.307617 0.854106 0.044922 0.057185
0 0.352539 0.854106 0.044922 0.057185
0 0.391602 0.854839 0.033203 0.058651
0 0.391602 0.925220 0.033203 0.082111
0 0.352539 0.924487 0.046875 0.080645
0 0.307617 0.909091 0.044922 0.055718
0 0.307617 0.954545 0.044922 0.038123
0 0.262207 0.928886 0.045898 0.092375
0 0.222656 0.927419 0.035156 0.086510
0 0.040039 0.290323 0.046875 0.052786
0 0.086426 0.288123 0.045898 0.057185
0 0.132812 0.287390 0.046875 0.055718
0 0.179199 0.287390 0.045898 0.055718
0 0.039551 0.350440 0.047852 0.049853
0 0.087402 0.348974 0.047852 0.052786
0 0.133301 0.347507 0.043945 0.049853
0 0.179199 0.348240 0.047852 0.048387
0 0.041016 0.409091 0.046875 0.055718
0 0.086914 0.409824 0.044922 0.054252
0 0.132812 0.409091 0.046875 0.052786
0 0.179199 0.409091 0.045898 0.052786
0 0.040527 0.453812 0.045898 0.030792
0 0.086914 0.453812 0.046875 0.030792
0 0.133301 0.453812 0.045898 0.030792
0 0.179688 0.454545 0.046875 0.026393
0 0.041504 0.511730 0.045898 0.090909
0 0.087891 0.511730 0.046875 0.090909
0 0.133789 0.511730 0.044922 0.090909
0 0.179199 0.511730 0.045898 0.090909
0 0.040527 0.586510 0.045898 0.061584
0 0.086914 0.585777 0.046875 0.063050
0 0.133301 0.583578 0.045898 0.058651
0 0.180176 0.585044 0.047852 0.055718
0 0.040527 0.646628 0.045898 0.061584
0 0.087402 0.645894 0.047852 0.063050
0 0.133789 0.644428 0.044922 0.060117
0 0.181152 0.644428 0.049805 0.060117
0 0.041504 0.719941 0.045898 0.087977
0 0.087891 0.720674 0.046875 0.086510
0 0.134277 0.720674 0.045898 0.086510
0 0.179688 0.720674 0.044922 0.086510
0 0.042480 0.793988 0.045898 0.057185
0 0.087891 0.794721 0.046875 0.055718
0 0.134766 0.794721 0.046875 0.055718
0 0.181152 0.792522 0.045898 0.060117
0 0.042480 0.853372 0.045898 0.058651
0 0.088379 0.852639 0.045898 0.060117
0 0.135254 0.852639 0.047852 0.060117
0 0.181641 0.853372 0.044922 0.058651
0 0.043457 0.921554 0.045898 0.077713
0 0.089355 0.926686 0.045898 0.087977
0 0.135742 0.928152 0.046875 0.085044
0 0.182617 0.928886 0.046875 0.086510
