0 0.088867 0.052734 0.052734 0.042969
0 0.148438 0.052734 0.066406 0.042969
0 0.208008 0.053711 0.052734 0.044922
0 0.268555 0.053711 0.068359 0.044922
0 0.330078 0.053711 0.054688 0.044922
0 0.393555 0.053711 0.072266 0.044922
0 0.463867 0.052734 0.068359 0.042969
0 0.528320 0.052734 0.060547 0.042969
0 0.581055 0.051758 0.044922 0.041016
0 0.627930 0.052734 0.048828 0.039062
0 0.678711 0.053711 0.052734 0.041016
0 0.731445 0.052734 0.052734 0.042969
0 0.784180 0.053711 0.052734 0.044922
0 0.090820 0.100586 0.056641 0.044922
0 0.164062 0.102539 0.089844 0.041016
0 0.224609 0.097656 0.031250 0.031250
0 0.285156 0.097656 0.089844 0.031250
0 0.344727 0.098633 0.029297 0.033203
0 0.408203 0.098633 0.097656 0.033203
0 0.471680 0.101562 0.029297 0.039062
0 0.538086 0.101562 0.103516 0.039062
0 0.600586 0.102539 0.021484 0.041016
0 0.650391 0.101562 0.078125 0.042969
0 0.704102 0.098633 0.029297 0.037109
0 0.763672 0.098633 0.089844 0.037109
0 0.091797 0.200195 0.050781 0.154297
0 0.130859 0.238281 0.027344 0.078125
0 0.132812 0.160156 0.023438 0.078125
0 0.174805 0.160156 0.064453 0.078125
0 0.174805 0.239258 0.064453 0.080078
0 0.225586 0.144531 0.029297 0.062500
0 0.225586 0.226562 0.029297 0.101562
0 0.283203 0.159180 0.093750 0.087891
0 0.294922 0.240234 0.070312 0.074219
0 0.340820 0.231445 0.025391 0.091797
0 0.342773 0.165039 0.021484 0.041016
0 0.345703 0.128906 0.027344 0.031250
0 0.407227 0.149414 0.095703 0.072266
0 0.468750 0.150391 0.027344 0.070312
0 0.368164 0.233398 0.021484 0.095703
0 0.406250 0.233398 0.054688 0.095703
0 0.444336 0.233398 0.021484 0.095703
0 0.467773 0.236328 0.025391 0.089844
0 0.526367 0.197266 0.083984 0.160156
0 0.578125 0.198242 0.019531 0.158203
0 0.598633 0.198242 0.021484 0.158203
0 0.649414 0.238281 0.080078 0.078125
0 0.650391 0.160156 0.078125 0.078125
0 0.704102 0.159180 0.025391 0.083984
0 0.704102 0.241211 0.025391 0.080078
0 0.759766 0.199219 0.097656 0.160156
0 0.090820 0.290039 0.052734 0.025391
0 0.163086 0.290039 0.091797 0.025391
0 0.225586 0.290039 0.033203 0.025391
0 0.250977 0.291016 0.017578 0.023438
0 0.292969 0.289062 0.066406 0.019531
0 0.339844 0.289062 0.027344 0.019531
0 0.405273 0.289062 0.103516 0.019531
0 0.470703 0.288086 0.027344 0.021484
0 0.526367 0.288086 0.083984 0.021484
0 0.628906 0.289062 0.121094 0.019531
0 0.706055 0.289062 0.033203 0.019531
0 0.761719 0.288086 0.078125 0.021484
0 0.090820 0.328125 0.052734 0.042969
0 0.148438 0.329102 0.062500 0.041016
0 0.205078 0.329102 0.050781 0.041016
0 0.245117 0.329102 0.029297 0.041016
0 0.291992 0.330078 0.064453 0.042969
0 0.340820 0.330078 0.033203 0.042969
0 0.395508 0.329102 0.076172 0.041016
0 0.454102 0.329102 0.041016 0.041016
0 0.488281 0.329102 0.027344 0.041016
0 0.530273 0.329102 0.056641 0.041016
0 0.582031 0.329102 0.046875 0.041016
0 0.636719 0.328125 0.062500 0.042969
0 0.684570 0.328125 0.033203 0.042969
0 0.730469 0.328125 0.058594 0.042969
0 0.780273 0.328125 0.041016 0.042969
0 0.757812 0.372070 0.085938 0.044922
0 0.702148 0.375000 0.025391 0.039062
0 0.650391 0.375000 0.078125 0.039062
0 0.599609 0.375000 0.023438 0.039062
0 0.533203 0.375977 0.109375 0.041016
0 0.465820 0.376953 0.025391 0.039062
0 0.407227 0.375977 0.091797 0.037109
0 0.348633 0.375000 0.025391 0.039062
0 0.284180 0.375000 0.103516 0.039062
0 0.219727 0.375977 0.025391 0.037109
0 0.162109 0.375000 0.089844 0.035156
0 0.088867 0.372070 0.056641 0.041016
0 0.088867 0.432617 0.056641 0.076172
0 0.162109 0.433594 0.089844 0.074219
0 0.218750 0.433594 0.023438 0.074219
0 0.247070 0.434570 0.033203 0.072266
0 0.298828 0.492188 0.070312 0.187500
0 0.346680 0.529297 0.029297 0.117188
0 0.347656 0.431641 0.027344 0.078125
0 0.408203 0.434570 0.089844 0.076172
0 0.466797 0.434570 0.027344 0.076172
0 0.520508 0.492188 0.080078 0.191406
0 0.573242 0.529297 0.025391 0.117188
0 0.573242 0.431641 0.025391 0.078125
0 0.596680 0.432617 0.021484 0.076172
0 0.597656 0.528320 0.019531 0.115234
0 0.648438 0.492188 0.082031 0.195312
0 0.703125 0.529297 0.027344 0.121094
0 0.706055 0.431641 0.021484 0.074219
0 0.753906 0.430664 0.089844 0.076172
0 0.756836 0.530273 0.083984 0.123047
0 0.089844 0.532227 0.058594 0.119141
0 0.130859 0.532227 0.023438 0.119141
0 0.173828 0.532227 0.062500 0.119141
0 0.219727 0.531250 0.029297 0.121094
0 0.247070 0.508789 0.025391 0.076172
0 0.247070 0.568359 0.025391 0.042969
0 0.088867 0.630859 0.060547 0.078125
0 0.129883 0.628906 0.021484 0.082031
0 0.173828 0.627930 0.066406 0.080078
0 0.219727 0.626953 0.025391 0.082031
0 0.247070 0.601562 0.029297 0.031250
0 0.248047 0.642578 0.027344 0.050781
0 0.285156 0.640625 0.046875 0.050781
0 0.321289 0.642578 0.025391 0.046875
0 0.389648 0.642578 0.111328 0.046875
0 0.459961 0.642578 0.029297 0.046875
0 0.498047 0.643555 0.046875 0.048828
0 0.541016 0.644531 0.039062 0.046875
0 0.576172 0.643555 0.031250 0.044922
0 0.600586 0.642578 0.017578 0.046875
0 0.648438 0.642578 0.078125 0.046875
0 0.700195 0.641602 0.025391 0.048828
0 0.755859 0.641602 0.085938 0.048828
0 0.300781 0.602539 0.074219 0.033203
0 0.350586 0.603516 0.025391 0.031250
0 0.419922 0.602539 0.113281 0.029297
0 0.517578 0.602539 0.082031 0.029297
0 0.573242 0.601562 0.029297 0.027344
0 0.597656 0.600586 0.019531 0.029297
0 0.636719 0.602539 0.058594 0.033203
0 0.676758 0.601562 0.021484 0.035156
0 0.701172 0.600586 0.027344 0.033203
0 0.754883 0.603516 0.080078 0.027344
0 0.090820 0.699219 0.056641 0.054688
0 0.156250 0.698242 0.074219 0.056641
0 0.213867 0.698242 0.041016 0.056641
0 0.283203 0.697266 0.097656 0.058594
0 0.342773 0.697266 0.021484 0.058594
0 0.375000 0.712891 0.042969 0.027344
0 0.375977 0.683594 0.041016 0.031250
0 0.422852 0.682617 0.044922 0.033203
0 0.420898 0.712891 0.048828 0.027344
0 0.396484 0.727539 0.000000 0.001953
0 0.460938 0.695312 0.031250 0.058594
0 0.515625 0.696289 0.078125 0.056641
0 0.591797 0.696289 0.074219 0.056641
0 0.682617 0.695312 0.107422 0.058594
0 0.767578 0.694336 0.062500 0.056641
