0 0.338867 0.305664 0.119141 0.337891
0 0.243164 0.426758 0.064453 0.251953
0 0.174805 0.511719 0.072266 0.246094
0 0.177734 0.662109 0.074219 0.203125
0 0.243164 0.592773 0.072266 0.208984
0 0.341797 0.509766 0.117188 0.277344
0 0.343750 0.717773 0.125000 0.314453
0 0.243164 0.787109 0.080078 0.242188
0 0.189453 0.821289 0.039062 0.205078
0 0.339844 0.905273 0.121094 0.189453
0 0.238281 0.931641 0.074219 0.136719
0 0.340820 0.141602 0.130859 0.279297
0 0.242188 0.271484 0.082031 0.230469
0 0.172852 0.379883 0.072266 0.189453
0 0.418945 0.272461 0.033203 0.169922
0 0.462891 0.303711 0.050781 0.193359
0 0.528320 0.368164 0.080078 0.166016
0 0.588867 0.405273 0.044922 0.138672
0 0.630859 0.439453 0.039062 0.125000
0 0.668945 0.462891 0.037109 0.125000
0 0.706055 0.489258 0.037109 0.115234
0 0.742188 0.512695 0.035156 0.111328
0 0.773438 0.533203 0.035156 0.113281
0 0.803711 0.553711 0.025391 0.107422
0 0.833984 0.574219 0.035156 0.113281
0 0.863281 0.596680 0.027344 0.107422
0 0.889648 0.612305 0.025391 0.099609
0 0.913086 0.625000 0.025391 0.101562
0 0.939453 0.642578 0.023438 0.101562
0 0.964844 0.660156 0.019531 0.097656
0 0.419922 0.447266 0.039062 0.199219
0 0.462891 0.466797 0.050781 0.207031
0 0.528320 0.503906 0.080078 0.203125
0 0.587891 0.541992 0.042969 0.181641
0 0.630859 0.566406 0.039062 0.171875
0 0.669922 0.587891 0.035156 0.167969
0 0.705078 0.606445 0.035156 0.166016
0 0.740234 0.628906 0.031250 0.156250
0 0.769531 0.645508 0.027344 0.150391
0 0.802734 0.668945 0.031250 0.154297
0 0.833008 0.685547 0.033203 0.152344
0 0.876953 0.709961 0.054688 0.150391
0 0.914062 0.727539 0.027344 0.130859
0 0.943359 0.742188 0.027344 0.128906
0 0.964844 0.754883 0.027344 0.123047
0 0.420898 0.615234 0.033203 0.128906
0 0.460938 0.635742 0.046875 0.134766
0 0.524414 0.665039 0.080078 0.142578
0 0.589844 0.686523 0.046875 0.119141
0 0.629883 0.706055 0.041016 0.119141
0 0.668945 0.726562 0.041016 0.109375
0 0.705078 0.741211 0.035156 0.103516
0 0.741211 0.757812 0.033203 0.097656
0 0.773438 0.772461 0.035156 0.087891
0 0.804688 0.786133 0.035156 0.087891
0 0.834961 0.801758 0.029297 0.087891
0 0.862305 0.814453 0.025391 0.078125
0 0.887695 0.824219 0.029297 0.070312
0 0.916992 0.833008 0.025391 0.076172
0 0.938477 0.846680 0.025391 0.072266
0 0.963867 0.857422 0.025391 0.062500
0 0.445312 0.750000 0.082031 0.164062
0 0.526367 0.779297 0.083984 0.152344
0 0.591797 0.802734 0.046875 0.136719
0 0.632812 0.817383 0.039062 0.134766
0 0.671875 0.833984 0.039062 0.136719
0 0.706055 0.844727 0.033203 0.130859
0 0.740234 0.860352 0.031250 0.126953
0 0.771484 0.870117 0.031250 0.130859
0 0.803711 0.884766 0.033203 0.128906
0 0.833984 0.895508 0.027344 0.130859
0 0.866211 0.909180 0.029297 0.130859
0 0.889648 0.915039 0.029297 0.123047
0 0.916992 0.926758 0.021484 0.119141
0 0.941406 0.936523 0.035156 0.126953
0 0.965820 0.940430 0.029297 0.119141
0 0.418945 0.900391 0.033203 0.199219
0 0.461914 0.908203 0.052734 0.183594
0 0.534180 0.916016 0.091797 0.167969
0 0.599609 0.930664 0.039062 0.138672
0 0.634766 0.937500 0.042969 0.125000
0 0.673828 0.943359 0.039062 0.113281
0 0.706055 0.950195 0.029297 0.099609
0 0.742188 0.957031 0.035156 0.085938
0 0.775391 0.963867 0.035156 0.072266
0 0.805664 0.966797 0.033203 0.066406
0 0.836914 0.971680 0.037109 0.056641
0 0.863281 0.979492 0.027344 0.041016
0 0.482422 0.110352 0.164062 0.216797
0 0.588867 0.134766 0.044922 0.246094
0 0.626953 0.165039 0.042969 0.232422
0 0.667969 0.201172 0.042969 0.222656
0 0.703125 0.232422 0.039062 0.222656
0 0.738281 0.262695 0.039062 0.208984
0 0.774414 0.295898 0.041016 0.208984
0 0.807617 0.326172 0.033203 0.187500
0 0.836914 0.354492 0.033203 0.193359
0 0.867188 0.378906 0.031250 0.175781
0 0.894531 0.403320 0.027344 0.173828
0 0.918945 0.422852 0.029297 0.169922
0 0.946289 0.450195 0.025391 0.162109
0 0.971680 0.470703 0.025391 0.160156
0 0.990234 0.489258 0.015625 0.158203
