0 0.304688 0.123047 0.085938 0.167969
0 0.411133 0.129883 0.111328 0.201172
0 0.516602 0.135742 0.099609 0.189453
0 0.613281 0.138672 0.093750 0.195312
0 0.705078 0.138672 0.089844 0.195312
0 0.794922 0.139648 0.089844 0.197266
0 0.858398 0.138672 0.037109 0.199219
0 0.936523 0.137695 0.095703 0.197266
0 0.305664 0.022461 0.091797 0.041016
0 0.403320 0.017578 0.099609 0.031250
0 0.517578 0.021484 0.097656 0.039062
0 0.612305 0.021484 0.091797 0.039062
0 0.707031 0.021484 0.097656 0.039062
0 0.798828 0.023438 0.089844 0.042969
0 0.865234 0.021484 0.042969 0.039062
0 0.938477 0.021484 0.103516 0.039062
0 0.231445 0.246094 0.037109 0.097656
0 0.304688 0.248047 0.089844 0.082031
0 0.305664 0.349609 0.087891 0.121094
0 0.407227 0.319336 0.107422 0.177734
0 0.516602 0.322266 0.099609 0.187500
0 0.613281 0.326172 0.093750 0.179688
0 0.706055 0.326172 0.091797 0.179688
0 0.796875 0.327148 0.089844 0.177734
0 0.862305 0.325195 0.041016 0.173828
0 0.934570 0.325195 0.103516 0.173828
0 0.305664 0.511719 0.095703 0.203125
0 0.406250 0.477539 0.113281 0.138672
0 0.515625 0.481445 0.105469 0.130859
0 0.615234 0.480469 0.093750 0.128906
0 0.708008 0.480469 0.091797 0.128906
0 0.799805 0.480469 0.091797 0.128906
0 0.865234 0.477539 0.039062 0.134766
0 0.933594 0.476562 0.097656 0.132812
0 0.229492 0.335938 0.044922 0.085938
0 0.218750 0.416992 0.062500 0.080078
0 0.151367 0.500000 0.064453 0.097656
0 0.216797 0.502930 0.066406 0.091797
0 0.151367 0.593750 0.068359 0.093750
0 0.218750 0.594727 0.066406 0.091797
0 0.151367 0.687500 0.072266 0.093750
0 0.218750 0.687500 0.062500 0.093750
0 0.151367 0.783203 0.072266 0.097656
0 0.218750 0.783203 0.062500 0.097656
0 0.149414 0.881836 0.072266 0.103516
0 0.217773 0.882812 0.064453 0.101562
0 0.150391 0.965820 0.074219 0.068359
0 0.218750 0.964844 0.062500 0.070312
0 0.306641 0.656250 0.093750 0.089844
0 0.307617 0.767578 0.091797 0.132812
0 0.307617 0.913086 0.091797 0.158203
0 0.408203 0.592773 0.113281 0.099609
0 0.517578 0.593750 0.105469 0.097656
0 0.614258 0.592773 0.087891 0.095703
0 0.706055 0.592773 0.095703 0.095703
0 0.799805 0.592773 0.091797 0.095703
0 0.866211 0.592773 0.041016 0.095703
0 0.932617 0.591797 0.091797 0.093750
0 0.405273 0.679688 0.107422 0.078125
0 0.513672 0.683594 0.105469 0.085938
0 0.612305 0.682617 0.091797 0.087891
0 0.705078 0.678711 0.093750 0.080078
0 0.798828 0.677734 0.093750 0.082031
0 0.865234 0.676758 0.039062 0.080078
0 0.933594 0.678711 0.097656 0.076172
0 0.405273 0.778320 0.111328 0.111328
0 0.512695 0.777344 0.103516 0.109375
0 0.612305 0.779297 0.095703 0.105469
0 0.705078 0.777344 0.089844 0.101562
0 0.794922 0.774414 0.089844 0.107422
0 0.863281 0.774414 0.046875 0.107422
0 0.933594 0.774414 0.093750 0.107422
0 0.406250 0.917969 0.109375 0.164062
0 0.514648 0.877930 0.099609 0.107422
0 0.612305 0.878906 0.095703 0.105469
0 0.706055 0.878906 0.091797 0.105469
0 0.797852 0.877930 0.091797 0.107422
0 0.864258 0.877930 0.041016 0.107422
0 0.932617 0.879883 0.095703 0.103516
0 0.514648 0.964844 0.099609 0.070312
0 0.611328 0.966797 0.089844 0.066406
0 0.706055 0.965820 0.091797 0.068359
0 0.799805 0.963867 0.091797 0.068359
0 0.866211 0.962891 0.041016 0.066406
0 0.933594 0.965820 0.089844 0.068359
