0 0.260742 0.516602 0.091797 0.501953
0 0.351562 0.666016 0.089844 0.203125
0 0.444336 0.669922 0.095703 0.210938
0 0.525391 0.666992 0.066406 0.216797
0 0.525391 0.415039 0.066406 0.287109
0 0.397461 0.383789 0.189453 0.224609
0 0.397461 0.531250 0.189453 0.066406
0 0.604492 0.417969 0.099609 0.296875
0 0.754883 0.380859 0.205078 0.222656
0 0.752930 0.528320 0.208984 0.072266
0 0.899414 0.415039 0.091797 0.291016
0 0.901367 0.667969 0.087891 0.214844
0 0.754883 0.669922 0.205078 0.210938
0 0.604492 0.665039 0.087891 0.208984
0 0.260742 0.855469 0.087891 0.175781
0 0.366211 0.856445 0.123047 0.173828
0 0.495117 0.857422 0.134766 0.175781
0 0.607422 0.860352 0.089844 0.169922
0 0.751953 0.856445 0.207031 0.173828
0 0.898438 0.856445 0.085938 0.173828
