0 0.319336 0.545388 0.095703 0.127379
0 0.337891 0.423865 0.093750 0.124451
0 0.409180 0.423133 0.083984 0.117130
0 0.482422 0.421669 0.078125 0.120059
0 0.556641 0.414348 0.074219 0.128843
0 0.398438 0.543924 0.093750 0.127379
0 0.479492 0.546120 0.085938 0.125915
0 0.562988 0.542460 0.079102 0.118594
0 0.291016 0.702782 0.121094 0.190337
0 0.379395 0.699854 0.110352 0.190337
0 0.470215 0.701318 0.100586 0.187408
0 0.566895 0.704246 0.092773 0.193265
0 0.356445 0.324305 0.078125 0.083455
0 0.419922 0.323572 0.076172 0.087848
0 0.485840 0.320644 0.069336 0.084919
0 0.553711 0.320644 0.066406 0.084919
0 0.370605 0.242313 0.069336 0.083455
0 0.429199 0.237921 0.071289 0.092240
0 0.487793 0.240849 0.061523 0.080527
0 0.548828 0.237189 0.064453 0.096633
0 0.312012 0.245974 0.071289 0.087848
0 0.296387 0.324305 0.083008 0.086384
0 0.271973 0.424597 0.083008 0.120059
0 0.241211 0.541728 0.095703 0.120059
0 0.205078 0.702050 0.121094 0.180088
0 0.159180 0.893119 0.140625 0.202050
0 0.262207 0.887262 0.125977 0.181552
0 0.360840 0.894583 0.114258 0.190337
0 0.558594 0.899707 0.070312 0.188873
