0 0.204102 0.389648 0.060547 0.517578
0 0.264648 0.393555 0.064453 0.501953
0 0.345703 0.405273 0.058594 0.509766
0 0.408203 0.411133 0.062500 0.486328
0 0.483398 0.424805 0.060547 0.478516
0 0.544922 0.426758 0.058594 0.474609
0 0.621094 0.441406 0.066406 0.460938
0 0.689453 0.449219 0.066406 0.453125
0 0.757812 0.456055 0.062500 0.443359
0 0.823242 0.472656 0.060547 0.441406
0 0.909180 0.462891 0.087891 0.195312
0 0.979492 0.468750 0.041016 0.191406
0 0.928711 0.625000 0.142578 0.144531
0 0.619141 0.750977 0.074219 0.158203
0 0.689453 0.752930 0.066406 0.154297
0 0.789062 0.751953 0.132812 0.152344
0 0.929688 0.771484 0.140625 0.121094
0 0.523438 0.914062 0.121094 0.171875
