0 0.080208 0.112069 0.158333 0.221003
0 0.323958 0.112853 0.329167 0.222571
0 0.649479 0.116771 0.317708 0.224138
0 0.902604 0.125392 0.188542 0.241379
0 0.907292 0.396552 0.179167 0.300940
0 0.652083 0.391066 0.331250 0.311912
0 0.321875 0.389498 0.329167 0.308777
0 0.079167 0.384013 0.156250 0.319749
0 0.078646 0.702194 0.155208 0.322884
0 0.323437 0.704545 0.334375 0.318182
0 0.658854 0.706113 0.336458 0.321317
0 0.913542 0.707680 0.172917 0.318182
0 0.079167 0.928683 0.156250 0.133229
0 0.325000 0.931034 0.339583 0.137931
0 0.660937 0.932602 0.338542 0.134796
0 0.914583 0.933386 0.170833 0.126959
