0 0.624023 0.145508 0.037109 0.287109
0 0.666992 0.181641 0.041016 0.312500
0 0.709961 0.234375 0.033203 0.300781
0 0.751953 0.278320 0.050781 0.298828
0 0.785156 0.319336 0.035156 0.298828
0 0.820312 0.338867 0.031250 0.267578
0 0.850586 0.367188 0.033203 0.250000
0 0.623047 0.385742 0.042969 0.267578
0 0.666016 0.417969 0.042969 0.242188
0 0.707031 0.452148 0.039062 0.224609
0 0.741211 0.488281 0.029297 0.179688
0 0.622070 0.590820 0.037109 0.189453
0 0.664062 0.605469 0.042969 0.175781
0 0.707031 0.622070 0.039062 0.158203
0 0.741211 0.639648 0.029297 0.146484
0 0.622070 0.788086 0.041016 0.240234
0 0.666016 0.794922 0.042969 0.214844
0 0.705078 0.797852 0.035156 0.205078
0 0.742188 0.776367 0.035156 0.150391
0 0.778320 0.783203 0.029297 0.144531
0 0.742188 0.875977 0.035156 0.041016
0 0.777344 0.874023 0.035156 0.044922
0 0.813477 0.874023 0.037109 0.044922
0 0.848633 0.873047 0.033203 0.046875
0 0.875000 0.870117 0.019531 0.041016
0 0.893555 0.871094 0.017578 0.039062
0 0.910156 0.871094 0.015625 0.039062
0 0.923828 0.872070 0.011719 0.037109
0 0.813477 0.787109 0.033203 0.132812
0 0.848633 0.791992 0.033203 0.119141
0 0.875977 0.793945 0.017578 0.103516
0 0.894531 0.798828 0.015625 0.109375
0 0.915039 0.799805 0.025391 0.099609
0 0.874023 0.683594 0.021484 0.128906
0 0.892578 0.693359 0.019531 0.121094
0 0.916016 0.701172 0.027344 0.117188
0 0.875977 0.562500 0.017578 0.136719
0 0.478516 0.132812 0.078125 0.261719
0 0.402344 0.171875 0.070312 0.281250
0 0.337891 0.225586 0.058594 0.255859
0 0.285156 0.266602 0.054688 0.236328
0 0.237305 0.307617 0.044922 0.212891
0 0.194336 0.340820 0.044922 0.216797
0 0.153320 0.376953 0.033203 0.183594
0 0.113281 0.407227 0.050781 0.197266
0 0.105469 0.566406 0.046875 0.171875
0 0.147461 0.540039 0.044922 0.185547
0 0.192383 0.511719 0.048828 0.191406
0 0.236328 0.483398 0.046875 0.197266
0 0.282227 0.458008 0.052734 0.205078
0 0.488281 0.790039 0.054688 0.240234
0 0.404297 0.796875 0.101562 0.214844
0 0.328125 0.808594 0.050781 0.207031
0 0.273438 0.811523 0.058594 0.193359
0 0.222656 0.822266 0.046875 0.187500
0 0.183594 0.824219 0.039062 0.179688
0 0.145508 0.824219 0.044922 0.175781
0 0.105469 0.832031 0.035156 0.167969
0 0.113281 0.702148 0.027344 0.107422
0 0.147461 0.692383 0.041016 0.111328
0 0.187500 0.678711 0.042969 0.123047
0 0.230469 0.663086 0.050781 0.138672
0 0.280273 0.653320 0.060547 0.154297
0 0.333008 0.648438 0.052734 0.140625
0 0.378906 0.631836 0.054688 0.154297
0 0.432617 0.614258 0.064453 0.173828
0 0.490234 0.596680 0.050781 0.173828
