0 0.831019 0.702778 0.113889 0.197222
0 0.930556 0.705556 0.122222 0.197222
0 0.719444 0.677083 0.075926 0.148611
0 0.668519 0.673611 0.033333 0.141667
0 0.163889 0.681250 0.116667 0.195833
0 0.276852 0.667361 0.081481 0.154167
0 0.072222 0.673611 0.116667 0.186111
0 0.476389 0.639583 0.013889 0.026389
0 0.490741 0.640278 0.014815 0.025000
0 0.505556 0.639583 0.014815 0.023611
0 0.518981 0.639583 0.012037 0.023611
0 0.529630 0.640972 0.009259 0.026389
0 0.452315 0.597222 0.013889 0.019444
0 0.466667 0.597222 0.014815 0.019444
0 0.481481 0.596528 0.014815 0.018056
0 0.494907 0.597222 0.012037 0.016667
0 0.507870 0.596528 0.013889 0.015278
0 0.520370 0.597222 0.011111 0.013889
0 0.531944 0.597222 0.012037 0.013889
0 0.548148 0.596528 0.020370 0.015278
0 0.415741 0.517361 0.011111 0.006944
0 0.429167 0.518056 0.012037 0.008333
0 0.440278 0.518056 0.010185 0.008333
0 0.459259 0.517361 0.014815 0.009722
0 0.474074 0.516667 0.014815 0.011111
0 0.488426 0.516667 0.015741 0.011111
0 0.503704 0.516667 0.014815 0.011111
0 0.515278 0.515278 0.006481 0.008333
0 0.524074 0.514583 0.011111 0.009722
0 0.535648 0.512500 0.012037 0.013889
0 0.551389 0.510417 0.019444 0.012500
0 0.568056 0.509722 0.013889 0.011111
0 0.579167 0.510417 0.008333 0.009722
0 0.589815 0.509028 0.012963 0.006944
