0 0.327148 0.121094 0.044922 0.238281
0 0.408203 0.105469 0.105469 0.207031
0 0.509766 0.079102 0.085938 0.154297
0 0.583984 0.059570 0.070312 0.115234
0 0.737305 0.041016 0.095703 0.078125
0 0.322266 0.333984 0.035156 0.210938
0 0.327148 0.622070 0.041016 0.357422
0 0.402344 0.483398 0.105469 0.630859
0 0.511719 0.447266 0.085938 0.656250
0 0.584961 0.305664 0.060547 0.447266
0 0.583008 0.638672 0.060547 0.250000
0 0.741211 0.383789 0.087891 0.693359
0 0.326172 0.901367 0.035156 0.197266
0 0.407227 0.893555 0.107422 0.212891
0 0.513672 0.884766 0.082031 0.230469
0 0.584961 0.873047 0.060547 0.253906
0 0.742188 0.859375 0.089844 0.281250
0 0.941406 0.846680 0.105469 0.306641
0 0.943359 0.377930 0.105469 0.630859
0 0.944336 0.048828 0.103516 0.093750
