3 0.197266 0.240234 0.138672 0.271484
0 0.357910 0.057617 0.174805 0.113281
0 0.543457 0.058594 0.176758 0.115234
0 0.732422 0.057617 0.191406 0.113281
0 0.915039 0.057617 0.169922 0.111328
0 0.362793 0.309570 0.184570 0.224609
0 0.548828 0.309570 0.187500 0.224609
0 0.735352 0.307129 0.185547 0.219727
0 0.911621 0.307617 0.166992 0.218750
0 0.359375 0.537109 0.187500 0.228516
0 0.548340 0.534668 0.190430 0.233398
0 0.734375 0.531738 0.181641 0.227539
0 0.912598 0.534668 0.174805 0.221680
0 0.359375 0.708008 0.187500 0.130859
0 0.547852 0.709473 0.189453 0.127930
0 0.733887 0.711914 0.182617 0.132812
0 0.912598 0.711914 0.174805 0.132812
0 0.358398 0.928223 0.179688 0.143555
0 0.547363 0.927246 0.184570 0.141602
0 0.731934 0.928223 0.184570 0.143555
0 0.911133 0.926758 0.177734 0.140625
