0 0.044434 0.360704 0.069336 0.175953
0 0.111816 0.359238 0.065430 0.175953
0 0.241211 0.358504 0.066406 0.177419
0 0.308105 0.354839 0.067383 0.184751
0 0.437988 0.359971 0.069336 0.177419
0 0.504395 0.357038 0.063477 0.183284
0 0.636230 0.353372 0.065430 0.178886
0 0.702637 0.352639 0.067383 0.180352
0 0.836914 0.352639 0.066406 0.183284
0 0.903320 0.354839 0.066406 0.178886
0 0.044922 0.802786 0.064453 0.177419
0 0.109863 0.802053 0.065430 0.178886
0 0.237793 0.803519 0.073242 0.187683
0 0.308105 0.802786 0.067383 0.189150
0 0.437012 0.802053 0.067383 0.178886
0 0.503906 0.801320 0.066406 0.180352
0 0.636719 0.795455 0.068359 0.180352
0 0.702148 0.796188 0.062500 0.178886
