0 0.253906 0.222656 0.117188 0.441406
0 0.498047 0.162109 0.269531 0.320312
0 0.689453 0.189453 0.039062 0.375000
0 0.792969 0.227539 0.148438 0.451172
0 0.496094 0.339844 0.285156 0.054688
0 0.496094 0.405273 0.285156 0.076172
0 0.252930 0.448242 0.130859 0.107422
0 0.491211 0.603516 0.275391 0.343750
0 0.265625 0.613281 0.160156 0.480469
0 0.490234 0.800781 0.277344 0.054688
0 0.494141 0.863281 0.269531 0.070312
0 0.248047 0.873047 0.128906 0.074219
0 0.245117 0.945312 0.119141 0.109375
0 0.386719 0.944336 0.066406 0.111328
0 0.471680 0.944336 0.095703 0.107422
0 0.577148 0.945312 0.111328 0.109375
0 0.769531 0.486328 0.109375 0.093750
0 0.766602 0.672852 0.115234 0.345703
0 0.693359 0.603516 0.039062 0.476562
0 0.847656 0.671875 0.035156 0.382812
0 0.845703 0.464844 0.035156 0.078125
0 0.919922 0.505859 0.078125 0.074219
0 0.921875 0.308594 0.062500 0.375000
0 0.980469 0.538086 0.039062 0.052734
0 0.911133 0.699219 0.087891 0.382812
0 0.980469 0.719727 0.039062 0.330078
0 0.916016 0.898438 0.074219 0.062500
0 0.977539 0.904297 0.044922 0.050781
0 0.767578 0.875000 0.113281 0.066406
0 0.694336 0.918945 0.041016 0.162109
0 0.769531 0.947266 0.097656 0.105469
0 0.845703 0.924805 0.039062 0.150391
0 0.920898 0.960938 0.060547 0.078125
0 0.978516 0.961914 0.035156 0.076172
