0 0.096680 0.177419 0.144531 0.351906
0 0.014160 0.179619 0.026367 0.356305
0 0.234863 0.178886 0.139648 0.354839
0 0.371582 0.182551 0.133789 0.359238
0 0.508301 0.181818 0.139648 0.357771
0 0.644043 0.181085 0.131836 0.359238
0 0.781250 0.184018 0.142578 0.365103
0 0.916016 0.184751 0.126953 0.363636
0 0.989258 0.187683 0.019531 0.369501
0 0.013672 0.456745 0.025391 0.115836
0 0.164062 0.461144 0.279297 0.124633
0 0.442383 0.465543 0.277344 0.115836
0 0.716797 0.468475 0.271484 0.121701
0 0.926270 0.472874 0.147461 0.112903
0 0.164551 0.712610 0.280273 0.378299
0 0.440918 0.714076 0.272461 0.375367
0 0.716309 0.711144 0.278320 0.369501
0 0.927734 0.717009 0.144531 0.357771
0 0.163086 0.972141 0.283203 0.052786
0 0.444824 0.972141 0.278320 0.049853
0 0.721191 0.971408 0.272461 0.054252
0 0.928223 0.969941 0.139648 0.060117
