0 0.385156 0.135329 0.109375 0.170060
0 0.499219 0.137725 0.118750 0.165269
0 0.610938 0.135928 0.104688 0.161677
0 0.383203 0.027545 0.105469 0.052695
0 0.498437 0.029940 0.118750 0.057485
0 0.609766 0.029341 0.105469 0.056287
0 0.385937 0.264671 0.106250 0.091018
0 0.498828 0.264072 0.119531 0.089820
0 0.611719 0.264072 0.106250 0.089820
0 0.385156 0.346108 0.106250 0.071856
0 0.498437 0.344910 0.120313 0.074251
0 0.611719 0.344311 0.106250 0.073054
0 0.385937 0.464072 0.107813 0.164072
0 0.498828 0.463473 0.117969 0.165269
0 0.611719 0.462275 0.107813 0.162874
0 0.385547 0.625749 0.107031 0.164072
0 0.499219 0.625749 0.120313 0.164072
0 0.613281 0.622754 0.107813 0.158084
0 0.163281 0.027545 0.067187 0.047904
0 0.239453 0.026347 0.078906 0.050299
0 0.164453 0.133533 0.069531 0.164072
0 0.238672 0.133533 0.078906 0.164072
0 0.163672 0.300599 0.069531 0.170060
0 0.240234 0.300599 0.083594 0.170060
0 0.164453 0.465868 0.071094 0.158084
0 0.241406 0.464671 0.082812 0.160479
0 0.162500 0.627545 0.071875 0.165269
0 0.241016 0.627545 0.085156 0.165269
0 0.037109 0.024551 0.066406 0.046707
0 0.082812 0.025749 0.018750 0.049102
0 0.039062 0.131138 0.068750 0.166467
0 0.082422 0.131138 0.021094 0.164072
0 0.037891 0.298802 0.071094 0.166467
0 0.083984 0.297605 0.019531 0.166467
0 0.084375 0.465269 0.018750 0.171257
0 0.039062 0.464671 0.073438 0.167665
0 0.036328 0.632335 0.064844 0.165269
0 0.082422 0.631737 0.027344 0.166467
0 0.748828 0.025749 0.089844 0.049102
0 0.821875 0.025749 0.053125 0.049102
0 0.882422 0.025749 0.066406 0.049102
0 0.933203 0.026347 0.036719 0.050299
0 0.748828 0.135928 0.089844 0.161677
0 0.854297 0.134731 0.121094 0.164072
0 0.933594 0.134132 0.035937 0.162874
0 0.748828 0.298204 0.089844 0.160479
0 0.853906 0.295210 0.120313 0.166467
0 0.930469 0.294611 0.031250 0.165269
0 0.749219 0.457485 0.089063 0.162874
0 0.854688 0.457485 0.121875 0.162874
0 0.930859 0.457485 0.030469 0.162874
0 0.749219 0.622754 0.090625 0.167665
0 0.855078 0.623952 0.121094 0.165269
0 0.931641 0.623353 0.030469 0.164072
