0 0.262695 0.314453 0.056641 0.546875
0 0.123047 0.352539 0.242188 0.458984
0 0.029297 0.606445 0.054688 0.095703
0 0.103516 0.610352 0.085938 0.095703
0 0.201172 0.618164 0.085938 0.091797
0 0.269531 0.625000 0.042969 0.085938
0 0.021484 0.791016 0.039062 0.269531
0 0.107422 0.776367 0.128906 0.248047
0 0.214844 0.782227 0.074219 0.220703
0 0.273438 0.775391 0.042969 0.214844
0 0.678711 0.320312 0.060547 0.164062
0 0.125000 0.123047 0.246094 0.144531
0 0.679688 0.545898 0.062500 0.169922
0 0.811523 0.327148 0.044922 0.208984
0 0.863281 0.369141 0.062500 0.148438
0 0.908203 0.398438 0.027344 0.105469
0 0.907227 0.573242 0.037109 0.138672
