0 0.086328 0.104706 0.171094 0.207059
0 0.313281 0.107647 0.279687 0.212941
0 0.676172 0.104706 0.278906 0.207059
0 0.907031 0.107647 0.185938 0.212941
0 0.673438 0.317647 0.276562 0.209412
0 0.905859 0.318824 0.188281 0.211765
0 0.312109 0.320588 0.278906 0.215294
0 0.086328 0.311176 0.171094 0.201176
0 0.090234 0.721176 0.172656 0.378824
0 0.313672 0.721176 0.274219 0.378824
0 0.671875 0.720588 0.276562 0.380000
0 0.905078 0.727059 0.189844 0.367059
0 0.675781 0.958235 0.271875 0.083529
0 0.905469 0.950588 0.189062 0.091765
0 0.314063 0.955294 0.276562 0.089412
0 0.089844 0.955294 0.178125 0.080000
