0 0.722656 0.941406 0.082031 0.117188
0 0.840820 0.795898 0.060547 0.166016
0 0.839844 0.629883 0.062500 0.197266
0 0.895508 0.683594 0.041016 0.179688
0 0.893555 0.829102 0.044922 0.166016
0 0.843750 0.941406 0.062500 0.117188
0 0.898438 0.949219 0.042969 0.101562
0 0.645508 0.945312 0.068359 0.109375
0 0.572266 0.948242 0.074219 0.103516
0 0.481445 0.941406 0.095703 0.074219
0 0.407227 0.951172 0.052734 0.097656
0 0.351562 0.954102 0.058594 0.091797
0 0.294922 0.956055 0.054688 0.087891
0 0.242188 0.960938 0.054688 0.078125
0 0.190430 0.960938 0.052734 0.078125
0 0.145508 0.961914 0.052734 0.076172
0 0.737305 0.698242 0.119141 0.388672
0 0.646484 0.711914 0.078125 0.357422
0 0.565430 0.853516 0.083984 0.093750
0 0.566406 0.688477 0.085938 0.263672
0 0.481445 0.704102 0.095703 0.251953
0 0.481445 0.862305 0.095703 0.087891
0 0.405273 0.754883 0.056641 0.306641
0 0.348633 0.765625 0.056641 0.289062
0 0.293945 0.776367 0.064453 0.271484
0 0.238281 0.791016 0.046875 0.265625
0 0.189453 0.800781 0.046875 0.250000
0 0.143555 0.806641 0.044922 0.242188
0 0.841797 0.376953 0.066406 0.398438
0 0.893555 0.448242 0.044922 0.353516
0 0.930664 0.492188 0.025391 0.308594
0 0.743164 0.355469 0.123047 0.375000
0 0.644531 0.379883 0.070312 0.341797
0 0.567383 0.408203 0.083984 0.335938
0 0.481445 0.439453 0.091797 0.328125
0 0.407227 0.470703 0.064453 0.308594
0 0.347656 0.491211 0.058594 0.291016
0 0.292969 0.515625 0.062500 0.281250
0 0.237305 0.537109 0.048828 0.261719
0 0.187500 0.555664 0.050781 0.259766
0 0.144531 0.574219 0.039062 0.253906
0 0.068359 0.618164 0.027344 0.240234
0 0.103516 0.605469 0.042969 0.253906
0 0.067383 0.430664 0.033203 0.162109
0 0.103516 0.415039 0.039062 0.177734
0 0.145508 0.370117 0.033203 0.126953
0 0.191406 0.342773 0.046875 0.134766
0 0.237305 0.323242 0.044922 0.138672
0 0.296875 0.289062 0.070312 0.160156
0 0.360352 0.244141 0.052734 0.125000
0 0.418945 0.216797 0.056641 0.136719
0 0.489258 0.196289 0.076172 0.173828
0 0.569336 0.154297 0.080078 0.183594
0 0.645508 0.115234 0.072266 0.183594
0 0.729492 0.084961 0.087891 0.166016
0 0.065430 0.294922 0.033203 0.136719
0 0.103516 0.270508 0.042969 0.154297
0 0.147461 0.226562 0.041016 0.136719
0 0.193359 0.193359 0.050781 0.140625
0 0.239258 0.168945 0.048828 0.150391
0 0.300781 0.123047 0.074219 0.167969
0 0.364258 0.091797 0.060547 0.160156
0 0.419922 0.074219 0.066406 0.144531
0 0.490234 0.053711 0.074219 0.103516
0 0.571289 0.034180 0.087891 0.064453
0 0.065430 0.168945 0.029297 0.134766
0 0.104492 0.148438 0.041016 0.156250
0 0.147461 0.078125 0.044922 0.148438
0 0.195312 0.058594 0.050781 0.113281
0 0.245117 0.046875 0.044922 0.089844
0 0.299805 0.024414 0.072266 0.044922
0 0.068359 0.050781 0.031250 0.097656
0 0.109375 0.036133 0.046875 0.068359
