0 0.686486 0.033469 0.032432 0.062880
0 0.722297 0.034483 0.036486 0.064909
0 0.766216 0.033469 0.048649 0.062880
0 0.808784 0.032454 0.041892 0.060852
0 0.850000 0.033469 0.040541 0.062880
0 0.889189 0.034483 0.040541 0.064909
0 0.930405 0.033469 0.041892 0.062880
0 0.685135 0.089249 0.032432 0.048682
0 0.721622 0.090264 0.040541 0.046653
0 0.764189 0.112576 0.044595 0.099391
0 0.807432 0.112576 0.041892 0.099391
0 0.848649 0.112576 0.040541 0.099391
0 0.889189 0.113590 0.040541 0.097363
0 0.928378 0.115619 0.037838 0.101420
0 0.680405 0.196755 0.039189 0.109533
0 0.720270 0.182556 0.035135 0.081136
0 0.762162 0.191684 0.043243 0.058824
0 0.815541 0.199797 0.036486 0.042596
0 0.851351 0.200811 0.035135 0.040568
0 0.886486 0.200811 0.035135 0.040568
0 0.921622 0.200811 0.035135 0.040568
0 0.715541 0.255578 0.017568 0.052738
0 0.754054 0.256592 0.059459 0.050710
0 0.812838 0.257606 0.058108 0.052738
0 0.871622 0.258621 0.059459 0.050710
0 0.930405 0.259635 0.058108 0.052738
0 0.971622 0.259635 0.024324 0.052738
0 0.731081 0.365112 0.035135 0.117647
0 0.770946 0.367140 0.044595 0.113590
0 0.812838 0.367140 0.039189 0.113590
0 0.850676 0.366126 0.036486 0.115619
0 0.885811 0.367140 0.033784 0.117647
0 0.923649 0.369168 0.041892 0.113590
0 0.962838 0.370183 0.036486 0.115619
0 0.731081 0.474645 0.035135 0.101420
0 0.770946 0.474645 0.044595 0.101420
0 0.812162 0.475659 0.037838 0.103448
0 0.850000 0.476673 0.037838 0.101420
0 0.885135 0.476673 0.032432 0.101420
0 0.921622 0.477688 0.040541 0.099391
0 0.961486 0.477688 0.039189 0.099391
0 0.731081 0.561866 0.037838 0.073022
0 0.772297 0.561866 0.044595 0.073022
0 0.813514 0.562880 0.037838 0.075051
0 0.849324 0.564909 0.033784 0.070994
0 0.883784 0.566937 0.035135 0.075051
0 0.921622 0.565923 0.040541 0.077079
0 0.961486 0.566937 0.039189 0.079108
0 0.723649 0.632860 0.020270 0.068966
0 0.764189 0.633874 0.060811 0.066937
0 0.823649 0.634888 0.058108 0.068966
0 0.881757 0.636917 0.058108 0.064909
0 0.940541 0.636917 0.059459 0.064909
0 0.980405 0.637931 0.020270 0.062880
0 0.733108 0.750507 0.041892 0.117647
0 0.776351 0.751521 0.044595 0.115619
0 0.816892 0.751521 0.036486 0.115619
0 0.852703 0.752535 0.035135 0.113590
0 0.889865 0.754564 0.039189 0.117647
0 0.928378 0.753550 0.037838 0.119675
0 0.966216 0.753550 0.037838 0.119675
0 0.965541 0.863083 0.039189 0.099391
0 0.927027 0.864097 0.037838 0.097363
0 0.889865 0.864097 0.036486 0.097363
0 0.854054 0.862069 0.035135 0.101420
0 0.817568 0.862069 0.037838 0.101420
0 0.776351 0.861055 0.044595 0.103448
0 0.731757 0.861055 0.044595 0.103448
0 0.730405 0.956389 0.041892 0.087221
0 0.774324 0.956389 0.045946 0.087221
0 0.816216 0.956389 0.037838 0.087221
0 0.852703 0.958418 0.035135 0.083164
0 0.888514 0.957404 0.036486 0.081136
0 0.927027 0.956389 0.040541 0.083164
0 0.966892 0.956389 0.039189 0.083164
0 0.125676 0.048682 0.021622 0.060852
0 0.150676 0.049696 0.028378 0.062880
0 0.179054 0.050710 0.028378 0.060852
0 0.206757 0.050710 0.027027 0.060852
0 0.234459 0.051724 0.028378 0.058824
0 0.262162 0.051724 0.027027 0.058824
0 0.289189 0.052738 0.027027 0.056795
0 0.316216 0.053753 0.027027 0.058824
0 0.345270 0.054767 0.031081 0.056795
0 0.373649 0.055781 0.025676 0.058824
0 0.400676 0.055781 0.028378 0.058824
0 0.429054 0.056795 0.028378 0.060852
0 0.456081 0.058824 0.025676 0.056795
0 0.483108 0.058824 0.028378 0.056795
0 0.483108 0.113590 0.028378 0.052738
0 0.456757 0.113590 0.024324 0.052738
0 0.429730 0.113590 0.029730 0.052738
0 0.401351 0.113590 0.027027 0.052738
0 0.374324 0.112576 0.027027 0.050710
0 0.345270 0.110548 0.031081 0.054767
0 0.317568 0.110548 0.024324 0.054767
0 0.291216 0.110548 0.028378 0.054767
0 0.262838 0.108519 0.028378 0.050710
0 0.234459 0.107505 0.028378 0.052738
0 0.206757 0.107505 0.027027 0.052738
0 0.179730 0.107505 0.027027 0.052738
0 0.152027 0.107505 0.028378 0.052738
0 0.126351 0.107505 0.022973 0.052738
0 0.125676 0.168357 0.018919 0.064909
0 0.150676 0.167343 0.031081 0.066937
0 0.179730 0.168357 0.027027 0.068966
0 0.207432 0.170385 0.028378 0.064909
0 0.234459 0.170385 0.025676 0.064909
0 0.262162 0.169371 0.029730 0.066937
0 0.290541 0.168357 0.027027 0.064909
0 0.317568 0.169371 0.027027 0.062880
0 0.345270 0.171400 0.028378 0.066937
0 0.374324 0.172414 0.029730 0.064909
0 0.402027 0.173428 0.025676 0.066937
0 0.429730 0.174442 0.029730 0.064909
0 0.456757 0.175456 0.024324 0.066937
0 0.483108 0.177485 0.028378 0.062880
0 0.125000 0.300203 0.022973 0.056795
0 0.150000 0.299189 0.027027 0.058824
0 0.178378 0.300203 0.029730 0.060852
0 0.206757 0.301217 0.027027 0.058824
0 0.233108 0.302231 0.025676 0.060852
0 0.260135 0.303245 0.028378 0.058824
0 0.287838 0.304260 0.027027 0.060852
0 0.315541 0.306288 0.028378 0.056795
0 0.343919 0.305274 0.028378 0.054767
0 0.372297 0.305274 0.028378 0.054767
0 0.400000 0.306288 0.027027 0.056795
0 0.427703 0.306288 0.028378 0.056795
0 0.456081 0.306288 0.028378 0.056795
0 0.482432 0.307302 0.024324 0.054767
0 0.125000 0.358012 0.020270 0.054767
0 0.149324 0.359026 0.028378 0.052738
0 0.177027 0.359026 0.027027 0.052738
0 0.205405 0.360041 0.029730 0.050710
0 0.233108 0.359026 0.025676 0.048682
0 0.260811 0.360041 0.029730 0.046653
0 0.288514 0.361055 0.025676 0.048682
0 0.316892 0.361055 0.031081 0.048682
0 0.345270 0.362069 0.025676 0.050710
0 0.372973 0.363083 0.029730 0.048682
0 0.400676 0.364097 0.025676 0.050710
0 0.427703 0.364097 0.028378 0.050710
0 0.455405 0.362069 0.027027 0.046653
0 0.482432 0.364097 0.027027 0.050710
0 0.124324 0.420892 0.018919 0.066937
0 0.148649 0.420892 0.029730 0.066937
0 0.177703 0.419878 0.028378 0.064909
0 0.205405 0.419878 0.027027 0.064909
0 0.232432 0.420892 0.027027 0.066937
0 0.260811 0.421907 0.029730 0.064909
0 0.288514 0.421907 0.025676 0.064909
0 0.316892 0.421907 0.031081 0.064909
0 0.345946 0.423935 0.027027 0.068966
0 0.373649 0.424949 0.028378 0.066937
0 0.400676 0.423935 0.025676 0.064909
0 0.427027 0.423935 0.027027 0.064909
0 0.454730 0.424949 0.028378 0.066937
0 0.481757 0.425963 0.025676 0.064909
0 0.123649 0.549696 0.020270 0.056795
0 0.147973 0.549696 0.028378 0.056795
0 0.176351 0.550710 0.028378 0.058824
0 0.204054 0.552738 0.027027 0.054767
0 0.231081 0.553753 0.027027 0.056795
0 0.258784 0.553753 0.028378 0.056795
0 0.286486 0.553753 0.027027 0.056795
0 0.314189 0.554767 0.028378 0.054767
0 0.341892 0.554767 0.027027 0.054767
0 0.368919 0.554767 0.027027 0.054767
0 0.396622 0.555781 0.028378 0.056795
0 0.425676 0.555781 0.029730 0.056795
0 0.453378 0.555781 0.025676 0.056795
0 0.479054 0.556795 0.025676 0.054767
0 0.123649 0.607505 0.020270 0.058824
0 0.147297 0.607505 0.027027 0.058824
0 0.175676 0.606491 0.029730 0.056795
0 0.204054 0.608519 0.027027 0.052738
0 0.231081 0.609533 0.027027 0.054767
0 0.258784 0.609533 0.028378 0.054767
0 0.286486 0.609533 0.027027 0.054767
0 0.314189 0.609533 0.028378 0.054767
0 0.341892 0.610548 0.027027 0.056795
0 0.368919 0.611562 0.027027 0.054767
0 0.396622 0.612576 0.028378 0.056795
0 0.425676 0.614604 0.029730 0.052738
0 0.453378 0.614604 0.025676 0.052738
0 0.479730 0.613590 0.027027 0.054767
0 0.122973 0.669371 0.021622 0.064909
0 0.147297 0.669371 0.027027 0.064909
0 0.175676 0.669371 0.029730 0.064909
0 0.204054 0.670385 0.027027 0.062880
0 0.231757 0.671400 0.028378 0.064909
0 0.259459 0.670385 0.027027 0.066937
0 0.287162 0.671400 0.028378 0.068966
0 0.314865 0.673428 0.027027 0.064909
0 0.342568 0.673428 0.028378 0.064909
0 0.369595 0.672414 0.025676 0.066937
0 0.397297 0.673428 0.029730 0.068966
0 0.426351 0.674442 0.028378 0.066937
0 0.452703 0.674442 0.024324 0.066937
0 0.478378 0.675456 0.027027 0.064909
0 0.146622 0.803245 0.025676 0.056795
0 0.173649 0.803245 0.028378 0.056795
0 0.202703 0.803245 0.029730 0.056795
0 0.230405 0.804260 0.025676 0.054767
0 0.257432 0.804260 0.028378 0.054767
0 0.285811 0.804260 0.028378 0.054767
0 0.313514 0.805274 0.027027 0.056795
0 0.341216 0.805274 0.028378 0.056795
0 0.368243 0.806288 0.025676 0.058824
0 0.395270 0.807302 0.028378 0.056795
0 0.422973 0.807302 0.027027 0.056795
0 0.450676 0.808316 0.028378 0.054767
0 0.478378 0.808316 0.027027 0.054767
0 0.479054 0.862069 0.025676 0.052738
0 0.452027 0.863083 0.028378 0.050710
0 0.424324 0.863083 0.027027 0.050710
0 0.396622 0.863083 0.028378 0.050710
0 0.369595 0.863083 0.025676 0.050710
0 0.341892 0.862069 0.029730 0.052738
0 0.314189 0.861055 0.025676 0.050710
0 0.286486 0.860041 0.029730 0.052738
0 0.257432 0.861055 0.028378 0.054767
0 0.230405 0.862069 0.025676 0.052738
0 0.203378 0.860041 0.028378 0.048682
0 0.175000 0.859026 0.028378 0.050710
0 0.147297 0.859026 0.027027 0.050710
0 0.146622 0.918864 0.025676 0.068966
0 0.173649 0.921907 0.028378 0.062880
0 0.201351 0.922921 0.027027 0.064909
0 0.229054 0.921907 0.028378 0.066937
0 0.257432 0.923935 0.028378 0.070994
0 0.287162 0.924949 0.031081 0.068966
0 0.315541 0.923935 0.025676 0.066937
0 0.341216 0.923935 0.028378 0.066937
0 0.368919 0.922921 0.027027 0.064909
0 0.395946 0.924949 0.027027 0.068966
0 0.423649 0.924949 0.028378 0.068966
0 0.451351 0.924949 0.027027 0.068966
0 0.479054 0.924949 0.028378 0.068966
