0 0.416992 0.272461 0.126953 0.365234
0 0.537109 0.324219 0.101562 0.324219
0 0.629883 0.363281 0.080078 0.292969
0 0.703125 0.388672 0.058594 0.253906
0 0.758789 0.418945 0.060547 0.228516
0 0.418945 0.700195 0.126953 0.541016
0 0.537109 0.691406 0.101562 0.464844
0 0.625000 0.694336 0.074219 0.404297
0 0.702148 0.689453 0.060547 0.359375
0 0.763672 0.698242 0.062500 0.330078
0 0.300781 0.410156 0.085938 0.117188
0 0.298828 0.292969 0.093750 0.171875
0 0.295898 0.170898 0.107422 0.158203
0 0.302734 0.711914 0.101562 0.533203
0 0.191406 0.709961 0.085938 0.447266
0 0.192383 0.437500 0.087891 0.097656
0 0.192383 0.341797 0.091797 0.156250
0 0.192383 0.240234 0.083984 0.140625
0 0.105469 0.287109 0.058594 0.109375
0 0.105469 0.379883 0.070312 0.134766
0 0.094727 0.480469 0.072266 0.101562
0 0.106445 0.698242 0.064453 0.369141
