0 0.076563 0.282532 0.146875 0.086753
0 0.240625 0.281946 0.184375 0.092614
0 0.421875 0.280774 0.181250 0.099648
0 0.603125 0.286049 0.182812 0.100821
0 0.780859 0.290739 0.171094 0.100821
0 0.932422 0.295428 0.135156 0.091442
0 0.075781 0.380422 0.145313 0.104338
0 0.238281 0.382181 0.179688 0.100821
0 0.420703 0.383353 0.185156 0.103165
0 0.603125 0.386284 0.179688 0.097304
0 0.782031 0.392732 0.178125 0.110199
0 0.935547 0.394490 0.128906 0.106682
0 0.075000 0.488863 0.148438 0.117233
0 0.240234 0.492380 0.182031 0.110199
0 0.421875 0.491208 0.181250 0.107855
0 0.603516 0.492380 0.182031 0.105510
0 0.784766 0.498242 0.180469 0.117233
0 0.934766 0.500586 0.130469 0.110199
0 0.074609 0.595545 0.142969 0.112544
0 0.238672 0.599062 0.185156 0.105510
0 0.422266 0.601407 0.182031 0.110199
0 0.605859 0.603165 0.185156 0.106682
0 0.784766 0.605510 0.172656 0.111372
0 0.935547 0.605510 0.128906 0.111372
0 0.074609 0.707503 0.142969 0.111372
0 0.241406 0.708675 0.179688 0.109027
0 0.422266 0.710434 0.182031 0.112544
0 0.604688 0.709261 0.182812 0.114889
0 0.784766 0.707503 0.177344 0.111372
0 0.936719 0.711020 0.126562 0.104338
0 0.074219 0.814771 0.143750 0.103165
0 0.237500 0.814185 0.182812 0.109027
0 0.421094 0.814185 0.184375 0.109027
0 0.604297 0.813013 0.182031 0.106682
0 0.785547 0.815944 0.180469 0.100821
0 0.936328 0.817116 0.121094 0.103165
