3 0.573636 0.236698 0.049091 0.088677
3 0.413636 0.439291 0.056364 0.068213
0 0.236364 0.201228 0.149091 0.159618
0 0.412727 0.198499 0.145455 0.154161
0 0.589091 0.202592 0.141818 0.165075
0 0.766364 0.203274 0.143636 0.163711
0 0.236364 0.399045 0.152727 0.170532
0 0.415455 0.396317 0.143636 0.165075
0 0.590000 0.394270 0.143636 0.158254
0 0.765455 0.399727 0.145455 0.158254
0 0.233636 0.589359 0.147273 0.163711
0 0.412727 0.590723 0.145455 0.158254
0 0.589091 0.588677 0.138182 0.159618
0 0.766364 0.590723 0.143636 0.160982
0 0.232727 0.786494 0.149091 0.162347
0 0.412727 0.785812 0.141818 0.160982
0 0.588182 0.787176 0.143636 0.158254
0 0.766364 0.786494 0.140000 0.159618
