0 0.584766 0.127618 0.047656 0.103403
0 0.636328 0.125000 0.052344 0.098168
0 0.688281 0.125000 0.048438 0.098168
0 0.586328 0.369764 0.047656 0.119110
0 0.639062 0.366492 0.053125 0.120419
0 0.691406 0.367147 0.050000 0.119110
0 0.590234 0.615838 0.047656 0.129581
0 0.585547 0.056937 0.047656 0.043194
0 0.635938 0.056283 0.053125 0.044503
0 0.687891 0.055628 0.050781 0.043194
0 0.587500 0.289267 0.046875 0.041885
0 0.638281 0.288613 0.054688 0.043194
0 0.691406 0.286649 0.051562 0.039267
0 0.588672 0.532068 0.047656 0.043194
0 0.640234 0.532068 0.055469 0.043194
0 0.693359 0.530105 0.050781 0.039267
0 0.641016 0.618455 0.055469 0.132199
0 0.693750 0.617147 0.050000 0.134817
0 0.590625 0.780105 0.048438 0.044503
0 0.643359 0.781414 0.057031 0.041885
0 0.696484 0.782723 0.049219 0.044503
0 0.590625 0.880236 0.050000 0.158377
0 0.644141 0.880236 0.057031 0.158377
0 0.698438 0.880890 0.051562 0.154450
0 0.203906 0.876309 0.053125 0.181937
0 0.205859 0.761780 0.053906 0.039267
0 0.348047 0.762435 0.055469 0.035340
0 0.346484 0.873691 0.055469 0.181937
0 0.380859 0.508508 0.052344 0.040576
0 0.381250 0.615838 0.053125 0.168848
0 0.211328 0.507853 0.052344 0.034031
0 0.208984 0.616492 0.053906 0.170157
0 0.216016 0.262435 0.052344 0.035340
0 0.213281 0.366492 0.054688 0.159686
0 0.384375 0.261780 0.050000 0.031414
0 0.383984 0.364529 0.053906 0.163613
0 0.220703 0.024215 0.049219 0.030105
0 0.218359 0.121073 0.053906 0.153141
0 0.385547 0.022906 0.047656 0.027487
0 0.385547 0.122382 0.050781 0.153141
0 0.068359 0.611911 0.058594 0.160995
0 0.069922 0.511780 0.050781 0.034031
0 0.078906 0.262435 0.050000 0.035340
0 0.075391 0.367801 0.055469 0.157068
0 0.086719 0.023560 0.050000 0.028796
0 0.083594 0.121073 0.056250 0.153141
