0 0.215820 0.350586 0.177734 0.298828
0 0.215820 0.570312 0.189453 0.140625
0 0.403320 0.570312 0.197266 0.136719
0 0.211914 0.703125 0.181641 0.140625
0 0.208984 0.863281 0.187500 0.179688
0 0.031250 0.360352 0.058594 0.236328
0 0.089844 0.404297 0.054688 0.218750
0 0.031250 0.500977 0.058594 0.107422
0 0.089844 0.531250 0.054688 0.101562
0 0.032227 0.680664 0.052734 0.181641
0 0.089844 0.692383 0.066406 0.166016
0 0.036133 0.879883 0.064453 0.220703
0 0.091797 0.865234 0.058594 0.187500
0 0.346680 0.174805 0.076172 0.064453
0 0.422852 0.176758 0.076172 0.068359
0 0.480469 0.173828 0.039062 0.074219
0 0.342773 0.279297 0.080078 0.144531
0 0.343750 0.425781 0.078125 0.148438
0 0.418945 0.355469 0.068359 0.289062
0 0.476562 0.355469 0.046875 0.289062
0 0.402344 0.570312 0.199219 0.140625
0 0.477539 0.707031 0.048828 0.132812
0 0.418945 0.706055 0.068359 0.134766
0 0.344727 0.706055 0.080078 0.134766
0 0.346680 0.861328 0.083984 0.175781
0 0.420898 0.865234 0.068359 0.175781
0 0.479492 0.864258 0.048828 0.173828
0 0.538086 0.861328 0.068359 0.179688
0 0.600586 0.859375 0.056641 0.175781
0 0.662109 0.917969 0.066406 0.058594
0 0.722656 0.916992 0.054688 0.056641
0 0.689453 0.831055 0.121094 0.119141
0 0.796875 0.860352 0.089844 0.173828
0 0.883789 0.860352 0.083984 0.173828
0 0.962891 0.861328 0.074219 0.175781
0 0.797852 0.702148 0.083984 0.138672
0 0.882812 0.706055 0.085938 0.146484
0 0.962891 0.706055 0.074219 0.146484
0 0.538086 0.702148 0.068359 0.146484
0 0.603516 0.703125 0.062500 0.144531
0 0.695312 0.702148 0.121094 0.142578
0 0.535156 0.564453 0.066406 0.144531
0 0.602539 0.562500 0.068359 0.140625
0 0.665039 0.563477 0.056641 0.138672
0 0.722656 0.562500 0.058594 0.136719
0 0.875000 0.562500 0.246094 0.136719
0 0.961914 0.420898 0.068359 0.146484
0 0.961914 0.270508 0.068359 0.154297
0 0.959961 0.165039 0.072266 0.056641
0 0.880859 0.166016 0.085938 0.058594
0 0.882812 0.346680 0.089844 0.302734
0 0.796875 0.420898 0.089844 0.154297
0 0.792969 0.269531 0.085938 0.148438
0 0.790039 0.166016 0.091797 0.058594
0 0.625977 0.165039 0.244141 0.064453
0 0.691406 0.271484 0.113281 0.148438
0 0.570312 0.272461 0.128906 0.146484
0 0.541016 0.418945 0.062500 0.150391
0 0.604492 0.418945 0.064453 0.150391
0 0.665039 0.418945 0.056641 0.150391
0 0.720703 0.419922 0.054688 0.148438
