0 0.059459 0.131579 0.116216 0.260313
0 0.179054 0.132290 0.125676 0.261735
0 0.307432 0.132290 0.131081 0.261735
0 0.412838 0.132290 0.082432 0.261735
0 0.520946 0.132290 0.133784 0.261735
0 0.652703 0.127312 0.129730 0.251778
0 0.759459 0.127312 0.083784 0.251778
0 0.849324 0.123755 0.095946 0.244666
0 0.914865 0.123755 0.035135 0.244666
0 0.059459 0.335704 0.116216 0.147937
0 0.180405 0.336415 0.125676 0.152205
0 0.306757 0.335704 0.127027 0.150782
0 0.412838 0.337838 0.085135 0.146515
0 0.519595 0.334993 0.128378 0.140825
0 0.650000 0.329303 0.132432 0.152205
0 0.758108 0.326458 0.083784 0.146515
0 0.843919 0.325036 0.087838 0.149360
0 0.909459 0.326458 0.043243 0.152205
0 0.058108 0.470839 0.113514 0.116643
0 0.179054 0.465149 0.128378 0.105263
0 0.307432 0.467283 0.128378 0.100996
0 0.413514 0.467994 0.083784 0.102418
0 0.520270 0.463727 0.129730 0.110953
0 0.652027 0.460882 0.133784 0.105263
0 0.758784 0.458748 0.079730 0.109531
0 0.843919 0.454481 0.087838 0.112376
0 0.910135 0.456615 0.044595 0.108108
0 0.060811 0.590327 0.116216 0.125178
0 0.182432 0.585349 0.127027 0.135135
0 0.310135 0.578947 0.128378 0.122333
0 0.414865 0.578947 0.081081 0.122333
0 0.522973 0.576814 0.135135 0.118065
0 0.654054 0.577525 0.127027 0.116643
0 0.758784 0.578947 0.082432 0.119488
0 0.843919 0.577525 0.087838 0.122333
0 0.912162 0.577525 0.048649 0.122333
