0 0.217000 0.440667 0.170000 0.105333
0 0.409000 0.438000 0.170000 0.100000
0 0.603000 0.434667 0.190000 0.104000
0 0.214000 0.324667 0.168000 0.113333
0 0.405000 0.318667 0.174000 0.109333
0 0.597000 0.314667 0.178000 0.106667
0 0.917000 0.307333 0.166000 0.113333
0 0.211000 0.547333 0.170000 0.100000
0 0.407000 0.546000 0.170000 0.102667
0 0.606000 0.542667 0.184000 0.106667
0 0.211000 0.654667 0.178000 0.114667
0 0.406000 0.652667 0.180000 0.110667
0 0.607000 0.654667 0.186000 0.114667
0 0.870000 0.430667 0.060000 0.109333
0 0.929000 0.430667 0.058000 0.109333
0 0.979000 0.430667 0.042000 0.109333
0 0.866000 0.539333 0.064000 0.110667
0 0.929000 0.539333 0.062000 0.110667
0 0.980000 0.539333 0.040000 0.110667
0 0.865000 0.648667 0.070000 0.110667
0 0.931000 0.648000 0.062000 0.109333
0 0.981000 0.648000 0.038000 0.109333
