0 0.169922 0.388726 0.074219 0.183016
0 0.266113 0.393119 0.118164 0.174231
0 0.395020 0.390922 0.139648 0.169839
0 0.537109 0.392387 0.150391 0.178624
0 0.688965 0.390190 0.153320 0.174231
0 0.846680 0.380673 0.162109 0.193265
0 0.963867 0.370425 0.072266 0.172767
0 0.171875 0.552709 0.080078 0.142020
0 0.269043 0.551245 0.114258 0.144949
0 0.394043 0.549780 0.135742 0.142020
0 0.536621 0.551245 0.149414 0.139092
0 0.687988 0.538799 0.153320 0.114202
0 0.846191 0.529283 0.163086 0.133236
0 0.963379 0.533675 0.071289 0.142020
0 0.069336 0.387262 0.132812 0.188873
0 0.066895 0.548316 0.131836 0.133236
