0 0.641602 0.158203 0.119141 0.246094
0 0.776367 0.058594 0.154297 0.113281
0 0.777344 0.120117 0.136719 0.162109
0 0.929688 0.058594 0.128906 0.113281
0 0.952148 0.298828 0.095703 0.199219
0 0.947266 0.551758 0.105469 0.345703
0 0.944336 0.850586 0.099609 0.298828
0 0.774414 0.846680 0.162109 0.220703
0 0.771484 0.602539 0.144531 0.333984
0 0.776367 0.301758 0.146484 0.341797
0 0.637695 0.389648 0.115234 0.271484
0 0.639648 0.626953 0.111328 0.308594
0 0.525391 0.872070 0.121094 0.173828
0 0.642578 0.977539 0.105469 0.041016
0 0.525391 0.976562 0.121094 0.042969
0 0.418945 0.974609 0.095703 0.039062
0 0.418945 0.875000 0.091797 0.160156
0 0.421875 0.689453 0.093750 0.250000
0 0.522461 0.661133 0.111328 0.275391
0 0.418945 0.476562 0.095703 0.250000
0 0.525391 0.428711 0.113281 0.279297
0 0.522461 0.236328 0.111328 0.238281
0 0.524414 0.098633 0.115234 0.193359
0 0.422852 0.302734 0.087891 0.214844
0 0.421875 0.135742 0.093750 0.263672
0 0.335938 0.198242 0.078125 0.259766
0 0.334961 0.366211 0.080078 0.189453
0 0.334961 0.526367 0.076172 0.228516
0 0.333008 0.716797 0.076172 0.214844
0 0.335938 0.905273 0.078125 0.189453
0 0.260742 0.746094 0.060547 0.175781
0 0.262695 0.907227 0.068359 0.173828
0 0.206055 0.915039 0.052734 0.166016
0 0.160156 0.917969 0.042969 0.152344
0 0.125977 0.921875 0.025391 0.152344
0 0.096680 0.922852 0.025391 0.142578
0 0.204102 0.748047 0.052734 0.187500
0 0.158203 0.759766 0.042969 0.167969
0 0.125000 0.773438 0.027344 0.152344
0 0.097656 0.785156 0.023438 0.148438
0 0.069336 0.791016 0.029297 0.125000
0 0.068359 0.930664 0.027344 0.138672
0 0.042969 0.929688 0.023438 0.136719
0 0.262695 0.554688 0.064453 0.199219
0 0.206055 0.583008 0.052734 0.181641
0 0.160156 0.609375 0.046875 0.167969
0 0.125977 0.625977 0.029297 0.158203
0 0.097656 0.639648 0.027344 0.150391
0 0.071289 0.656250 0.029297 0.144531
0 0.263672 0.409180 0.066406 0.169922
0 0.208984 0.448242 0.050781 0.154297
0 0.161133 0.479492 0.044922 0.142578
0 0.125977 0.506836 0.025391 0.126953
0 0.098633 0.525391 0.029297 0.121094
0 0.070312 0.543945 0.027344 0.119141
0 0.070312 0.443359 0.027344 0.125000
0 0.099609 0.416992 0.027344 0.126953
0 0.125000 0.389648 0.027344 0.138672
0 0.163086 0.350586 0.044922 0.173828
0 0.208008 0.310547 0.044922 0.187500
0 0.266602 0.257812 0.060547 0.226562
0 0.334961 0.213867 0.076172 0.228516
0 0.070312 0.341797 0.023438 0.105469
0 0.099609 0.308594 0.031250 0.113281
0 0.126953 0.283203 0.027344 0.113281
0 0.160156 0.238281 0.046875 0.152344
0 0.208008 0.184570 0.044922 0.154297
0 0.261719 0.121094 0.062500 0.179688
0 0.331055 0.073242 0.076172 0.142578
