0 0.973633 0.200195 0.025391 0.396484
0 0.910156 0.225586 0.101562 0.447266
0 0.814453 0.245117 0.101562 0.486328
0 0.720703 0.271484 0.089844 0.500000
0 0.631836 0.332031 0.095703 0.488281
0 0.544922 0.394531 0.085938 0.449219
0 0.217773 0.619141 0.052734 0.308594
0 0.261719 0.589844 0.042969 0.312500
0 0.310547 0.555664 0.062500 0.341797
0 0.367188 0.521484 0.050781 0.355469
0 0.423828 0.484375 0.062500 0.386719
0 0.478516 0.449219 0.046875 0.402344
0 0.213867 0.850586 0.056641 0.205078
0 0.260742 0.833008 0.041016 0.216797
0 0.312500 0.811523 0.062500 0.228516
0 0.367188 0.793945 0.050781 0.236328
0 0.423828 0.776367 0.062500 0.251953
0 0.478516 0.753906 0.046875 0.265625
0 0.542969 0.724609 0.085938 0.289062
0 0.633789 0.692383 0.095703 0.322266
0 0.723633 0.659180 0.083984 0.330078
0 0.722656 0.657227 0.082031 0.333984
0 0.813477 0.623047 0.099609 0.359375
0 0.912109 0.586914 0.101562 0.376953
0 0.979492 0.571289 0.033203 0.349609
0 0.312500 0.958984 0.070312 0.082031
0 0.367188 0.952148 0.054688 0.095703
0 0.423828 0.945312 0.062500 0.109375
0 0.479492 0.938477 0.052734 0.123047
0 0.543945 0.925781 0.083984 0.148438
0 0.634766 0.912109 0.097656 0.175781
0 0.721680 0.901367 0.083984 0.197266
0 0.811523 0.885742 0.099609 0.228516
0 0.910156 0.875000 0.101562 0.250000
0 0.976562 0.850586 0.042969 0.232422
