0 0.305714 0.162708 0.088571 0.073634
2 0.216429 0.302850 0.272857 0.201900
1 0.651429 0.795724 0.022857 0.128266
1 0.755714 0.796912 0.034286 0.130641
0 0.385714 0.166271 0.062857 0.076010
0 0.386429 0.287411 0.067143 0.166271
0 0.387143 0.387173 0.065714 0.033254
0 0.232857 0.596200 0.060000 0.175772
0 0.170714 0.597387 0.058571 0.187648
0 0.300714 0.593824 0.061429 0.180523
0 0.361429 0.591449 0.060000 0.175772
0 0.431429 0.592637 0.057143 0.178147
0 0.487857 0.593824 0.055714 0.175772
0 0.557857 0.593824 0.055714 0.175772
0 0.615000 0.592637 0.058571 0.173397
0 0.684286 0.593824 0.057143 0.171021
0 0.742143 0.595012 0.058571 0.168646
0 0.802857 0.593824 0.042857 0.166271
0 0.847143 0.595012 0.045714 0.163895
