0 0.106445 0.491202 0.115234 0.278592
0 0.233398 0.499267 0.138672 0.282991
0 0.371094 0.498534 0.136719 0.281525
0 0.506348 0.498534 0.133789 0.281525
0 0.641602 0.496334 0.136719 0.277126
0 0.783203 0.495601 0.146484 0.278592
0 0.914062 0.502199 0.115234 0.291789
0 0.108398 0.683284 0.115234 0.079179
0 0.233398 0.684018 0.134766 0.077713
0 0.370117 0.681818 0.138672 0.073314
0 0.504395 0.684751 0.129883 0.067449
0 0.641113 0.688416 0.143555 0.074780
0 0.786621 0.689883 0.147461 0.071848
0 0.915527 0.695748 0.110352 0.083578
