0 0.532227 0.093750 0.080078 0.183594
0 0.642578 0.145508 0.136719 0.287109
0 0.757812 0.217773 0.093750 0.279297
0 0.823242 0.281250 0.037109 0.203125
0 0.757812 0.086914 0.097656 0.169922
0 0.822266 0.109375 0.035156 0.203125
0 0.875977 0.143555 0.052734 0.244141
0 0.866211 0.327148 0.068359 0.224609
0 0.533203 0.278320 0.082031 0.310547
0 0.643555 0.342773 0.138672 0.314453
0 0.756836 0.416016 0.091797 0.261719
0 0.819336 0.459961 0.029297 0.197266
0 0.867188 0.636719 0.066406 0.500000
0 0.530273 0.524414 0.080078 0.263672
0 0.642578 0.557617 0.136719 0.255859
0 0.756836 0.604492 0.095703 0.208984
0 0.819336 0.626953 0.037109 0.167969
0 0.533203 0.752930 0.078125 0.244141
0 0.641602 0.759766 0.138672 0.218750
0 0.754883 0.769531 0.095703 0.175781
0 0.817383 0.776367 0.029297 0.142578
0 0.531250 0.937500 0.070312 0.125000
0 0.638672 0.928711 0.136719 0.142578
0 0.754883 0.922852 0.099609 0.154297
0 0.815430 0.923828 0.033203 0.152344
0 0.129883 0.210938 0.072266 0.210938
0 0.213867 0.116211 0.087891 0.228516
0 0.310547 0.072266 0.105469 0.140625
0 0.385742 0.020508 0.048828 0.037109
0 0.433594 0.111328 0.121094 0.218750
0 0.311523 0.183594 0.115234 0.257812
0 0.213867 0.265625 0.091797 0.238281
0 0.129883 0.344727 0.076172 0.189453
0 0.431641 0.280273 0.125000 0.318359
0 0.313477 0.356445 0.119141 0.271484
0 0.210938 0.429688 0.089844 0.222656
0 0.126953 0.477539 0.074219 0.185547
0 0.430664 0.523438 0.123047 0.261719
0 0.315430 0.555664 0.115234 0.244141
0 0.212891 0.589844 0.093750 0.199219
0 0.129883 0.621094 0.076172 0.160156
0 0.130859 0.763672 0.078125 0.144531
0 0.215820 0.765625 0.080078 0.171875
0 0.315430 0.757812 0.115234 0.199219
0 0.431641 0.748047 0.121094 0.230469
0 0.428711 0.933594 0.126953 0.132812
0 0.315430 0.926758 0.115234 0.146484
0 0.210938 0.918945 0.093750 0.162109
0 0.130859 0.907227 0.074219 0.150391
