0 0.360352 0.219727 0.091797 0.115234
0 0.556641 0.103516 0.101562 0.105469
0 0.653320 0.104492 0.091797 0.103516
0 0.221680 0.296875 0.095703 0.148438
0 0.561523 0.252930 0.115234 0.193359
0 0.661133 0.211914 0.107422 0.111328
0 0.555664 0.408203 0.107422 0.125000
0 0.656250 0.411133 0.093750 0.119141
0 0.758789 0.410156 0.111328 0.117188
0 0.654297 0.523438 0.097656 0.113281
0 0.364258 0.411133 0.103516 0.123047
0 0.459961 0.530273 0.087891 0.115234
0 0.218750 0.537109 0.093750 0.160156
0 0.370117 0.706055 0.107422 0.142578
0 0.217773 0.769531 0.095703 0.148438
0 0.217773 0.958008 0.083984 0.083984
0 0.411133 0.903320 0.193359 0.134766
0 0.610352 0.710938 0.197266 0.144531
0 0.762695 0.713867 0.107422 0.138672
0 0.647461 0.852539 0.111328 0.158203
