0 0.554688 0.449219 0.082031 0.519531
0 0.803711 0.319336 0.130859 0.298828
0 0.924805 0.345703 0.115234 0.281250
0 0.808594 0.562500 0.125000 0.250000
0 0.925781 0.583984 0.121094 0.238281
0 0.808594 0.812500 0.132812 0.261719
0 0.932617 0.821289 0.107422 0.251953
0 0.312500 0.217773 0.136719 0.427734
0 0.312500 0.541016 0.132812 0.269531
0 0.312500 0.827148 0.140625 0.345703
0 0.208008 0.238281 0.087891 0.472656
0 0.205078 0.550781 0.085938 0.289062
0 0.200195 0.825195 0.083984 0.349609
0 0.091797 0.422852 0.089844 0.560547
