0 0.038574 0.420573 0.075195 0.671875
0 0.158203 0.418620 0.164062 0.680990
0 0.321777 0.418620 0.163086 0.680990
0 0.483887 0.419271 0.161133 0.682292
0 0.645508 0.419922 0.162109 0.680990
0 0.807617 0.418620 0.162109 0.678385
0 0.944336 0.419271 0.111328 0.677083
0 0.036621 0.038411 0.071289 0.074219
0 0.154297 0.039714 0.162109 0.076823
0 0.320801 0.037760 0.163086 0.072917
0 0.481445 0.042318 0.166016 0.082031
0 0.645020 0.041667 0.159180 0.080729
0 0.804199 0.039062 0.155273 0.075521
0 0.941406 0.037109 0.117188 0.071615
