0 0.287598 0.448755 0.024414 0.042460
0 0.312500 0.450220 0.027344 0.039531
0 0.338867 0.454612 0.027344 0.042460
0 0.364746 0.456808 0.026367 0.040996
0 0.390137 0.460469 0.026367 0.039531
0 0.416992 0.462665 0.027344 0.038067
0 0.442871 0.465593 0.028320 0.040996
0 0.468262 0.469985 0.026367 0.043924
0 0.494141 0.472182 0.027344 0.042460
0 0.519531 0.477306 0.025391 0.040996
0 0.544922 0.478038 0.027344 0.042460
0 0.570312 0.481698 0.025391 0.040996
0 0.595215 0.486091 0.028320 0.043924
0 0.620605 0.489751 0.028320 0.042460
0 0.645508 0.491215 0.027344 0.039531
0 0.670410 0.494143 0.026367 0.042460
0 0.694824 0.498536 0.028320 0.042460
0 0.720215 0.500000 0.026367 0.039531
0 0.744629 0.503660 0.026367 0.040996
0 0.768066 0.505124 0.024414 0.040996
0 0.287598 0.404100 0.026367 0.043924
0 0.312500 0.408492 0.027344 0.043924
0 0.339355 0.411420 0.026367 0.043924
0 0.364746 0.417277 0.028320 0.046852
0 0.390625 0.418741 0.027344 0.049780
0 0.416992 0.420937 0.027344 0.051245
0 0.441895 0.425329 0.028320 0.048316
0 0.467285 0.427526 0.026367 0.046852
0 0.492676 0.430454 0.026367 0.052709
0 0.518066 0.434114 0.028320 0.048316
0 0.543945 0.437775 0.027344 0.049780
0 0.569336 0.441435 0.027344 0.048316
0 0.593262 0.445095 0.028320 0.049780
0 0.619141 0.447291 0.027344 0.048316
0 0.643555 0.448755 0.029297 0.051245
0 0.668457 0.454612 0.028320 0.045388
0 0.691406 0.456076 0.031250 0.045388
0 0.716797 0.459004 0.029297 0.042460
0 0.740723 0.461933 0.030273 0.048316
0 0.763672 0.464861 0.027344 0.048316
0 0.287598 0.488287 0.024414 0.048316
0 0.311035 0.491947 0.028320 0.052709
0 0.338379 0.494876 0.028320 0.049780
0 0.364258 0.497804 0.029297 0.049780
0 0.391113 0.500732 0.028320 0.049780
0 0.417480 0.502928 0.028320 0.051245
0 0.442383 0.506589 0.029297 0.046852
0 0.469727 0.509517 0.027344 0.046852
0 0.494629 0.513177 0.028320 0.048316
0 0.520020 0.515373 0.028320 0.049780
0 0.545898 0.519034 0.029297 0.048316
0 0.570801 0.521962 0.028320 0.048316
0 0.596191 0.525622 0.028320 0.049780
0 0.621582 0.529283 0.028320 0.048316
0 0.646973 0.530747 0.030273 0.048316
0 0.671875 0.533675 0.027344 0.045388
0 0.697266 0.537335 0.029297 0.046852
0 0.721680 0.538067 0.027344 0.048316
0 0.746582 0.543924 0.028320 0.048316
0 0.770020 0.547584 0.026367 0.043924
0 0.286133 0.530747 0.025391 0.042460
0 0.311035 0.534407 0.028320 0.040996
0 0.338867 0.538067 0.027344 0.042460
0 0.364258 0.540996 0.027344 0.042460
0 0.390625 0.543192 0.027344 0.040996
0 0.417969 0.546120 0.027344 0.043924
0 0.442871 0.549048 0.028320 0.040996
0 0.469238 0.551977 0.028320 0.040996
0 0.496582 0.554173 0.026367 0.042460
0 0.521973 0.559297 0.026367 0.040996
0 0.547363 0.562225 0.028320 0.043924
0 0.573242 0.564422 0.029297 0.042460
0 0.599121 0.568082 0.028320 0.043924
0 0.624512 0.571010 0.028320 0.040996
0 0.649902 0.572474 0.028320 0.040996
0 0.675293 0.575403 0.030273 0.040996
0 0.700684 0.576867 0.028320 0.040996
0 0.724609 0.581259 0.029297 0.040996
0 0.750488 0.584187 0.030273 0.038067
0 0.773438 0.585652 0.025391 0.040996
0 0.285645 0.573939 0.026367 0.046852
0 0.311523 0.576867 0.029297 0.049780
0 0.337402 0.579795 0.030273 0.049780
0 0.364746 0.581259 0.028320 0.049780
0 0.391602 0.584187 0.029297 0.049780
0 0.417969 0.587848 0.027344 0.051245
0 0.444824 0.590776 0.028320 0.051245
0 0.470215 0.592972 0.028320 0.049780
0 0.496094 0.596633 0.027344 0.048316
0 0.523438 0.600293 0.029297 0.049780
0 0.548828 0.601757 0.031250 0.049780
0 0.575684 0.603953 0.030273 0.048316
0 0.284668 0.616398 0.024414 0.043924
0 0.310059 0.619327 0.028320 0.043924
0 0.336914 0.622255 0.027344 0.043924
0 0.364746 0.625915 0.028320 0.042460
0 0.392090 0.627379 0.028320 0.042460
0 0.418457 0.629575 0.028320 0.043924
0 0.444336 0.632504 0.029297 0.043924
0 0.471191 0.636164 0.030273 0.042460
0 0.498047 0.638360 0.029297 0.043924
0 0.523438 0.642020 0.029297 0.042460
0 0.549316 0.644949 0.028320 0.042460
0 0.576172 0.647877 0.029297 0.039531
0 0.284180 0.661054 0.025391 0.048316
0 0.309570 0.663250 0.029297 0.052709
0 0.336426 0.666179 0.028320 0.052709
0 0.363770 0.669107 0.028320 0.049780
0 0.391113 0.671303 0.028320 0.048316
0 0.418457 0.674963 0.028320 0.052709
0 0.445312 0.676428 0.029297 0.049780
0 0.472168 0.681552 0.028320 0.048316
0 0.499512 0.683748 0.028320 0.049780
0 0.524902 0.685212 0.028320 0.049780
0 0.551758 0.687408 0.029297 0.051245
0 0.578613 0.692533 0.030273 0.049780
0 0.283203 0.703514 0.025391 0.042460
0 0.309082 0.707174 0.028320 0.043924
0 0.337402 0.710835 0.028320 0.045388
0 0.364746 0.712299 0.028320 0.045388
0 0.392090 0.716691 0.028320 0.045388
0 0.418457 0.718887 0.028320 0.043924
0 0.446777 0.721816 0.028320 0.043924
0 0.474121 0.724012 0.028320 0.042460
0 0.500977 0.725476 0.029297 0.045388
0 0.526855 0.728404 0.028320 0.042460
0 0.553711 0.732796 0.029297 0.045388
0 0.580078 0.733529 0.029297 0.043924
0 0.606445 0.735725 0.027344 0.042460
0 0.633789 0.740849 0.027344 0.043924
0 0.792969 0.513177 0.029297 0.039531
0 0.813965 0.516837 0.018555 0.038067
0 0.794434 0.551977 0.032227 0.049780
0 0.822266 0.558565 0.029297 0.048316
0 0.799805 0.596633 0.029297 0.039531
0 0.826172 0.597365 0.031250 0.043924
0 0.801758 0.636164 0.031250 0.048316
0 0.828613 0.639092 0.032227 0.045388
0 0.659180 0.743045 0.027344 0.042460
0 0.685059 0.745242 0.028320 0.043924
0 0.710938 0.748902 0.029297 0.042460
0 0.736328 0.752562 0.029297 0.040996
0 0.763184 0.754758 0.030273 0.042460
0 0.787109 0.754758 0.025391 0.042460
0 0.813965 0.764275 0.030273 0.046852
0 0.841309 0.768668 0.032227 0.043924
0 0.817871 0.810395 0.032227 0.051245
0 0.845215 0.812592 0.032227 0.049780
0 0.282715 0.750366 0.024414 0.054173
0 0.309082 0.752562 0.028320 0.052709
0 0.336914 0.756955 0.027344 0.052709
0 0.364746 0.759151 0.030273 0.051245
0 0.392090 0.760615 0.028320 0.051245
0 0.419434 0.763543 0.028320 0.054173
0 0.446777 0.767204 0.030273 0.052709
0 0.474609 0.768668 0.029297 0.052709
0 0.501465 0.770864 0.030273 0.054173
0 0.528320 0.774524 0.027344 0.049780
0 0.555664 0.776720 0.029297 0.051245
0 0.582031 0.779649 0.027344 0.048316
0 0.608887 0.780381 0.028320 0.052709
0 0.635254 0.784773 0.030273 0.049780
0 0.661621 0.786969 0.030273 0.051245
0 0.687988 0.789165 0.030273 0.049780
0 0.713379 0.792826 0.030273 0.051245
0 0.740234 0.795754 0.031250 0.048316
0 0.765137 0.797218 0.028320 0.051245
0 0.790527 0.799414 0.028320 0.052709
0 0.283203 0.795754 0.025391 0.042460
0 0.309082 0.800146 0.028320 0.042460
0 0.337402 0.801611 0.028320 0.045388
0 0.364746 0.804539 0.028320 0.045388
0 0.393066 0.807467 0.028320 0.045388
0 0.419922 0.808931 0.029297 0.045388
0 0.447754 0.811859 0.028320 0.045388
0 0.476074 0.816252 0.028320 0.045388
0 0.502441 0.817716 0.030273 0.045388
0 0.530762 0.819180 0.028320 0.045388
0 0.556641 0.824305 0.031250 0.043924
0 0.584961 0.825037 0.029297 0.045388
0 0.611328 0.826501 0.029297 0.042460
0 0.637207 0.828697 0.030273 0.043924
0 0.664062 0.831625 0.029297 0.043924
0 0.690918 0.834553 0.028320 0.043924
0 0.717773 0.837482 0.031250 0.043924
0 0.743652 0.840410 0.030273 0.040996
0 0.769043 0.841142 0.032227 0.045388
0 0.793945 0.845534 0.029297 0.042460
0 0.281738 0.841874 0.026367 0.052709
0 0.309082 0.845534 0.028320 0.054173
0 0.336914 0.848463 0.029297 0.054173
0 0.365234 0.851391 0.029297 0.051245
0 0.393066 0.852855 0.030273 0.054173
0 0.420898 0.855783 0.029297 0.054173
0 0.449219 0.859444 0.031250 0.052709
0 0.477051 0.862372 0.030273 0.052709
0 0.504395 0.863104 0.030273 0.054173
0 0.532227 0.865300 0.029297 0.052709
0 0.558105 0.869693 0.030273 0.052709
0 0.585938 0.871889 0.029297 0.054173
0 0.612793 0.872621 0.030273 0.052709
0 0.640137 0.874817 0.030273 0.054173
0 0.666992 0.878477 0.031250 0.055637
0 0.693848 0.880673 0.030273 0.051245
0 0.719727 0.882138 0.031250 0.051245
0 0.746094 0.885066 0.031250 0.051245
0 0.773438 0.887262 0.031250 0.052709
0 0.798340 0.890190 0.028320 0.049780
0 0.821777 0.855783 0.030273 0.045388
0 0.849121 0.856515 0.030273 0.043924
0 0.825684 0.901171 0.032227 0.051245
0 0.853516 0.903367 0.033203 0.049780
0 0.830078 0.948023 0.029297 0.042460
0 0.858398 0.950220 0.033203 0.043924
0 0.833496 0.983895 0.032227 0.032211
0 0.861328 0.985359 0.033203 0.029283
0 0.280273 0.891654 0.025391 0.046852
0 0.308594 0.892387 0.029297 0.048316
0 0.337402 0.896047 0.028320 0.046852
0 0.364258 0.900439 0.027344 0.046852
0 0.393555 0.901903 0.029297 0.046852
0 0.420898 0.904100 0.029297 0.045388
0 0.449707 0.906296 0.030273 0.046852
0 0.478516 0.908492 0.029297 0.042460
0 0.505371 0.910688 0.030273 0.043924
0 0.533691 0.912884 0.028320 0.045388
0 0.561523 0.914348 0.029297 0.045388
0 0.588379 0.917277 0.030273 0.045388
0 0.615723 0.920937 0.030273 0.043924
0 0.642090 0.922401 0.030273 0.046852
0 0.669922 0.923865 0.029297 0.043924
0 0.696777 0.926794 0.030273 0.046852
0 0.723633 0.930454 0.031250 0.045388
0 0.750000 0.931918 0.031250 0.042460
0 0.770020 0.933382 0.016602 0.045388
0 0.280273 0.942167 0.025391 0.054173
0 0.308594 0.941435 0.031250 0.055637
0 0.336914 0.946559 0.029297 0.054173
0 0.364746 0.948023 0.030273 0.057101
0 0.394043 0.950952 0.028320 0.054173
0 0.422852 0.953148 0.029297 0.055637
0 0.450684 0.955344 0.030273 0.054173
0 0.479004 0.956076 0.030273 0.055637
0 0.506836 0.959004 0.029297 0.055637
0 0.535645 0.961933 0.028320 0.055637
0 0.562500 0.963397 0.029297 0.052709
0 0.590332 0.964861 0.032227 0.052709
0 0.617188 0.968521 0.031250 0.051245
0 0.644531 0.969985 0.031250 0.054173
0 0.672363 0.970717 0.030273 0.055637
0 0.699707 0.972182 0.030273 0.049780
0 0.726562 0.974378 0.029297 0.048316
0 0.753906 0.976574 0.031250 0.046852
0 0.780273 0.977306 0.033203 0.045388
0 0.804688 0.978770 0.029297 0.042460
0 0.279785 0.982430 0.028320 0.035139
0 0.307617 0.984627 0.029297 0.030747
0 0.336426 0.985359 0.030273 0.029283
0 0.365234 0.986823 0.031250 0.026354
0 0.395508 0.986823 0.029297 0.026354
0 0.422852 0.988287 0.029297 0.023426
0 0.451660 0.989751 0.030273 0.020498
0 0.479980 0.991215 0.030273 0.017570
0 0.023926 0.277452 0.030273 0.048316
0 0.052246 0.273060 0.032227 0.048316
0 0.081055 0.267936 0.031250 0.046852
0 0.108887 0.262811 0.030273 0.048316
0 0.137695 0.257687 0.031250 0.046852
0 0.165527 0.251830 0.030273 0.046852
0 0.192871 0.248902 0.028320 0.049780
0 0.214844 0.244510 0.017578 0.046852
0 0.007324 0.279649 0.012695 0.046852
0 0.021484 0.319912 0.033203 0.051245
0 0.050293 0.315520 0.032227 0.051245
0 0.079590 0.309663 0.032227 0.051245
0 0.107422 0.305271 0.031250 0.051245
0 0.136230 0.299414 0.032227 0.048316
0 0.163574 0.296486 0.030273 0.048316
0 0.191895 0.291362 0.030273 0.049780
0 0.213867 0.286969 0.017578 0.046852
0 0.018555 0.360176 0.035156 0.040996
0 0.047363 0.357247 0.032227 0.043924
0 0.077637 0.350659 0.032227 0.039531
0 0.105957 0.346266 0.030273 0.042460
0 0.133789 0.340410 0.031250 0.042460
0 0.162598 0.334553 0.030273 0.039531
0 0.191406 0.330893 0.031250 0.043924
0 0.213379 0.326501 0.016602 0.038067
0 0.016602 0.401171 0.031250 0.049780
0 0.045410 0.394583 0.032227 0.051245
0 0.073242 0.390922 0.031250 0.049780
0 0.103027 0.385066 0.032227 0.046852
0 0.132812 0.380673 0.033203 0.052709
0 0.162109 0.377013 0.031250 0.048316
0 0.188965 0.370425 0.030273 0.049780
0 0.211914 0.366764 0.017578 0.051245
0 0.015137 0.442899 0.028320 0.045388
0 0.042969 0.437042 0.031250 0.042460
0 0.071777 0.432650 0.032227 0.045388
0 0.101074 0.426794 0.032227 0.045388
0 0.130371 0.422401 0.030273 0.042460
0 0.159668 0.418009 0.028320 0.039531
0 0.187988 0.412152 0.030273 0.042460
0 0.209961 0.408492 0.017578 0.040996
0 0.014160 0.485359 0.026367 0.054173
0 0.040039 0.479502 0.033203 0.054173
0 0.069336 0.474378 0.033203 0.052709
0 0.098633 0.469985 0.033203 0.049780
0 0.128418 0.464861 0.032227 0.054173
0 0.157227 0.459004 0.033203 0.054173
0 0.186523 0.453880 0.031250 0.049780
0 0.208496 0.450952 0.018555 0.052709
0 0.230469 0.446559 0.025391 0.040996
0 0.256836 0.448755 0.027344 0.036603
0 0.229004 0.488287 0.026367 0.042460
0 0.255371 0.489751 0.028320 0.045388
0 0.227539 0.530747 0.025391 0.042460
0 0.255371 0.532943 0.030273 0.040996
0 0.227051 0.573206 0.026367 0.045388
0 0.254883 0.576135 0.029297 0.051245
0 0.226074 0.617862 0.024414 0.040996
0 0.253418 0.618594 0.030273 0.042460
0 0.224121 0.663250 0.026367 0.049780
0 0.252441 0.664714 0.030273 0.052709
0 0.012207 0.527818 0.022461 0.045388
0 0.037598 0.523426 0.032227 0.045388
0 0.067383 0.518302 0.031250 0.043924
0 0.097168 0.512445 0.032227 0.043924
0 0.126465 0.508053 0.032227 0.046852
0 0.156250 0.501464 0.031250 0.045388
0 0.184570 0.495608 0.031250 0.042460
0 0.208008 0.490483 0.017578 0.040996
0 0.011230 0.571742 0.020508 0.051245
0 0.034668 0.567350 0.034180 0.054173
0 0.064941 0.560761 0.034180 0.055637
0 0.094727 0.554905 0.033203 0.052709
0 0.125000 0.550512 0.033203 0.052709
0 0.153809 0.544656 0.032227 0.055637
0 0.183105 0.538799 0.032227 0.055637
0 0.206543 0.535139 0.018555 0.051245
0 0.009766 0.614934 0.017578 0.043924
0 0.032227 0.612006 0.033203 0.046852
0 0.062500 0.606149 0.031250 0.046852
0 0.093262 0.600293 0.032227 0.046852
0 0.122070 0.593704 0.031250 0.045388
0 0.152832 0.588580 0.030273 0.046852
0 0.183105 0.582723 0.032227 0.046852
0 0.205078 0.578331 0.019531 0.043924
0 0.008789 0.661054 0.015625 0.054173
0 0.030762 0.655930 0.032227 0.055637
0 0.060059 0.650073 0.034180 0.055637
0 0.091797 0.643485 0.033203 0.060029
0 0.123047 0.638360 0.035156 0.052709
0 0.152344 0.633236 0.033203 0.057101
0 0.180664 0.627379 0.031250 0.057101
0 0.204590 0.621523 0.020508 0.048316
0 0.007324 0.704246 0.012695 0.046852
0 0.026855 0.701318 0.034180 0.049780
0 0.058594 0.694729 0.033203 0.048316
0 0.088867 0.689605 0.033203 0.046852
0 0.119141 0.682284 0.033203 0.046852
0 0.149902 0.678624 0.032227 0.045388
0 0.180176 0.672035 0.030273 0.046852
0 0.203125 0.666911 0.017578 0.042460
0 0.024414 0.746706 0.037109 0.058565
0 0.056641 0.741581 0.035156 0.057101
0 0.086426 0.735725 0.032227 0.060029
0 0.116699 0.729868 0.032227 0.057101
0 0.147949 0.723280 0.034180 0.058565
0 0.177734 0.715959 0.033203 0.058565
0 0.202148 0.714495 0.017578 0.055637
0 0.224609 0.707174 0.025391 0.043924
0 0.252930 0.708638 0.029297 0.046852
0 0.021484 0.795754 0.035156 0.051245
0 0.053223 0.789898 0.034180 0.051245
0 0.083984 0.783309 0.033203 0.049780
0 0.114746 0.775988 0.032227 0.049780
0 0.145996 0.770864 0.032227 0.048316
0 0.176758 0.764275 0.031250 0.049780
0 0.200684 0.759883 0.018555 0.046852
0 0.223633 0.751830 0.025391 0.051245
0 0.250977 0.755490 0.029297 0.055637
0 0.018555 0.844802 0.035156 0.061493
0 0.050293 0.838214 0.034180 0.060029
0 0.081543 0.830893 0.034180 0.060029
0 0.112793 0.825037 0.034180 0.060029
0 0.144531 0.819180 0.035156 0.060029
0 0.175293 0.811127 0.032227 0.058565
0 0.200195 0.806003 0.021484 0.057101
0 0.221191 0.798682 0.026367 0.048316
0 0.250977 0.801611 0.031250 0.048316
0 0.220703 0.847731 0.025391 0.055637
0 0.249023 0.849927 0.031250 0.051245
0 0.219727 0.896047 0.027344 0.046852
0 0.248535 0.898243 0.030273 0.048316
0 0.016602 0.893119 0.031250 0.052709
0 0.047852 0.886530 0.035156 0.054173
0 0.078613 0.881406 0.034180 0.049780
0 0.110352 0.874817 0.035156 0.051245
0 0.142090 0.868960 0.034180 0.051245
0 0.173340 0.860176 0.034180 0.051245
0 0.198242 0.853587 0.019531 0.049780
0 0.218750 0.945095 0.025391 0.057101
0 0.248047 0.947291 0.029297 0.058565
0 0.218750 0.986823 0.029297 0.026354
0 0.247559 0.986823 0.030273 0.026354
0 0.015625 0.943631 0.029297 0.060029
0 0.044434 0.937042 0.036133 0.064422
0 0.077148 0.931918 0.035156 0.062958
0 0.108887 0.923133 0.034180 0.062958
0 0.140625 0.915813 0.033203 0.060029
0 0.172363 0.909956 0.034180 0.062958
0 0.197754 0.904832 0.020508 0.058565
0 0.015137 0.982430 0.028320 0.035139
0 0.044434 0.978770 0.034180 0.039531
0 0.073730 0.976574 0.034180 0.043924
0 0.106934 0.972914 0.034180 0.051245
0 0.137207 0.967057 0.036133 0.054173
0 0.169922 0.960469 0.033203 0.052709
0 0.195801 0.956808 0.018555 0.054173
0 0.829590 0.328697 0.016602 0.045388
0 0.848145 0.336750 0.024414 0.043924
0 0.871094 0.349195 0.025391 0.048316
0 0.892578 0.359444 0.025391 0.054173
0 0.915039 0.372621 0.027344 0.051245
0 0.937012 0.380673 0.026367 0.049780
0 0.958984 0.392387 0.027344 0.046852
0 0.981445 0.404832 0.027344 0.051245
0 0.833984 0.370425 0.017578 0.043924
0 0.852539 0.378477 0.027344 0.051245
0 0.874512 0.387994 0.026367 0.052709
0 0.896973 0.398243 0.026367 0.052709
0 0.919434 0.410688 0.026367 0.048316
0 0.942383 0.422401 0.027344 0.057101
0 0.963867 0.431918 0.029297 0.055637
0 0.985352 0.443631 0.029297 0.052709
0 0.837891 0.408492 0.017578 0.043924
0 0.856934 0.415813 0.026367 0.049780
0 0.878418 0.425329 0.026367 0.045388
0 0.901855 0.437042 0.026367 0.045388
0 0.923340 0.448755 0.026367 0.048316
0 0.946289 0.461201 0.027344 0.049780
0 0.968750 0.471449 0.027344 0.043924
0 0.989258 0.480966 0.021484 0.042460
0 0.840820 0.447291 0.017578 0.048316
0 0.858398 0.454612 0.027344 0.051245
0 0.882324 0.465593 0.028320 0.052709
0 0.906250 0.475842 0.027344 0.052709
0 0.928223 0.487555 0.028320 0.049780
0 0.950684 0.500000 0.026367 0.054173
0 0.971680 0.509517 0.029297 0.052709
0 0.991211 0.519034 0.017578 0.051245
0 0.845215 0.485359 0.016602 0.042460
0 0.863770 0.495608 0.026367 0.048316
0 0.886719 0.505124 0.025391 0.043924
0 0.910156 0.516837 0.027344 0.049780
0 0.933105 0.526354 0.028320 0.045388
0 0.956055 0.538067 0.025391 0.045388
0 0.978027 0.549048 0.026367 0.046852
0 0.993652 0.556369 0.012695 0.043924
0 0.848633 0.526354 0.019531 0.051245
0 0.867188 0.533675 0.027344 0.054173
0 0.891113 0.543924 0.026367 0.054173
0 0.914062 0.555637 0.027344 0.057101
0 0.937012 0.567350 0.028320 0.054173
0 0.959961 0.576867 0.029297 0.055637
0 0.983398 0.588580 0.029297 0.055637
0 0.852051 0.565886 0.018555 0.042460
0 0.871582 0.574671 0.026367 0.048316
0 0.895020 0.584919 0.026367 0.048316
0 0.917969 0.595900 0.027344 0.049780
0 0.941406 0.606149 0.027344 0.046852
0 0.964355 0.617862 0.026367 0.046852
0 0.987793 0.629575 0.024414 0.049780
0 0.869629 0.734993 0.014648 0.040996
0 0.888184 0.741581 0.026367 0.051245
0 0.912598 0.754026 0.028320 0.049780
0 0.937012 0.765739 0.028320 0.052709
0 0.960938 0.776720 0.027344 0.048316
0 0.983398 0.786237 0.027344 0.049780
0 0.873047 0.778184 0.019531 0.054173
0 0.892090 0.787701 0.028320 0.055637
0 0.916016 0.797950 0.029297 0.061493
0 0.940430 0.809663 0.029297 0.058565
0 0.964355 0.819180 0.028320 0.057101
0 0.986328 0.829429 0.027344 0.060029
0 0.876953 0.824305 0.019531 0.046852
0 0.896973 0.832357 0.028320 0.051245
0 0.921387 0.841874 0.028320 0.055637
0 0.945801 0.852855 0.028320 0.051245
0 0.969238 0.863836 0.028320 0.049780
0 0.989746 0.871889 0.020508 0.048316
0 0.880371 0.868960 0.018555 0.051245
0 0.901855 0.878477 0.030273 0.061493
0 0.926758 0.888726 0.029297 0.058565
0 0.950195 0.898243 0.029297 0.060029
0 0.974121 0.908492 0.030273 0.060029
0 0.991699 0.917277 0.016602 0.057101
0 0.886230 0.915081 0.016602 0.046852
0 0.905273 0.923865 0.027344 0.052709
0 0.931641 0.933382 0.027344 0.051245
0 0.956055 0.944363 0.029297 0.052709
0 0.979492 0.955344 0.029297 0.054173
0 0.890137 0.962665 0.020508 0.054173
0 0.909668 0.969253 0.028320 0.061493
0 0.934082 0.974378 0.028320 0.048316
0 0.958496 0.978770 0.026367 0.042460
0 0.982910 0.986091 0.026367 0.027818
