0 0.292969 0.319336 0.113281 0.103516
0 0.406250 0.319336 0.105469 0.103516
0 0.514648 0.319336 0.111328 0.103516
0 0.628906 0.319336 0.117188 0.103516
0 0.749023 0.320312 0.123047 0.105469
0 0.292969 0.544922 0.113281 0.121094
0 0.405273 0.544922 0.111328 0.121094
0 0.514648 0.545898 0.107422 0.123047
0 0.627930 0.545898 0.119141 0.123047
0 0.747070 0.544922 0.119141 0.121094
0 0.292969 0.780273 0.113281 0.111328
0 0.403320 0.779297 0.107422 0.113281
0 0.513672 0.783203 0.113281 0.121094
0 0.627930 0.783203 0.115234 0.121094
0 0.748047 0.784180 0.121094 0.123047
0 0.747070 0.871094 0.123047 0.050781
0 0.746094 0.923828 0.121094 0.054688
0 0.745117 0.973633 0.123047 0.044922
0 0.626953 0.971680 0.117188 0.048828
0 0.627930 0.920898 0.119141 0.052734
0 0.626953 0.868164 0.121094 0.052734
0 0.513672 0.869141 0.105469 0.054688
0 0.514648 0.921875 0.107422 0.050781
0 0.513672 0.970703 0.109375 0.046875
0 0.404297 0.973633 0.109375 0.041016
0 0.405273 0.925781 0.111328 0.054688
0 0.406250 0.869141 0.113281 0.058594
0 0.291016 0.867188 0.117188 0.054688
0 0.291016 0.922852 0.117188 0.056641
0 0.291016 0.974609 0.117188 0.046875
