0 0.432617 0.094727 0.205078 0.185547
0 0.629883 0.094727 0.189453 0.185547
0 0.819336 0.094727 0.189453 0.185547
0 0.818359 0.290039 0.191406 0.205078
0 0.626953 0.290039 0.191406 0.205078
0 0.429688 0.291016 0.203125 0.207031
0 0.429688 0.507812 0.203125 0.226562
0 0.626953 0.507812 0.191406 0.226562
0 0.815430 0.508789 0.185547 0.228516
0 0.817383 0.723633 0.181641 0.201172
0 0.628906 0.723633 0.195312 0.201172
0 0.431641 0.722656 0.199219 0.199219
0 0.435547 0.909180 0.195312 0.173828
0 0.629883 0.909180 0.193359 0.173828
0 0.819336 0.911133 0.185547 0.177734
