3 0.824219 0.620791 0.113281 0.307467
0 0.016602 0.126647 0.031250 0.250366
0 0.084961 0.128843 0.101562 0.251830
0 0.187500 0.128843 0.103516 0.251830
0 0.291992 0.128843 0.105469 0.251830
0 0.396484 0.129575 0.103516 0.253294
0 0.500000 0.128843 0.103516 0.254758
0 0.603027 0.131040 0.104492 0.259151
0 0.708008 0.131040 0.105469 0.259151
0 0.813477 0.131040 0.105469 0.259151
0 0.917969 0.130307 0.103516 0.257687
0 0.983887 0.130307 0.028320 0.257687
0 0.016602 0.322108 0.031250 0.140556
0 0.083496 0.323572 0.102539 0.137628
0 0.187012 0.327965 0.104492 0.146413
0 0.291992 0.327965 0.105469 0.146413
0 0.396484 0.323572 0.103516 0.137628
0 0.500977 0.322840 0.105469 0.139092
0 0.604492 0.325769 0.101562 0.144949
0 0.708008 0.327965 0.105469 0.140556
0 0.813965 0.326501 0.106445 0.137628
0 0.918457 0.326501 0.102539 0.137628
0 0.984863 0.325037 0.030273 0.134700
0 0.015625 0.524890 0.027344 0.259151
0 0.083008 0.524890 0.107422 0.259151
0 0.187988 0.523426 0.102539 0.256223
0 0.291992 0.523426 0.105469 0.256223
0 0.396973 0.526354 0.104492 0.262079
0 0.501465 0.527818 0.104492 0.259151
0 0.604980 0.526354 0.102539 0.256223
0 0.708496 0.524158 0.104492 0.260615
0 0.916992 0.530747 0.101562 0.265007
0 0.983887 0.527086 0.028320 0.266471
0 0.017090 0.724744 0.028320 0.143485
0 0.082520 0.725476 0.102539 0.142020
0 0.186523 0.724012 0.105469 0.139092
0 0.291504 0.722548 0.104492 0.142020
0 0.396484 0.724744 0.105469 0.146413
0 0.500977 0.726208 0.103516 0.143485
0 0.604980 0.724012 0.104492 0.139092
0 0.709473 0.725476 0.104492 0.136164
0 0.916016 0.729868 0.105469 0.139092
0 0.983398 0.726940 0.029297 0.144949
0 0.016113 0.898975 0.030273 0.202050
0 0.084473 0.897511 0.100586 0.204978
0 0.187012 0.898975 0.100586 0.202050
0 0.292480 0.898243 0.106445 0.203514
0 0.396484 0.898975 0.105469 0.202050
0 0.501465 0.900439 0.104492 0.199122
0 0.606445 0.899707 0.099609 0.200586
0 0.708496 0.898975 0.106445 0.202050
0 0.813477 0.896047 0.103516 0.207906
0 0.918457 0.899707 0.106445 0.200586
0 0.985352 0.899707 0.023438 0.200586
