0 0.311523 0.322266 0.107422 0.195312
0 0.421875 0.322266 0.113281 0.195312
0 0.533203 0.321289 0.109375 0.193359
0 0.646484 0.323242 0.117188 0.189453
0 0.756836 0.323242 0.103516 0.189453
0 0.858398 0.325195 0.103516 0.193359
0 0.316406 0.423828 0.101562 0.019531
0 0.423828 0.424805 0.113281 0.017578
0 0.536133 0.425781 0.111328 0.019531
0 0.649414 0.425781 0.115234 0.019531
0 0.756836 0.425781 0.099609 0.019531
0 0.860352 0.427734 0.107422 0.015625
0 0.318359 0.512695 0.105469 0.162109
0 0.426758 0.512695 0.111328 0.162109
0 0.535156 0.511719 0.105469 0.160156
0 0.647461 0.511719 0.119141 0.160156
0 0.757812 0.514648 0.101562 0.166016
0 0.861328 0.514648 0.105469 0.166016
0 0.316406 0.670898 0.109375 0.158203
0 0.426758 0.670898 0.111328 0.158203
0 0.538086 0.669922 0.111328 0.156250
0 0.650391 0.672852 0.113281 0.150391
0 0.757812 0.675781 0.101562 0.156250
0 0.860352 0.676758 0.103516 0.154297
0 0.377930 0.872070 0.212891 0.052734
0 0.537109 0.870117 0.105469 0.056641
0 0.649414 0.870117 0.119141 0.056641
0 0.809570 0.867188 0.201172 0.062500
