0 0.532227 0.131836 0.197266 0.259766
0 0.527344 0.240234 0.203125 0.453125
0 0.528320 0.462891 0.201172 0.371094
0 0.717773 0.114258 0.150391 0.224609
0 0.719727 0.298828 0.123047 0.378906
0 0.716797 0.579102 0.140625 0.373047
0 0.718750 0.855469 0.128906 0.285156
0 0.433594 0.764648 0.039062 0.232422
0 0.537109 0.694336 0.175781 0.333984
0 0.430664 0.930664 0.033203 0.134766
0 0.538086 0.888672 0.181641 0.218750
0 0.271484 0.867188 0.035156 0.132812
0 0.303711 0.847656 0.037109 0.148438
0 0.349609 0.828125 0.066406 0.171875
0 0.351562 0.949219 0.062500 0.101562
0 0.304688 0.957031 0.031250 0.085938
0 0.272461 0.960938 0.025391 0.078125
2 0.888672 0.476562 0.218750 0.921875
