0 0.227848 0.506329 0.097046 0.481013
0 0.310127 0.504747 0.063291 0.477848
0 0.372363 0.504747 0.065401 0.477848
0 0.435654 0.506329 0.061181 0.474684
0 0.500000 0.506329 0.067511 0.474684
0 0.565401 0.506329 0.063291 0.474684
0 0.629747 0.507911 0.065401 0.477848
0 0.693038 0.509494 0.061181 0.474684
0 0.757384 0.511076 0.067511 0.477848
0 0.836498 0.509494 0.090717 0.481013
0 0.008439 0.473101 0.012658 0.256329
0 0.027426 0.463608 0.021097 0.268987
0 0.049578 0.458861 0.023207 0.284810
0 0.093882 0.349684 0.065401 0.136076
0 0.151899 0.431962 0.054852 0.332278
0 0.092827 0.572785 0.059072 0.303797
0 0.008439 0.648734 0.012658 0.101266
0 0.026371 0.655063 0.023207 0.113924
0 0.050633 0.661392 0.021097 0.113924
0 0.152954 0.670886 0.052743 0.145570
0 0.155063 0.759494 0.052743 0.050633
0 0.229958 0.764241 0.097046 0.047468
0 0.311181 0.765823 0.065401 0.044304
0 0.375527 0.762658 0.063291 0.044304
0 0.436709 0.765823 0.059072 0.037975
0 0.500000 0.765823 0.067511 0.037975
0 0.567511 0.762658 0.067511 0.044304
0 0.629747 0.762658 0.061181 0.044304
0 0.693038 0.765823 0.065401 0.037975
0 0.759494 0.767405 0.067511 0.041139
0 0.837553 0.767405 0.088608 0.041139
