0 0.037598 0.018880 0.069336 0.035156
0 0.091309 0.020182 0.038086 0.037760
0 0.126465 0.020182 0.032227 0.037760
0 0.162109 0.018880 0.033203 0.035156
0 0.214355 0.018880 0.071289 0.035156
0 0.287598 0.019531 0.075195 0.036458
0 0.342285 0.019531 0.034180 0.036458
0 0.376465 0.020182 0.034180 0.037760
0 0.410156 0.020182 0.033203 0.037760
0 0.455078 0.021484 0.056641 0.040365
0 0.500000 0.032552 0.033203 0.062500
0 0.038086 0.061198 0.072266 0.049479
0 0.092285 0.061849 0.036133 0.048177
0 0.127441 0.061849 0.034180 0.048177
0 0.161621 0.061198 0.034180 0.049479
0 0.214844 0.061198 0.072266 0.049479
0 0.288086 0.061849 0.074219 0.048177
0 0.342285 0.063151 0.034180 0.050781
0 0.375977 0.064453 0.033203 0.048177
0 0.409668 0.065755 0.034180 0.050781
0 0.455566 0.066406 0.057617 0.049479
0 0.038574 0.136068 0.073242 0.100260
0 0.093262 0.136068 0.034180 0.100260
0 0.127441 0.136068 0.034180 0.100260
0 0.161621 0.136719 0.034180 0.098958
0 0.215820 0.137370 0.074219 0.100260
0 0.289062 0.138021 0.072266 0.098958
0 0.341797 0.138021 0.033203 0.098958
0 0.375488 0.139323 0.034180 0.096354
0 0.409668 0.139323 0.034180 0.096354
0 0.456055 0.139323 0.058594 0.096354
0 0.038574 0.210286 0.073242 0.048177
0 0.092773 0.210286 0.035156 0.048177
0 0.127441 0.209635 0.034180 0.046875
0 0.161621 0.210286 0.034180 0.045573
0 0.215820 0.212240 0.074219 0.049479
0 0.289062 0.212240 0.072266 0.049479
0 0.341797 0.212240 0.033203 0.049479
0 0.375488 0.212891 0.034180 0.048177
0 0.409668 0.212891 0.034180 0.048177
0 0.455566 0.212240 0.057617 0.049479
0 0.039062 0.283854 0.074219 0.098958
0 0.093262 0.283854 0.034180 0.098958
0 0.127930 0.283854 0.035156 0.098958
0 0.162598 0.284505 0.034180 0.097656
0 0.215820 0.285156 0.072266 0.098958
0 0.289062 0.285807 0.074219 0.097656
0 0.342773 0.287109 0.033203 0.100260
0 0.375977 0.287760 0.033203 0.098958
0 0.409180 0.286458 0.033203 0.096354
0 0.454590 0.285807 0.057617 0.097656
0 0.039551 0.359375 0.075195 0.052083
0 0.093262 0.358724 0.032227 0.053385
0 0.127441 0.356771 0.036133 0.049479
0 0.162109 0.358073 0.033203 0.046875
0 0.215820 0.359375 0.074219 0.049479
0 0.289062 0.359375 0.072266 0.049479
0 0.341797 0.360677 0.033203 0.052083
0 0.375000 0.361979 0.033203 0.049479
0 0.409180 0.360677 0.035156 0.046875
0 0.455566 0.360026 0.057617 0.048177
0 0.039062 0.432943 0.076172 0.095052
0 0.093750 0.432292 0.033203 0.096354
0 0.127441 0.432943 0.034180 0.097656
0 0.162598 0.431641 0.036133 0.100260
0 0.217285 0.432943 0.073242 0.102865
0 0.290039 0.435547 0.072266 0.097656
0 0.342773 0.434245 0.033203 0.095052
0 0.375977 0.432943 0.033203 0.097656
0 0.409180 0.432943 0.033203 0.097656
0 0.455566 0.433594 0.059570 0.096354
0 0.039551 0.506510 0.073242 0.046875
0 0.093750 0.505859 0.035156 0.048177
0 0.127930 0.505859 0.033203 0.048177
0 0.162109 0.505859 0.035156 0.048177
0 0.216309 0.507161 0.073242 0.050781
0 0.289062 0.507161 0.072266 0.050781
0 0.342285 0.507161 0.034180 0.050781
0 0.376465 0.507812 0.034180 0.049479
0 0.410156 0.507161 0.033203 0.048177
0 0.454590 0.507161 0.055664 0.048177
0 0.038574 0.605469 0.075195 0.143229
0 0.094238 0.580078 0.036133 0.097656
0 0.128906 0.579427 0.033203 0.096354
0 0.163086 0.579427 0.035156 0.096354
0 0.217285 0.581380 0.073242 0.100260
0 0.289551 0.582682 0.071289 0.097656
0 0.341797 0.581380 0.033203 0.095052
0 0.375488 0.580729 0.034180 0.096354
0 0.409668 0.580729 0.034180 0.096354
0 0.455078 0.579427 0.056641 0.098958
0 0.039062 0.752604 0.076172 0.145833
0 0.095703 0.725911 0.031250 0.095052
0 0.093750 0.654297 0.033203 0.048177
0 0.127441 0.652995 0.034180 0.050781
0 0.162109 0.652344 0.035156 0.049479
0 0.216797 0.654297 0.074219 0.045573
0 0.288574 0.654297 0.069336 0.045573
0 0.341309 0.652995 0.036133 0.048177
0 0.375000 0.653646 0.031250 0.049479
0 0.408691 0.654948 0.036133 0.046875
0 0.454590 0.654948 0.055664 0.046875
0 0.126953 0.727865 0.035156 0.098958
0 0.161133 0.727865 0.033203 0.098958
0 0.214844 0.727214 0.074219 0.097656
0 0.288086 0.727214 0.072266 0.097656
0 0.341309 0.727214 0.034180 0.097656
0 0.375000 0.728516 0.033203 0.095052
0 0.409180 0.729167 0.035156 0.096354
0 0.454590 0.729167 0.055664 0.096354
0 0.093750 0.800781 0.029297 0.052083
0 0.126465 0.801432 0.036133 0.050781
0 0.161621 0.800130 0.034180 0.048177
0 0.215332 0.800781 0.073242 0.046875
0 0.288086 0.800781 0.072266 0.046875
0 0.341309 0.800781 0.034180 0.046875
0 0.375488 0.802083 0.034180 0.049479
0 0.410156 0.802083 0.035156 0.049479
0 0.455078 0.802083 0.054688 0.049479
0 0.454590 0.875651 0.055664 0.097656
0 0.409668 0.875000 0.034180 0.098958
0 0.375488 0.875651 0.034180 0.100260
0 0.341309 0.875651 0.034180 0.100260
0 0.288086 0.875651 0.072266 0.100260
0 0.215332 0.875651 0.073242 0.100260
0 0.160645 0.875000 0.036133 0.098958
0 0.125488 0.876953 0.034180 0.095052
0 0.092773 0.876953 0.031250 0.095052
0 0.039062 0.876302 0.076172 0.096354
0 0.041016 0.951172 0.078125 0.050781
0 0.094238 0.950521 0.028320 0.052083
0 0.125000 0.949219 0.033203 0.049479
0 0.160156 0.949870 0.037109 0.048177
0 0.214844 0.951823 0.072266 0.052083
0 0.288086 0.951172 0.074219 0.053385
0 0.341309 0.949219 0.032227 0.049479
0 0.375000 0.949870 0.035156 0.048177
0 0.409668 0.949870 0.034180 0.048177
0 0.454590 0.949870 0.055664 0.048177
0 0.500000 0.089844 0.031250 0.049479
0 0.500488 0.161458 0.030273 0.093750
0 0.499512 0.233073 0.028320 0.049479
0 0.499023 0.305990 0.029297 0.096354
0 0.498535 0.378906 0.028320 0.049479
0 0.498535 0.450521 0.028320 0.093750
0 0.499023 0.523438 0.029297 0.052083
0 0.498047 0.595703 0.031250 0.092448
0 0.498047 0.667969 0.031250 0.052083
0 0.498047 0.742839 0.031250 0.097656
0 0.497559 0.815755 0.030273 0.048177
0 0.497559 0.888672 0.030273 0.097656
0 0.498535 0.961589 0.032227 0.048177
0 0.544922 0.020182 0.056641 0.037760
0 0.589355 0.020833 0.034180 0.039062
0 0.623047 0.020833 0.033203 0.039062
0 0.657715 0.021484 0.034180 0.040365
0 0.710938 0.021484 0.074219 0.040365
0 0.785156 0.019531 0.074219 0.036458
0 0.840820 0.018880 0.037109 0.035156
0 0.875977 0.019531 0.033203 0.036458
0 0.909668 0.018880 0.036133 0.035156
0 0.963867 0.018229 0.072266 0.033854
0 0.544434 0.066406 0.057617 0.049479
0 0.589844 0.064453 0.033203 0.053385
0 0.623535 0.062500 0.034180 0.049479
0 0.657715 0.063802 0.034180 0.046875
0 0.711426 0.065104 0.073242 0.049479
0 0.785156 0.063802 0.074219 0.052083
0 0.839844 0.061849 0.035156 0.048177
0 0.874512 0.061198 0.034180 0.049479
0 0.909180 0.059896 0.035156 0.046875
0 0.962402 0.059245 0.071289 0.048177
0 0.544434 0.140625 0.057617 0.096354
0 0.590332 0.139974 0.034180 0.097656
0 0.624023 0.138672 0.033203 0.095052
0 0.657715 0.138672 0.034180 0.095052
0 0.711914 0.138672 0.074219 0.095052
0 0.785645 0.136719 0.073242 0.098958
0 0.838867 0.134766 0.033203 0.095052
0 0.873535 0.133464 0.036133 0.097656
0 0.909180 0.133464 0.035156 0.097656
0 0.962891 0.132812 0.072266 0.098958
0 0.543457 0.213542 0.055664 0.046875
0 0.588867 0.212891 0.035156 0.048177
0 0.623535 0.212240 0.034180 0.046875
0 0.657227 0.210938 0.033203 0.049479
0 0.710938 0.210286 0.074219 0.048177
0 0.785156 0.210286 0.074219 0.048177
0 0.838867 0.210286 0.033203 0.048177
0 0.873535 0.208984 0.036133 0.050781
0 0.908691 0.208333 0.034180 0.049479
0 0.961426 0.208984 0.071289 0.048177
0 0.543457 0.286458 0.059570 0.096354
0 0.590332 0.285807 0.034180 0.097656
0 0.623047 0.285807 0.031250 0.097656
0 0.655762 0.287109 0.034180 0.095052
0 0.709473 0.286458 0.073242 0.093750
0 0.784668 0.285807 0.075195 0.097656
0 0.837891 0.285156 0.031250 0.096354
0 0.872559 0.283203 0.038086 0.100260
0 0.908691 0.283203 0.034180 0.100260
0 0.961426 0.283203 0.071289 0.100260
0 0.542969 0.360677 0.058594 0.046875
0 0.589355 0.360026 0.034180 0.048177
0 0.623535 0.359375 0.034180 0.046875
0 0.657227 0.358073 0.033203 0.049479
0 0.710938 0.358724 0.074219 0.050781
0 0.784180 0.360026 0.072266 0.048177
0 0.837891 0.358724 0.035156 0.045573
0 0.872559 0.357422 0.034180 0.048177
0 0.907715 0.357422 0.036133 0.048177
0 0.962402 0.356771 0.073242 0.049479
0 0.542969 0.433594 0.056641 0.098958
0 0.589355 0.434896 0.036133 0.096354
0 0.624023 0.434245 0.033203 0.095052
0 0.656738 0.432292 0.032227 0.098958
0 0.709961 0.432292 0.074219 0.098958
0 0.783203 0.432292 0.072266 0.098958
0 0.836914 0.432292 0.035156 0.098958
0 0.871582 0.432943 0.034180 0.097656
0 0.906738 0.431641 0.036133 0.095052
0 0.961426 0.431641 0.073242 0.095052
0 0.543457 0.506510 0.055664 0.046875
0 0.588867 0.505859 0.035156 0.048177
0 0.623535 0.506510 0.034180 0.049479
0 0.657227 0.506510 0.033203 0.049479
0 0.710449 0.507161 0.073242 0.050781
0 0.783691 0.507812 0.073242 0.049479
0 0.837891 0.507161 0.035156 0.048177
0 0.872559 0.507812 0.034180 0.046875
0 0.907227 0.507161 0.035156 0.045573
0 0.961914 0.506510 0.074219 0.046875
0 0.542969 0.581380 0.056641 0.097656
0 0.589355 0.581380 0.036133 0.097656
0 0.623047 0.582031 0.031250 0.098958
0 0.656250 0.582682 0.035156 0.097656
0 0.710449 0.583333 0.073242 0.098958
0 0.783691 0.582682 0.073242 0.100260
0 0.837402 0.582031 0.034180 0.098958
0 0.872070 0.581380 0.035156 0.100260
0 0.907715 0.582031 0.036133 0.101562
0 0.961914 0.583333 0.072266 0.098958
0 0.543945 0.654948 0.058594 0.046875
0 0.589844 0.655599 0.033203 0.045573
0 0.542480 0.730469 0.057617 0.098958
0 0.588867 0.731120 0.035156 0.097656
0 0.542969 0.803385 0.058594 0.049479
0 0.589355 0.802734 0.034180 0.050781
0 0.623047 0.802734 0.033203 0.050781
0 0.656738 0.802734 0.034180 0.050781
0 0.710938 0.803385 0.074219 0.052083
0 0.784668 0.803385 0.073242 0.052083
0 0.838379 0.802734 0.034180 0.050781
0 0.873535 0.804036 0.036133 0.048177
0 0.907715 0.805339 0.032227 0.050781
0 0.937500 0.805990 0.027344 0.049479
0 0.963867 0.807292 0.025391 0.052083
0 0.987793 0.807943 0.022461 0.050781
0 0.542480 0.878906 0.057617 0.101562
0 0.588867 0.878906 0.035156 0.101562
0 0.623047 0.877604 0.033203 0.098958
0 0.656738 0.877604 0.034180 0.098958
0 0.710938 0.877604 0.074219 0.098958
0 0.784180 0.878255 0.072266 0.097656
0 0.839355 0.879557 0.038086 0.100260
0 0.875000 0.879557 0.033203 0.100260
0 0.908691 0.880208 0.034180 0.101562
0 0.960938 0.880208 0.072266 0.093750
0 0.543945 0.953776 0.058594 0.045573
0 0.589844 0.951823 0.033203 0.049479
0 0.623535 0.951823 0.034180 0.049479
0 0.657227 0.951823 0.033203 0.049479
0 0.710449 0.951823 0.073242 0.049479
0 0.783691 0.953776 0.073242 0.045573
0 0.839355 0.954427 0.038086 0.046875
0 0.875000 0.953776 0.033203 0.048177
0 0.908203 0.953776 0.033203 0.048177
0 0.960938 0.953125 0.072266 0.049479
