0 0.042969 0.199219 0.082031 0.214844
0 0.206055 0.196289 0.212891 0.212891
0 0.430664 0.197266 0.197266 0.214844
0 0.625000 0.199219 0.195312 0.222656
0 0.809570 0.200195 0.173828 0.220703
0 0.948242 0.198242 0.103516 0.216797
0 0.048828 0.473633 0.093750 0.251953
0 0.207031 0.468750 0.222656 0.261719
0 0.423828 0.469727 0.210938 0.263672
0 0.623047 0.476562 0.187500 0.250000
0 0.804688 0.480469 0.175781 0.257812
0 0.946289 0.480469 0.107422 0.257812
0 0.045898 0.775391 0.087891 0.257812
0 0.204102 0.772461 0.228516 0.263672
0 0.420898 0.776367 0.205078 0.271484
0 0.621094 0.779297 0.195312 0.265625
0 0.804688 0.780273 0.171875 0.267578
0 0.945312 0.781250 0.109375 0.265625
