0 0.219727 0.294922 0.162109 0.250000
0 0.366211 0.345703 0.134766 0.207031
0 0.488281 0.372070 0.105469 0.189453
0 0.585938 0.405273 0.078125 0.162109
0 0.644531 0.420898 0.054688 0.158203
0 0.707031 0.435547 0.062500 0.144531
0 0.758789 0.407227 0.044922 0.052734
0 0.760742 0.476562 0.044922 0.101562
0 0.221680 0.485352 0.162109 0.205078
0 0.367188 0.510742 0.132812 0.173828
0 0.488281 0.532227 0.109375 0.166016
0 0.583008 0.552734 0.080078 0.160156
0 0.644531 0.558594 0.050781 0.148438
0 0.711914 0.578125 0.072266 0.144531
0 0.766602 0.585938 0.044922 0.128906
0 0.226562 0.655273 0.152344 0.185547
0 0.367188 0.665039 0.132812 0.166016
0 0.487305 0.678711 0.107422 0.150391
0 0.581055 0.684570 0.080078 0.146484
0 0.649414 0.691406 0.052734 0.117188
0 0.708008 0.692383 0.068359 0.123047
0 0.948242 0.522461 0.060547 0.138672
0 0.947266 0.700195 0.058594 0.130859
0 0.057617 0.341797 0.037109 0.175781
0 0.062500 0.499023 0.039062 0.181641
0 0.059570 0.662109 0.037109 0.167969
0 0.375000 0.069336 0.113281 0.134766
0 0.487305 0.095703 0.115234 0.187500
0 0.587891 0.141602 0.070312 0.150391
0 0.645508 0.177734 0.048828 0.140625
0 0.705078 0.201172 0.074219 0.132812
0 0.782227 0.238281 0.076172 0.136719
0 0.585938 0.055664 0.074219 0.107422
0 0.647461 0.070312 0.052734 0.136719
0 0.712891 0.087891 0.070312 0.171875
0 0.787109 0.125000 0.074219 0.152344
