0 0.232422 0.459677 0.048828 0.177419
0 0.281250 0.461144 0.048828 0.174487
0 0.328613 0.461144 0.045898 0.174487
0 0.376465 0.460411 0.049805 0.175953
0 0.426758 0.460411 0.050781 0.175953
0 0.474609 0.461144 0.044922 0.174487
0 0.516602 0.463343 0.039062 0.178886
0 0.576172 0.458211 0.035156 0.174487
0 0.616211 0.459677 0.044922 0.171554
0 0.663574 0.458944 0.049805 0.170088
0 0.231934 0.627566 0.049805 0.167155
0 0.280762 0.629765 0.047852 0.162757
0 0.328613 0.630499 0.047852 0.164223
0 0.328613 0.739003 0.047852 0.052786
0 0.280273 0.739003 0.048828 0.052786
0 0.232422 0.738270 0.046875 0.051320
0 0.377441 0.630499 0.049805 0.164223
0 0.427246 0.631232 0.049805 0.162757
0 0.475586 0.629765 0.046875 0.159824
0 0.517578 0.629032 0.037109 0.161290
0 0.377930 0.737537 0.048828 0.049853
0 0.426758 0.736804 0.048828 0.051320
0 0.474609 0.737537 0.046875 0.052786
0 0.517578 0.737537 0.039062 0.052786
0 0.576660 0.626833 0.038086 0.165689
0 0.576172 0.738270 0.039062 0.054252
0 0.617188 0.737537 0.042969 0.055718
0 0.663574 0.735337 0.049805 0.051320
0 0.928223 0.291789 0.045898 0.108504
0 0.974121 0.282991 0.051758 0.102639
0 0.923340 0.038123 0.041992 0.073314
0 0.973145 0.030792 0.049805 0.058651
0 0.925293 0.559384 0.043945 0.112903
0 0.974121 0.548387 0.051758 0.111437
0 0.592773 0.178152 0.031250 0.089443
0 0.627441 0.159091 0.038086 0.098240
0 0.677246 0.131232 0.061523 0.107038
0 0.724121 0.111437 0.034180 0.093842
0 0.455566 0.230938 0.024414 0.060117
0 0.894531 0.877566 0.029297 0.159824
0 0.857422 0.879032 0.042969 0.162757
0 0.804688 0.879032 0.039062 0.162757
0 0.763672 0.891496 0.044922 0.137830
0 0.715820 0.892229 0.048828 0.139296
0 0.666992 0.893695 0.048828 0.139296
0 0.636719 0.895161 0.009766 0.136364
0 0.521973 0.896628 0.049805 0.136364
0 0.552246 0.897361 0.010742 0.134897
0 0.494629 0.895894 0.010742 0.134897
0 0.200684 0.893695 0.014648 0.148094
0 0.219238 0.891496 0.022461 0.152493
0 0.243164 0.890029 0.025391 0.149560
0 0.379883 0.895894 0.044922 0.131965
0 0.407715 0.895161 0.010742 0.133431
0 0.350586 0.897361 0.009766 0.131965
0 0.289551 0.875367 0.022461 0.067449
0 0.324219 0.874633 0.025391 0.065982
0 0.434082 0.873900 0.024414 0.067449
0 0.468262 0.874633 0.022461 0.068915
0 0.468750 0.929619 0.023438 0.041056
0 0.290039 0.928886 0.023438 0.039589
0 0.324219 0.929619 0.025391 0.041056
0 0.433594 0.928886 0.025391 0.042522
0 0.578613 0.872434 0.024414 0.067449
0 0.578613 0.926686 0.024414 0.041056
0 0.612305 0.873167 0.023438 0.065982
0 0.611328 0.928152 0.025391 0.043988
4 0.594238 0.895161 0.073242 0.136364
4 0.451172 0.896628 0.074219 0.139296
4 0.306152 0.898094 0.077148 0.133431
0 0.033203 0.832111 0.033203 0.180352
0 0.007812 0.829179 0.013672 0.192082
0 0.065430 0.838710 0.029297 0.167155
0 0.091309 0.842375 0.022461 0.159824
0 0.116211 0.846774 0.023438 0.153959
0 0.138672 0.853372 0.021484 0.137830
0 0.157715 0.857771 0.016602 0.126100
