0 0.238770 0.605572 0.016602 0.035191
0 0.260254 0.607038 0.026367 0.038123
0 0.286133 0.608504 0.025391 0.035191
0 0.312500 0.608504 0.027344 0.035191
0 0.338867 0.608504 0.025391 0.035191
0 0.365234 0.609238 0.027344 0.036657
0 0.392090 0.610704 0.026367 0.033724
0 0.418457 0.611437 0.026367 0.035191
0 0.444336 0.612170 0.025391 0.033724
0 0.469727 0.612170 0.025391 0.033724
0 0.495605 0.612903 0.026367 0.032258
0 0.521973 0.614370 0.026367 0.035191
0 0.541016 0.615103 0.011719 0.033724
0 0.238281 0.662023 0.015625 0.077713
0 0.259277 0.662757 0.026367 0.076246
0 0.286133 0.663490 0.027344 0.077713
0 0.312988 0.664223 0.026367 0.076246
0 0.339355 0.664956 0.026367 0.077713
0 0.365723 0.665689 0.026367 0.076246
0 0.392090 0.667155 0.026367 0.079179
0 0.418457 0.667889 0.026367 0.077713
0 0.444336 0.667889 0.025391 0.077713
0 0.469727 0.667889 0.025391 0.077713
0 0.496094 0.669355 0.027344 0.080645
0 0.522949 0.670088 0.026367 0.079179
0 0.542969 0.670088 0.013672 0.079179
0 0.237305 0.730205 0.017578 0.058651
0 0.259277 0.728739 0.026367 0.055718
0 0.286133 0.728739 0.027344 0.055718
0 0.312988 0.729472 0.026367 0.057185
0 0.339355 0.731672 0.026367 0.052786
0 0.365234 0.732405 0.025391 0.054252
0 0.391602 0.733138 0.027344 0.052786
0 0.418457 0.732405 0.026367 0.051320
0 0.444336 0.732405 0.025391 0.051320
0 0.470215 0.734604 0.026367 0.055718
0 0.497070 0.736070 0.027344 0.052786
0 0.523926 0.734604 0.026367 0.049853
0 0.543945 0.734604 0.013672 0.049853
0 0.258301 0.774194 0.028320 0.032258
0 0.288086 0.774194 0.031250 0.032258
0 0.319336 0.774194 0.031250 0.032258
0 0.350586 0.775660 0.031250 0.029326
0 0.381836 0.777126 0.031250 0.032258
0 0.412598 0.777126 0.030273 0.032258
0 0.443359 0.776393 0.031250 0.030792
0 0.471680 0.777126 0.025391 0.029326
0 0.501953 0.777859 0.035156 0.030792
0 0.538574 0.776393 0.038086 0.033724
0 0.229492 0.825513 0.019531 0.067449
0 0.255371 0.824780 0.032227 0.068915
0 0.287109 0.824047 0.031250 0.067449
0 0.318848 0.824780 0.032227 0.065982
0 0.351074 0.826246 0.032227 0.068915
0 0.382324 0.826979 0.030273 0.067449
0 0.413574 0.828446 0.032227 0.070381
0 0.443848 0.828446 0.028320 0.070381
0 0.475098 0.828446 0.034180 0.070381
0 0.507324 0.829912 0.030273 0.067449
0 0.538086 0.832111 0.031250 0.071848
0 0.563965 0.832845 0.020508 0.070381
0 0.228516 0.903959 0.023438 0.092375
0 0.254395 0.905425 0.030273 0.095308
0 0.286621 0.905425 0.034180 0.095308
0 0.317871 0.905425 0.030273 0.095308
0 0.349609 0.906891 0.033203 0.092375
0 0.350586 0.898827 0.027344 0.041056
0 0.381348 0.906891 0.032227 0.092375
0 0.413086 0.906891 0.031250 0.092375
0 0.444824 0.906891 0.032227 0.092375
0 0.477051 0.909091 0.034180 0.093842
0 0.507812 0.909824 0.031250 0.092375
0 0.538574 0.909091 0.032227 0.090909
0 0.228027 0.975073 0.022461 0.049853
0 0.254395 0.975073 0.032227 0.046921
0 0.285645 0.975806 0.032227 0.045455
0 0.318359 0.975806 0.033203 0.048387
0 0.349609 0.975806 0.031250 0.048387
0 0.381348 0.976540 0.032227 0.046921
0 0.413574 0.975073 0.032227 0.046921
0 0.445801 0.975806 0.032227 0.045455
0 0.477539 0.978006 0.033203 0.043988
0 0.509766 0.976540 0.031250 0.043988
0 0.539551 0.976540 0.032227 0.043988
0 0.571777 0.977273 0.032227 0.045455
0 0.569824 0.909824 0.034180 0.089443
0 0.602051 0.911290 0.030273 0.086510
0 0.633301 0.910557 0.032227 0.085044
0 0.663574 0.912023 0.032227 0.087977
0 0.695312 0.913490 0.033203 0.087977
0 0.725586 0.896628 0.031250 0.057185
0 0.727539 0.940616 0.031250 0.030792
0 0.603516 0.976540 0.031250 0.043988
0 0.633789 0.976540 0.031250 0.046921
0 0.665527 0.977273 0.030273 0.045455
0 0.695801 0.978739 0.030273 0.042522
0 0.727051 0.979472 0.034180 0.041056
0 0.757324 0.914956 0.032227 0.087977
0 0.788086 0.914223 0.031250 0.086510
0 0.812500 0.914956 0.021484 0.087977
0 0.757324 0.978006 0.030273 0.043988
0 0.788574 0.978006 0.032227 0.041056
0 0.814453 0.978739 0.023438 0.039589
0 0.601074 0.389296 0.030273 0.039589
0 0.630371 0.390029 0.028320 0.038123
0 0.660645 0.391496 0.032227 0.041056
0 0.690918 0.392962 0.028320 0.038123
0 0.720703 0.392962 0.031250 0.038123
0 0.750977 0.394428 0.029297 0.035191
0 0.780762 0.395161 0.030273 0.036657
0 0.810547 0.395894 0.029297 0.035191
0 0.840332 0.398827 0.030273 0.041056
0 0.869141 0.400293 0.027344 0.038123
0 0.601074 0.453079 0.032227 0.090909
0 0.632812 0.455279 0.031250 0.089443
0 0.663086 0.456012 0.033203 0.087977
0 0.692871 0.455279 0.032227 0.089443
0 0.723145 0.457478 0.032227 0.090909
0 0.753418 0.458944 0.034180 0.087977
0 0.782715 0.458944 0.032227 0.090909
0 0.814453 0.461144 0.035156 0.089443
0 0.842773 0.461877 0.035156 0.087977
0 0.873047 0.463343 0.035156 0.085044
0 0.602539 0.530059 0.035156 0.063050
0 0.633789 0.530792 0.033203 0.064516
0 0.664551 0.531525 0.032227 0.063050
0 0.696289 0.532258 0.031250 0.064516
0 0.725098 0.532258 0.034180 0.064516
0 0.756348 0.535191 0.034180 0.067449
0 0.786133 0.535924 0.033203 0.065982
0 0.816406 0.537390 0.033203 0.068915
0 0.847168 0.538123 0.034180 0.064516
0 0.877441 0.538856 0.034180 0.065982
0 0.604004 0.606305 0.036133 0.089443
0 0.758789 0.610704 0.035156 0.086510
0 0.790527 0.612170 0.034180 0.089443
0 0.821289 0.613636 0.035156 0.089443
0 0.851074 0.612903 0.036133 0.087977
0 0.881348 0.613636 0.034180 0.086510
0 0.761230 0.677419 0.034180 0.043988
0 0.792969 0.677419 0.029297 0.043988
0 0.823730 0.678152 0.032227 0.045455
0 0.854492 0.679619 0.033203 0.042522
0 0.885254 0.681085 0.032227 0.045455
0 0.608398 0.730205 0.031250 0.070381
0 0.639648 0.731672 0.033203 0.073314
0 0.672852 0.730938 0.031250 0.074780
0 0.703125 0.732405 0.031250 0.074780
0 0.702637 0.734604 0.030273 0.038123
0 0.734375 0.733871 0.033203 0.071848
0 0.764160 0.736804 0.034180 0.071848
0 0.795898 0.736804 0.033203 0.074780
0 0.796875 0.736070 0.029297 0.038123
0 0.828125 0.736804 0.035156 0.071848
0 0.857910 0.738270 0.036133 0.074780
0 0.888184 0.739736 0.034180 0.071848
0 0.609863 0.801320 0.032227 0.068915
0 0.641113 0.799853 0.034180 0.065982
0 0.673828 0.801320 0.035156 0.065982
0 0.705078 0.801320 0.033203 0.068915
0 0.736328 0.801320 0.035156 0.065982
0 0.767578 0.801320 0.033203 0.065982
0 0.798340 0.804985 0.034180 0.064516
0 0.830078 0.805718 0.033203 0.068915
0 0.861328 0.805718 0.035156 0.063050
0 0.892578 0.807918 0.033203 0.064516
