0 0.020996 0.149341 0.040039 0.055637
0 0.063477 0.150073 0.044922 0.054173
0 0.110840 0.149341 0.049805 0.052709
0 0.159180 0.151537 0.046875 0.048316
0 0.205078 0.153734 0.044922 0.052709
0 0.248047 0.157394 0.041016 0.045388
0 0.291992 0.160322 0.046875 0.051245
0 0.337402 0.163250 0.043945 0.045388
0 0.380859 0.164714 0.042969 0.048316
0 0.423340 0.166911 0.041992 0.043924
0 0.465332 0.168375 0.041992 0.046852
0 0.507324 0.169839 0.041992 0.043924
0 0.547363 0.172767 0.038086 0.049780
0 0.586914 0.174963 0.041016 0.045388
0 0.626953 0.174231 0.039062 0.043924
0 0.628418 0.244510 0.036133 0.096633
0 0.588867 0.244510 0.042969 0.096633
0 0.547363 0.243777 0.040039 0.095168
0 0.507324 0.242313 0.040039 0.098097
0 0.465820 0.242313 0.042969 0.098097
0 0.423340 0.238653 0.041992 0.105417
0 0.380859 0.238653 0.042969 0.105417
0 0.338379 0.240117 0.041992 0.102489
0 0.294922 0.237189 0.044922 0.096633
0 0.250000 0.232796 0.044922 0.105417
0 0.205566 0.230600 0.043945 0.101025
0 0.159668 0.229136 0.047852 0.103953
0 0.111816 0.229136 0.047852 0.103953
0 0.064941 0.229136 0.045898 0.103953
0 0.021484 0.228404 0.041016 0.102489
0 0.021484 0.303807 0.041016 0.048316
0 0.065918 0.304539 0.047852 0.046852
0 0.112305 0.303075 0.044922 0.043924
0 0.159180 0.303807 0.048828 0.042460
0 0.206055 0.305271 0.044922 0.045388
0 0.250000 0.306735 0.042969 0.042460
0 0.293457 0.308931 0.043945 0.046852
0 0.337891 0.316252 0.042969 0.043924
0 0.380371 0.314788 0.041992 0.046852
0 0.422852 0.314788 0.042969 0.046852
0 0.466309 0.314788 0.043945 0.046852
0 0.508301 0.315520 0.040039 0.048316
0 0.548340 0.316984 0.040039 0.045388
0 0.588867 0.318448 0.041016 0.048316
0 0.629883 0.319180 0.037109 0.046852
0 0.057617 0.035139 0.044922 0.067350
0 0.103027 0.036603 0.045898 0.070278
0 0.148926 0.038067 0.041992 0.073206
0 0.195312 0.037335 0.044922 0.071742
0 0.239746 0.036603 0.043945 0.070278
0 0.283691 0.035871 0.043945 0.068814
0 0.329590 0.033675 0.045898 0.064422
0 0.376953 0.034407 0.046875 0.065886
0 0.423340 0.035871 0.043945 0.068814
0 0.467285 0.036603 0.043945 0.070278
0 0.513184 0.035871 0.043945 0.068814
0 0.559082 0.035139 0.045898 0.067350
0 0.603516 0.034407 0.042969 0.065886
0 0.057129 0.097365 0.043945 0.051245
0 0.101562 0.095900 0.044922 0.054173
0 0.147461 0.094436 0.046875 0.051245
0 0.194336 0.095900 0.046875 0.048316
0 0.239258 0.094436 0.042969 0.045388
0 0.283691 0.091508 0.045898 0.051245
0 0.329590 0.088580 0.045898 0.045388
0 0.377441 0.090044 0.049805 0.042460
0 0.423340 0.092972 0.041992 0.048316
0 0.467773 0.092972 0.046875 0.048316
0 0.513672 0.091508 0.044922 0.045388
0 0.559570 0.090044 0.046875 0.048316
0 0.604492 0.090776 0.042969 0.049780
0 0.649414 0.090776 0.046875 0.049780
0 0.695312 0.090776 0.044922 0.049780
0 0.741699 0.091508 0.047852 0.048316
0 0.788574 0.090776 0.045898 0.046852
0 0.833496 0.090044 0.043945 0.048316
0 0.877930 0.089312 0.044922 0.046852
0 0.923340 0.087848 0.045898 0.049780
0 0.923828 0.032211 0.044922 0.061493
0 0.878906 0.032943 0.044922 0.062958
0 0.832520 0.032943 0.047852 0.062958
0 0.786621 0.033675 0.043945 0.064422
0 0.741699 0.035139 0.045898 0.061493
0 0.696289 0.033675 0.044922 0.058565
0 0.650391 0.033675 0.046875 0.058565
0 0.666992 0.177160 0.041016 0.049780
0 0.705078 0.178624 0.035156 0.046852
0 0.743164 0.178624 0.041016 0.046852
0 0.783203 0.180088 0.039062 0.043924
0 0.821777 0.181552 0.038086 0.046852
0 0.858398 0.183016 0.035156 0.043924
0 0.894043 0.184480 0.036133 0.046852
0 0.930176 0.188141 0.036133 0.039531
0 0.961914 0.188873 0.027344 0.040996
0 0.961914 0.254026 0.027344 0.089312
0 0.930176 0.253294 0.036133 0.090776
0 0.895020 0.254026 0.034180 0.092240
0 0.859375 0.254026 0.037109 0.092240
0 0.821289 0.254026 0.039062 0.092240
0 0.783203 0.253294 0.037109 0.093704
0 0.745605 0.251830 0.038086 0.090776
0 0.707520 0.251098 0.038086 0.092240
0 0.667969 0.250366 0.041016 0.090776
0 0.666992 0.319180 0.039062 0.046852
0 0.707031 0.316984 0.041016 0.051245
0 0.746094 0.316252 0.037109 0.049780
0 0.784180 0.319180 0.039062 0.043924
0 0.820801 0.318448 0.034180 0.042460
0 0.857910 0.319912 0.040039 0.039531
0 0.894531 0.321376 0.033203 0.042460
0 0.929688 0.320644 0.037109 0.043924
0 0.961914 0.322108 0.027344 0.046852
0 0.018066 0.376281 0.032227 0.049780
0 0.058594 0.377013 0.048828 0.048316
0 0.106934 0.377013 0.047852 0.048316
0 0.154297 0.377745 0.046875 0.046852
0 0.202148 0.377745 0.048828 0.046852
0 0.248535 0.377745 0.043945 0.046852
0 0.292480 0.378477 0.043945 0.048316
0 0.292480 0.443631 0.043945 0.081991
0 0.248535 0.442899 0.043945 0.083455
0 0.203125 0.442167 0.046875 0.081991
0 0.331055 0.387994 0.035156 0.043924
0 0.324219 0.445095 0.017578 0.081991
0 0.340820 0.445827 0.015625 0.080527
0 0.331543 0.510249 0.032227 0.048316
0 0.468750 0.391654 0.035156 0.036603
0 0.459473 0.448023 0.018555 0.073206
0 0.477539 0.445827 0.017578 0.077599
0 0.468262 0.506589 0.036133 0.043924
0 0.505859 0.383602 0.039062 0.046852
0 0.545410 0.383602 0.040039 0.046852
0 0.583984 0.384334 0.037109 0.048316
0 0.621582 0.385798 0.038086 0.045388
0 0.659180 0.385066 0.037109 0.043924
0 0.696289 0.385798 0.037109 0.042460
0 0.732422 0.385798 0.035156 0.042460
0 0.767578 0.386530 0.035156 0.040996
0 0.802246 0.387994 0.034180 0.043924
0 0.836426 0.389458 0.034180 0.040996
0 0.870117 0.390190 0.033203 0.042460
0 0.903320 0.388726 0.033203 0.045388
0 0.936035 0.389458 0.032227 0.046852
0 0.968262 0.390922 0.032227 0.043924
0 0.505859 0.446559 0.041016 0.079063
0 0.506348 0.509517 0.040039 0.046852
0 0.545898 0.447291 0.037109 0.077599
0 0.545410 0.510981 0.038086 0.049780
0 0.583984 0.446559 0.037109 0.079063
0 0.622070 0.447291 0.039062 0.077599
0 0.659180 0.445095 0.035156 0.073206
0 0.696289 0.444363 0.039062 0.074671
0 0.732910 0.445095 0.034180 0.076135
0 0.768555 0.445827 0.037109 0.074671
0 0.803223 0.445095 0.032227 0.073206
0 0.836914 0.445827 0.035156 0.071742
0 0.870605 0.445095 0.032227 0.070278
0 0.903809 0.445827 0.034180 0.068814
0 0.937012 0.446559 0.032227 0.070278
0 0.969238 0.446559 0.032227 0.070278
0 0.351562 0.431918 0.013672 0.108346
0 0.353516 0.510981 0.013672 0.046852
0 0.378906 0.393119 0.041016 0.033675
0 0.417969 0.393851 0.037109 0.032211
0 0.442383 0.433382 0.011719 0.111274
0 0.443848 0.508785 0.012695 0.042460
0 0.370117 0.477306 0.011719 0.114202
0 0.388184 0.475842 0.010742 0.111274
0 0.409668 0.477306 0.008789 0.111274
0 0.426270 0.475842 0.010742 0.111274
