0 0.125977 0.128906 0.087891 0.160156
0 0.124023 0.331055 0.087891 0.189453
0 0.124023 0.535156 0.091797 0.183594
0 0.127930 0.744141 0.087891 0.195312
0 0.269531 0.130859 0.078125 0.164062
0 0.352539 0.133789 0.087891 0.158203
0 0.438477 0.132812 0.083984 0.156250
0 0.514648 0.130859 0.068359 0.160156
0 0.653320 0.125977 0.080078 0.162109
0 0.739258 0.125977 0.091797 0.162109
0 0.828125 0.125000 0.085938 0.160156
0 0.915039 0.125000 0.087891 0.160156
0 0.267578 0.325195 0.082031 0.189453
0 0.351562 0.327148 0.085938 0.185547
0 0.439453 0.329102 0.089844 0.189453
0 0.519531 0.329102 0.070312 0.189453
0 0.652344 0.258789 0.078125 0.044922
0 0.652344 0.350586 0.078125 0.138672
0 0.736328 0.327148 0.082031 0.185547
0 0.821289 0.328125 0.087891 0.183594
0 0.911133 0.331055 0.091797 0.189453
0 0.269531 0.536133 0.078125 0.177734
0 0.355469 0.540039 0.093750 0.169922
0 0.441406 0.540039 0.078125 0.169922
0 0.650391 0.535156 0.082031 0.171875
0 0.736328 0.536133 0.089844 0.169922
0 0.822266 0.538086 0.085938 0.169922
0 0.909180 0.536133 0.087891 0.173828
0 0.268555 0.744141 0.076172 0.191406
0 0.353516 0.745117 0.093750 0.189453
0 0.441406 0.745117 0.078125 0.189453
0 0.511719 0.744141 0.062500 0.191406
0 0.649414 0.746094 0.080078 0.195312
0 0.736328 0.749023 0.093750 0.189453
0 0.827148 0.746094 0.087891 0.183594
0 0.908203 0.741211 0.074219 0.193359
0 0.273438 0.929688 0.085938 0.132812
0 0.358398 0.930664 0.083984 0.130859
0 0.653320 0.930664 0.087891 0.138672
0 0.740234 0.927734 0.089844 0.140625
0 0.828125 0.928711 0.085938 0.142578
0 0.913086 0.929688 0.087891 0.136719
