0 0.032227 0.110352 0.060547 0.212891
0 0.030273 0.330078 0.056641 0.230469
0 0.030273 0.562500 0.056641 0.234375
0 0.032227 0.775391 0.060547 0.191406
0 0.353516 0.114258 0.089844 0.224609
0 0.357422 0.337891 0.082031 0.222656
0 0.356445 0.565430 0.080078 0.232422
0 0.354492 0.767578 0.083984 0.171875
0 0.445312 0.119141 0.085938 0.230469
0 0.448242 0.339844 0.080078 0.210938
0 0.443359 0.562500 0.070312 0.234375
0 0.443359 0.768555 0.070312 0.177734
0 0.531250 0.120117 0.093750 0.232422
0 0.531250 0.344727 0.093750 0.216797
0 0.529297 0.567383 0.089844 0.228516
0 0.533203 0.768555 0.082031 0.173828
0 0.490234 0.854492 0.000000 0.001953
0 0.622070 0.117188 0.064453 0.230469
0 0.617188 0.342773 0.074219 0.220703
0 0.615234 0.567383 0.070312 0.228516
0 0.616211 0.766602 0.068359 0.169922
0 0.865234 0.115234 0.078125 0.218750
0 0.867188 0.338867 0.074219 0.228516
0 0.864258 0.564453 0.068359 0.222656
0 0.861328 0.765625 0.074219 0.179688
0 0.945312 0.117188 0.082031 0.222656
0 0.945312 0.340820 0.082031 0.224609
0 0.943359 0.564453 0.078125 0.222656
0 0.943359 0.763672 0.078125 0.175781
0 0.904297 0.850586 0.000000 0.001953
