0 0.016113 0.281113 0.028320 0.550512
0 0.069336 0.284041 0.078125 0.556369
0 0.146484 0.281845 0.076172 0.560761
0 0.296875 0.095168 0.078125 0.181552
0 0.375488 0.093704 0.079102 0.184480
0 0.456055 0.094436 0.082031 0.185944
0 0.535156 0.094436 0.076172 0.185944
0 0.613281 0.092972 0.080078 0.183016
0 0.693359 0.092972 0.080078 0.183016
0 0.772461 0.281845 0.078125 0.560761
0 0.850586 0.281845 0.078125 0.560761
0 0.930176 0.279649 0.077148 0.556369
0 0.983887 0.278184 0.024414 0.553441
0 0.220703 0.281845 0.076172 0.560761
0 0.286133 0.409956 0.046875 0.301611
0 0.337402 0.411420 0.057617 0.301611
0 0.406738 0.396047 0.063477 0.344070
0 0.466797 0.398243 0.052734 0.336750
0 0.526367 0.398975 0.052734 0.338214
0 0.585449 0.398243 0.061523 0.345534
0 0.650879 0.408492 0.047852 0.292826
0 0.707520 0.407028 0.047852 0.307467
