0 0.474609 0.125977 0.078125 0.208984
0 0.540039 0.165039 0.056641 0.201172
0 0.594727 0.193359 0.056641 0.183594
0 0.636719 0.215820 0.027344 0.166016
0 0.668945 0.234375 0.037109 0.160156
0 0.715820 0.261719 0.056641 0.167969
0 0.765625 0.286133 0.042969 0.150391
0 0.805664 0.311523 0.041016 0.146484
0 0.848633 0.332031 0.044922 0.144531
0 0.890625 0.354492 0.031250 0.130859
0 0.918945 0.372070 0.029297 0.123047
0 0.951172 0.394531 0.027344 0.097656
0 0.967773 0.402344 0.017578 0.113281
0 0.987305 0.407227 0.025391 0.111328
0 0.475586 0.339844 0.072266 0.261719
0 0.542969 0.363281 0.066406 0.238281
0 0.659180 0.401367 0.173828 0.263672
0 0.761719 0.450195 0.039062 0.193359
0 0.804688 0.461914 0.046875 0.189453
0 0.849609 0.476562 0.042969 0.171875
0 0.917969 0.500000 0.085938 0.171875
0 0.970703 0.524414 0.023438 0.138672
0 0.470703 0.584961 0.066406 0.263672
0 0.539062 0.523438 0.070312 0.101562
0 0.540039 0.644531 0.068359 0.160156
0 0.596680 0.651367 0.044922 0.146484
0 0.620117 0.542969 0.060547 0.097656
0 0.671875 0.554688 0.042969 0.089844
0 0.656250 0.657227 0.070312 0.138672
0 0.717773 0.622070 0.052734 0.205078
0 0.796875 0.628906 0.101562 0.195312
0 0.915039 0.640625 0.095703 0.164062
0 0.981445 0.655273 0.037109 0.134766
0 0.980469 0.800781 0.039062 0.132812
0 0.916992 0.810547 0.091797 0.164062
0 0.807617 0.826172 0.123047 0.203125
0 0.713867 0.834961 0.060547 0.212891
0 0.487305 0.863281 0.115234 0.269531
0 0.574219 0.744141 0.042969 0.031250
0 0.623047 0.746094 0.054688 0.027344
0 0.667969 0.745117 0.035156 0.025391
0 0.669922 0.828125 0.035156 0.140625
0 0.672852 0.916016 0.033203 0.046875
0 0.625000 0.926758 0.058594 0.060547
0 0.570312 0.939453 0.054688 0.058594
0 0.568359 0.841797 0.046875 0.164062
0 0.623047 0.835938 0.058594 0.160156
0 0.199219 0.643555 0.074219 0.173828
0 0.199219 0.846680 0.074219 0.240234
0 0.050781 0.688477 0.035156 0.103516
0 0.051758 0.800781 0.037109 0.121094
0 0.082031 0.575195 0.023438 0.119141
