0 0.371094 0.141602 0.066406 0.197266
0 0.447266 0.218750 0.089844 0.207031
0 0.370117 0.273438 0.064453 0.191406
0 0.422852 0.322266 0.044922 0.160156
0 0.469727 0.356445 0.052734 0.150391
0 0.368164 0.389648 0.068359 0.134766
0 0.424805 0.438477 0.044922 0.138672
0 0.470703 0.476562 0.042969 0.140625
0 0.369141 0.509766 0.066406 0.179688
0 0.423828 0.551758 0.042969 0.150391
0 0.472656 0.592773 0.046875 0.154297
0 0.539062 0.639648 0.082031 0.166016
0 0.625000 0.708008 0.093750 0.158203
0 0.535156 0.472656 0.078125 0.265625
0 0.609375 0.543945 0.070312 0.248047
0 0.658203 0.599609 0.023438 0.195312
0 0.529297 0.303711 0.082031 0.216797
0 0.593750 0.392578 0.054688 0.164062
0 0.643555 0.442383 0.048828 0.146484
0 0.224609 0.348633 0.046875 0.162109
0 0.272461 0.296875 0.048828 0.167969
0 0.314453 0.262695 0.027344 0.162109
0 0.219727 0.217773 0.052734 0.146484
0 0.267578 0.169922 0.039062 0.164062
0 0.305664 0.125000 0.037109 0.171875
0 0.264648 0.419922 0.126953 0.191406
0 0.606445 0.788086 0.064453 0.119141
0 0.607422 0.879883 0.070312 0.107422
0 0.656250 0.857422 0.027344 0.167969
0 0.342773 0.772461 0.025391 0.126953
0 0.380859 0.785156 0.054688 0.136719
0 0.427734 0.809570 0.042969 0.130859
0 0.472656 0.823242 0.054688 0.126953
0 0.517578 0.836914 0.031250 0.123047
0 0.550781 0.854492 0.035156 0.107422
0 0.369141 0.877930 0.078125 0.083984
0 0.453125 0.903320 0.093750 0.091797
0 0.532227 0.932617 0.068359 0.083984
0 0.600586 0.954102 0.072266 0.087891
0 0.655273 0.968750 0.029297 0.062500
