0 0.066406 0.827148 0.074219 0.302734
0 0.142578 0.830078 0.078125 0.300781
0 0.220703 0.831055 0.078125 0.302734
0 0.321289 0.829102 0.123047 0.306641
0 0.470703 0.829102 0.175781 0.306641
0 0.593750 0.827148 0.070312 0.310547
0 0.015625 0.015625 0.027344 0.023438
0 0.047852 0.013672 0.041016 0.023438
0 0.084961 0.012695 0.033203 0.021484
0 0.122070 0.012695 0.041016 0.021484
0 0.162109 0.011719 0.039062 0.019531
0 0.200195 0.011719 0.037109 0.019531
0 0.238281 0.012695 0.039062 0.021484
0 0.237305 0.041992 0.041016 0.037109
0 0.200195 0.041016 0.033203 0.039062
0 0.163086 0.041992 0.041016 0.041016
0 0.122070 0.042969 0.041016 0.039062
0 0.084961 0.042969 0.033203 0.039062
0 0.049805 0.042969 0.037109 0.039062
0 0.016602 0.042969 0.029297 0.039062
0 0.014648 0.080078 0.025391 0.035156
0 0.047852 0.079102 0.041016 0.037109
0 0.084961 0.080078 0.033203 0.039062
0 0.121094 0.079102 0.039062 0.041016
0 0.162109 0.081055 0.042969 0.033203
0 0.199219 0.079102 0.031250 0.037109
0 0.237305 0.079102 0.044922 0.037109
0 0.273438 0.050781 0.031250 0.097656
0 0.305664 0.052734 0.033203 0.093750
0 0.341797 0.015625 0.039062 0.023438
0 0.379883 0.014648 0.037109 0.025391
0 0.414062 0.014648 0.031250 0.025391
0 0.448242 0.015625 0.037109 0.023438
0 0.482422 0.014648 0.031250 0.021484
0 0.517578 0.015625 0.039062 0.019531
0 0.554688 0.016602 0.035156 0.021484
0 0.341797 0.046875 0.039062 0.042969
0 0.379883 0.046875 0.037109 0.042969
0 0.415039 0.044922 0.033203 0.039062
0 0.448242 0.044922 0.033203 0.039062
0 0.481445 0.045898 0.033203 0.037109
0 0.516602 0.045898 0.037109 0.037109
0 0.554688 0.046875 0.039062 0.039062
0 0.592773 0.014648 0.037109 0.021484
0 0.592773 0.044922 0.037109 0.039062
0 0.629883 0.014648 0.037109 0.021484
0 0.629883 0.044922 0.033203 0.039062
0 0.666992 0.043945 0.041016 0.041016
0 0.667969 0.012695 0.039062 0.021484
0 0.707031 0.012695 0.035156 0.021484
0 0.707031 0.042969 0.035156 0.039062
0 0.742188 0.012695 0.039062 0.021484
0 0.743164 0.042969 0.037109 0.039062
0 0.778320 0.051758 0.037109 0.099609
0 0.740234 0.083008 0.035156 0.033203
0 0.705078 0.082031 0.035156 0.035156
0 0.667969 0.083008 0.039062 0.037109
0 0.630859 0.083008 0.035156 0.037109
0 0.593750 0.083008 0.039062 0.037109
0 0.555664 0.083008 0.037109 0.037109
0 0.518555 0.082031 0.037109 0.035156
0 0.482422 0.081055 0.035156 0.037109
0 0.447266 0.082031 0.035156 0.039062
0 0.413086 0.082031 0.033203 0.039062
0 0.379883 0.082031 0.033203 0.039062
0 0.342773 0.083984 0.041016 0.035156
0 0.568359 0.151367 0.152344 0.087891
0 0.479492 0.151367 0.025391 0.095703
0 0.015625 0.148438 0.027344 0.101562
0 0.046875 0.151367 0.039062 0.103516
0 0.083984 0.150391 0.035156 0.101562
0 0.121094 0.149414 0.039062 0.103516
0 0.161133 0.150391 0.041016 0.105469
0 0.199219 0.150391 0.035156 0.105469
0 0.236328 0.150391 0.039062 0.105469
0 0.273438 0.152344 0.035156 0.101562
0 0.306641 0.150391 0.031250 0.097656
0 0.340820 0.150391 0.037109 0.097656
0 0.376953 0.150391 0.035156 0.097656
0 0.412109 0.150391 0.035156 0.097656
0 0.448242 0.152344 0.037109 0.101562
0 0.015625 0.232422 0.027344 0.066406
0 0.048828 0.232422 0.039062 0.066406
0 0.084961 0.232422 0.033203 0.066406
0 0.121094 0.233398 0.039062 0.064453
0 0.161133 0.233398 0.041016 0.064453
0 0.198242 0.232422 0.033203 0.066406
0 0.235352 0.233398 0.041016 0.068359
0 0.290039 0.281250 0.064453 0.156250
0 0.341797 0.231445 0.039062 0.064453
0 0.377930 0.231445 0.033203 0.064453
0 0.412109 0.232422 0.035156 0.066406
0 0.447266 0.233398 0.035156 0.064453
0 0.477539 0.281250 0.025391 0.160156
0 0.341797 0.277344 0.039062 0.031250
0 0.377930 0.278320 0.033203 0.029297
0 0.411133 0.278320 0.033203 0.029297
0 0.446289 0.278320 0.037109 0.029297
0 0.340820 0.325195 0.037109 0.064453
0 0.375977 0.325195 0.033203 0.064453
0 0.410156 0.325195 0.035156 0.064453
0 0.445312 0.325195 0.035156 0.064453
0 0.015625 0.278320 0.027344 0.029297
0 0.047852 0.279297 0.037109 0.027344
0 0.083984 0.278320 0.035156 0.025391
0 0.121094 0.277344 0.039062 0.027344
0 0.161133 0.279297 0.041016 0.031250
0 0.197266 0.280273 0.031250 0.029297
0 0.235352 0.281250 0.044922 0.031250
0 0.237305 0.328125 0.041016 0.062500
0 0.199219 0.328125 0.035156 0.062500
0 0.162109 0.326172 0.039062 0.062500
0 0.122070 0.325195 0.041016 0.064453
0 0.083984 0.326172 0.035156 0.066406
0 0.048828 0.326172 0.035156 0.066406
0 0.016602 0.322266 0.029297 0.058594
0 0.500000 0.242188 0.011719 0.070312
0 0.521484 0.242188 0.031250 0.070312
0 0.556641 0.242188 0.039062 0.070312
0 0.608398 0.242188 0.064453 0.070312
0 0.666016 0.241211 0.050781 0.068359
0 0.723633 0.240234 0.064453 0.070312
0 0.532227 0.317383 0.080078 0.083984
0 0.606445 0.318359 0.068359 0.082031
0 0.666016 0.318359 0.050781 0.085938
0 0.721680 0.318359 0.060547 0.085938
0 0.533203 0.393555 0.078125 0.072266
0 0.606445 0.394531 0.068359 0.070312
0 0.666016 0.394531 0.050781 0.070312
0 0.721680 0.395508 0.060547 0.068359
0 0.532227 0.471680 0.080078 0.083984
0 0.607422 0.471680 0.070312 0.083984
0 0.666016 0.472656 0.046875 0.085938
0 0.721680 0.470703 0.064453 0.089844
0 0.017578 0.374023 0.031250 0.025391
0 0.049805 0.374023 0.033203 0.025391
0 0.083984 0.373047 0.035156 0.023438
0 0.121094 0.373047 0.039062 0.023438
0 0.160156 0.373047 0.039062 0.023438
0 0.197266 0.371094 0.035156 0.027344
0 0.236328 0.372070 0.042969 0.029297
0 0.237305 0.408203 0.041016 0.042969
0 0.199219 0.407227 0.035156 0.044922
0 0.162109 0.407227 0.039062 0.044922
0 0.121094 0.407227 0.042969 0.044922
0 0.083008 0.408203 0.033203 0.046875
0 0.048828 0.409180 0.035156 0.044922
0 0.016602 0.410156 0.029297 0.046875
0 0.290039 0.397461 0.068359 0.072266
0 0.342773 0.409180 0.037109 0.048828
0 0.341797 0.372070 0.039062 0.025391
0 0.377930 0.370117 0.033203 0.025391
0 0.377930 0.408203 0.033203 0.050781
0 0.412109 0.371094 0.035156 0.027344
0 0.447266 0.372070 0.035156 0.029297
0 0.477539 0.375000 0.025391 0.023438
0 0.412109 0.407227 0.035156 0.048828
0 0.447266 0.409180 0.035156 0.044922
0 0.478516 0.410156 0.027344 0.046875
0 0.015625 0.481445 0.027344 0.072266
0 0.047852 0.481445 0.037109 0.072266
0 0.083008 0.483398 0.033203 0.076172
0 0.120117 0.483398 0.041016 0.076172
0 0.161133 0.481445 0.041016 0.072266
0 0.200195 0.481445 0.037109 0.072266
0 0.238281 0.482422 0.039062 0.074219
0 0.015625 0.438477 0.027344 0.017578
0 0.047852 0.439453 0.037109 0.015625
0 0.083008 0.438477 0.033203 0.013672
0 0.120117 0.438477 0.041016 0.013672
0 0.161133 0.438477 0.041016 0.013672
0 0.200195 0.437500 0.037109 0.015625
0 0.237305 0.437500 0.037109 0.015625
0 0.288086 0.476562 0.064453 0.085938
0 0.338867 0.488281 0.037109 0.062500
0 0.375977 0.487305 0.037109 0.060547
0 0.411133 0.487305 0.033203 0.060547
0 0.445312 0.486328 0.035156 0.058594
0 0.475586 0.486328 0.025391 0.058594
0 0.475586 0.444336 0.025391 0.025391
0 0.444336 0.445312 0.037109 0.027344
0 0.410156 0.445312 0.031250 0.027344
0 0.376953 0.444336 0.035156 0.025391
0 0.340820 0.443359 0.037109 0.027344
0 0.016602 0.545898 0.029297 0.060547
0 0.048828 0.547852 0.035156 0.056641
0 0.084961 0.548828 0.037109 0.058594
0 0.121094 0.547852 0.035156 0.060547
0 0.160156 0.545898 0.042969 0.056641
0 0.198242 0.545898 0.033203 0.056641
0 0.235352 0.545898 0.037109 0.056641
0 0.272461 0.544922 0.037109 0.058594
0 0.306641 0.544922 0.031250 0.058594
0 0.339844 0.545898 0.035156 0.056641
0 0.375977 0.544922 0.037109 0.054688
0 0.412109 0.544922 0.035156 0.054688
0 0.444336 0.544922 0.033203 0.058594
0 0.475586 0.544922 0.029297 0.058594
0 0.515625 0.544922 0.050781 0.058594
0 0.557617 0.545898 0.033203 0.056641
0 0.052734 0.625000 0.101562 0.093750
0 0.141602 0.623047 0.076172 0.097656
0 0.218750 0.625000 0.078125 0.101562
0 0.290039 0.624023 0.064453 0.103516
0 0.358398 0.621094 0.072266 0.097656
0 0.429688 0.622070 0.070312 0.095703
0 0.479492 0.624023 0.029297 0.099609
0 0.594727 0.545898 0.041016 0.056641
0 0.627930 0.546875 0.025391 0.058594
0 0.666992 0.549805 0.044922 0.056641
0 0.721680 0.548828 0.064453 0.054688
0 0.721680 0.623047 0.064453 0.093750
0 0.665039 0.622070 0.048828 0.095703
0 0.566406 0.623047 0.148438 0.097656
