0 0.035645 0.012463 0.028320 0.021994
0 0.065918 0.011730 0.032227 0.020528
0 0.099121 0.011730 0.034180 0.020528
0 0.131836 0.013196 0.031250 0.023460
0 0.165039 0.013196 0.035156 0.023460
0 0.198730 0.012463 0.032227 0.021994
0 0.232422 0.012463 0.035156 0.021994
0 0.265625 0.012463 0.031250 0.021994
0 0.297852 0.013196 0.033203 0.023460
0 0.331055 0.013930 0.033203 0.021994
0 0.364258 0.016862 0.033203 0.027859
0 0.396973 0.016129 0.032227 0.029326
0 0.429199 0.016129 0.032227 0.029326
0 0.429199 0.045455 0.032227 0.029326
0 0.428223 0.082845 0.030273 0.045455
0 0.427734 0.121701 0.031250 0.032258
0 0.395996 0.120235 0.032227 0.035191
0 0.396484 0.081378 0.033203 0.042522
0 0.396484 0.043988 0.033203 0.032258
0 0.363770 0.083578 0.032227 0.111437
0 0.331055 0.082111 0.033203 0.114370
0 0.298340 0.081378 0.032227 0.112903
0 0.266113 0.079912 0.032227 0.115836
0 0.232910 0.040323 0.034180 0.036657
0 0.231445 0.079179 0.031250 0.041056
0 0.231445 0.118035 0.031250 0.036657
0 0.199707 0.118035 0.032227 0.036657
0 0.199219 0.078446 0.031250 0.042522
0 0.198730 0.040323 0.032227 0.033724
0 0.166016 0.079912 0.033203 0.112903
0 0.133301 0.079179 0.032227 0.114370
0 0.100098 0.040323 0.034180 0.036657
0 0.098633 0.079179 0.031250 0.041056
0 0.098633 0.117302 0.031250 0.035191
0 0.066895 0.078446 0.032227 0.112903
0 0.035645 0.078446 0.030273 0.112903
0 0.034668 0.156158 0.028320 0.042522
0 0.065430 0.156158 0.033203 0.042522
0 0.098633 0.158358 0.033203 0.046921
0 0.132812 0.159091 0.035156 0.045455
0 0.165527 0.157625 0.030273 0.042522
0 0.197266 0.158358 0.033203 0.041056
0 0.229980 0.159091 0.032227 0.042522
0 0.263672 0.160557 0.035156 0.039589
0 0.297363 0.159091 0.032227 0.036657
0 0.330566 0.157625 0.034180 0.039589
0 0.363770 0.159091 0.032227 0.042522
0 0.396484 0.159091 0.033203 0.042522
0 0.428711 0.159091 0.031250 0.042522
0 0.428223 0.197947 0.032227 0.035191
0 0.427246 0.236804 0.030273 0.042522
0 0.427734 0.276393 0.029297 0.036657
0 0.397461 0.275660 0.031250 0.038123
0 0.396484 0.234604 0.029297 0.043988
0 0.396484 0.197214 0.029297 0.030792
0 0.363770 0.237537 0.036133 0.111437
0 0.330566 0.236804 0.030273 0.112903
0 0.297852 0.236070 0.035156 0.111437
0 0.263672 0.235337 0.033203 0.112903
0 0.231445 0.195015 0.031250 0.032258
0 0.231445 0.234604 0.031250 0.046921
0 0.231934 0.275660 0.030273 0.035191
0 0.200684 0.274194 0.032227 0.038123
0 0.199707 0.234604 0.030273 0.041056
0 0.198730 0.197214 0.032227 0.033724
0 0.166016 0.235337 0.033203 0.109971
0 0.132812 0.234604 0.033203 0.111437
0 0.099609 0.195015 0.033203 0.032258
0 0.098633 0.232405 0.031250 0.042522
0 0.099121 0.271994 0.032227 0.036657
0 0.066895 0.233871 0.032227 0.112903
0 0.035156 0.234604 0.031250 0.114370
0 0.034668 0.313050 0.030273 0.042522
0 0.066406 0.313050 0.033203 0.042522
0 0.099121 0.313783 0.032227 0.043988
0 0.132812 0.313050 0.035156 0.045455
0 0.166504 0.312317 0.032227 0.043988
0 0.200195 0.313050 0.035156 0.042522
0 0.233887 0.313050 0.032227 0.042522
0 0.265625 0.313050 0.031250 0.042522
0 0.297363 0.313050 0.032227 0.042522
0 0.330078 0.313050 0.033203 0.042522
0 0.362793 0.314516 0.032227 0.045455
0 0.395996 0.315982 0.034180 0.042522
0 0.429199 0.314516 0.032227 0.039589
0 0.429199 0.350440 0.032227 0.032258
0 0.426758 0.387097 0.027344 0.041056
0 0.426270 0.428152 0.028320 0.041056
0 0.395996 0.427419 0.032227 0.042522
0 0.396484 0.384897 0.033203 0.042522
0 0.396484 0.351173 0.033203 0.024927
0 0.363770 0.392962 0.032227 0.108504
0 0.331055 0.390762 0.033203 0.112903
0 0.297852 0.390762 0.033203 0.112903
0 0.265137 0.390762 0.032227 0.112903
0 0.233398 0.352639 0.031250 0.036657
0 0.233398 0.390029 0.031250 0.038123
0 0.232422 0.428886 0.033203 0.039589
0 0.199707 0.429619 0.032227 0.038123
0 0.199219 0.389296 0.031250 0.042522
0 0.199219 0.351173 0.031250 0.033724
0 0.166016 0.391496 0.035156 0.114370
0 0.132324 0.391496 0.032227 0.114370
0 0.099609 0.351173 0.033203 0.033724
0 0.099609 0.390762 0.033203 0.045455
0 0.099609 0.431085 0.033203 0.035191
0 0.066406 0.391496 0.033203 0.114370
0 0.034668 0.391496 0.030273 0.114370
0 0.034180 0.469208 0.029297 0.041056
0 0.065918 0.469208 0.034180 0.041056
0 0.099609 0.468475 0.033203 0.039589
0 0.132324 0.469208 0.032227 0.038123
0 0.166016 0.467742 0.035156 0.035191
0 0.199219 0.467009 0.031250 0.036657
0 0.231934 0.467009 0.034180 0.036657
0 0.265137 0.467009 0.032227 0.036657
0 0.297852 0.468475 0.033203 0.039589
0 0.331543 0.468475 0.034180 0.039589
0 0.364746 0.469208 0.032227 0.041056
0 0.396973 0.469941 0.032227 0.039589
0 0.429199 0.469941 0.032227 0.039589
0 0.428223 0.508065 0.034180 0.036657
0 0.427246 0.545455 0.032227 0.038123
0 0.428223 0.582111 0.030273 0.035191
0 0.396484 0.581378 0.033203 0.036657
0 0.395020 0.543988 0.030273 0.038123
0 0.395020 0.508065 0.030273 0.033724
0 0.363770 0.545455 0.032227 0.108504
0 0.331543 0.543988 0.032227 0.111437
0 0.298340 0.543255 0.034180 0.109971
0 0.265137 0.542522 0.032227 0.111437
0 0.232422 0.504399 0.033203 0.035191
0 0.230957 0.543255 0.030273 0.042522
0 0.231445 0.583578 0.029297 0.038123
0 0.200684 0.585044 0.032227 0.035191
0 0.199707 0.544721 0.030273 0.045455
0 0.199219 0.505132 0.031250 0.033724
0 0.167480 0.543988 0.032227 0.111437
0 0.133789 0.545455 0.035156 0.108504
0 0.099609 0.506598 0.033203 0.030792
0 0.100586 0.543255 0.035156 0.042522
0 0.101074 0.583578 0.034180 0.038123
0 0.067871 0.546188 0.032227 0.112903
0 0.036133 0.546921 0.031250 0.114370
0 0.035156 0.623900 0.029297 0.039589
0 0.066895 0.624633 0.034180 0.038123
0 0.100098 0.625367 0.032227 0.039589
0 0.133301 0.622434 0.034180 0.045455
0 0.166992 0.620968 0.033203 0.042522
0 0.200195 0.622434 0.033203 0.039589
0 0.232910 0.623167 0.032227 0.041056
0 0.265137 0.620968 0.032227 0.045455
0 0.298340 0.620968 0.034180 0.045455
0 0.331543 0.622434 0.032227 0.042522
0 0.364258 0.620235 0.033203 0.038123
0 0.396973 0.619501 0.032227 0.039589
0 0.429199 0.620235 0.032227 0.041056
0 0.428711 0.661290 0.033203 0.041056
0 0.428711 0.700147 0.033203 0.036657
0 0.429688 0.736070 0.031250 0.035191
0 0.396973 0.733871 0.034180 0.039589
0 0.395996 0.696481 0.032227 0.035191
0 0.395020 0.659091 0.034180 0.039589
0 0.362793 0.696481 0.030273 0.114370
0 0.331055 0.699413 0.033203 0.108504
0 0.298828 0.699413 0.031250 0.108504
0 0.266602 0.697947 0.033203 0.111437
0 0.233887 0.660557 0.032227 0.036657
0 0.232910 0.699413 0.030273 0.041056
0 0.231445 0.737537 0.033203 0.035191
0 0.198730 0.736804 0.032227 0.036657
0 0.198242 0.697214 0.031250 0.042522
0 0.198242 0.659091 0.031250 0.033724
0 0.167480 0.697214 0.030273 0.109971
0 0.134277 0.698680 0.036133 0.107038
0 0.099609 0.662023 0.033203 0.033724
0 0.098633 0.699413 0.031250 0.038123
0 0.099121 0.736070 0.030273 0.035191
0 0.066895 0.699413 0.034180 0.108504
0 0.036133 0.700147 0.027344 0.109971
0 0.036133 0.776393 0.027344 0.042522
0 0.067383 0.776393 0.035156 0.042522
0 0.101074 0.775660 0.032227 0.041056
0 0.134766 0.774194 0.035156 0.043988
0 0.167969 0.774194 0.031250 0.043988
0 0.200195 0.775660 0.033203 0.041056
0 0.233398 0.777126 0.033203 0.043988
0 0.266602 0.777126 0.033203 0.043988
0 0.298828 0.777126 0.031250 0.043988
0 0.331055 0.775660 0.033203 0.046921
0 0.363770 0.773460 0.032227 0.042522
0 0.395996 0.774194 0.032227 0.041056
0 0.429199 0.774194 0.034180 0.041056
0 0.429688 0.811584 0.033203 0.033724
0 0.428711 0.848974 0.031250 0.041056
0 0.428711 0.887097 0.031250 0.035191
0 0.396973 0.887097 0.032227 0.035191
0 0.396973 0.849707 0.032227 0.039589
0 0.395996 0.812317 0.034180 0.035191
0 0.363770 0.850440 0.030273 0.111437
0 0.332031 0.854106 0.033203 0.104106
0 0.299316 0.854839 0.032227 0.105572
0 0.266602 0.854839 0.033203 0.105572
0 0.233398 0.816716 0.033203 0.029326
0 0.233398 0.851173 0.033203 0.039589
0 0.233887 0.890029 0.032227 0.038123
0 0.200684 0.889296 0.034180 0.039589
0 0.199707 0.850440 0.032227 0.038123
0 0.199707 0.813050 0.032227 0.036657
0 0.166992 0.850440 0.033203 0.111437
0 0.133789 0.851173 0.033203 0.109971
0 0.101074 0.815249 0.032227 0.038123
0 0.101074 0.852639 0.032227 0.036657
0 0.101074 0.890029 0.032227 0.038123
0 0.067871 0.854106 0.034180 0.109971
0 0.035645 0.855572 0.030273 0.112903
0 0.035645 0.933284 0.030273 0.042522
0 0.067871 0.931085 0.034180 0.046921
0 0.100586 0.930352 0.031250 0.045455
0 0.133301 0.931085 0.034180 0.043988
0 0.167480 0.930352 0.034180 0.042522
0 0.201660 0.930352 0.034180 0.042522
0 0.234375 0.931085 0.031250 0.043988
0 0.267090 0.930352 0.034180 0.045455
0 0.300781 0.929619 0.033203 0.043988
0 0.333008 0.929619 0.031250 0.043988
0 0.364746 0.928886 0.032227 0.042522
0 0.396973 0.928152 0.032227 0.043988
0 0.430664 0.925953 0.035156 0.039589
0 0.430176 0.972141 0.036133 0.052786
0 0.395996 0.974340 0.032227 0.048387
0 0.363770 0.972874 0.032227 0.045455
0 0.332031 0.973607 0.031250 0.043988
0 0.299316 0.973607 0.034180 0.043988
0 0.266113 0.975073 0.032227 0.041056
0 0.233887 0.974340 0.032227 0.039589
0 0.201172 0.972874 0.033203 0.042522
0 0.167480 0.973607 0.034180 0.043988
0 0.134277 0.975073 0.032227 0.041056
0 0.101074 0.975806 0.034180 0.042522
0 0.067871 0.975806 0.032227 0.042522
0 0.036133 0.976540 0.031250 0.043988
0 0.462891 0.016129 0.033203 0.029326
0 0.494141 0.015396 0.029297 0.027859
0 0.525391 0.015396 0.033203 0.027859
0 0.558594 0.016862 0.033203 0.030792
0 0.590820 0.016862 0.031250 0.030792
0 0.622559 0.016129 0.032227 0.029326
0 0.654297 0.016129 0.031250 0.029326
0 0.687012 0.015396 0.034180 0.027859
0 0.719727 0.015396 0.031250 0.027859
0 0.750488 0.016129 0.030273 0.029326
0 0.782715 0.017595 0.034180 0.026393
0 0.815918 0.018328 0.032227 0.027859
0 0.848633 0.016862 0.031250 0.030792
0 0.879883 0.016129 0.031250 0.029326
0 0.878906 0.088710 0.033203 0.115836
0 0.847168 0.088710 0.030273 0.115836
0 0.815918 0.049853 0.032227 0.038123
0 0.814453 0.089443 0.029297 0.041056
0 0.814453 0.128299 0.029297 0.036657
0 0.784180 0.128299 0.031250 0.036657
0 0.784180 0.087977 0.031250 0.043988
0 0.783691 0.049120 0.032227 0.033724
0 0.750977 0.088710 0.033203 0.112903
0 0.718750 0.087977 0.031250 0.114370
0 0.687012 0.087243 0.032227 0.112903
0 0.655273 0.087243 0.031250 0.112903
0 0.623535 0.048387 0.032227 0.035191
0 0.623047 0.085777 0.031250 0.039589
0 0.622070 0.124633 0.033203 0.038123
0 0.590332 0.124633 0.030273 0.038123
0 0.590820 0.086510 0.031250 0.038123
0 0.590332 0.049853 0.032227 0.035191
0 0.558105 0.088710 0.032227 0.112903
0 0.525391 0.087243 0.033203 0.115836
0 0.493652 0.086510 0.030273 0.114370
0 0.461914 0.087243 0.033203 0.112903
0 0.462891 0.162757 0.031250 0.046921
0 0.494141 0.164223 0.031250 0.043988
0 0.526367 0.162757 0.033203 0.041056
0 0.558105 0.164223 0.030273 0.038123
0 0.589844 0.164223 0.033203 0.038123
0 0.623047 0.163490 0.033203 0.039589
0 0.655762 0.164956 0.032227 0.042522
0 0.687988 0.164223 0.032227 0.043988
0 0.719238 0.163490 0.030273 0.042522
0 0.750977 0.164223 0.033203 0.041056
0 0.783691 0.164223 0.032227 0.041056
0 0.814941 0.167155 0.030273 0.035191
0 0.846191 0.167155 0.032227 0.035191
0 0.879883 0.165689 0.033203 0.038123
0 0.462891 0.240469 0.033203 0.111437
0 0.494629 0.240469 0.030273 0.111437
0 0.525879 0.239003 0.032227 0.108504
0 0.558105 0.239736 0.032227 0.107038
0 0.590332 0.201613 0.032227 0.030792
0 0.590820 0.236804 0.031250 0.039589
0 0.590820 0.276393 0.031250 0.039589
0 0.622559 0.277859 0.032227 0.036657
0 0.623535 0.239736 0.030273 0.039589
0 0.625000 0.201613 0.033203 0.036657
0 0.655762 0.239736 0.028320 0.112903
0 0.686035 0.241202 0.032227 0.109971
0 0.717773 0.241935 0.031250 0.111437
0 0.750488 0.240469 0.034180 0.114370
0 0.782715 0.200880 0.030273 0.035191
0 0.783203 0.238270 0.029297 0.039589
0 0.783203 0.279326 0.029297 0.042522
0 0.813477 0.280059 0.031250 0.041056
0 0.814941 0.239736 0.028320 0.039589
0 0.815430 0.203079 0.029297 0.033724
0 0.845703 0.241935 0.031250 0.111437
0 0.876953 0.241202 0.031250 0.112903
0 0.460449 0.314516 0.034180 0.039589
0 0.493164 0.315249 0.031250 0.038123
0 0.525391 0.315249 0.033203 0.038123
0 0.557617 0.314516 0.031250 0.039589
0 0.589844 0.315982 0.033203 0.042522
0 0.623047 0.317449 0.033203 0.039589
0 0.654297 0.317449 0.029297 0.039589
0 0.685547 0.317449 0.033203 0.039589
0 0.718262 0.317449 0.032227 0.039589
0 0.750977 0.317449 0.033203 0.039589
0 0.782227 0.317449 0.029297 0.039589
0 0.812988 0.317449 0.032227 0.039589
0 0.845703 0.317449 0.033203 0.039589
0 0.877441 0.317449 0.030273 0.039589
0 0.461914 0.392962 0.033203 0.111437
0 0.493652 0.392962 0.030273 0.111437
0 0.525879 0.393695 0.034180 0.112903
0 0.558594 0.392962 0.031250 0.114370
0 0.589844 0.353372 0.031250 0.035191
0 0.591309 0.389296 0.028320 0.036657
0 0.592285 0.429619 0.030273 0.043988
0 0.622070 0.431085 0.029297 0.041056
0 0.622070 0.390029 0.029297 0.041056
0 0.623535 0.354106 0.032227 0.030792
0 0.655273 0.394428 0.031250 0.111437
0 0.687012 0.392962 0.032227 0.114370
0 0.718262 0.393695 0.030273 0.115836
0 0.750000 0.392229 0.033203 0.118768
0 0.782715 0.350440 0.032227 0.035191
0 0.782715 0.388563 0.032227 0.041056
0 0.782227 0.428886 0.031250 0.039589
0 0.813477 0.431085 0.031250 0.035191
0 0.814941 0.392962 0.028320 0.041056
0 0.815918 0.354839 0.030273 0.035191
0 0.845703 0.392962 0.029297 0.111437
0 0.876465 0.393695 0.032227 0.109971
0 0.461426 0.469208 0.036133 0.041056
0 0.494141 0.469941 0.029297 0.039589
0 0.525879 0.469208 0.034180 0.038123
0 0.559082 0.469208 0.032227 0.038123
0 0.591797 0.469208 0.033203 0.038123
0 0.624023 0.469208 0.031250 0.038123
0 0.656738 0.469941 0.034180 0.039589
0 0.688477 0.469208 0.029297 0.041056
0 0.719238 0.468475 0.032227 0.039589
0 0.751465 0.469208 0.032227 0.038123
0 0.783203 0.469941 0.031250 0.039589
0 0.814453 0.468475 0.031250 0.042522
0 0.845215 0.467742 0.030273 0.041056
0 0.875977 0.468475 0.031250 0.039589
0 0.461914 0.546188 0.033203 0.109971
0 0.494629 0.544721 0.032227 0.112903
0 0.527344 0.543988 0.033203 0.111437
0 0.559570 0.542522 0.031250 0.114370
0 0.590820 0.503666 0.031250 0.036657
0 0.591309 0.541056 0.030273 0.038123
0 0.592285 0.581378 0.032227 0.042522
0 0.623535 0.582845 0.030273 0.039589
0 0.623047 0.544721 0.031250 0.036657
0 0.623535 0.508798 0.032227 0.032258
0 0.656250 0.546188 0.033203 0.107038
0 0.688477 0.543988 0.031250 0.111437
0 0.720703 0.542522 0.033203 0.108504
0 0.751953 0.543255 0.029297 0.107038
0 0.782715 0.505865 0.032227 0.032258
0 0.783691 0.541056 0.030273 0.038123
0 0.783203 0.579912 0.029297 0.039589
0 0.813965 0.580645 0.032227 0.038123
0 0.814453 0.543255 0.031250 0.036657
0 0.815430 0.505132 0.031250 0.036657
0 0.847656 0.543988 0.033203 0.114370
0 0.878906 0.545455 0.029297 0.111437
0 0.461426 0.621701 0.032227 0.041056
0 0.494629 0.621701 0.034180 0.041056
0 0.527832 0.620235 0.032227 0.038123
0 0.559082 0.620968 0.030273 0.036657
0 0.591309 0.622434 0.034180 0.039589
0 0.783691 0.620968 0.032227 0.042522
0 0.816406 0.620968 0.033203 0.042522
0 0.847656 0.620235 0.029297 0.041056
0 0.878418 0.620235 0.032227 0.041056
0 0.462402 0.697947 0.034180 0.111437
0 0.495117 0.698680 0.031250 0.109971
0 0.526367 0.697214 0.031250 0.107038
0 0.558594 0.696481 0.033203 0.108504
0 0.590820 0.659824 0.031250 0.035191
0 0.590820 0.695748 0.031250 0.036657
0 0.591797 0.733138 0.031250 0.035191
0 0.622559 0.733138 0.030273 0.035191
0 0.782715 0.657625 0.030273 0.033724
0 0.782715 0.693548 0.030273 0.038123
0 0.782715 0.733138 0.030273 0.041056
0 0.813965 0.733138 0.032227 0.041056
0 0.814453 0.694282 0.031250 0.036657
0 0.816895 0.657625 0.034180 0.036657
0 0.847656 0.695015 0.027344 0.111437
0 0.878418 0.695015 0.034180 0.111437
0 0.462402 0.774927 0.034180 0.045455
0 0.494629 0.775660 0.028320 0.043988
0 0.525391 0.776393 0.033203 0.045455
0 0.558594 0.775660 0.033203 0.046921
0 0.591309 0.774194 0.032227 0.043988
0 0.623047 0.774194 0.031250 0.043988
0 0.654785 0.773460 0.032227 0.042522
0 0.687988 0.773460 0.034180 0.042522
0 0.720215 0.772727 0.030273 0.043988
0 0.751465 0.771994 0.032227 0.045455
0 0.783691 0.770528 0.032227 0.042522
0 0.815430 0.771261 0.031250 0.041056
0 0.846191 0.771994 0.030273 0.042522
0 0.877930 0.771994 0.033203 0.042522
0 0.461914 0.851906 0.033203 0.108504
0 0.494141 0.852639 0.031250 0.107038
0 0.526855 0.852639 0.034180 0.107038
0 0.559082 0.852639 0.030273 0.107038
0 0.590820 0.813050 0.033203 0.027859
0 0.592285 0.848974 0.030273 0.043988
0 0.592773 0.887097 0.031250 0.032258
0 0.623535 0.886364 0.030273 0.033724
0 0.623535 0.847507 0.030273 0.043988
0 0.623535 0.810850 0.030273 0.029326
0 0.654785 0.849707 0.032227 0.107038
0 0.687500 0.848240 0.033203 0.109971
0 0.718750 0.847507 0.029297 0.108504
0 0.749512 0.848974 0.032227 0.105572
0 0.781738 0.812317 0.030273 0.032258
0 0.782227 0.847507 0.029297 0.038123
0 0.784180 0.885630 0.033203 0.038123
0 0.814941 0.884164 0.028320 0.041056
0 0.814941 0.844575 0.028320 0.038123
0 0.815918 0.808651 0.030273 0.033724
0 0.846680 0.845308 0.031250 0.107038
0 0.878418 0.845308 0.032227 0.107038
0 0.462891 0.928152 0.035156 0.043988
0 0.494629 0.926686 0.028320 0.043988
0 0.525391 0.925953 0.033203 0.042522
0 0.559082 0.926686 0.034180 0.041056
0 0.591797 0.923754 0.031250 0.035191
0 0.623047 0.923754 0.031250 0.035191
0 0.655273 0.925220 0.033203 0.038123
0 0.687500 0.924487 0.031250 0.039589
0 0.718750 0.923754 0.031250 0.038123
0 0.750488 0.922287 0.032227 0.041056
0 0.782227 0.920821 0.031250 0.038123
0 0.812988 0.921554 0.030273 0.036657
0 0.844238 0.920088 0.032227 0.033724
0 0.876465 0.920088 0.032227 0.036657
0 0.461426 0.972141 0.032227 0.046921
0 0.493652 0.971408 0.032227 0.048387
0 0.526855 0.970674 0.034180 0.046921
0 0.559570 0.972141 0.031250 0.043988
0 0.591797 0.972141 0.033203 0.043988
0 0.625000 0.969208 0.033203 0.049853
0 0.657227 0.969941 0.031250 0.051320
0 0.688965 0.968475 0.032227 0.054252
0 0.720703 0.967742 0.031250 0.052786
0 0.751953 0.968475 0.031250 0.051320
0 0.783691 0.967009 0.032227 0.048387
0 0.815430 0.965543 0.031250 0.051320
0 0.847168 0.966276 0.032227 0.052786
0 0.877930 0.968475 0.029297 0.048387
0 0.908691 0.969941 0.032227 0.051320
0 0.940918 0.967742 0.032227 0.055718
0 0.970703 0.967742 0.027344 0.055718
0 0.910156 0.017595 0.029297 0.032258
0 0.940430 0.018328 0.031250 0.033724
0 0.970215 0.018328 0.028320 0.033724
0 0.909668 0.052786 0.032227 0.035191
0 0.910645 0.087977 0.030273 0.035191
0 0.911133 0.127566 0.031250 0.043988
0 0.941406 0.093842 0.029297 0.111437
0 0.971191 0.091642 0.030273 0.107038
0 0.971191 0.165689 0.030273 0.041056
0 0.940918 0.166422 0.030273 0.039589
0 0.910156 0.167155 0.031250 0.041056
0 0.910645 0.203812 0.032227 0.032258
0 0.910156 0.239736 0.033203 0.039589
0 0.908691 0.277859 0.030273 0.036657
0 0.940918 0.241935 0.034180 0.108504
0 0.971191 0.241935 0.026367 0.108504
0 0.970703 0.316716 0.027344 0.041056
0 0.941895 0.318182 0.030273 0.038123
0 0.910156 0.318915 0.033203 0.039589
0 0.877441 0.393695 0.032227 0.109971
0 0.910156 0.354106 0.031250 0.030792
0 0.909668 0.392229 0.032227 0.045455
0 0.909180 0.432551 0.031250 0.035191
0 0.940918 0.393695 0.032227 0.112903
0 0.970703 0.393695 0.027344 0.112903
0 0.970703 0.524927 0.027344 0.149560
0 0.941895 0.543988 0.030273 0.111437
0 0.941895 0.469941 0.030273 0.036657
0 0.908203 0.470674 0.031250 0.038123
0 0.909668 0.505132 0.028320 0.030792
0 0.911133 0.542522 0.031250 0.043988
0 0.911621 0.582845 0.030273 0.036657
0 0.911133 0.620968 0.031250 0.039589
0 0.940918 0.620235 0.028320 0.041056
0 0.970215 0.619501 0.030273 0.039589
0 0.972656 0.694282 0.025391 0.109971
0 0.943359 0.695015 0.033203 0.108504
0 0.911621 0.655425 0.030273 0.032258
0 0.910156 0.692815 0.027344 0.042522
0 0.909668 0.732405 0.028320 0.036657
0 0.909668 0.770528 0.030273 0.039589
0 0.940918 0.770528 0.032227 0.039589
0 0.971191 0.769795 0.028320 0.038123
0 0.971680 0.845308 0.027344 0.112903
0 0.941895 0.846774 0.032227 0.109971
0 0.911621 0.826246 0.028320 0.068915
0 0.912109 0.881232 0.029297 0.041056
0 0.878906 0.847507 0.029297 0.111437
