0 0.137207 0.031433 0.166992 0.059942
0 0.305664 0.032164 0.167969 0.061404
0 0.472656 0.030702 0.167969 0.058480
0 0.642090 0.028509 0.172852 0.054094
0 0.812988 0.027047 0.170898 0.051170
0 0.949219 0.026316 0.101562 0.049708
0 0.027344 0.029240 0.052734 0.055556
0 0.026855 0.154240 0.051758 0.197368
0 0.136719 0.149123 0.167969 0.204678
0 0.303711 0.144737 0.166016 0.207602
0 0.471191 0.140351 0.168945 0.198830
0 0.641113 0.134503 0.170898 0.210526
0 0.812988 0.127924 0.172852 0.197368
0 0.949707 0.128655 0.100586 0.195906
0 0.025879 0.540205 0.047852 0.568713
0 0.137695 0.439327 0.166016 0.387427
0 0.132812 0.728801 0.166016 0.194444
0 0.300781 0.535819 0.173828 0.583333
0 0.472168 0.532895 0.168945 0.577485
0 0.639648 0.530702 0.166016 0.581871
0 0.812500 0.527047 0.173828 0.586257
0 0.948242 0.524854 0.097656 0.590643
0 0.025879 0.913012 0.049805 0.173977
0 0.131836 0.913012 0.162109 0.173977
0 0.299316 0.911550 0.166992 0.176901
0 0.468750 0.913012 0.167969 0.173977
0 0.637695 0.912281 0.171875 0.175439
0 0.811035 0.910819 0.168945 0.178363
0 0.948730 0.911550 0.100586 0.176901
