0 0.602539 0.381406 0.080078 0.285505
0 0.526367 0.383602 0.074219 0.284041
0 0.453125 0.304539 0.076172 0.131772
0 0.383789 0.382138 0.072266 0.278184
0 0.312500 0.387262 0.068359 0.273792
0 0.246094 0.390922 0.066406 0.272328
0 0.181641 0.392387 0.060547 0.272328
0 0.015137 0.402635 0.028320 0.245974
0 0.058594 0.397511 0.058594 0.250366
0 0.119629 0.322840 0.063477 0.109810
0 0.436523 0.448023 0.027344 0.143485
0 0.471680 0.448755 0.027344 0.142020
4 0.453613 0.445827 0.073242 0.159590
0 0.102051 0.453880 0.022461 0.131772
0 0.129395 0.452416 0.020508 0.128843
4 0.115234 0.452416 0.064453 0.146413
