0 0.472656 0.258789 0.062500 0.330078
0 0.537109 0.295898 0.078125 0.318359
0 0.596680 0.344727 0.041016 0.271484
0 0.648438 0.381836 0.054688 0.271484
0 0.693359 0.408203 0.046875 0.257812
0 0.736328 0.439453 0.042969 0.242188
0 0.490234 0.566406 0.066406 0.058594
0 0.555664 0.593750 0.064453 0.066406
0 0.625000 0.619141 0.074219 0.062500
0 0.685547 0.639648 0.046875 0.056641
0 0.486328 0.617188 0.066406 0.078125
0 0.555664 0.637695 0.064453 0.080078
0 0.628906 0.666992 0.066406 0.068359
0 0.680664 0.682617 0.044922 0.064453
0 0.748047 0.686523 0.074219 0.095703
0 0.485352 0.784180 0.072266 0.291016
0 0.556641 0.795898 0.074219 0.275391
0 0.626953 0.808594 0.066406 0.261719
0 0.683594 0.823242 0.042969 0.232422
0 0.749023 0.831055 0.080078 0.228516
0 0.362305 0.784180 0.138672 0.287109
0 0.258789 0.800781 0.060547 0.250000
0 0.168945 0.815430 0.107422 0.232422
0 0.166992 0.681641 0.107422 0.074219
0 0.259766 0.661133 0.066406 0.068359
0 0.363281 0.625000 0.136719 0.089844
0 0.167969 0.644531 0.113281 0.054688
0 0.257812 0.618164 0.074219 0.060547
0 0.367188 0.581055 0.140625 0.080078
0 0.928711 0.861328 0.072266 0.277344
