0 0.055990 0.212891 0.109375 0.109375
0 0.170573 0.250000 0.125000 0.109375
0 0.287109 0.289062 0.113281 0.103516
0 0.394531 0.327637 0.109375 0.098633
0 0.497396 0.362305 0.101562 0.091797
0 0.594401 0.395996 0.095052 0.090820
0 0.686849 0.425781 0.089844 0.087891
0 0.056641 0.291016 0.110677 0.125000
0 0.171224 0.329102 0.123698 0.128906
0 0.285807 0.363770 0.115885 0.122070
0 0.397135 0.397461 0.104167 0.117188
0 0.498047 0.431641 0.100260 0.111328
0 0.593750 0.460938 0.096354 0.109375
0 0.688151 0.490234 0.084635 0.101562
0 0.056641 0.370605 0.110677 0.102539
0 0.169922 0.404297 0.123698 0.101562
0 0.288411 0.439453 0.110677 0.095703
0 0.397135 0.472168 0.106771 0.092773
0 0.497396 0.500977 0.098958 0.091797
0 0.595052 0.529785 0.093750 0.086914
0 0.686198 0.557129 0.091146 0.086914
0 0.057943 0.449707 0.110677 0.122070
0 0.170573 0.479004 0.122396 0.122070
0 0.287760 0.512207 0.111979 0.114258
0 0.396484 0.543457 0.108073 0.110352
0 0.498698 0.570801 0.098958 0.102539
0 0.595052 0.598633 0.098958 0.101562
0 0.685547 0.622559 0.087240 0.098633
0 0.055990 0.530273 0.106771 0.097656
0 0.172526 0.559570 0.118490 0.097656
0 0.286458 0.587891 0.114583 0.093750
0 0.395182 0.614258 0.102865 0.087891
0 0.055990 0.610352 0.106771 0.117188
0 0.168620 0.635742 0.121094 0.113281
0 0.285156 0.666016 0.117188 0.107422
0 0.396484 0.689453 0.105469 0.109375
0 0.495443 0.712402 0.100260 0.104492
0 0.591797 0.733398 0.097656 0.101562
0 0.683594 0.754883 0.093750 0.095703
0 0.055339 0.689941 0.108073 0.092773
0 0.171875 0.712891 0.122396 0.091797
0 0.285156 0.736816 0.114583 0.088867
0 0.395182 0.759766 0.105469 0.085938
0 0.496094 0.782227 0.101562 0.080078
0 0.591797 0.802734 0.095052 0.080078
0 0.684896 0.821777 0.091146 0.077148
0 0.055339 0.767090 0.108073 0.112305
0 0.169271 0.788574 0.125000 0.110352
0 0.285807 0.810547 0.110677 0.105469
0 0.393880 0.831055 0.105469 0.099609
0 0.496094 0.851074 0.101562 0.094727
0 0.591146 0.869141 0.096354 0.091797
0 0.683594 0.887695 0.088542 0.089844
0 0.055339 0.846680 0.108073 0.091797
0 0.169922 0.864746 0.121094 0.086914
0 0.285156 0.886230 0.114583 0.084961
0 0.393880 0.903320 0.105469 0.082031
0 0.497396 0.921387 0.101562 0.077148
0 0.593750 0.936035 0.096354 0.073242
0 0.684896 0.953125 0.091146 0.070312
0 0.055990 0.924805 0.109375 0.105469
0 0.169922 0.941895 0.123698 0.104492
0 0.288411 0.955078 0.118490 0.089844
0 0.397135 0.963867 0.104167 0.072266
0 0.498698 0.971680 0.104167 0.056641
0 0.595052 0.979492 0.093750 0.041016
0 0.686198 0.986816 0.093750 0.026367
