0 0.075195 0.350586 0.052734 0.279297
0 0.161133 0.348633 0.060547 0.291016
0 0.210938 0.350586 0.042969 0.279297
0 0.264648 0.348633 0.064453 0.275391
0 0.317383 0.349609 0.041016 0.273438
0 0.363281 0.352539 0.050781 0.279297
0 0.410156 0.354492 0.042969 0.275391
0 0.458984 0.352539 0.054688 0.271484
0 0.508789 0.349609 0.044922 0.277344
0 0.560547 0.348633 0.058594 0.275391
0 0.615234 0.349609 0.050781 0.273438
0 0.665039 0.349609 0.048828 0.273438
0 0.715820 0.351562 0.052734 0.269531
0 0.768555 0.351562 0.052734 0.269531
0 0.819336 0.348633 0.048828 0.275391
0 0.875977 0.351562 0.064453 0.281250
0 0.933594 0.351562 0.050781 0.281250
0 0.080078 0.713867 0.054688 0.404297
0 0.167969 0.709961 0.062500 0.396484
0 0.269531 0.714844 0.078125 0.402344
0 0.412109 0.712891 0.160156 0.410156
0 0.597656 0.710938 0.156250 0.410156
0 0.788086 0.713867 0.150391 0.404297
0 0.917969 0.708008 0.050781 0.412109
