0 0.153320 0.251953 0.048828 0.160156
0 0.204102 0.254883 0.052734 0.150391
0 0.153320 0.373047 0.044922 0.101562
0 0.211914 0.375000 0.072266 0.101562
0 0.278320 0.417969 0.060547 0.187500
0 0.151367 0.493164 0.044922 0.142578
0 0.209961 0.495117 0.072266 0.138672
0 0.278320 0.541016 0.060547 0.062500
0 0.151367 0.600586 0.048828 0.076172
0 0.210938 0.603516 0.070312 0.070312
0 0.276367 0.606445 0.060547 0.076172
0 0.323242 0.579102 0.033203 0.130859
0 0.180664 0.698242 0.056641 0.119141
0 0.242188 0.701172 0.066406 0.113281
0 0.307617 0.699219 0.064453 0.109375
0 0.136719 0.695312 0.019531 0.113281
0 0.400391 0.532227 0.054688 0.173828
0 0.509766 0.300781 0.054688 0.144531
0 0.643555 0.318359 0.037109 0.136719
0 0.705078 0.326172 0.042969 0.132812
0 0.764648 0.333008 0.037109 0.126953
0 0.818359 0.340820 0.035156 0.130859
0 0.637695 0.537109 0.037109 0.136719
0 0.815430 0.549805 0.029297 0.130859
0 0.527344 0.529297 0.039062 0.140625
0 0.833008 0.723633 0.064453 0.068359
0 0.745117 0.723633 0.056641 0.072266
0 0.678711 0.719727 0.037109 0.072266
0 0.618164 0.721680 0.037109 0.076172
0 0.513672 0.724609 0.050781 0.082031
0 0.615234 0.313477 0.019531 0.134766
0 0.675781 0.321289 0.019531 0.142578
0 0.736328 0.329102 0.019531 0.130859
0 0.793945 0.336914 0.021484 0.130859
0 0.848633 0.346680 0.025391 0.130859
0 0.473633 0.294922 0.017578 0.140625
0 0.544922 0.303711 0.019531 0.142578
0 0.841797 0.550781 0.027344 0.132812
0 0.666992 0.536133 0.025391 0.138672
0 0.612305 0.538086 0.017578 0.142578
0 0.556641 0.527344 0.019531 0.136719
