0 0.317871 0.490469 0.073242 0.115836
0 0.406250 0.489736 0.050781 0.111437
0 0.458984 0.490469 0.054688 0.109971
0 0.541016 0.491935 0.050781 0.109971
0 0.592285 0.493402 0.051758 0.107038
0 0.682617 0.496334 0.070312 0.118768
0 0.206543 0.527126 0.063477 0.109971
0 0.015137 0.521994 0.028320 0.108504
0 0.080078 0.523460 0.048828 0.108504
0 0.128418 0.524194 0.047852 0.107038
0 0.785156 0.528592 0.056641 0.101173
0 0.860352 0.530792 0.042969 0.099707
0 0.906738 0.532258 0.049805 0.096774
0 0.975098 0.530792 0.040039 0.105572
0 0.463379 0.788856 0.071289 0.099707
0 0.561523 0.786657 0.125000 0.104106
