0 0.222656 0.158028 0.101562 0.078382
0 0.324219 0.158028 0.101562 0.078382
0 0.424316 0.156764 0.098633 0.075853
0 0.523926 0.156764 0.100586 0.075853
0 0.624512 0.158028 0.100586 0.078382
0 0.723145 0.158028 0.096680 0.078382
0 0.222168 0.235145 0.102539 0.078382
0 0.323730 0.234513 0.100586 0.079646
0 0.423828 0.233249 0.099609 0.077118
0 0.524414 0.233249 0.101562 0.077118
0 0.622070 0.231353 0.093750 0.073325
0 0.720215 0.231353 0.102539 0.073325
0 0.222656 0.312895 0.101562 0.077118
0 0.323730 0.310999 0.100586 0.080910
0 0.424805 0.310999 0.101562 0.080910
0 0.524902 0.312263 0.098633 0.078382
0 0.624023 0.312263 0.099609 0.078382
0 0.722168 0.311631 0.096680 0.079646
0 0.223633 0.387484 0.099609 0.077118
0 0.323730 0.388116 0.100586 0.075853
0 0.423828 0.387484 0.099609 0.072061
0 0.523438 0.386220 0.099609 0.074589
0 0.623535 0.386852 0.100586 0.075853
0 0.723145 0.388116 0.098633 0.073325
0 0.222168 0.465866 0.100586 0.077118
0 0.323242 0.465866 0.101562 0.077118
0 0.424316 0.465234 0.100586 0.075853
0 0.523926 0.465234 0.098633 0.075853
0 0.623535 0.464602 0.100586 0.074589
0 0.723633 0.463338 0.099609 0.077118
0 0.221680 0.542351 0.103516 0.075853
0 0.323242 0.541087 0.099609 0.078382
0 0.221680 0.619469 0.101562 0.075853
0 0.320801 0.618837 0.096680 0.077118
0 0.223145 0.695322 0.102539 0.075853
0 0.319336 0.692794 0.095703 0.073325
0 0.422852 0.525284 0.097656 0.041719
0 0.523926 0.524020 0.102539 0.036662
0 0.625000 0.539823 0.097656 0.075853
0 0.724121 0.541087 0.100586 0.073325
0 0.627930 0.618205 0.091797 0.078382
0 0.723633 0.618837 0.099609 0.077118
0 0.627930 0.691530 0.093750 0.070796
0 0.724609 0.692162 0.099609 0.069532
