0 0.387695 0.334961 0.056641 0.142578
0 0.472656 0.367188 0.054688 0.144531
0 0.551758 0.400391 0.044922 0.128906
0 0.615234 0.422852 0.042969 0.126953
0 0.681641 0.448242 0.046875 0.115234
0 0.721680 0.465820 0.033203 0.103516
0 0.388672 0.469727 0.054688 0.154297
0 0.471680 0.492188 0.052734 0.140625
0 0.547852 0.516602 0.044922 0.134766
0 0.617188 0.535156 0.042969 0.121094
0 0.681641 0.555664 0.046875 0.123047
0 0.390625 0.616211 0.058594 0.166016
0 0.469727 0.627930 0.052734 0.154297
0 0.548828 0.642578 0.050781 0.148438
0 0.615234 0.653320 0.050781 0.134766
0 0.682617 0.669922 0.044922 0.121094
0 0.720703 0.675781 0.031250 0.117188
0 0.388672 0.765625 0.062500 0.148438
0 0.471680 0.768555 0.052734 0.134766
0 0.548828 0.773438 0.054688 0.125000
0 0.618164 0.779297 0.052734 0.117188
0 0.683594 0.782227 0.046875 0.111328
0 0.721680 0.785156 0.029297 0.105469
0 0.389648 0.896484 0.064453 0.117188
0 0.474609 0.896484 0.058594 0.121094
0 0.549805 0.896484 0.052734 0.125000
0 0.618164 0.895508 0.052734 0.119141
0 0.683594 0.887695 0.046875 0.103516
