0 0.328059 0.348790 0.107595 0.213710
0 0.426160 0.332661 0.105485 0.229839
0 0.537975 0.310484 0.113924 0.241935
0 0.652954 0.288306 0.116034 0.237903
0 0.791139 0.254032 0.164557 0.274194
0 0.162447 0.185484 0.059072 0.153226
0 0.206751 0.183468 0.042194 0.141129
0 0.152954 0.322581 0.061181 0.145161
0 0.198312 0.318548 0.042194 0.145161
0 0.142405 0.457661 0.065401 0.149194
0 0.184599 0.463710 0.044304 0.153226
0 0.129747 0.604839 0.056962 0.145161
0 0.175105 0.598790 0.042194 0.149194
0 0.117089 0.747984 0.065401 0.149194
0 0.161392 0.752016 0.044304 0.157258
0 0.103376 0.899194 0.067511 0.153226
0 0.155063 0.901210 0.048523 0.149194
4 0.372363 0.820565 0.111814 0.334677
