0 0.019043 0.030639 0.032227 0.043025
0 0.054199 0.031291 0.038086 0.041721
0 0.088379 0.031291 0.030273 0.041721
0 0.117188 0.033246 0.027344 0.037810
0 0.150879 0.035202 0.040039 0.041721
0 0.184570 0.035854 0.027344 0.040417
0 0.212891 0.035202 0.029297 0.039113
0 0.247070 0.034550 0.039062 0.040417
0 0.280762 0.034550 0.028320 0.040417
0 0.309570 0.035854 0.029297 0.037810
0 0.342773 0.035854 0.037109 0.037810
0 0.375977 0.035854 0.029297 0.037810
0 0.404785 0.035854 0.028320 0.037810
0 0.438477 0.035854 0.039062 0.037810
0 0.471680 0.035202 0.027344 0.036506
0 0.500977 0.033898 0.031250 0.039113
0 0.534668 0.035202 0.036133 0.041721
0 0.534668 0.065841 0.036133 0.019557
0 0.501953 0.065189 0.029297 0.020860
0 0.472656 0.065841 0.029297 0.022164
0 0.438965 0.066493 0.038086 0.020860
0 0.405762 0.066493 0.028320 0.020860
0 0.376953 0.066493 0.029297 0.020860
0 0.343262 0.066493 0.038086 0.020860
0 0.310059 0.065189 0.028320 0.023468
0 0.281250 0.064537 0.029297 0.022164
0 0.247070 0.065189 0.039062 0.020860
0 0.213379 0.065841 0.028320 0.022164
0 0.185547 0.065841 0.027344 0.022164
0 0.152344 0.064537 0.039062 0.019557
0 0.118164 0.063885 0.029297 0.020860
0 0.089355 0.063885 0.028320 0.020860
0 0.055176 0.064537 0.040039 0.019557
0 0.019531 0.063885 0.031250 0.018253
0 0.019043 0.091265 0.030273 0.036506
0 0.054199 0.091265 0.040039 0.036506
0 0.088867 0.093220 0.029297 0.040417
0 0.117676 0.093872 0.028320 0.039113
0 0.151367 0.093872 0.039062 0.039113
0 0.185059 0.094524 0.028320 0.037810
0 0.213867 0.095176 0.029297 0.039113
0 0.247559 0.095176 0.038086 0.039113
0 0.280762 0.095176 0.028320 0.039113
0 0.308594 0.096480 0.027344 0.036506
0 0.341797 0.097132 0.039062 0.037810
0 0.376465 0.096480 0.030273 0.039113
0 0.405273 0.095828 0.027344 0.037810
0 0.437988 0.095176 0.038086 0.039113
0 0.471680 0.095176 0.029297 0.039113
0 0.500488 0.095176 0.028320 0.039113
0 0.534180 0.095828 0.039062 0.040417
0 0.534180 0.126467 0.039062 0.020860
0 0.500977 0.126467 0.027344 0.020860
0 0.472656 0.126467 0.029297 0.020860
0 0.438965 0.125163 0.038086 0.023468
0 0.405762 0.123207 0.028320 0.019557
0 0.376953 0.125163 0.029297 0.015645
0 0.342285 0.125815 0.040039 0.016949
0 0.309082 0.125163 0.026367 0.018253
0 0.281250 0.126467 0.029297 0.020860
0 0.248047 0.126467 0.037109 0.020860
0 0.214844 0.125815 0.029297 0.019557
0 0.185547 0.124511 0.029297 0.022164
0 0.151367 0.124511 0.039062 0.022164
0 0.117676 0.125163 0.028320 0.020860
0 0.088867 0.124511 0.029297 0.019557
0 0.054688 0.123207 0.039062 0.022164
0 0.019531 0.123207 0.031250 0.022164
0 0.019531 0.153846 0.031250 0.039113
0 0.054688 0.153194 0.039062 0.040417
0 0.087891 0.153194 0.027344 0.040417
0 0.116699 0.154498 0.030273 0.037810
0 0.150879 0.155802 0.038086 0.040417
0 0.184570 0.155802 0.029297 0.040417
0 0.212891 0.154498 0.027344 0.037810
0 0.247070 0.155150 0.041016 0.036506
0 0.281738 0.155150 0.028320 0.036506
0 0.310059 0.153194 0.028320 0.040417
0 0.343262 0.153194 0.038086 0.040417
0 0.376953 0.154498 0.029297 0.037810
0 0.404785 0.155150 0.026367 0.039113
0 0.437500 0.155802 0.039062 0.037810
0 0.471680 0.156454 0.029297 0.039113
0 0.500488 0.156454 0.028320 0.039113
0 0.534180 0.156454 0.039062 0.039113
0 0.534668 0.186441 0.038086 0.020860
0 0.500977 0.187093 0.029297 0.019557
0 0.472656 0.187744 0.027344 0.020860
0 0.439453 0.187093 0.039062 0.022164
0 0.405273 0.185789 0.029297 0.019557
0 0.376465 0.185137 0.028320 0.020860
0 0.343262 0.184485 0.038086 0.019557
0 0.309570 0.183833 0.029297 0.020860
0 0.280273 0.185789 0.029297 0.024772
0 0.246582 0.187093 0.038086 0.022164
0 0.212891 0.186441 0.029297 0.020860
0 0.184082 0.187744 0.028320 0.018253
0 0.151367 0.188396 0.037109 0.019557
0 0.117676 0.186441 0.030273 0.023468
0 0.088867 0.185789 0.027344 0.022164
0 0.055176 0.185789 0.040039 0.022164
0 0.019531 0.185789 0.031250 0.022164
0 0.019531 0.214472 0.031250 0.035202
0 0.055664 0.214472 0.041016 0.035202
0 0.089844 0.215776 0.027344 0.037810
0 0.117676 0.216428 0.028320 0.036506
0 0.150879 0.217080 0.038086 0.037810
0 0.184082 0.215776 0.028320 0.040417
0 0.212402 0.215124 0.028320 0.039113
0 0.246094 0.217080 0.039062 0.035202
0 0.279297 0.217080 0.027344 0.035202
0 0.309082 0.215124 0.032227 0.039113
0 0.343262 0.215776 0.036133 0.040417
0 0.375977 0.216428 0.029297 0.039113
0 0.405273 0.216428 0.029297 0.039113
0 0.438965 0.217080 0.038086 0.037810
0 0.472168 0.217080 0.028320 0.037810
0 0.500977 0.216428 0.029297 0.039113
0 0.535156 0.216428 0.039062 0.039113
0 0.535156 0.247718 0.039062 0.023468
0 0.500977 0.248370 0.029297 0.022164
0 0.472168 0.248370 0.028320 0.022164
0 0.438965 0.247718 0.038086 0.023468
0 0.405273 0.247066 0.029297 0.022164
0 0.376465 0.247718 0.028320 0.020860
0 0.343262 0.247718 0.038086 0.020860
0 0.309082 0.245763 0.030273 0.024772
0 0.279297 0.244459 0.029297 0.022164
0 0.246094 0.245763 0.037109 0.019557
0 0.212891 0.246415 0.029297 0.020860
0 0.185059 0.247718 0.026367 0.018253
0 0.151855 0.247718 0.040039 0.018253
0 0.117188 0.245763 0.029297 0.022164
0 0.088867 0.246415 0.027344 0.023468
0 0.055664 0.246415 0.039062 0.023468
0 0.020508 0.246415 0.031250 0.023468
0 0.020996 0.277053 0.032227 0.037810
0 0.055664 0.277053 0.037109 0.037810
0 0.089355 0.277053 0.030273 0.037810
0 0.118652 0.277053 0.028320 0.037810
0 0.151367 0.277705 0.037109 0.039113
0 0.184082 0.277705 0.028320 0.039113
0 0.212402 0.276402 0.028320 0.036506
0 0.246094 0.276402 0.039062 0.036506
0 0.279785 0.276402 0.028320 0.036506
0 0.308594 0.277053 0.029297 0.035202
0 0.342773 0.278357 0.039062 0.037810
0 0.376953 0.277705 0.029297 0.039113
0 0.405273 0.276402 0.027344 0.036506
0 0.438477 0.276402 0.039062 0.036506
0 0.472168 0.277053 0.028320 0.037810
0 0.500488 0.277705 0.028320 0.036506
0 0.534180 0.279661 0.039062 0.040417
0 0.533691 0.308996 0.040039 0.018253
0 0.500488 0.307040 0.026367 0.022164
0 0.472656 0.308344 0.029297 0.024772
0 0.438477 0.307692 0.039062 0.026076
0 0.405273 0.307040 0.027344 0.024772
0 0.376953 0.308344 0.029297 0.022164
0 0.343262 0.307692 0.038086 0.020860
0 0.309082 0.306389 0.030273 0.023468
0 0.279297 0.307040 0.029297 0.024772
0 0.247070 0.308344 0.035156 0.022164
0 0.214844 0.307040 0.029297 0.019557
0 0.185059 0.307040 0.030273 0.019557
0 0.150879 0.307040 0.038086 0.019557
0 0.117676 0.306389 0.028320 0.020860
0 0.089844 0.306389 0.027344 0.020860
0 0.056641 0.307692 0.039062 0.018253
0 0.020508 0.307692 0.033203 0.018253
0 0.020508 0.337679 0.033203 0.041721
0 0.055664 0.337679 0.037109 0.041721
0 0.088379 0.337027 0.028320 0.040417
0 0.117676 0.337027 0.030273 0.040417
0 0.151367 0.336375 0.037109 0.039113
0 0.184570 0.335724 0.029297 0.040417
0 0.213379 0.335724 0.028320 0.040417
0 0.246582 0.337679 0.038086 0.036506
0 0.279785 0.337679 0.028320 0.036506
0 0.309570 0.337679 0.031250 0.036506
0 0.344238 0.337679 0.038086 0.036506
0 0.377441 0.337027 0.028320 0.037810
0 0.405273 0.336375 0.027344 0.036506
0 0.438477 0.337679 0.039062 0.033898
0 0.471680 0.338331 0.027344 0.035202
0 0.500000 0.337679 0.029297 0.036506
0 0.534180 0.339635 0.039062 0.040417
0 0.534668 0.368970 0.038086 0.018253
0 0.500488 0.367666 0.030273 0.020860
0 0.471191 0.368318 0.028320 0.022164
0 0.438477 0.368970 0.037109 0.020860
0 0.405273 0.368318 0.029297 0.019557
0 0.376465 0.368318 0.028320 0.019557
0 0.343262 0.367666 0.038086 0.018253
0 0.310059 0.367666 0.028320 0.018253
0 0.281250 0.367666 0.029297 0.018253
0 0.247070 0.366362 0.039062 0.020860
0 0.212891 0.366362 0.029297 0.020860
0 0.183105 0.365711 0.030273 0.022164
0 0.150879 0.366362 0.034180 0.023468
0 0.117676 0.367666 0.032227 0.020860
0 0.087891 0.367014 0.027344 0.019557
0 0.055664 0.367666 0.037109 0.018253
0 0.021484 0.367666 0.031250 0.018253
0 0.020508 0.397001 0.029297 0.040417
0 0.055176 0.397001 0.040039 0.040417
0 0.088379 0.397653 0.026367 0.041721
0 0.117188 0.398305 0.031250 0.040417
0 0.150879 0.397653 0.036133 0.039113
0 0.182617 0.397001 0.027344 0.040417
0 0.211426 0.396349 0.030273 0.039113
0 0.246094 0.398305 0.039062 0.035202
0 0.279785 0.398957 0.028320 0.036506
0 0.309082 0.398957 0.030273 0.036506
0 0.342285 0.399609 0.036133 0.037810
0 0.375488 0.398305 0.030273 0.040417
0 0.404785 0.397653 0.028320 0.039113
0 0.437988 0.398305 0.038086 0.037810
0 0.470215 0.398305 0.026367 0.037810
0 0.500000 0.398305 0.033203 0.037810
0 0.534668 0.398305 0.036133 0.037810
0 0.534180 0.428292 0.037109 0.022164
0 0.500488 0.430248 0.030273 0.018253
0 0.471680 0.429596 0.027344 0.016949
0 0.438965 0.428292 0.038086 0.019557
0 0.405273 0.428944 0.029297 0.020860
0 0.376465 0.429596 0.028320 0.019557
0 0.343262 0.428944 0.038086 0.018253
0 0.309082 0.428292 0.030273 0.019557
0 0.280273 0.426988 0.027344 0.016949
0 0.247070 0.426988 0.039062 0.016949
0 0.213867 0.428944 0.027344 0.020860
0 0.184570 0.428292 0.031250 0.022164
0 0.150391 0.429596 0.037109 0.024772
0 0.116699 0.429596 0.030273 0.024772
0 0.088379 0.427640 0.026367 0.020860
0 0.056152 0.428292 0.038086 0.019557
0 0.020508 0.427640 0.033203 0.020860
0 0.019531 0.457627 0.031250 0.039113
0 0.055664 0.458279 0.041016 0.037810
0 0.088867 0.456323 0.025391 0.033898
0 0.117188 0.456975 0.031250 0.032595
0 0.150879 0.458931 0.036133 0.036506
0 0.184570 0.458279 0.031250 0.037810
0 0.213867 0.456975 0.027344 0.035202
0 0.247559 0.456323 0.040039 0.036506
0 0.280762 0.458279 0.026367 0.040417
0 0.309082 0.458931 0.030273 0.039113
0 0.342773 0.458279 0.037109 0.037810
0 0.375977 0.458279 0.029297 0.037810
0 0.404785 0.458931 0.028320 0.039113
0 0.438477 0.458279 0.039062 0.040417
0 0.471191 0.458279 0.026367 0.040417
0 0.499512 0.458931 0.030273 0.039113
0 0.534180 0.460235 0.039062 0.041721
0 0.535156 0.491525 0.037109 0.020860
0 0.500977 0.491525 0.031250 0.020860
0 0.471680 0.491525 0.027344 0.020860
0 0.438477 0.491525 0.039062 0.020860
0 0.404785 0.490874 0.028320 0.019557
0 0.376465 0.489570 0.028320 0.022164
0 0.343262 0.489570 0.038086 0.022164
0 0.309082 0.488918 0.030273 0.023468
0 0.279297 0.488918 0.029297 0.023468
0 0.246094 0.488918 0.037109 0.023468
0 0.213379 0.488918 0.028320 0.023468
0 0.184570 0.488266 0.029297 0.024772
0 0.151367 0.488918 0.037109 0.026076
0 0.117676 0.489570 0.030273 0.024772
0 0.088379 0.488918 0.028320 0.023468
0 0.055176 0.488918 0.038086 0.023468
0 0.020020 0.488266 0.032227 0.022164
0 0.020020 0.519557 0.032227 0.040417
0 0.055664 0.520209 0.039062 0.039113
0 0.088867 0.520209 0.027344 0.039113
0 0.117676 0.520209 0.030273 0.039113
0 0.150879 0.520209 0.036133 0.039113
0 0.184082 0.520209 0.030273 0.039113
0 0.213867 0.520209 0.029297 0.039113
0 0.246582 0.520209 0.036133 0.039113
0 0.279297 0.519557 0.029297 0.037810
0 0.309082 0.519557 0.030273 0.037810
0 0.343262 0.520209 0.038086 0.039113
0 0.376953 0.518905 0.029297 0.041721
0 0.405762 0.519557 0.028320 0.043025
0 0.439453 0.520209 0.039062 0.041721
0 0.472168 0.519557 0.026367 0.040417
0 0.502441 0.519557 0.034180 0.040417
0 0.536133 0.519557 0.033203 0.040417
0 0.533691 0.550847 0.038086 0.022164
0 0.500488 0.550847 0.028320 0.022164
0 0.472168 0.550196 0.028320 0.020860
0 0.438965 0.550847 0.038086 0.019557
0 0.405762 0.551499 0.028320 0.020860
0 0.377441 0.550847 0.028320 0.022164
0 0.342773 0.551499 0.041016 0.023468
0 0.308594 0.551499 0.027344 0.023468
0 0.280273 0.550196 0.029297 0.020860
0 0.247070 0.550847 0.037109 0.019557
0 0.212891 0.550196 0.031250 0.018253
0 0.183594 0.548892 0.027344 0.020860
0 0.151367 0.549544 0.037109 0.022164
0 0.118164 0.549544 0.029297 0.022164
0 0.089355 0.550196 0.028320 0.023468
0 0.055664 0.550196 0.039062 0.023468
0 0.020020 0.548892 0.032227 0.020860
0 0.020020 0.579531 0.032227 0.040417
0 0.055664 0.580834 0.039062 0.037810
0 0.089355 0.580834 0.028320 0.037810
0 0.118164 0.580183 0.029297 0.039113
0 0.151855 0.580834 0.038086 0.040417
0 0.185059 0.581486 0.028320 0.039113
0 0.213379 0.579531 0.028320 0.035202
0 0.246582 0.578879 0.038086 0.036506
0 0.280273 0.580183 0.029297 0.039113
0 0.309570 0.581486 0.029297 0.036506
0 0.343262 0.580183 0.038086 0.033898
0 0.376953 0.579531 0.029297 0.035202
0 0.404785 0.581486 0.026367 0.039113
0 0.437988 0.581486 0.040039 0.039113
0 0.472168 0.580834 0.028320 0.037810
0 0.500488 0.580834 0.028320 0.037810
0 0.534180 0.580834 0.039062 0.037810
0 0.534180 0.611473 0.039062 0.023468
0 0.500977 0.610821 0.027344 0.022164
0 0.472656 0.611473 0.029297 0.020860
0 0.438477 0.612125 0.039062 0.022164
0 0.405762 0.611473 0.026367 0.023468
0 0.377930 0.611473 0.029297 0.023468
0 0.343750 0.611473 0.039062 0.023468
0 0.309570 0.611473 0.029297 0.023468
0 0.280762 0.612125 0.028320 0.022164
0 0.247070 0.611473 0.039062 0.020860
0 0.212891 0.610821 0.029297 0.022164
0 0.184082 0.610821 0.028320 0.022164
0 0.151367 0.611473 0.037109 0.020860
0 0.117676 0.611473 0.030273 0.020860
0 0.088867 0.611473 0.027344 0.020860
0 0.056641 0.610821 0.037109 0.019557
0 0.021973 0.610169 0.032227 0.020860
0 0.020996 0.641460 0.030273 0.041721
0 0.056152 0.641460 0.040039 0.041721
0 0.089844 0.640808 0.027344 0.040417
0 0.118164 0.641460 0.029297 0.039113
0 0.152344 0.642112 0.039062 0.040417
0 0.185547 0.640808 0.027344 0.043025
0 0.213379 0.640808 0.028320 0.043025
0 0.247559 0.642112 0.040039 0.040417
0 0.281250 0.641460 0.027344 0.039113
0 0.309570 0.640808 0.029297 0.040417
0 0.343262 0.641460 0.038086 0.041721
0 0.376953 0.642764 0.029297 0.039113
0 0.405762 0.642764 0.028320 0.039113
0 0.438477 0.642764 0.037109 0.039113
0 0.471680 0.640808 0.029297 0.035202
0 0.501465 0.640156 0.030273 0.036506
0 0.535156 0.640808 0.037109 0.037810
0 0.534180 0.672099 0.039062 0.024772
0 0.500488 0.672751 0.028320 0.023468
0 0.472168 0.670795 0.028320 0.019557
0 0.438965 0.670795 0.038086 0.019557
0 0.405762 0.670795 0.028320 0.019557
0 0.377441 0.672099 0.028320 0.016949
0 0.344238 0.672751 0.038086 0.018253
0 0.309570 0.671447 0.031250 0.020860
0 0.279785 0.671447 0.028320 0.020860
0 0.246582 0.672099 0.038086 0.019557
0 0.212891 0.671447 0.029297 0.018253
0 0.184570 0.670795 0.027344 0.019557
0 0.151855 0.670795 0.038086 0.019557
0 0.118164 0.670795 0.029297 0.019557
0 0.089355 0.671447 0.028320 0.020860
0 0.055664 0.671447 0.039062 0.020860
0 0.020996 0.672099 0.030273 0.022164
0 0.020508 0.702738 0.029297 0.039113
0 0.055176 0.703390 0.040039 0.037810
0 0.088867 0.702738 0.027344 0.036506
0 0.117676 0.701434 0.030273 0.039113
0 0.151367 0.701434 0.037109 0.039113
0 0.185059 0.700782 0.030273 0.040417
0 0.213867 0.700130 0.027344 0.039113
0 0.246582 0.700782 0.038086 0.037810
0 0.280273 0.701434 0.029297 0.039113
0 0.309570 0.702086 0.029297 0.037810
0 0.342285 0.702086 0.036133 0.037810
0 0.375488 0.702086 0.030273 0.037810
0 0.404785 0.702738 0.028320 0.039113
0 0.438965 0.702086 0.040039 0.040417
0 0.472656 0.701434 0.027344 0.039113
0 0.500000 0.701434 0.027344 0.039113
0 0.533203 0.700782 0.039062 0.037810
0 0.533691 0.730769 0.038086 0.022164
0 0.500488 0.731421 0.028320 0.020860
0 0.472168 0.732725 0.028320 0.023468
0 0.439941 0.733377 0.036133 0.022164
0 0.406250 0.730769 0.031250 0.016949
0 0.375488 0.730117 0.030273 0.018253
0 0.342285 0.732725 0.036133 0.023468
0 0.309082 0.732725 0.030273 0.023468
0 0.280273 0.732073 0.027344 0.022164
0 0.246582 0.731421 0.040039 0.023468
0 0.212891 0.731421 0.027344 0.023468
0 0.185547 0.732073 0.027344 0.022164
0 0.152344 0.732073 0.039062 0.022164
0 0.117188 0.732073 0.031250 0.022164
0 0.087891 0.732073 0.027344 0.022164
0 0.055664 0.731421 0.037109 0.023468
0 0.021484 0.731421 0.031250 0.023468
0 0.020508 0.761408 0.029297 0.036506
0 0.055176 0.760756 0.040039 0.037810
0 0.089844 0.761408 0.029297 0.039113
0 0.118164 0.762060 0.027344 0.037810
0 0.151367 0.762712 0.039062 0.039113
0 0.185059 0.762712 0.028320 0.039113
0 0.213379 0.762060 0.028320 0.037810
0 0.247070 0.762060 0.039062 0.037810
0 0.280273 0.762060 0.027344 0.037810
0 0.309570 0.762060 0.031250 0.037810
0 0.343262 0.762712 0.036133 0.039113
0 0.375977 0.762060 0.029297 0.040417
0 0.405273 0.761408 0.029297 0.039113
0 0.438965 0.763364 0.038086 0.035202
0 0.472168 0.763364 0.028320 0.035202
0 0.500488 0.762060 0.028320 0.037810
0 0.533691 0.762060 0.038086 0.037810
0 0.533691 0.792699 0.038086 0.023468
0 0.500000 0.793351 0.029297 0.022164
0 0.471191 0.793351 0.028320 0.022164
0 0.438965 0.793351 0.036133 0.022164
0 0.405762 0.792699 0.030273 0.020860
0 0.375488 0.793351 0.030273 0.019557
0 0.342285 0.794003 0.036133 0.020860
0 0.308594 0.792699 0.031250 0.023468
0 0.279297 0.792699 0.027344 0.023468
0 0.246582 0.793351 0.038086 0.022164
0 0.212891 0.792699 0.029297 0.020860
0 0.184570 0.792047 0.027344 0.022164
0 0.150391 0.791395 0.041016 0.020860
0 0.116699 0.790743 0.026367 0.022164
0 0.089355 0.792047 0.028320 0.024772
0 0.056152 0.792699 0.038086 0.023468
0 0.020996 0.792047 0.032227 0.022164
0 0.020020 0.822686 0.030273 0.039113
0 0.055176 0.823338 0.040039 0.037810
0 0.089844 0.822686 0.029297 0.036506
0 0.118164 0.821382 0.027344 0.039113
0 0.151855 0.822034 0.040039 0.040417
0 0.185547 0.822686 0.027344 0.039113
0 0.212891 0.822034 0.027344 0.037810
0 0.246094 0.822686 0.039062 0.036506
0 0.279785 0.822686 0.028320 0.036506
0 0.309082 0.822686 0.030273 0.036506
0 0.342773 0.821382 0.037109 0.033898
0 0.376465 0.820730 0.030273 0.035202
0 0.405273 0.822686 0.027344 0.039113
0 0.438477 0.823338 0.039062 0.037810
0 0.471680 0.822686 0.027344 0.036506
0 0.500000 0.822686 0.029297 0.036506
0 0.533691 0.822686 0.038086 0.036506
0 0.533691 0.857236 0.038086 0.032595
0 0.500977 0.857236 0.027344 0.032595
0 0.472656 0.856584 0.029297 0.031291
0 0.437988 0.855932 0.040039 0.032595
0 0.403809 0.856584 0.028320 0.033898
0 0.375977 0.857236 0.027344 0.032595
0 0.343750 0.857236 0.037109 0.032595
0 0.311035 0.857888 0.028320 0.031291
0 0.282227 0.857236 0.029297 0.029987
0 0.247070 0.856584 0.041016 0.031291
0 0.212402 0.857236 0.028320 0.032595
0 0.183594 0.857236 0.029297 0.032595
0 0.150879 0.857236 0.036133 0.032595
0 0.118652 0.855932 0.028320 0.035202
0 0.089844 0.855932 0.029297 0.035202
0 0.055176 0.858540 0.040039 0.029987
0 0.019531 0.858540 0.031250 0.029987
0 0.019531 0.893742 0.031250 0.040417
0 0.054688 0.893090 0.039062 0.041721
0 0.088867 0.891134 0.029297 0.037810
0 0.118164 0.891134 0.029297 0.037810
0 0.151367 0.891134 0.037109 0.037810
0 0.184082 0.893090 0.028320 0.033898
0 0.212402 0.892438 0.028320 0.032595
0 0.246582 0.890482 0.040039 0.036506
0 0.280762 0.891786 0.028320 0.039113
0 0.310059 0.892438 0.030273 0.037810
0 0.343262 0.891786 0.036133 0.036506
0 0.376465 0.893090 0.030273 0.033898
0 0.404785 0.893090 0.026367 0.033898
0 0.437012 0.892438 0.038086 0.035202
0 0.470703 0.893090 0.029297 0.036506
0 0.500977 0.893090 0.031250 0.036506
0 0.534668 0.892438 0.036133 0.035202
0 0.533691 0.921773 0.038086 0.023468
0 0.500488 0.923077 0.028320 0.020860
0 0.471680 0.923729 0.029297 0.022164
0 0.437988 0.923077 0.038086 0.023468
0 0.405273 0.923077 0.027344 0.023468
0 0.376953 0.923729 0.029297 0.022164
0 0.343262 0.923729 0.038086 0.022164
0 0.310059 0.923729 0.028320 0.022164
0 0.280762 0.923077 0.028320 0.020860
0 0.247070 0.921773 0.039062 0.023468
0 0.213379 0.921121 0.028320 0.022164
0 0.185059 0.921773 0.028320 0.020860
0 0.151855 0.922425 0.038086 0.022164
0 0.118652 0.922425 0.028320 0.022164
0 0.090332 0.922425 0.028320 0.022164
0 0.055664 0.924381 0.041016 0.018253
0 0.019531 0.924381 0.031250 0.018253
0 0.019043 0.955671 0.030273 0.044329
0 0.054688 0.956323 0.041016 0.040417
0 0.088867 0.954368 0.027344 0.036506
0 0.117676 0.952412 0.030273 0.040417
0 0.151855 0.952412 0.038086 0.040417
0 0.185547 0.951760 0.029297 0.041721
0 0.214355 0.951108 0.028320 0.040417
0 0.247070 0.952412 0.037109 0.037810
0 0.280762 0.951108 0.030273 0.035202
0 0.310547 0.951760 0.029297 0.033898
0 0.343750 0.953064 0.037109 0.036506
0 0.377930 0.952412 0.031250 0.037810
0 0.406738 0.952412 0.026367 0.037810
0 0.438477 0.952412 0.037109 0.037810
0 0.471680 0.951760 0.029297 0.036506
0 0.500977 0.951760 0.029297 0.036506
0 0.534668 0.951108 0.038086 0.035202
0 0.535156 0.981747 0.037109 0.026076
0 0.501953 0.983703 0.029297 0.022164
0 0.472656 0.985007 0.029297 0.024772
0 0.439941 0.985007 0.036133 0.024772
0 0.406738 0.985007 0.030273 0.024772
0 0.377930 0.984355 0.027344 0.026076
0 0.344727 0.983703 0.039062 0.024772
0 0.310059 0.983051 0.030273 0.026076
0 0.281250 0.982399 0.027344 0.024772
0 0.248535 0.983703 0.038086 0.022164
0 0.215332 0.981747 0.028320 0.018253
0 0.186523 0.981095 0.029297 0.019557
0 0.152344 0.983051 0.039062 0.023468
0 0.117676 0.982399 0.030273 0.024772
0 0.088379 0.982399 0.028320 0.024772
0 0.054688 0.983703 0.039062 0.022164
0 0.019531 0.984355 0.031250 0.023468
0 0.567871 0.035202 0.028320 0.041721
0 0.596191 0.036506 0.028320 0.039113
0 0.629883 0.035854 0.039062 0.037810
0 0.663086 0.035854 0.027344 0.037810
0 0.691406 0.036506 0.029297 0.039113
0 0.715820 0.037158 0.019531 0.037810
0 0.567871 0.065189 0.028320 0.020860
0 0.595703 0.065189 0.027344 0.020860
0 0.628906 0.065841 0.039062 0.022164
0 0.662598 0.065841 0.028320 0.022164
0 0.691406 0.066493 0.029297 0.023468
0 0.716309 0.067797 0.020508 0.020860
0 0.568359 0.093220 0.027344 0.040417
0 0.595703 0.094524 0.027344 0.037810
0 0.628418 0.094524 0.038086 0.037810
0 0.662109 0.095176 0.029297 0.036506
0 0.690918 0.096480 0.028320 0.039113
0 0.715332 0.097784 0.020508 0.036506
0 0.568848 0.124511 0.028320 0.024772
0 0.596680 0.125163 0.027344 0.023468
0 0.629395 0.125163 0.038086 0.023468
0 0.663086 0.125815 0.029297 0.022164
0 0.692383 0.125815 0.029297 0.022164
0 0.716309 0.127119 0.018555 0.019557
0 0.567383 0.156454 0.027344 0.039113
0 0.595703 0.156454 0.029297 0.039113
0 0.628906 0.156454 0.037109 0.039113
0 0.662109 0.157106 0.029297 0.037810
0 0.690918 0.157757 0.028320 0.039113
0 0.715820 0.157106 0.021484 0.040417
0 0.567871 0.186441 0.026367 0.020860
0 0.596191 0.186441 0.030273 0.020860
0 0.629395 0.186441 0.036133 0.020860
0 0.662109 0.186441 0.029297 0.020860
0 0.691406 0.187093 0.029297 0.022164
0 0.717285 0.188396 0.022461 0.019557
0 0.568359 0.216428 0.027344 0.039113
0 0.596191 0.216428 0.028320 0.039113
0 0.629395 0.215776 0.038086 0.037810
0 0.662598 0.216428 0.028320 0.036506
0 0.691406 0.217080 0.029297 0.037810
0 0.716797 0.217080 0.021484 0.037810
0 0.597168 0.246415 0.028320 0.020860
0 0.568359 0.247718 0.027344 0.020860
0 0.568359 0.277705 0.027344 0.039113
0 0.629883 0.246415 0.037109 0.020860
0 0.662598 0.246415 0.028320 0.020860
0 0.690918 0.246415 0.028320 0.020860
0 0.716309 0.247718 0.020508 0.020860
0 0.596191 0.276402 0.030273 0.036506
0 0.629883 0.277053 0.037109 0.035202
0 0.661621 0.277053 0.026367 0.035202
0 0.690430 0.276402 0.031250 0.036506
0 0.716797 0.277053 0.021484 0.037810
0 0.568848 0.306389 0.028320 0.020860
0 0.597168 0.305737 0.028320 0.022164
0 0.629883 0.305737 0.037109 0.022164
0 0.662109 0.306389 0.027344 0.020860
0 0.690918 0.307040 0.030273 0.022164
0 0.716797 0.307692 0.021484 0.020860
0 0.568848 0.337679 0.028320 0.039113
0 0.596191 0.337679 0.026367 0.039113
0 0.629395 0.337679 0.040039 0.039113
0 0.663086 0.338331 0.027344 0.037810
0 0.691406 0.338331 0.029297 0.037810
0 0.716797 0.338983 0.021484 0.036506
0 0.568359 0.368318 0.027344 0.022164
0 0.596191 0.368318 0.028320 0.022164
0 0.629395 0.368318 0.038086 0.022164
0 0.662598 0.368318 0.028320 0.022164
0 0.691406 0.367666 0.029297 0.020860
0 0.716797 0.367666 0.021484 0.020860
0 0.567383 0.398957 0.029297 0.039113
0 0.596191 0.398957 0.028320 0.039113
0 0.629395 0.398305 0.038086 0.037810
0 0.662109 0.398305 0.027344 0.037810
0 0.690430 0.398305 0.029297 0.037810
0 0.715820 0.398957 0.021484 0.036506
0 0.567383 0.428292 0.029297 0.022164
0 0.596191 0.428944 0.028320 0.020860
0 0.629883 0.428944 0.039062 0.020860
0 0.663086 0.428292 0.027344 0.022164
0 0.691406 0.427640 0.029297 0.020860
0 0.716309 0.427640 0.020508 0.020860
0 0.567871 0.458931 0.028320 0.039113
0 0.595703 0.458931 0.027344 0.039113
0 0.628906 0.458279 0.039062 0.037810
0 0.662598 0.458279 0.030273 0.037810
0 0.691895 0.458279 0.028320 0.037810
0 0.716797 0.458279 0.021484 0.037810
0 0.567383 0.490222 0.027344 0.020860
0 0.595703 0.489570 0.029297 0.022164
0 0.629883 0.489570 0.039062 0.022164
0 0.663574 0.488266 0.028320 0.024772
0 0.691895 0.487614 0.028320 0.023468
0 0.716797 0.488918 0.021484 0.020860
0 0.567383 0.520209 0.029297 0.036506
0 0.596680 0.520209 0.029297 0.036506
0 0.629883 0.520209 0.037109 0.036506
0 0.662598 0.520209 0.028320 0.036506
0 0.691406 0.521512 0.029297 0.039113
0 0.716309 0.520209 0.020508 0.041721
0 0.736328 0.518905 0.019531 0.039113
0 0.758301 0.519557 0.024414 0.037810
0 0.567871 0.550847 0.030273 0.022164
0 0.597168 0.550196 0.028320 0.023468
0 0.630371 0.550196 0.038086 0.023468
0 0.663086 0.550196 0.027344 0.023468
0 0.691895 0.549544 0.030273 0.022164
0 0.717773 0.549544 0.021484 0.022164
0 0.737305 0.549544 0.017578 0.022164
0 0.758301 0.548892 0.024414 0.023468
0 0.567871 0.581486 0.026367 0.039113
0 0.595703 0.580834 0.029297 0.040417
0 0.629395 0.579531 0.038086 0.037810
0 0.662598 0.579531 0.028320 0.037810
0 0.691406 0.580183 0.029297 0.039113
0 0.717285 0.580183 0.022461 0.039113
0 0.737305 0.577575 0.017578 0.033898
0 0.758301 0.577575 0.024414 0.033898
0 0.568359 0.609518 0.027344 0.019557
0 0.595703 0.608866 0.027344 0.018253
0 0.630371 0.612777 0.038086 0.026076
0 0.629883 0.608866 0.041016 0.018253
0 0.664062 0.608866 0.027344 0.018253
0 0.691895 0.608866 0.028320 0.018253
0 0.717285 0.609518 0.022461 0.016949
0 0.738281 0.606258 0.017578 0.020860
0 0.759277 0.608866 0.024414 0.026076
0 0.736328 0.005867 0.015625 0.009126
0 0.757812 0.006519 0.025391 0.010430
0 0.735840 0.021512 0.018555 0.019557
0 0.756836 0.020209 0.023438 0.022164
0 0.735840 0.049544 0.018555 0.036506
0 0.756836 0.048892 0.023438 0.037810
0 0.735840 0.077575 0.018555 0.022164
0 0.757324 0.078879 0.024414 0.019557
0 0.735352 0.106910 0.017578 0.036506
0 0.757324 0.107562 0.026367 0.035202
0 0.737305 0.135593 0.017578 0.020860
0 0.737793 0.164928 0.016602 0.037810
0 0.736816 0.195567 0.014648 0.023468
0 0.736328 0.225554 0.015625 0.036506
0 0.736816 0.253585 0.016602 0.019557
0 0.737305 0.282269 0.015625 0.037810
0 0.737305 0.312256 0.015625 0.022164
0 0.736816 0.342243 0.016602 0.037810
0 0.736328 0.371578 0.015625 0.020860
0 0.736328 0.400913 0.015625 0.037810
0 0.736328 0.430248 0.015625 0.020860
0 0.736328 0.460235 0.015625 0.039113
0 0.758301 0.488266 0.026367 0.019557
0 0.758301 0.137549 0.024414 0.024772
0 0.758301 0.168188 0.024414 0.036506
0 0.757812 0.197523 0.023438 0.022164
0 0.757324 0.226206 0.024414 0.035202
0 0.757324 0.253585 0.024414 0.019557
0 0.757812 0.282269 0.023438 0.037810
0 0.757324 0.312907 0.022461 0.023468
0 0.756836 0.342894 0.023438 0.036506
0 0.756836 0.372229 0.023438 0.022164
0 0.756836 0.401565 0.023438 0.036506
0 0.756836 0.429596 0.023438 0.019557
0 0.756836 0.459583 0.023438 0.040417
0 0.567871 0.731421 0.028320 0.020860
0 0.595703 0.730117 0.027344 0.023468
0 0.628906 0.730117 0.039062 0.023468
0 0.662109 0.730117 0.027344 0.023468
0 0.690430 0.730117 0.029297 0.023468
0 0.715820 0.730117 0.021484 0.023468
0 0.568359 0.759452 0.027344 0.037810
0 0.596191 0.759452 0.028320 0.037810
0 0.629883 0.760756 0.039062 0.040417
0 0.662598 0.761408 0.026367 0.039113
0 0.690918 0.761408 0.030273 0.039113
0 0.716309 0.761408 0.020508 0.039113
0 0.568359 0.792699 0.027344 0.026076
0 0.596191 0.792047 0.028320 0.027379
0 0.629395 0.790743 0.038086 0.024772
0 0.662598 0.790743 0.028320 0.024772
0 0.691406 0.790743 0.029297 0.024772
0 0.716309 0.792047 0.020508 0.022164
0 0.568359 0.822686 0.027344 0.039113
0 0.596191 0.822686 0.028320 0.039113
0 0.629395 0.820730 0.038086 0.035202
0 0.662598 0.820730 0.028320 0.035202
0 0.690430 0.822034 0.027344 0.037810
0 0.716309 0.822686 0.024414 0.036506
0 0.568359 0.857236 0.027344 0.032595
0 0.596191 0.857236 0.028320 0.032595
0 0.628906 0.856584 0.037109 0.031291
0 0.661621 0.855932 0.028320 0.032595
0 0.689941 0.855932 0.028320 0.032595
0 0.715820 0.855932 0.023438 0.032595
0 0.568359 0.891134 0.027344 0.037810
0 0.596191 0.891134 0.028320 0.037810
0 0.629395 0.891134 0.038086 0.037810
0 0.662109 0.891134 0.027344 0.037810
0 0.690430 0.891134 0.029297 0.037810
0 0.717285 0.891134 0.024414 0.037810
0 0.566895 0.921121 0.026367 0.022164
0 0.594727 0.921773 0.029297 0.020860
0 0.628906 0.921121 0.039062 0.019557
0 0.662598 0.920469 0.028320 0.020860
0 0.689941 0.920469 0.026367 0.020860
0 0.715332 0.920469 0.024414 0.020860
0 0.566895 0.951760 0.026367 0.033898
0 0.594727 0.949804 0.029297 0.037810
0 0.628418 0.949804 0.038086 0.037810
0 0.662109 0.949804 0.029297 0.037810
0 0.689453 0.949804 0.025391 0.037810
0 0.714355 0.950456 0.024414 0.036506
0 0.568359 0.983051 0.027344 0.028683
0 0.596680 0.983703 0.029297 0.027379
0 0.628906 0.983703 0.035156 0.027379
0 0.661621 0.983051 0.030273 0.028683
0 0.690430 0.982399 0.027344 0.027379
0 0.715332 0.982399 0.022461 0.027379
0 0.736816 0.724902 0.016602 0.020860
0 0.736816 0.754237 0.016602 0.037810
0 0.736328 0.782920 0.015625 0.019557
0 0.736328 0.811604 0.015625 0.037810
0 0.736328 0.845502 0.015625 0.029987
0 0.735840 0.878096 0.016602 0.035202
0 0.735840 0.907432 0.016602 0.023468
0 0.735840 0.937419 0.016602 0.036506
0 0.735840 0.966102 0.016602 0.020860
0 0.735840 0.986962 0.016602 0.020860
0 0.758789 0.724250 0.021484 0.022164
0 0.757324 0.754237 0.024414 0.037810
0 0.756836 0.783572 0.023438 0.020860
0 0.757324 0.812256 0.022461 0.036506
0 0.756836 0.846806 0.021484 0.032595
0 0.755859 0.880052 0.023438 0.033898
0 0.755371 0.908735 0.022461 0.023468
0 0.756348 0.938070 0.020508 0.035202
0 0.756348 0.966102 0.020508 0.020860
0 0.755371 0.986962 0.022461 0.020860
0 0.852539 0.026076 0.021484 0.041721
0 0.852051 0.056714 0.022461 0.019557
0 0.851562 0.087353 0.021484 0.041721
0 0.852051 0.119296 0.020508 0.022164
0 0.852051 0.149935 0.020508 0.039113
0 0.851074 0.180574 0.022461 0.022164
0 0.851074 0.211213 0.022461 0.039113
0 0.852051 0.241851 0.020508 0.022164
0 0.852051 0.272490 0.020508 0.039113
0 0.852539 0.303781 0.019531 0.023468
0 0.852539 0.335072 0.019531 0.039113
0 0.852051 0.367014 0.020508 0.024772
0 0.852051 0.398305 0.020508 0.037810
0 0.852051 0.428292 0.020508 0.022164
0 0.852539 0.459583 0.021484 0.040417
0 0.852051 0.490222 0.022461 0.020860
0 0.851562 0.520209 0.021484 0.039113
0 0.851562 0.551499 0.021484 0.023468
0 0.852051 0.582790 0.022461 0.039113
0 0.852539 0.612125 0.021484 0.019557
0 0.852539 0.642764 0.021484 0.041721
0 0.852051 0.693611 0.022461 0.059974
0 0.852051 0.735984 0.022461 0.024772
0 0.851074 0.766623 0.024414 0.036506
0 0.850098 0.798566 0.022461 0.027379
0 0.850586 0.826597 0.021484 0.028683
0 0.850586 0.861147 0.021484 0.035202
0 0.850586 0.898957 0.021484 0.040417
0 0.851074 0.931551 0.022461 0.024772
0 0.851562 0.958931 0.021484 0.029987
0 0.852051 0.985658 0.022461 0.023468
0 0.875000 0.985658 0.023438 0.023468
0 0.874512 0.958931 0.024414 0.029987
0 0.874512 0.931551 0.024414 0.024772
0 0.875000 0.898305 0.023438 0.041721
0 0.875000 0.863103 0.023438 0.028683
0 0.875000 0.828553 0.023438 0.040417
0 0.874023 0.797262 0.021484 0.022164
0 0.875000 0.767927 0.019531 0.036506
0 0.875977 0.737288 0.021484 0.024772
0 0.875977 0.693611 0.021484 0.062581
0 0.875977 0.641460 0.021484 0.041721
0 0.875977 0.610821 0.021484 0.019557
0 0.875977 0.582138 0.021484 0.037810
0 0.875977 0.550847 0.021484 0.024772
0 0.876953 0.519557 0.023438 0.037810
0 0.876953 0.489570 0.023438 0.022164
0 0.876465 0.458279 0.022461 0.040417
0 0.876465 0.425684 0.022461 0.024772
0 0.876953 0.394394 0.023438 0.037810
0 0.875977 0.364407 0.023438 0.022164
0 0.875977 0.333116 0.023438 0.040417
0 0.875977 0.301825 0.023438 0.022164
0 0.876465 0.272490 0.024414 0.036506
0 0.876465 0.243155 0.024414 0.022164
0 0.875977 0.211864 0.023438 0.040417
0 0.875977 0.179270 0.023438 0.024772
0 0.875977 0.149283 0.023438 0.035202
0 0.876465 0.119296 0.022461 0.024772
0 0.875977 0.086701 0.021484 0.040417
0 0.875977 0.056714 0.021484 0.019557
0 0.876953 0.026076 0.023438 0.041721
0 0.934570 0.023468 0.021484 0.039113
0 0.958496 0.023468 0.026367 0.039113
0 0.933594 0.055411 0.019531 0.022164
0 0.957031 0.054759 0.027344 0.023468
0 0.933594 0.087353 0.021484 0.036506
0 0.957031 0.087353 0.025391 0.036506
0 0.934082 0.117340 0.022461 0.023468
0 0.957520 0.117340 0.024414 0.023468
0 0.932617 0.148631 0.021484 0.039113
0 0.956543 0.149283 0.026367 0.037810
0 0.932617 0.180574 0.021484 0.024772
0 0.956055 0.181226 0.025391 0.023468
0 0.932617 0.212516 0.019531 0.036506
0 0.955078 0.211864 0.025391 0.037810
0 0.933105 0.241851 0.020508 0.022164
0 0.956055 0.241851 0.025391 0.022164
0 0.933105 0.272490 0.020508 0.039113
0 0.955566 0.272490 0.024414 0.039113
0 0.933105 0.303781 0.020508 0.026076
0 0.955078 0.304433 0.023438 0.024772
0 0.932129 0.335072 0.020508 0.036506
0 0.953613 0.335724 0.022461 0.035202
0 0.933105 0.365059 0.020508 0.023468
0 0.954590 0.365711 0.022461 0.022164
0 0.932617 0.397001 0.021484 0.037810
0 0.954590 0.396349 0.022461 0.039113
0 0.932617 0.426988 0.021484 0.024772
0 0.955078 0.427640 0.023438 0.023468
0 0.931641 0.458931 0.021484 0.039113
0 0.955078 0.459583 0.023438 0.037810
0 0.954590 0.490222 0.024414 0.023468
0 0.932129 0.490222 0.020508 0.023468
0 0.931641 0.520860 0.019531 0.037810
0 0.954590 0.520860 0.026367 0.037810
0 0.932129 0.552151 0.020508 0.022164
0 0.955078 0.550847 0.025391 0.024772
0 0.932129 0.583442 0.020508 0.037810
0 0.954590 0.583442 0.024414 0.037810
0 0.932129 0.631682 0.018555 0.058670
0 0.953613 0.631682 0.024414 0.058670
0 0.932617 0.672751 0.019531 0.026076
0 0.954102 0.674055 0.023438 0.023468
0 0.932617 0.706649 0.021484 0.036506
0 0.954590 0.705997 0.022461 0.037810
0 0.932129 0.735984 0.022461 0.022164
0 0.955078 0.735984 0.023438 0.022164
0 0.930664 0.766623 0.023438 0.036506
0 0.954590 0.765971 0.024414 0.037810
0 0.930176 0.797262 0.022461 0.022164
0 0.953613 0.796610 0.024414 0.023468
0 0.931152 0.828553 0.022461 0.040417
0 0.954590 0.828553 0.024414 0.040417
0 0.933105 0.900261 0.022461 0.040417
0 0.955566 0.900261 0.022461 0.040417
0 0.931641 0.930900 0.021484 0.023468
0 0.955078 0.931551 0.025391 0.022164
0 0.932617 0.962190 0.021484 0.039113
0 0.955566 0.962190 0.024414 0.039113
0 0.930664 0.991525 0.019531 0.016949
0 0.956543 0.992177 0.026367 0.015645
