0 0.053711 0.352539 0.099609 0.255859
0 0.220703 0.193359 0.234375 0.382812
0 0.433594 0.075195 0.203125 0.146484
0 0.481445 0.238281 0.298828 0.472656
0 0.221680 0.452148 0.228516 0.404297
0 0.054688 0.604492 0.105469 0.244141
0 0.212891 0.771484 0.242188 0.425781
0 0.392578 0.662109 0.121094 0.332031
0 0.559570 0.548828 0.142578 0.414062
0 0.673828 0.518555 0.085938 0.361328
0 0.745117 0.579102 0.052734 0.298828
0 0.807617 0.611328 0.048828 0.265625
0 0.678711 0.856445 0.091797 0.201172
0 0.750977 0.890625 0.056641 0.160156
0 0.807617 0.923828 0.044922 0.128906
0 0.675781 0.178711 0.082031 0.318359
0 0.747070 0.254883 0.052734 0.240234
0 0.807617 0.301758 0.060547 0.220703
