0 0.016602 0.040483 0.031250 0.078125
0 0.051270 0.038352 0.038086 0.073864
0 0.089355 0.039773 0.038086 0.076705
0 0.125977 0.039773 0.035156 0.076705
0 0.163086 0.037642 0.039062 0.072443
0 0.200684 0.038352 0.034180 0.073864
0 0.237793 0.039773 0.040039 0.076705
0 0.276855 0.039773 0.038086 0.076705
0 0.313965 0.036932 0.036133 0.071023
0 0.349609 0.036932 0.035156 0.071023
0 0.385742 0.036932 0.037109 0.071023
0 0.424316 0.037642 0.040039 0.069602
0 0.462402 0.039773 0.036133 0.073864
0 0.499023 0.039062 0.037109 0.075284
0 0.536621 0.039062 0.038086 0.075284
0 0.573242 0.039062 0.035156 0.075284
0 0.609863 0.041193 0.038086 0.079545
0 0.648438 0.041193 0.039062 0.079545
0 0.685547 0.039773 0.035156 0.076705
0 0.722168 0.039773 0.038086 0.076705
0 0.761719 0.038352 0.041016 0.073864
0 0.760742 0.117898 0.042969 0.085227
0 0.721680 0.119318 0.035156 0.082386
0 0.684082 0.119318 0.040039 0.082386
0 0.646973 0.120028 0.034180 0.080966
0 0.610840 0.119318 0.038086 0.079545
0 0.573242 0.119318 0.037109 0.079545
0 0.536133 0.120028 0.037109 0.080966
0 0.499023 0.118608 0.037109 0.083807
0 0.462402 0.118608 0.036133 0.083807
0 0.425293 0.119318 0.038086 0.082386
0 0.389160 0.118608 0.034180 0.080966
0 0.351562 0.117188 0.041016 0.083807
0 0.313477 0.118608 0.035156 0.086648
0 0.277832 0.120028 0.036133 0.083807
0 0.239746 0.118608 0.040039 0.080966
0 0.202148 0.117898 0.035156 0.082386
0 0.165039 0.119318 0.039062 0.085227
0 0.127441 0.120028 0.036133 0.083807
0 0.090332 0.121449 0.038086 0.086648
0 0.052734 0.121449 0.037109 0.086648
0 0.017578 0.119318 0.033203 0.082386
0 0.016113 0.202415 0.030273 0.083807
0 0.050781 0.203125 0.039062 0.082386
0 0.088379 0.203835 0.036133 0.083807
0 0.125977 0.203835 0.039062 0.083807
0 0.164062 0.203125 0.037109 0.082386
0 0.201172 0.203125 0.037109 0.082386
0 0.238770 0.203835 0.038086 0.083807
0 0.277344 0.203835 0.039062 0.083807
0 0.314941 0.204545 0.036133 0.085227
0 0.352051 0.204545 0.038086 0.085227
0 0.389160 0.205966 0.036133 0.088068
0 0.424316 0.206676 0.034180 0.086648
0 0.459473 0.205256 0.036133 0.083807
0 0.498047 0.204545 0.041016 0.085227
0 0.536621 0.203125 0.036133 0.082386
0 0.573730 0.203125 0.038086 0.082386
0 0.610352 0.203835 0.035156 0.083807
0 0.646973 0.203835 0.038086 0.083807
0 0.683594 0.203835 0.035156 0.083807
0 0.720703 0.202415 0.039062 0.086648
0 0.758301 0.203125 0.036133 0.088068
0 0.758789 0.289062 0.035156 0.083807
0 0.721680 0.289773 0.039062 0.082386
0 0.683594 0.289773 0.037109 0.082386
0 0.646973 0.290483 0.036133 0.080966
0 0.609863 0.290483 0.038086 0.080966
0 0.572754 0.290483 0.036133 0.080966
0 0.536133 0.290483 0.037109 0.080966
0 0.499023 0.291193 0.037109 0.079545
0 0.461426 0.291193 0.038086 0.079545
0 0.425293 0.291193 0.034180 0.079545
0 0.389648 0.291193 0.037109 0.079545
0 0.351562 0.289773 0.039062 0.082386
0 0.312988 0.288352 0.038086 0.079545
0 0.276367 0.286932 0.035156 0.082386
0 0.239746 0.289062 0.038086 0.086648
0 0.202148 0.291193 0.037109 0.082386
0 0.164062 0.291193 0.039062 0.082386
0 0.125000 0.289062 0.039062 0.086648
0 0.088867 0.288352 0.033203 0.085227
0 0.052734 0.288352 0.039062 0.085227
0 0.017090 0.288352 0.032227 0.085227
0 0.016113 0.374290 0.030273 0.086648
0 0.050781 0.375000 0.039062 0.085227
0 0.088379 0.374290 0.036133 0.083807
0 0.125977 0.374290 0.039062 0.083807
0 0.163574 0.373580 0.036133 0.082386
0 0.200684 0.373580 0.038086 0.082386
0 0.238770 0.374290 0.038086 0.083807
0 0.275879 0.374290 0.036133 0.083807
0 0.312500 0.374290 0.037109 0.083807
0 0.351074 0.374290 0.040039 0.083807
0 0.388184 0.373580 0.034180 0.082386
0 0.423828 0.375000 0.037109 0.079545
0 0.460938 0.375710 0.037109 0.080966
0 0.498535 0.375000 0.038086 0.082386
0 0.535645 0.372869 0.036133 0.078125
0 0.572266 0.372159 0.037109 0.079545
0 0.610352 0.374290 0.039062 0.083807
0 0.647461 0.374290 0.035156 0.083807
0 0.684082 0.374290 0.038086 0.083807
0 0.722168 0.373580 0.038086 0.085227
0 0.758789 0.373580 0.035156 0.085227
0 0.758789 0.457386 0.035156 0.082386
0 0.722168 0.460227 0.038086 0.076705
0 0.684570 0.460227 0.037109 0.076705
0 0.647949 0.460227 0.036133 0.076705
0 0.610840 0.460938 0.038086 0.078125
0 0.573730 0.458807 0.036133 0.082386
0 0.537598 0.460227 0.036133 0.085227
0 0.498535 0.458807 0.041992 0.088068
0 0.460449 0.456676 0.034180 0.083807
0 0.425781 0.458807 0.035156 0.079545
0 0.388184 0.458807 0.040039 0.079545
0 0.350586 0.459517 0.035156 0.078125
0 0.313477 0.460227 0.039062 0.079545
0 0.275879 0.458807 0.036133 0.082386
0 0.238770 0.459517 0.038086 0.083807
0 0.200684 0.459517 0.038086 0.083807
0 0.162598 0.460227 0.038086 0.085227
0 0.126465 0.461648 0.034180 0.082386
0 0.090332 0.461648 0.038086 0.082386
0 0.052734 0.460227 0.037109 0.085227
0 0.017578 0.458097 0.033203 0.080966
0 0.016602 0.543324 0.031250 0.089489
0 0.051270 0.546165 0.038086 0.083807
0 0.088867 0.544744 0.037109 0.080966
0 0.125977 0.542614 0.037109 0.085227
0 0.164062 0.543324 0.039062 0.086648
0 0.202148 0.545455 0.037109 0.082386
0 0.239746 0.546875 0.038086 0.085227
0 0.276367 0.546875 0.035156 0.085227
0 0.312500 0.545455 0.037109 0.082386
0 0.349609 0.544744 0.037109 0.083807
0 0.387695 0.544034 0.039062 0.082386
0 0.424805 0.542614 0.035156 0.085227
0 0.461426 0.543324 0.038086 0.086648
0 0.498047 0.544034 0.035156 0.085227
0 0.535156 0.542614 0.039062 0.082386
0 0.572754 0.544034 0.036133 0.079545
0 0.610840 0.544034 0.040039 0.079545
0 0.647949 0.541193 0.034180 0.085227
0 0.684082 0.542614 0.038086 0.088068
0 0.722168 0.543324 0.038086 0.086648
0 0.759766 0.544034 0.037109 0.088068
0 0.017090 0.629972 0.032227 0.083807
0 0.051758 0.629972 0.037109 0.083807
0 0.088867 0.629261 0.037109 0.082386
0 0.126465 0.629261 0.038086 0.082386
0 0.164062 0.629261 0.037109 0.082386
0 0.201660 0.628551 0.038086 0.083807
0 0.239258 0.629261 0.037109 0.085227
0 0.275879 0.629261 0.036133 0.085227
0 0.312500 0.629261 0.037109 0.085227
0 0.350586 0.629261 0.039062 0.085227
0 0.388672 0.629261 0.037109 0.085227
0 0.425293 0.629261 0.036133 0.085227
0 0.461914 0.629261 0.037109 0.085227
0 0.498047 0.629972 0.035156 0.083807
0 0.535156 0.630682 0.039062 0.085227
0 0.572754 0.629261 0.036133 0.088068
0 0.016602 0.715909 0.031250 0.085227
0 0.051270 0.715199 0.038086 0.086648
0 0.089355 0.715199 0.038086 0.086648
0 0.127441 0.716619 0.038086 0.083807
0 0.164551 0.716619 0.036133 0.083807
0 0.201660 0.714489 0.038086 0.088068
0 0.238770 0.713778 0.036133 0.086648
0 0.275879 0.714489 0.038086 0.085227
0 0.313477 0.715199 0.037109 0.086648
0 0.351562 0.714489 0.039062 0.088068
0 0.388672 0.712358 0.035156 0.083807
0 0.425293 0.713778 0.038086 0.080966
0 0.461426 0.715199 0.034180 0.083807
0 0.498047 0.713778 0.039062 0.086648
0 0.536133 0.713778 0.037109 0.086648
0 0.573242 0.716619 0.037109 0.080966
0 0.017090 0.802557 0.032227 0.088068
0 0.051758 0.802557 0.037109 0.088068
0 0.088867 0.800426 0.037109 0.083807
0 0.125977 0.801136 0.037109 0.082386
0 0.164062 0.802557 0.039062 0.085227
0 0.202148 0.801136 0.037109 0.088068
0 0.238770 0.799716 0.036133 0.085227
0 0.276855 0.800426 0.040039 0.083807
0 0.313477 0.799716 0.033203 0.082386
0 0.349609 0.799716 0.039062 0.082386
0 0.386719 0.799006 0.035156 0.080966
0 0.425293 0.799006 0.041992 0.080966
0 0.463379 0.800426 0.034180 0.083807
0 0.499512 0.799716 0.038086 0.085227
0 0.536621 0.800426 0.036133 0.086648
0 0.573730 0.801136 0.038086 0.085227
0 0.611328 0.801847 0.037109 0.086648
0 0.646973 0.801136 0.034180 0.088068
0 0.683594 0.801136 0.039062 0.088068
0 0.722168 0.801847 0.038086 0.086648
0 0.017090 0.888494 0.032227 0.083807
0 0.052246 0.887074 0.038086 0.086648
0 0.088867 0.887074 0.035156 0.086648
0 0.126465 0.887074 0.040039 0.086648
0 0.164551 0.887074 0.036133 0.086648
0 0.201172 0.886364 0.037109 0.088068
0 0.238770 0.884943 0.038086 0.085227
0 0.276367 0.883523 0.037109 0.088068
0 0.312988 0.884233 0.036133 0.089489
0 0.351074 0.884943 0.040039 0.088068
0 0.388184 0.884943 0.034180 0.088068
0 0.424316 0.885653 0.038086 0.086648
0 0.462402 0.884943 0.038086 0.085227
0 0.499023 0.885653 0.035156 0.083807
0 0.535156 0.884943 0.037109 0.082386
0 0.572754 0.884233 0.038086 0.083807
0 0.610840 0.884943 0.038086 0.085227
0 0.647949 0.884943 0.036133 0.085227
0 0.684082 0.886364 0.036133 0.088068
0 0.721680 0.887074 0.039062 0.086648
0 0.758301 0.887784 0.034180 0.088068
0 0.015625 0.963778 0.029297 0.066761
0 0.050781 0.963778 0.041016 0.066761
0 0.089355 0.963068 0.036133 0.065341
0 0.126465 0.963778 0.038086 0.063920
0 0.163086 0.964489 0.035156 0.065341
0 0.200195 0.963778 0.039062 0.066761
0 0.238770 0.963068 0.038086 0.065341
0 0.275879 0.962358 0.036133 0.066761
0 0.312500 0.962358 0.037109 0.066761
0 0.350098 0.962358 0.038086 0.066761
0 0.387207 0.961648 0.036133 0.065341
0 0.424805 0.962358 0.039062 0.063920
0 0.462891 0.963068 0.037109 0.065341
0 0.499023 0.963068 0.035156 0.065341
0 0.535645 0.962358 0.038086 0.063920
0 0.574219 0.962358 0.039062 0.063920
0 0.611816 0.963068 0.036133 0.065341
0 0.647949 0.963068 0.036133 0.065341
0 0.684570 0.963068 0.037109 0.065341
0 0.722168 0.963068 0.038086 0.065341
0 0.759277 0.963068 0.036133 0.065341
0 0.796875 0.290483 0.037109 0.086648
0 0.834473 0.287642 0.034180 0.086648
0 0.873535 0.288352 0.038086 0.085227
0 0.910156 0.286222 0.033203 0.086648
0 0.946777 0.287642 0.038086 0.083807
0 0.981934 0.286932 0.032227 0.088068
0 0.981934 0.373580 0.032227 0.085227
0 0.946289 0.374290 0.039062 0.083807
0 0.908691 0.374290 0.036133 0.083807
0 0.871094 0.375000 0.039062 0.082386
0 0.833984 0.375000 0.035156 0.082386
0 0.797363 0.374290 0.038086 0.083807
0 0.796387 0.460938 0.036133 0.086648
0 0.833496 0.460227 0.038086 0.088068
0 0.871582 0.460227 0.038086 0.088068
0 0.908691 0.460227 0.036133 0.088068
0 0.945312 0.458807 0.037109 0.085227
0 0.980957 0.458097 0.034180 0.086648
0 0.796875 0.544744 0.037109 0.083807
0 0.833984 0.545455 0.037109 0.082386
0 0.871094 0.544744 0.037109 0.080966
0 0.908691 0.544744 0.038086 0.080966
0 0.946289 0.545455 0.037109 0.082386
0 0.980957 0.544034 0.032227 0.085227
0 0.796387 0.798295 0.036133 0.085227
0 0.833984 0.799006 0.039062 0.083807
0 0.872070 0.801136 0.037109 0.088068
0 0.909180 0.801847 0.037109 0.086648
0 0.946777 0.802557 0.038086 0.088068
0 0.981934 0.801847 0.032227 0.089489
0 0.796875 0.887784 0.037109 0.085227
0 0.834473 0.887074 0.038086 0.086648
0 0.872559 0.887784 0.038086 0.088068
0 0.910156 0.889205 0.037109 0.085227
0 0.947266 0.888494 0.037109 0.083807
0 0.981934 0.887784 0.032227 0.085227
0 0.798828 0.963068 0.037109 0.065341
0 0.835938 0.963068 0.037109 0.065341
0 0.873047 0.963778 0.037109 0.066761
0 0.910645 0.963778 0.038086 0.066761
0 0.948242 0.963068 0.037109 0.065341
0 0.981934 0.963778 0.030273 0.063920
0 0.796875 0.038352 0.037109 0.073864
0 0.833984 0.036932 0.037109 0.071023
0 0.872070 0.037642 0.039062 0.069602
0 0.909180 0.038352 0.035156 0.071023
0 0.947266 0.039062 0.037109 0.075284
0 0.982422 0.039062 0.033203 0.075284
0 0.798340 0.119318 0.034180 0.085227
0 0.834961 0.118608 0.039062 0.086648
0 0.872070 0.118608 0.035156 0.086648
0 0.908203 0.117898 0.037109 0.088068
0 0.945801 0.115767 0.038086 0.083807
0 0.981445 0.116477 0.033203 0.082386
0 0.797852 0.203835 0.035156 0.080966
0 0.834961 0.203125 0.039062 0.082386
0 0.873047 0.204545 0.037109 0.085227
0 0.910645 0.203125 0.038086 0.088068
0 0.945801 0.201705 0.038086 0.085227
0 0.981445 0.201705 0.033203 0.088068
