0 0.141113 0.737921 0.024414 0.137628
0 0.178223 0.735725 0.047852 0.136164
0 0.233398 0.734993 0.066406 0.131772
0 0.138672 0.880673 0.025391 0.153734
0 0.207031 0.880673 0.111328 0.153734
0 0.138184 0.978038 0.024414 0.040996
0 0.204102 0.976574 0.107422 0.040996
0 0.420410 0.720351 0.061523 0.158126
0 0.524414 0.717423 0.146484 0.152269
0 0.418457 0.874085 0.059570 0.161054
0 0.522949 0.871889 0.149414 0.156662
0 0.416504 0.977306 0.055664 0.045388
0 0.521484 0.976574 0.154297 0.046852
0 0.725098 0.724744 0.038086 0.134700
0 0.820801 0.721083 0.153320 0.127379
0 0.728027 0.868960 0.036133 0.162518
0 0.821289 0.867496 0.154297 0.159590
0 0.909180 0.866032 0.021484 0.162518
0 0.727539 0.973646 0.033203 0.052709
0 0.822754 0.972914 0.153320 0.051245
0 0.910156 0.972914 0.021484 0.054173
