0 0.077148 0.344802 0.103516 0.382138
0 0.182617 0.346266 0.107422 0.385066
0 0.286133 0.347731 0.099609 0.382138
0 0.388672 0.345534 0.105469 0.377745
0 0.494141 0.344070 0.105469 0.380673
0 0.598145 0.344070 0.102539 0.380673
0 0.701660 0.344802 0.104492 0.379209
0 0.807617 0.344070 0.107422 0.377745
0 0.912598 0.344802 0.102539 0.376281
0 0.981934 0.339678 0.036133 0.366032
0 0.981934 0.615666 0.036133 0.165447
0 0.076660 0.617862 0.100586 0.155198
0 0.180176 0.615666 0.106445 0.159590
0 0.284180 0.611274 0.101562 0.150805
0 0.389160 0.609810 0.108398 0.153734
0 0.496094 0.609810 0.105469 0.153734
0 0.599121 0.608346 0.100586 0.156662
0 0.703125 0.610542 0.107422 0.161054
0 0.808105 0.612738 0.102539 0.156662
0 0.909668 0.617130 0.100586 0.165447
