0 0.097656 0.438477 0.082031 0.205078
0 0.190430 0.382812 0.091797 0.226562
0 0.288086 0.314453 0.087891 0.257812
0 0.381836 0.256836 0.099609 0.255859
0 0.482422 0.123047 0.062500 0.121094
0 0.482422 0.271484 0.062500 0.203125
0 0.617188 0.179688 0.171875 0.300781
0 0.806641 0.133789 0.187500 0.263672
0 0.100586 0.590820 0.091797 0.181641
0 0.193359 0.555664 0.101562 0.205078
0 0.284180 0.521484 0.095703 0.203125
0 0.382812 0.448242 0.097656 0.216797
0 0.480469 0.432617 0.082031 0.189453
0 0.100586 0.745117 0.091797 0.181641
0 0.192383 0.718750 0.091797 0.191406
0 0.291016 0.684570 0.093750 0.193359
0 0.385742 0.650391 0.099609 0.257812
0 0.478516 0.621094 0.070312 0.238281
0 0.625977 0.625000 0.177734 0.269531
0 0.629883 0.390625 0.169922 0.312500
0 0.805664 0.331055 0.181641 0.322266
0 0.965820 0.283203 0.068359 0.230469
0 0.965820 0.079102 0.068359 0.154297
0 0.103516 0.884766 0.082031 0.187500
0 0.193359 0.874023 0.097656 0.197266
0 0.289062 0.863281 0.101562 0.210938
0 0.386719 0.845703 0.093750 0.218750
0 0.474609 0.845703 0.082031 0.242188
0 0.622070 0.622070 0.177734 0.287109
0 0.811523 0.565430 0.185547 0.298828
0 0.961914 0.517578 0.064453 0.289062
0 0.626953 0.848633 0.187500 0.279297
0 0.816406 0.800781 0.183594 0.277344
0 0.967773 0.771484 0.064453 0.242188
