0 0.097656 0.074047 0.027344 0.030792
0 0.129395 0.074047 0.036133 0.030792
0 0.164551 0.074047 0.034180 0.030792
0 0.199219 0.073314 0.035156 0.032258
0 0.234375 0.073314 0.035156 0.032258
0 0.270508 0.075513 0.037109 0.027859
0 0.306152 0.075513 0.034180 0.027859
0 0.340820 0.075513 0.035156 0.027859
0 0.374512 0.076246 0.032227 0.029326
0 0.408691 0.076246 0.036133 0.029326
0 0.444336 0.076979 0.035156 0.030792
0 0.479492 0.077713 0.035156 0.029326
0 0.514648 0.077713 0.035156 0.029326
0 0.549805 0.077713 0.035156 0.029326
0 0.584961 0.079179 0.035156 0.032258
0 0.620117 0.078446 0.035156 0.033724
0 0.655273 0.078446 0.035156 0.033724
0 0.099609 0.016129 0.027344 0.029326
0 0.131836 0.016862 0.035156 0.030792
0 0.166016 0.016862 0.037109 0.030792
0 0.201172 0.018328 0.035156 0.033724
0 0.237305 0.018328 0.035156 0.033724
0 0.271484 0.017595 0.035156 0.032258
0 0.306152 0.018328 0.034180 0.033724
0 0.340820 0.017595 0.035156 0.032258
0 0.376953 0.017595 0.035156 0.032258
0 0.411133 0.017595 0.035156 0.032258
0 0.444824 0.017595 0.034180 0.032258
0 0.480469 0.016862 0.035156 0.030792
0 0.514648 0.016129 0.035156 0.029326
0 0.550293 0.016862 0.036133 0.030792
0 0.584961 0.017595 0.035156 0.032258
0 0.621094 0.017595 0.037109 0.032258
0 0.655762 0.017595 0.034180 0.032258
0 0.095215 0.120968 0.032227 0.065982
0 0.129395 0.120235 0.036133 0.064516
0 0.164551 0.120235 0.034180 0.064516
0 0.199707 0.120968 0.036133 0.065982
0 0.235840 0.120968 0.036133 0.065982
0 0.271484 0.119501 0.035156 0.063050
0 0.306641 0.119501 0.035156 0.063050
0 0.341309 0.122434 0.034180 0.068915
0 0.375000 0.123167 0.033203 0.067449
0 0.409180 0.121701 0.035156 0.064516
0 0.445312 0.121701 0.037109 0.064516
0 0.480469 0.122434 0.033203 0.065982
0 0.514648 0.123167 0.035156 0.064516
0 0.549805 0.123900 0.035156 0.065982
0 0.584961 0.126100 0.035156 0.061584
0 0.621094 0.127566 0.037109 0.064516
0 0.655762 0.128299 0.032227 0.063050
0 0.091309 0.203812 0.036133 0.029326
0 0.127441 0.202346 0.036133 0.026393
0 0.163574 0.201613 0.036133 0.027859
0 0.199219 0.201613 0.035156 0.027859
0 0.234375 0.201613 0.035156 0.027859
0 0.270020 0.203079 0.036133 0.030792
0 0.305176 0.204545 0.034180 0.027859
0 0.339355 0.206012 0.034180 0.030792
0 0.375000 0.206745 0.037109 0.029326
0 0.411133 0.206745 0.035156 0.029326
0 0.446289 0.206745 0.035156 0.029326
0 0.480957 0.205279 0.034180 0.026393
0 0.515137 0.206012 0.034180 0.024927
0 0.550781 0.206012 0.037109 0.024927
0 0.585938 0.205279 0.033203 0.026393
0 0.621094 0.205279 0.037109 0.026393
0 0.656250 0.206012 0.033203 0.024927
0 0.089844 0.249267 0.035156 0.067449
0 0.126465 0.250733 0.038086 0.070381
0 0.162598 0.250000 0.034180 0.071848
0 0.198242 0.250000 0.037109 0.071848
0 0.235352 0.250733 0.037109 0.070381
0 0.270996 0.250733 0.034180 0.070381
0 0.305176 0.252199 0.034180 0.067449
0 0.339355 0.252199 0.034180 0.067449
0 0.375000 0.252933 0.037109 0.065982
0 0.411621 0.253666 0.036133 0.067449
0 0.447754 0.252933 0.036133 0.068915
0 0.482422 0.252199 0.033203 0.067449
0 0.515625 0.252199 0.033203 0.067449
0 0.550781 0.252199 0.037109 0.067449
0 0.586426 0.252199 0.034180 0.067449
0 0.622070 0.253666 0.037109 0.070381
0 0.657715 0.254399 0.034180 0.068915
0 0.088867 0.334311 0.037109 0.026393
0 0.125977 0.335044 0.037109 0.027859
0 0.161133 0.335044 0.033203 0.027859
0 0.196289 0.335044 0.037109 0.027859
0 0.232910 0.337977 0.038086 0.027859
0 0.269531 0.337977 0.035156 0.027859
0 0.304199 0.337977 0.036133 0.027859
0 0.339355 0.338710 0.036133 0.026393
0 0.375000 0.337243 0.035156 0.029326
0 0.409668 0.338710 0.036133 0.032258
0 0.445801 0.338710 0.036133 0.029326
0 0.481445 0.340909 0.035156 0.030792
0 0.516113 0.340909 0.036133 0.027859
0 0.551270 0.340909 0.034180 0.027859
0 0.586914 0.341642 0.037109 0.032258
0 0.623535 0.340909 0.034180 0.027859
0 0.657715 0.341642 0.034180 0.032258
0 0.089355 0.381965 0.034180 0.068915
0 0.125000 0.381965 0.037109 0.068915
0 0.160645 0.381965 0.034180 0.068915
0 0.196289 0.382698 0.037109 0.067449
0 0.232910 0.383431 0.036133 0.068915
0 0.269043 0.383431 0.036133 0.068915
0 0.304199 0.383431 0.034180 0.068915
0 0.338867 0.384164 0.035156 0.067449
0 0.374512 0.384897 0.036133 0.068915
0 0.409180 0.385630 0.033203 0.067449
0 0.444336 0.386364 0.037109 0.068915
0 0.479980 0.387830 0.034180 0.065982
0 0.515625 0.388563 0.037109 0.067449
0 0.551758 0.387830 0.035156 0.068915
0 0.586914 0.387097 0.035156 0.067449
0 0.622559 0.387830 0.036133 0.065982
0 0.658691 0.389296 0.036133 0.068915
0 0.086914 0.467009 0.035156 0.027859
0 0.122559 0.467742 0.036133 0.026393
0 0.158691 0.469208 0.036133 0.029326
0 0.195312 0.468475 0.037109 0.030792
0 0.232422 0.467742 0.037109 0.029326
0 0.267578 0.468475 0.033203 0.027859
0 0.302246 0.468475 0.036133 0.027859
0 0.337891 0.469941 0.035156 0.024927
0 0.373535 0.469941 0.036133 0.024927
0 0.409180 0.469941 0.035156 0.024927
0 0.444824 0.471408 0.036133 0.027859
0 0.480469 0.472141 0.035156 0.026393
0 0.516602 0.473607 0.037109 0.029326
0 0.552734 0.473607 0.035156 0.029326
0 0.587891 0.472874 0.035156 0.027859
0 0.623535 0.473607 0.036133 0.026393
0 0.659180 0.474340 0.035156 0.027859
0 0.085938 0.515396 0.035156 0.068915
0 0.122559 0.515396 0.038086 0.068915
0 0.159668 0.515396 0.036133 0.068915
0 0.196289 0.515396 0.037109 0.068915
0 0.232422 0.516129 0.035156 0.070381
0 0.267578 0.516862 0.035156 0.068915
0 0.302734 0.517595 0.035156 0.070381
0 0.336426 0.517595 0.032227 0.070381
0 0.372559 0.517595 0.040039 0.070381
0 0.410156 0.518328 0.035156 0.068915
0 0.445312 0.519795 0.035156 0.071848
0 0.480469 0.521261 0.035156 0.068915
0 0.516113 0.521994 0.036133 0.070381
0 0.552246 0.522727 0.036133 0.068915
0 0.587891 0.521994 0.035156 0.067449
0 0.624023 0.521994 0.037109 0.067449
0 0.659668 0.523460 0.034180 0.070381
0 0.084473 0.601906 0.036133 0.030792
0 0.121582 0.601173 0.038086 0.029326
0 0.158203 0.601173 0.035156 0.029326
0 0.193848 0.601906 0.036133 0.030792
0 0.229980 0.604106 0.036133 0.026393
0 0.265625 0.604839 0.035156 0.027859
0 0.300781 0.604839 0.035156 0.027859
0 0.336914 0.605572 0.037109 0.029326
0 0.373047 0.606305 0.035156 0.027859
0 0.408203 0.606305 0.035156 0.027859
0 0.444336 0.606305 0.037109 0.027859
0 0.479980 0.606305 0.034180 0.027859
0 0.515625 0.606305 0.037109 0.027859
0 0.552734 0.608504 0.037109 0.032258
0 0.588379 0.610704 0.034180 0.027859
0 0.623047 0.609971 0.035156 0.026393
0 0.658691 0.609238 0.036133 0.027859
0 0.083984 0.651026 0.035156 0.067449
0 0.120605 0.650293 0.038086 0.068915
0 0.157227 0.650293 0.035156 0.068915
0 0.193359 0.651760 0.037109 0.065982
0 0.230469 0.652493 0.037109 0.067449
0 0.265625 0.651760 0.033203 0.068915
0 0.300293 0.653226 0.036133 0.071848
0 0.337402 0.654692 0.038086 0.068915
0 0.373535 0.656158 0.034180 0.071848
0 0.408691 0.654692 0.036133 0.074780
0 0.444824 0.654692 0.036133 0.074780
0 0.480957 0.656158 0.036133 0.071848
0 0.516602 0.656891 0.035156 0.073314
0 0.552246 0.659091 0.036133 0.068915
0 0.588379 0.659824 0.036133 0.070381
0 0.084473 0.738270 0.032227 0.030792
0 0.119629 0.738270 0.038086 0.030792
0 0.155762 0.737537 0.034180 0.029326
0 0.191406 0.738270 0.037109 0.027859
0 0.228516 0.739003 0.037109 0.029326
0 0.264648 0.739003 0.035156 0.029326
0 0.300781 0.739736 0.037109 0.030792
0 0.336914 0.740469 0.035156 0.029326
0 0.372559 0.741202 0.036133 0.030792
0 0.407715 0.741935 0.034180 0.029326
0 0.443848 0.743402 0.038086 0.032258
0 0.481445 0.743402 0.037109 0.032258
0 0.516602 0.742669 0.033203 0.030792
0 0.551758 0.744868 0.037109 0.026393
0 0.587891 0.746334 0.035156 0.029326
0 0.623535 0.745601 0.036133 0.030792
0 0.659180 0.747067 0.035156 0.033724
0 0.082031 0.788123 0.033203 0.071848
0 0.118164 0.788856 0.039062 0.070381
0 0.155273 0.788856 0.035156 0.070381
0 0.190918 0.788856 0.036133 0.070381
0 0.228027 0.789589 0.038086 0.071848
0 0.264648 0.791056 0.035156 0.068915
0 0.301270 0.791056 0.038086 0.068915
0 0.337402 0.790323 0.034180 0.070381
0 0.372559 0.790323 0.036133 0.070381
0 0.408691 0.791056 0.036133 0.068915
0 0.444336 0.792522 0.035156 0.071848
0 0.480957 0.793988 0.038086 0.068915
0 0.517090 0.795455 0.034180 0.071848
0 0.552246 0.794721 0.036133 0.073314
0 0.588867 0.796188 0.037109 0.076246
0 0.624512 0.796921 0.034180 0.074780
0 0.659180 0.797654 0.035156 0.076246
0 0.080566 0.877566 0.034180 0.030792
0 0.116699 0.877566 0.038086 0.030792
0 0.153809 0.877566 0.036133 0.030792
0 0.189453 0.878299 0.035156 0.029326
0 0.227539 0.878299 0.041016 0.032258
0 0.264648 0.880499 0.033203 0.027859
0 0.299316 0.881232 0.036133 0.029326
0 0.335938 0.881232 0.037109 0.029326
0 0.372559 0.881232 0.036133 0.029326
0 0.407715 0.881965 0.034180 0.027859
0 0.442871 0.882698 0.036133 0.029326
0 0.479492 0.883431 0.037109 0.027859
0 0.516113 0.884164 0.036133 0.029326
0 0.552246 0.884164 0.036133 0.029326
0 0.588379 0.884164 0.036133 0.029326
0 0.625000 0.886364 0.037109 0.024927
0 0.660156 0.887830 0.033203 0.027859
0 0.080566 0.928886 0.034180 0.071848
0 0.116699 0.928886 0.038086 0.071848
0 0.154297 0.929619 0.037109 0.073314
0 0.189941 0.929619 0.034180 0.073314
0 0.226562 0.928886 0.039062 0.071848
0 0.262695 0.929619 0.033203 0.070381
0 0.298340 0.929619 0.038086 0.070381
0 0.335449 0.928886 0.036133 0.071848
0 0.371094 0.930352 0.035156 0.074780
0 0.406738 0.931085 0.036133 0.073314
0 0.443848 0.931818 0.038086 0.074780
0 0.480469 0.933284 0.035156 0.071848
0 0.516113 0.934018 0.036133 0.073314
0 0.551758 0.934018 0.035156 0.073314
0 0.588379 0.934751 0.038086 0.074780
0 0.625488 0.936217 0.036133 0.071848
0 0.660156 0.936217 0.033203 0.071848
0 0.690918 0.017595 0.032227 0.032258
0 0.723633 0.017595 0.033203 0.032258
0 0.758301 0.017595 0.036133 0.032258
0 0.792480 0.017595 0.032227 0.032258
0 0.825684 0.018328 0.034180 0.030792
0 0.859863 0.018328 0.034180 0.030792
0 0.690430 0.078446 0.033203 0.030792
0 0.724609 0.079179 0.035156 0.029326
0 0.759277 0.079179 0.034180 0.029326
0 0.793457 0.079179 0.034180 0.029326
0 0.827637 0.080645 0.034180 0.032258
0 0.862305 0.080645 0.035156 0.032258
0 0.690918 0.126833 0.034180 0.063050
0 0.725586 0.124633 0.035156 0.067449
0 0.759277 0.124633 0.032227 0.067449
0 0.792969 0.126100 0.035156 0.064516
0 0.827148 0.125367 0.033203 0.063050
0 0.861328 0.127566 0.035156 0.058651
0 0.691406 0.208944 0.033203 0.024927
0 0.725098 0.208211 0.034180 0.026393
0 0.760254 0.209677 0.036133 0.029326
0 0.794922 0.209677 0.033203 0.029326
0 0.829590 0.208211 0.036133 0.026393
0 0.864258 0.207478 0.033203 0.027859
0 0.692871 0.255132 0.036133 0.067449
0 0.727539 0.255865 0.033203 0.065982
0 0.761719 0.255132 0.035156 0.064516
0 0.795898 0.254399 0.033203 0.065982
0 0.830078 0.255132 0.035156 0.067449
0 0.864258 0.255865 0.033203 0.065982
0 0.693848 0.338710 0.034180 0.029326
0 0.728027 0.340176 0.034180 0.026393
0 0.763184 0.340909 0.036133 0.027859
0 0.797852 0.342375 0.033203 0.024927
0 0.831543 0.342375 0.034180 0.024927
0 0.865723 0.342375 0.034180 0.024927
0 0.694336 0.389296 0.035156 0.068915
0 0.729004 0.389296 0.034180 0.068915
0 0.763184 0.388563 0.034180 0.067449
0 0.797363 0.388563 0.034180 0.067449
0 0.832520 0.389296 0.036133 0.068915
0 0.867188 0.389296 0.033203 0.068915
0 0.695801 0.476540 0.036133 0.029326
0 0.730469 0.476540 0.033203 0.029326
0 0.764160 0.476540 0.034180 0.029326
0 0.797852 0.477273 0.033203 0.027859
0 0.832520 0.478006 0.036133 0.029326
0 0.868164 0.478739 0.035156 0.027859
0 0.694824 0.526393 0.036133 0.070381
0 0.729980 0.526393 0.034180 0.070381
0 0.764648 0.524927 0.035156 0.067449
0 0.798828 0.524194 0.033203 0.068915
0 0.833984 0.524927 0.037109 0.070381
0 0.869629 0.525660 0.034180 0.068915
0 0.696289 0.749267 0.037109 0.032258
0 0.732422 0.750000 0.035156 0.030792
0 0.767090 0.749267 0.034180 0.029326
0 0.801758 0.750000 0.035156 0.027859
0 0.837402 0.750000 0.036133 0.027859
0 0.873535 0.750000 0.036133 0.027859
0 0.901855 0.750733 0.020508 0.029326
0 0.697266 0.799120 0.037109 0.070381
0 0.733398 0.798387 0.035156 0.071848
0 0.768555 0.798387 0.035156 0.071848
0 0.803223 0.799853 0.034180 0.068915
0 0.838867 0.800587 0.037109 0.070381
0 0.874512 0.799853 0.034180 0.071848
0 0.903809 0.799853 0.024414 0.071848
0 0.700195 0.887830 0.033203 0.030792
0 0.733887 0.889296 0.034180 0.027859
0 0.768555 0.890029 0.035156 0.029326
0 0.804199 0.890029 0.036133 0.029326
0 0.839844 0.890762 0.035156 0.030792
0 0.875488 0.892229 0.036133 0.027859
0 0.906250 0.892962 0.025391 0.029326
0 0.700195 0.940616 0.033203 0.071848
0 0.734375 0.940616 0.035156 0.071848
0 0.770508 0.941349 0.037109 0.073314
0 0.805176 0.942082 0.032227 0.071848
0 0.840332 0.940616 0.038086 0.068915
0 0.876953 0.940616 0.035156 0.068915
0 0.908203 0.936217 0.027344 0.060117
