0 0.294922 0.710938 0.093750 0.148438
0 0.381836 0.713867 0.080078 0.146484
0 0.463867 0.714844 0.083984 0.148438
0 0.544922 0.714844 0.078125 0.148438
0 0.622070 0.713867 0.076172 0.146484
0 0.704102 0.713867 0.087891 0.146484
0 0.544922 0.413086 0.078125 0.146484
0 0.543945 0.563477 0.080078 0.154297
0 0.464844 0.588867 0.078125 0.103516
0 0.464844 0.511719 0.078125 0.050781
0 0.403320 0.451172 0.048828 0.062500
0 0.403320 0.515625 0.048828 0.066406
0 0.401367 0.594727 0.044922 0.091797
0 0.463867 0.415039 0.076172 0.142578
0 0.380859 0.349609 0.082031 0.144531
0 0.463867 0.272461 0.080078 0.150391
0 0.638672 0.412109 0.042969 0.140625
0 0.704102 0.412109 0.087891 0.140625
0 0.702148 0.560547 0.091797 0.156250
0 0.640625 0.560547 0.046875 0.160156
0 0.625000 0.273438 0.074219 0.144531
0 0.706055 0.298828 0.087891 0.093750
0 0.545898 0.236328 0.076172 0.207031
0 0.625000 0.129883 0.078125 0.134766
0 0.724609 0.030273 0.046875 0.056641
0 0.723633 0.090820 0.052734 0.072266
0 0.721680 0.162109 0.056641 0.070312
0 0.548828 0.093750 0.078125 0.070312
0 0.626953 0.030273 0.078125 0.056641
0 0.544922 0.034180 0.082031 0.056641
0 0.464844 0.032227 0.078125 0.052734
0 0.465820 0.127930 0.080078 0.138672
0 0.381836 0.032227 0.087891 0.052734
0 0.397461 0.088867 0.041016 0.060547
0 0.398438 0.154297 0.039062 0.070312
0 0.400391 0.231445 0.042969 0.083984
0 0.297852 0.031250 0.083984 0.058594
0 0.294922 0.130859 0.089844 0.140625
0 0.293945 0.272461 0.087891 0.142578
0 0.296875 0.416992 0.082031 0.146484
0 0.236328 0.416992 0.039062 0.146484
0 0.232422 0.272461 0.031250 0.142578
0 0.234375 0.131836 0.027344 0.138672
0 0.214844 0.031250 0.082031 0.058594
0 0.122070 0.029297 0.103516 0.054688
0 0.125000 0.087891 0.109375 0.066406
0 0.127930 0.160156 0.103516 0.078125
0 0.127930 0.225586 0.103516 0.052734
0 0.130859 0.292969 0.097656 0.082031
