0 0.400879 0.276393 0.065430 0.256598
0 0.461914 0.277126 0.056641 0.258065
0 0.520020 0.282991 0.059570 0.246334
0 0.580566 0.282258 0.059570 0.250733
0 0.633789 0.271994 0.023438 0.253666
0 0.687500 0.274194 0.083984 0.249267
0 0.348145 0.078446 0.026367 0.127566
0 0.404297 0.073314 0.085938 0.117302
0 0.490234 0.072581 0.085938 0.118768
0 0.574707 0.070381 0.083008 0.114370
0 0.349121 0.275660 0.032227 0.266862
0 0.675781 0.080645 0.113281 0.129032
0 0.762207 0.076979 0.059570 0.121701
0 0.814941 0.075513 0.045898 0.124633
0 0.888672 0.076246 0.101562 0.126100
0 0.969727 0.078446 0.060547 0.121701
0 0.761230 0.270528 0.055664 0.265396
0 0.815430 0.269795 0.048828 0.266862
0 0.970215 0.269795 0.057617 0.263930
4 0.890625 0.269795 0.099609 0.263930
1 0.145020 0.274194 0.090820 0.545455
1 0.277344 0.213343 0.058594 0.423754
