0 0.269461 0.345333 0.067864 0.064000
0 0.346307 0.352667 0.069860 0.062667
0 0.417166 0.358000 0.067864 0.062667
0 0.476048 0.343333 0.029940 0.028000
0 0.509980 0.346000 0.025948 0.028000
0 0.544910 0.349333 0.027944 0.026667
0 0.581836 0.352000 0.029940 0.026667
0 0.618762 0.354667 0.027944 0.026667
0 0.653693 0.358000 0.029940 0.028000
0 0.686627 0.361333 0.027944 0.026667
0 0.721557 0.362000 0.033932 0.028000
0 0.475050 0.376667 0.035928 0.028000
0 0.514970 0.379333 0.031936 0.025333
0 0.548902 0.380667 0.035928 0.028000
0 0.586826 0.380667 0.039920 0.028000
0 0.622754 0.386667 0.035928 0.029333
0 0.659681 0.389333 0.033932 0.029333
0 0.696607 0.391333 0.035928 0.030667
0 0.733533 0.395333 0.033932 0.028000
0 0.242515 0.394667 0.037924 0.032000
0 0.281437 0.398667 0.035928 0.034667
0 0.323353 0.400667 0.035928 0.030667
0 0.361277 0.403333 0.035928 0.033333
0 0.400200 0.404667 0.041916 0.033333
0 0.439122 0.408667 0.035928 0.036000
0 0.478044 0.410667 0.041916 0.034667
0 0.515968 0.414000 0.041916 0.033333
0 0.554890 0.415333 0.035928 0.036000
0 0.591816 0.418000 0.045908 0.033333
0 0.630739 0.420667 0.039920 0.030667
0 0.668663 0.422667 0.039920 0.032000
0 0.703593 0.424667 0.041916 0.033333
0 0.741517 0.427333 0.041916 0.036000
0 0.239521 0.432667 0.039920 0.036000
0 0.280439 0.436667 0.037924 0.038667
0 0.322355 0.438667 0.037924 0.037333
0 0.361277 0.440667 0.039920 0.038667
0 0.402196 0.444000 0.041916 0.040000
0 0.441118 0.445333 0.043912 0.040000
0 0.482036 0.448000 0.041916 0.040000
0 0.521956 0.450667 0.041916 0.037333
0 0.559880 0.451333 0.041916 0.038667
0 0.595808 0.452667 0.045908 0.038667
0 0.634731 0.456667 0.043912 0.038667
0 0.675649 0.458000 0.041916 0.036000
0 0.714571 0.461333 0.039920 0.034667
0 0.751497 0.462000 0.041916 0.033333
0 0.230539 0.468667 0.041916 0.041333
0 0.273453 0.472667 0.039920 0.038667
0 0.318363 0.474667 0.037924 0.040000
0 0.358283 0.478667 0.041916 0.037333
0 0.399202 0.480000 0.039920 0.040000
0 0.442116 0.484000 0.041916 0.037333
0 0.485030 0.486000 0.039920 0.036000
0 0.523952 0.487333 0.037924 0.038667
0 0.563872 0.490000 0.041916 0.041333
0 0.604790 0.492667 0.043912 0.038667
0 0.643713 0.494000 0.045908 0.038667
0 0.684631 0.497333 0.043912 0.037333
0 0.722555 0.498667 0.043912 0.037333
0 0.761477 0.499333 0.041916 0.036000
0 0.225549 0.512667 0.043912 0.038667
0 0.271457 0.516000 0.035928 0.040000
0 0.315369 0.518000 0.039920 0.036000
0 0.356287 0.519333 0.041916 0.038667
0 0.400200 0.522000 0.037924 0.038667
0 0.442116 0.526000 0.033932 0.038667
0 0.485030 0.526000 0.039920 0.038667
0 0.528942 0.528000 0.043912 0.040000
0 0.567864 0.530000 0.045908 0.041333
0 0.610778 0.531333 0.043912 0.041333
0 0.653693 0.533333 0.041916 0.040000
0 0.694611 0.536667 0.043912 0.038667
0 0.733533 0.537333 0.045908 0.042667
0 0.772455 0.540667 0.039920 0.041333
0 0.218563 0.557333 0.045908 0.042667
0 0.265469 0.560000 0.043912 0.042667
0 0.312375 0.562667 0.041916 0.042667
0 0.355289 0.564667 0.039920 0.044000
0 0.399202 0.566000 0.043912 0.041333
0 0.444112 0.568000 0.045908 0.045333
0 0.488024 0.570000 0.041916 0.046667
0 0.531936 0.572000 0.045908 0.042667
0 0.575848 0.574667 0.045908 0.042667
0 0.617764 0.576000 0.049900 0.042667
0 0.660679 0.578000 0.043912 0.044000
0 0.702595 0.579333 0.043912 0.046667
0 0.744511 0.582667 0.043912 0.045333
0 0.786427 0.584000 0.043912 0.045333
0 0.212575 0.607333 0.045908 0.046667
0 0.260479 0.607333 0.045908 0.046667
0 0.307385 0.610000 0.039920 0.046667
0 0.355289 0.612667 0.039920 0.046667
0 0.400200 0.614000 0.041916 0.046667
0 0.447106 0.616667 0.035928 0.044000
0 0.492016 0.616000 0.037924 0.040000
0 0.535928 0.619333 0.041916 0.041333
0 0.581836 0.620667 0.041916 0.041333
0 0.625749 0.620667 0.045908 0.046667
0 0.668663 0.624000 0.043912 0.040000
0 0.712575 0.625333 0.043912 0.040000
0 0.753493 0.628000 0.041916 0.042667
0 0.798403 0.630000 0.043912 0.044000
0 0.205589 0.657333 0.047904 0.048000
0 0.255489 0.660000 0.043912 0.045333
0 0.304391 0.661333 0.045908 0.048000
0 0.351297 0.662000 0.043912 0.049333
0 0.398204 0.663333 0.045908 0.049333
0 0.449102 0.666667 0.043912 0.050667
0 0.496008 0.668667 0.045908 0.052000
0 0.540918 0.668667 0.043912 0.052000
0 0.585828 0.671333 0.045908 0.046667
0 0.633733 0.672667 0.045908 0.052000
0 0.678643 0.674000 0.051896 0.049333
0 0.722555 0.676667 0.047904 0.046667
0 0.769461 0.675333 0.045908 0.046667
0 0.812375 0.679333 0.047904 0.046667
0 0.193613 0.713333 0.047904 0.053333
0 0.250499 0.714667 0.041916 0.050667
0 0.302395 0.716667 0.041916 0.052000
0 0.350299 0.719333 0.041916 0.049333
0 0.399202 0.719333 0.043912 0.052000
0 0.450100 0.721333 0.041916 0.048000
0 0.498004 0.723333 0.045908 0.049333
0 0.546906 0.724000 0.043912 0.050667
0 0.594810 0.724667 0.043912 0.052000
0 0.641717 0.726000 0.045908 0.052000
0 0.688623 0.728000 0.043912 0.050667
0 0.735529 0.728667 0.049900 0.052000
0 0.779441 0.731333 0.049900 0.046667
0 0.825349 0.732000 0.045908 0.053333
0 0.187625 0.772000 0.047904 0.056000
0 0.242515 0.775333 0.045908 0.057333
0 0.295409 0.775333 0.043912 0.057333
0 0.348303 0.776667 0.045908 0.054667
0 0.399202 0.777333 0.043912 0.053333
0 0.450100 0.776000 0.049900 0.058667
0 0.501996 0.780667 0.045908 0.054667
0 0.552894 0.780667 0.043912 0.052000
0 0.601796 0.782667 0.049900 0.053333
0 0.650699 0.784000 0.047904 0.053333
0 0.700599 0.786000 0.051896 0.052000
0 0.748503 0.786667 0.051896 0.050667
0 0.793413 0.786667 0.053892 0.050667
0 0.841317 0.786667 0.053892 0.053333
0 0.180639 0.837333 0.045908 0.058667
0 0.239521 0.838000 0.043912 0.057333
0 0.293413 0.838000 0.043912 0.060000
0 0.348303 0.840000 0.045908 0.061333
0 0.400200 0.840000 0.049900 0.061333
0 0.454092 0.841333 0.053892 0.064000
0 0.506986 0.842667 0.047904 0.064000
0 0.558882 0.842000 0.055888 0.062667
0 0.611776 0.841333 0.049900 0.064000
0 0.662675 0.846000 0.051896 0.060000
0 0.713573 0.846667 0.053892 0.058667
0 0.762475 0.846667 0.055888 0.056000
0 0.815369 0.846667 0.057884 0.058667
0 0.863273 0.850000 0.053892 0.057333
0 0.168663 0.906667 0.053892 0.066667
0 0.225549 0.908000 0.059880 0.064000
0 0.283433 0.908667 0.055888 0.065333
0 0.342315 0.908667 0.061876 0.065333
0 0.400200 0.908667 0.053892 0.065333
0 0.453094 0.909333 0.051896 0.064000
0 0.508982 0.910667 0.059880 0.066667
0 0.563872 0.912667 0.049900 0.062667
0 0.615768 0.912000 0.053892 0.061333
0 0.666667 0.913333 0.047904 0.058667
0 0.720559 0.914000 0.059880 0.060000
0 0.773453 0.915333 0.045908 0.057333
0 0.827345 0.916000 0.061876 0.058667
0 0.880240 0.916000 0.043912 0.056000
0 0.159681 0.974667 0.055888 0.050667
0 0.221557 0.974667 0.055888 0.050667
0 0.281437 0.975333 0.059880 0.049333
0 0.338323 0.975333 0.053892 0.049333
0 0.399202 0.975333 0.059880 0.049333
0 0.457086 0.976000 0.055888 0.048000
0 0.513972 0.976000 0.057884 0.048000
0 0.571856 0.976000 0.053892 0.048000
0 0.626747 0.976000 0.055888 0.048000
0 0.681637 0.976000 0.053892 0.048000
0 0.736527 0.976000 0.051896 0.048000
0 0.792415 0.976667 0.059880 0.046667
0 0.846307 0.976667 0.051896 0.046667
0 0.898204 0.977333 0.047904 0.045333
