0 0.723633 0.042969 0.052734 0.082031
0 0.774414 0.045898 0.048828 0.087891
0 0.669922 0.045898 0.039062 0.087891
0 0.673828 0.239258 0.046875 0.306641
0 0.723633 0.239258 0.052734 0.306641
0 0.773438 0.239258 0.046875 0.306641
0 0.775391 0.486328 0.042969 0.187500
0 0.726562 0.487305 0.054688 0.185547
0 0.677734 0.485352 0.042969 0.181641
0 0.677734 0.659180 0.042969 0.166016
0 0.725586 0.659180 0.052734 0.166016
0 0.778320 0.659180 0.052734 0.166016
0 0.779297 0.833984 0.050781 0.183594
0 0.728516 0.833008 0.050781 0.185547
0 0.678711 0.829102 0.048828 0.177734
0 0.843750 0.042969 0.042969 0.082031
0 0.893555 0.041992 0.052734 0.080078
0 0.936523 0.041992 0.037109 0.080078
0 0.936523 0.238281 0.037109 0.312500
0 0.893555 0.241211 0.048828 0.306641
0 0.845703 0.240234 0.046875 0.304688
0 0.843750 0.486328 0.042969 0.187500
0 0.890625 0.487305 0.050781 0.185547
0 0.934570 0.484375 0.037109 0.179688
0 0.935547 0.656250 0.035156 0.164062
0 0.892578 0.657227 0.050781 0.162109
0 0.842773 0.660156 0.048828 0.167969
0 0.839844 0.834961 0.042969 0.181641
0 0.888672 0.833008 0.054688 0.185547
0 0.937500 0.832031 0.042969 0.183594
0 0.487305 0.039062 0.048828 0.074219
0 0.540039 0.041016 0.056641 0.078125
0 0.590820 0.041016 0.044922 0.078125
0 0.486328 0.234375 0.046875 0.316406
0 0.539062 0.235352 0.058594 0.314453
0 0.591797 0.237305 0.046875 0.318359
0 0.485352 0.482422 0.048828 0.183594
0 0.537109 0.483398 0.054688 0.181641
0 0.589844 0.484375 0.050781 0.183594
0 0.485352 0.660156 0.048828 0.171875
0 0.537109 0.660156 0.054688 0.171875
0 0.588867 0.660156 0.048828 0.171875
0 0.586914 0.841797 0.052734 0.191406
0 0.536133 0.839844 0.052734 0.195312
0 0.485352 0.838867 0.048828 0.193359
0 0.293945 0.042969 0.052734 0.082031
0 0.350586 0.042969 0.060547 0.082031
0 0.407227 0.041016 0.052734 0.078125
0 0.296875 0.331055 0.058594 0.498047
0 0.351562 0.330078 0.050781 0.500000
0 0.404297 0.328125 0.054688 0.496094
0 0.294922 0.661133 0.054688 0.166016
0 0.350586 0.660156 0.056641 0.167969
0 0.405273 0.660156 0.052734 0.167969
0 0.406250 0.835938 0.050781 0.183594
0 0.351562 0.834961 0.054688 0.185547
0 0.298828 0.833984 0.054688 0.171875
0 0.027344 0.039062 0.050781 0.074219
0 0.080078 0.041992 0.050781 0.080078
0 0.132812 0.041992 0.054688 0.080078
0 0.189453 0.041992 0.058594 0.080078
0 0.240234 0.041992 0.042969 0.080078
0 0.031250 0.238281 0.058594 0.324219
0 0.082031 0.241211 0.042969 0.318359
0 0.133789 0.241211 0.060547 0.318359
0 0.190430 0.240234 0.052734 0.320312
0 0.240234 0.243164 0.046875 0.326172
0 0.031250 0.488281 0.054688 0.187500
0 0.083984 0.489258 0.050781 0.185547
0 0.135742 0.487305 0.052734 0.181641
0 0.189453 0.487305 0.054688 0.181641
0 0.030273 0.664062 0.056641 0.167969
0 0.083008 0.665039 0.048828 0.166016
0 0.134766 0.665039 0.054688 0.166016
0 0.189453 0.661133 0.054688 0.173828
0 0.242188 0.661133 0.050781 0.173828
0 0.030273 0.846680 0.056641 0.201172
0 0.082031 0.846680 0.046875 0.201172
0 0.134766 0.844727 0.058594 0.197266
0 0.189453 0.844727 0.050781 0.197266
0 0.240234 0.843750 0.046875 0.195312
