0 0.186523 0.458008 0.072266 0.146484
0 0.234375 0.412109 0.015625 0.113281
0 0.337891 0.352539 0.085938 0.154297
0 0.447266 0.283203 0.117188 0.175781
0 0.563477 0.293945 0.115234 0.197266
0 0.666992 0.397461 0.072266 0.130859
0 0.728516 0.431641 0.066406 0.171875
0 0.791992 0.519531 0.056641 0.121094
0 0.850586 0.562500 0.048828 0.113281
0 0.263672 0.630859 0.074219 0.148438
0 0.345703 0.595703 0.074219 0.144531
0 0.453125 0.543945 0.105469 0.185547
0 0.563477 0.561523 0.115234 0.220703
0 0.659180 0.625977 0.076172 0.166016
0 0.733398 0.676758 0.064453 0.150391
0 0.793945 0.724609 0.060547 0.117188
0 0.847656 0.761719 0.050781 0.105469
0 0.445312 0.854492 0.109375 0.267578
0 0.343750 0.881836 0.070312 0.236328
0 0.559570 0.861328 0.115234 0.277344
0 0.659180 0.888672 0.072266 0.222656
0 0.734375 0.912109 0.062500 0.175781
0 0.798828 0.933594 0.058594 0.132812
0 0.857422 0.947266 0.050781 0.105469
