0 0.868164 0.346680 0.177734 0.365234
0 0.871094 0.733398 0.171875 0.408203
0 0.710938 0.731445 0.152344 0.376953
0 0.565430 0.738281 0.138672 0.355469
0 0.451172 0.741211 0.097656 0.333984
0 0.351562 0.749023 0.093750 0.314453
0 0.270508 0.750000 0.068359 0.289062
0 0.202148 0.751953 0.068359 0.281250
0 0.139648 0.750977 0.056641 0.271484
0 0.083984 0.753906 0.058594 0.257812
0 0.707031 0.369141 0.148438 0.347656
0 0.563477 0.393555 0.142578 0.322266
0 0.448242 0.413086 0.095703 0.302734
0 0.354492 0.428711 0.091797 0.291016
0 0.270508 0.445312 0.080078 0.285156
0 0.203125 0.455078 0.058594 0.269531
0 0.142578 0.466797 0.058594 0.261719
0 0.085938 0.473633 0.058594 0.263672
0 0.032227 0.482422 0.060547 0.250000
0 0.870117 0.087891 0.181641 0.171875
0 0.705078 0.105469 0.152344 0.207031
0 0.561523 0.119141 0.134766 0.234375
0 0.448242 0.147461 0.091797 0.216797
0 0.355469 0.172852 0.089844 0.212891
0 0.272461 0.192383 0.080078 0.197266
0 0.203125 0.213867 0.062500 0.193359
0 0.141602 0.227539 0.060547 0.197266
0 0.087891 0.239258 0.046875 0.181641
0 0.038086 0.253906 0.056641 0.183594
