0 0.146973 0.232902 0.057617 0.158965
0 0.195312 0.233826 0.039062 0.157116
0 0.144531 0.484288 0.060547 0.158965
0 0.202148 0.482440 0.054688 0.162662
0 0.333008 0.228281 0.058594 0.168207
0 0.390137 0.231054 0.055664 0.162662
0 0.485352 0.179298 0.019531 0.062847
0 0.359375 0.483364 0.101562 0.160813
0 0.458496 0.480591 0.096680 0.166359
0 0.616211 0.231978 0.056641 0.160813
0 0.671875 0.231978 0.054688 0.160813
0 0.615723 0.480591 0.055664 0.166359
0 0.672363 0.480591 0.057617 0.166359
3 0.594727 0.762477 0.048828 0.367837
3 0.708496 0.781885 0.071289 0.384473
3 0.738281 0.595194 0.039062 0.121996
