0 0.196289 0.059570 0.056641 0.115234
0 0.193359 0.199219 0.054688 0.199219
0 0.199219 0.367188 0.054688 0.179688
0 0.195312 0.480469 0.054688 0.082031
0 0.192383 0.599609 0.048828 0.167969
0 0.198242 0.766602 0.048828 0.166016
0 0.196289 0.879883 0.060547 0.072266
0 0.197266 0.958008 0.054688 0.083984
0 0.455078 0.936523 0.039062 0.126953
0 0.475586 0.757812 0.083984 0.105469
0 0.486328 0.575195 0.105469 0.158203
0 0.508789 0.403320 0.068359 0.111328
0 0.461914 0.096680 0.076172 0.099609
0 0.565430 0.114258 0.033203 0.048828
0 0.659180 0.487305 0.025391 0.126953
0 0.671875 0.545898 0.000000 0.009766
0 0.700195 0.498047 0.060547 0.136719
0 0.761719 0.518555 0.054688 0.130859
0 0.810547 0.532227 0.050781 0.123047
0 0.875977 0.546875 0.080078 0.117188
0 0.661133 0.612305 0.013672 0.146484
0 0.699219 0.620117 0.058594 0.138672
0 0.757812 0.633789 0.058594 0.138672
0 0.811523 0.642578 0.048828 0.128906
0 0.858398 0.652344 0.048828 0.117188
0 0.699219 0.763672 0.058594 0.160156
0 0.756836 0.772461 0.056641 0.154297
0 0.808594 0.777344 0.050781 0.144531
0 0.857422 0.778320 0.046875 0.138672
0 0.899414 0.789062 0.041016 0.128906
0 0.699219 0.920898 0.066406 0.158203
0 0.757812 0.919922 0.058594 0.148438
0 0.811523 0.922852 0.052734 0.154297
0 0.860352 0.924805 0.048828 0.150391
0 0.898438 0.926758 0.042969 0.146484
