0 0.171875 0.249023 0.121094 0.091797
0 0.301758 0.248047 0.138672 0.093750
0 0.444336 0.250977 0.146484 0.099609
0 0.586914 0.251953 0.138672 0.097656
0 0.686523 0.247070 0.060547 0.087891
0 0.780273 0.247070 0.126953 0.087891
0 0.174805 0.347656 0.111328 0.093750
0 0.299805 0.344727 0.138672 0.099609
0 0.441406 0.343750 0.144531 0.097656
0 0.581055 0.344727 0.134766 0.095703
0 0.682617 0.345703 0.068359 0.097656
0 0.781250 0.346680 0.128906 0.095703
0 0.171875 0.437500 0.121094 0.089844
0 0.301758 0.437500 0.138672 0.089844
0 0.442383 0.436523 0.142578 0.087891
0 0.583008 0.435547 0.138672 0.089844
0 0.684570 0.434570 0.064453 0.091797
0 0.784180 0.437500 0.134766 0.085938
0 0.171875 0.501953 0.125000 0.042969
0 0.302734 0.503906 0.136719 0.039062
0 0.448242 0.503906 0.138672 0.035156
0 0.584961 0.503906 0.134766 0.035156
0 0.684570 0.502930 0.064453 0.033203
0 0.781250 0.504883 0.128906 0.029297
0 0.111328 0.524414 0.000000 0.001953
0 0.170898 0.563477 0.119141 0.080078
0 0.302734 0.563477 0.144531 0.080078
0 0.447266 0.563477 0.144531 0.080078
0 0.586914 0.562500 0.134766 0.082031
0 0.684570 0.560547 0.060547 0.078125
0 0.780273 0.560547 0.130859 0.078125
0 0.173828 0.645508 0.121094 0.083984
0 0.305664 0.645508 0.142578 0.083984
0 0.445312 0.646484 0.136719 0.085938
0 0.583008 0.645508 0.138672 0.087891
0 0.684570 0.643555 0.064453 0.083984
0 0.780273 0.644531 0.126953 0.082031
0 0.173828 0.707031 0.121094 0.042969
0 0.304688 0.709961 0.136719 0.041016
0 0.443359 0.708008 0.140625 0.037109
0 0.583008 0.707031 0.138672 0.039062
0 0.685547 0.707031 0.062500 0.039062
0 0.781250 0.705078 0.128906 0.042969
0 0.172852 0.769531 0.126953 0.085938
0 0.304688 0.770508 0.136719 0.083984
0 0.445312 0.769531 0.144531 0.082031
0 0.585938 0.769531 0.136719 0.082031
0 0.686523 0.771484 0.064453 0.085938
0 0.780273 0.771484 0.123047 0.085938
0 0.174805 0.856445 0.126953 0.087891
0 0.307617 0.858398 0.134766 0.087891
0 0.446289 0.856445 0.142578 0.083984
0 0.585938 0.855469 0.136719 0.085938
0 0.685547 0.856445 0.062500 0.087891
0 0.779297 0.856445 0.125000 0.087891
0 0.174805 0.916992 0.126953 0.041016
0 0.306641 0.916992 0.136719 0.041016
0 0.447266 0.916992 0.144531 0.041016
0 0.584961 0.916992 0.130859 0.041016
0 0.683594 0.916992 0.062500 0.041016
0 0.780273 0.918945 0.130859 0.037109
0 0.171875 0.966797 0.125000 0.058594
0 0.304688 0.967773 0.140625 0.056641
0 0.446289 0.966797 0.142578 0.054688
0 0.586914 0.964844 0.138672 0.058594
0 0.685547 0.966797 0.058594 0.062500
0 0.781250 0.967773 0.132812 0.060547
