0 0.424805 0.367188 0.150391 0.199219
0 0.647461 0.190430 0.283203 0.322266
0 0.301758 0.466797 0.087891 0.136719
0 0.230469 0.522461 0.050781 0.083984
0 0.303711 0.641602 0.080078 0.255859
0 0.422852 0.586914 0.158203 0.373047
0 0.651367 0.494141 0.302734 0.570312
0 0.884766 0.501953 0.144531 0.570312
0 0.975586 0.566406 0.048828 0.363281
0 0.884766 0.183594 0.132812 0.312500
0 0.976562 0.292969 0.046875 0.148438
0 0.885742 0.839844 0.138672 0.128906
0 0.979492 0.818359 0.041016 0.078125
0 0.878906 0.927734 0.148438 0.144531
0 0.977539 0.917969 0.044922 0.113281
0 0.645508 0.884766 0.302734 0.230469
0 0.302734 0.843750 0.078125 0.164062
0 0.419922 0.872070 0.160156 0.216797
