0 0.285088 0.343182 0.033835 0.063636
0 0.315163 0.336364 0.028822 0.068182
0 0.344612 0.325000 0.030075 0.072727
0 0.377820 0.313636 0.033835 0.072727
0 0.408521 0.303409 0.032581 0.075000
0 0.439850 0.295455 0.035088 0.072727
0 0.473684 0.282955 0.035088 0.079545
0 0.508772 0.275000 0.035088 0.072727
0 0.545113 0.264773 0.042607 0.079545
0 0.588346 0.251136 0.043860 0.079545
0 0.630952 0.237500 0.046366 0.084091
0 0.667293 0.228409 0.028822 0.075000
0 0.284461 0.396591 0.035088 0.061364
0 0.313910 0.390909 0.031328 0.063636
0 0.343358 0.380682 0.032581 0.061364
0 0.375313 0.372727 0.033835 0.063636
0 0.406642 0.362500 0.033835 0.061364
0 0.439850 0.354545 0.035088 0.063636
0 0.472431 0.345455 0.035088 0.068182
0 0.508145 0.335227 0.036341 0.061364
0 0.545113 0.326136 0.042607 0.065909
0 0.587719 0.311364 0.042607 0.068182
0 0.632206 0.303409 0.043860 0.075000
0 0.668546 0.293182 0.033835 0.068182
0 0.281955 0.453409 0.030075 0.065909
0 0.311404 0.445455 0.028822 0.059091
0 0.342105 0.437500 0.030075 0.065909
0 0.374060 0.430682 0.033835 0.070455
0 0.406642 0.421591 0.033835 0.070455
0 0.439223 0.414773 0.033835 0.070455
0 0.472431 0.406818 0.035088 0.077273
0 0.508145 0.397727 0.036341 0.077273
0 0.543860 0.387500 0.042607 0.084091
0 0.585840 0.381818 0.043860 0.081818
0 0.629699 0.369318 0.046366 0.084091
0 0.670426 0.363636 0.035088 0.081818
0 0.281328 0.505682 0.031328 0.052273
0 0.310150 0.503409 0.028822 0.061364
0 0.340226 0.498864 0.033835 0.070455
0 0.372807 0.492045 0.036341 0.075000
0 0.404135 0.486364 0.033835 0.068182
0 0.438596 0.481818 0.032581 0.072727
0 0.472431 0.473864 0.035088 0.079545
0 0.506892 0.467045 0.038847 0.075000
0 0.544486 0.463636 0.041353 0.077273
0 0.586466 0.453409 0.042607 0.084091
0 0.630326 0.440909 0.045113 0.081818
0 0.669173 0.436364 0.030075 0.081818
0 0.308897 0.559091 0.028822 0.059091
0 0.339599 0.559091 0.032581 0.059091
0 0.372180 0.553409 0.032581 0.047727
0 0.405388 0.547727 0.033835 0.059091
0 0.437970 0.547727 0.031328 0.059091
0 0.471805 0.540909 0.036341 0.072727
0 0.505639 0.535227 0.038847 0.056818
0 0.545739 0.529545 0.041353 0.068182
0 0.586466 0.525000 0.045113 0.063636
0 0.632206 0.515909 0.046366 0.081818
0 0.668546 0.511364 0.033835 0.072727
0 0.338346 0.613636 0.037594 0.050000
0 0.374060 0.606818 0.036341 0.050000
0 0.406015 0.602273 0.032581 0.054545
0 0.437970 0.598864 0.031328 0.052273
0 0.471805 0.594318 0.033835 0.052273
0 0.506892 0.593182 0.033835 0.050000
0 0.544486 0.586364 0.038847 0.054545
0 0.587093 0.587500 0.046366 0.056818
0 0.630952 0.584091 0.046366 0.072727
0 0.667920 0.584091 0.030075 0.072727
0 0.669173 0.640909 0.030075 0.050000
0 0.632206 0.643182 0.048872 0.045455
0 0.586466 0.631818 0.045113 0.036364
0 0.544486 0.628409 0.043860 0.029545
0 0.506266 0.629545 0.037594 0.031818
0 0.470551 0.635227 0.033835 0.025000
0 0.437970 0.642045 0.031328 0.029545
0 0.407268 0.645455 0.030075 0.031818
0 0.372807 0.648864 0.036341 0.034091
0 0.336466 0.654545 0.036341 0.031818
