0 0.030762 0.442899 0.059570 0.200586
0 0.098145 0.441435 0.075195 0.200586
0 0.173828 0.441435 0.074219 0.200586
0 0.248047 0.440703 0.074219 0.199122
0 0.320312 0.441435 0.070312 0.197657
0 0.178223 0.161054 0.028320 0.079063
0 0.212891 0.161786 0.041016 0.077599
0 0.257324 0.160322 0.047852 0.074671
0 0.301758 0.159590 0.041016 0.076135
0 0.346191 0.160322 0.047852 0.077599
0 0.391602 0.161786 0.042969 0.074671
0 0.435547 0.161786 0.044922 0.074671
0 0.480469 0.161054 0.044922 0.076135
0 0.524902 0.161054 0.043945 0.076135
0 0.568848 0.161786 0.043945 0.074671
0 0.613281 0.160322 0.044922 0.071742
0 0.658691 0.158858 0.045898 0.074671
0 0.704102 0.161054 0.044922 0.067350
0 0.748535 0.157394 0.043945 0.074671
0 0.793457 0.157394 0.045898 0.074671
0 0.838867 0.156662 0.044922 0.076135
0 0.883301 0.155198 0.043945 0.073206
0 0.927246 0.155930 0.043945 0.071742
0 0.971680 0.156662 0.044922 0.073206
0 0.961914 0.225476 0.044922 0.067350
0 0.918457 0.226208 0.043945 0.065886
0 0.874512 0.228404 0.043945 0.064422
0 0.832031 0.229136 0.039062 0.068814
0 0.181152 0.215227 0.024414 0.026354
0 0.214355 0.214495 0.041992 0.027818
0 0.258789 0.214495 0.046875 0.027818
0 0.303711 0.213763 0.042969 0.029283
0 0.393066 0.232796 0.043945 0.067350
0 0.436523 0.232796 0.042969 0.067350
0 0.480957 0.232064 0.045898 0.065886
0 0.526367 0.233529 0.044922 0.062958
0 0.569824 0.232796 0.041992 0.061493
0 0.613281 0.230600 0.044922 0.065886
0 0.657227 0.230600 0.042969 0.065886
0 0.700195 0.230600 0.042969 0.065886
0 0.743652 0.229868 0.043945 0.064422
0 0.789062 0.228404 0.046875 0.067350
0 0.437988 0.306003 0.043945 0.079063
0 0.482422 0.304539 0.042969 0.076135
0 0.526855 0.305271 0.045898 0.077599
0 0.570801 0.304539 0.041992 0.079063
0 0.613770 0.304539 0.043945 0.079063
0 0.657715 0.305271 0.043945 0.077599
0 0.702637 0.304539 0.045898 0.076135
0 0.748535 0.304539 0.045898 0.076135
0 0.794434 0.304539 0.045898 0.076135
0 0.839355 0.303075 0.043945 0.079063
0 0.884277 0.303075 0.045898 0.079063
0 0.929199 0.302343 0.043945 0.080527
