0 0.534180 0.227539 0.064453 0.205078
0 0.470703 0.263672 0.066406 0.191406
0 0.416992 0.293945 0.044922 0.169922
0 0.369141 0.321289 0.050781 0.169922
0 0.323242 0.343750 0.044922 0.164062
0 0.279297 0.363281 0.042969 0.152344
0 0.236328 0.388672 0.042969 0.152344
0 0.201172 0.407227 0.039062 0.142578
0 0.165039 0.425781 0.033203 0.140625
0 0.132812 0.444336 0.035156 0.134766
0 0.100586 0.457031 0.029297 0.128906
0 0.072266 0.472656 0.031250 0.125000
0 0.045898 0.487305 0.025391 0.123047
0 0.021484 0.500000 0.023438 0.121094
0 0.532227 0.433594 0.072266 0.171875
0 0.587891 0.422852 0.035156 0.169922
0 0.466797 0.457031 0.058594 0.160156
0 0.416992 0.476562 0.041016 0.148438
0 0.367188 0.496094 0.050781 0.144531
0 0.319336 0.515625 0.044922 0.132812
0 0.278320 0.529297 0.044922 0.128906
0 0.238281 0.548828 0.035156 0.128906
0 0.201172 0.559570 0.039062 0.123047
0 0.166016 0.572266 0.035156 0.121094
0 0.130859 0.587891 0.031250 0.117188
0 0.099609 0.600586 0.035156 0.119141
0 0.070312 0.611328 0.027344 0.109375
0 0.043945 0.624023 0.025391 0.107422
0 0.018555 0.634766 0.029297 0.109375
0 0.585938 0.632812 0.066406 0.214844
0 0.522461 0.635742 0.060547 0.205078
0 0.464844 0.648438 0.066406 0.187500
0 0.406250 0.663086 0.054688 0.181641
0 0.362305 0.674805 0.056641 0.173828
0 0.316406 0.680664 0.046875 0.154297
0 0.273438 0.690430 0.046875 0.146484
0 0.230469 0.696289 0.042969 0.154297
0 0.194336 0.708008 0.041016 0.142578
0 0.155273 0.716797 0.041016 0.140625
0 0.123047 0.722656 0.035156 0.136719
0 0.461914 0.828125 0.064453 0.171875
0 0.407227 0.831055 0.048828 0.169922
0 0.357422 0.837891 0.054688 0.164062
0 0.313477 0.834961 0.044922 0.162109
0 0.269531 0.842773 0.046875 0.158203
0 0.235352 0.841797 0.041016 0.148438
0 0.192383 0.844727 0.037109 0.142578
0 0.156250 0.850586 0.035156 0.134766
0 0.122070 0.849609 0.029297 0.125000
0 0.522461 0.766602 0.060547 0.080078
0 0.583008 0.762695 0.060547 0.072266
0 0.091797 0.729492 0.031250 0.123047
0 0.067383 0.735352 0.029297 0.123047
0 0.041992 0.743164 0.033203 0.123047
0 0.014648 0.750977 0.025391 0.126953
0 0.682617 0.855469 0.076172 0.097656
