0 0.128125 0.456038 0.020313 0.082063
0 0.153125 0.455451 0.029687 0.083236
0 0.191406 0.456624 0.046875 0.085580
0 0.237500 0.456038 0.045312 0.086753
0 0.275391 0.454865 0.030469 0.084408
0 0.300391 0.453693 0.019531 0.086753
0 0.128516 0.556858 0.021094 0.084408
0 0.153125 0.556858 0.028125 0.084408
0 0.191016 0.557444 0.047656 0.085580
0 0.237891 0.557444 0.046094 0.085580
0 0.274609 0.558030 0.027344 0.086753
0 0.298438 0.558030 0.020313 0.086753
0 0.131250 0.679367 0.068750 0.069168
0 0.190625 0.678195 0.050000 0.071512
0 0.239844 0.677608 0.048438 0.070340
0 0.287891 0.675850 0.047656 0.073857
0 0.322266 0.675850 0.021094 0.073857
0 0.392188 0.379836 0.065625 0.058617
0 0.446875 0.379836 0.043750 0.058617
0 0.489063 0.378077 0.040625 0.055100
0 0.530469 0.378077 0.042188 0.055100
0 0.571484 0.375147 0.039844 0.049238
0 0.613281 0.373974 0.043750 0.051583
0 0.651953 0.453107 0.021094 0.087925
0 0.675781 0.454279 0.026562 0.085580
0 0.698047 0.451934 0.017969 0.080891
0 0.723437 0.451348 0.032813 0.082063
0 0.764844 0.451348 0.050000 0.082063
0 0.803906 0.450176 0.028125 0.084408
0 0.828125 0.451348 0.020313 0.086753
0 0.653906 0.553927 0.018750 0.085580
0 0.676172 0.553341 0.025781 0.086753
0 0.696875 0.552755 0.015625 0.085580
0 0.721484 0.552169 0.033594 0.086753
0 0.764062 0.552755 0.051562 0.087925
0 0.804688 0.552169 0.029687 0.089097
0 0.829688 0.552169 0.020313 0.089097
0 0.419141 0.467761 0.019531 0.044549
0 0.441016 0.467761 0.024219 0.044549
0 0.474219 0.467175 0.042188 0.043376
0 0.505469 0.468347 0.020313 0.041032
0 0.537500 0.468933 0.043750 0.042204
0 0.568359 0.467761 0.017969 0.044549
0 0.591797 0.467761 0.028906 0.044549
0 0.421094 0.556272 0.025000 0.045721
0 0.442969 0.558617 0.018750 0.041032
0 0.472656 0.557444 0.040625 0.038687
0 0.503906 0.557444 0.021875 0.038687
0 0.534766 0.558030 0.039844 0.039859
0 0.566016 0.557444 0.022656 0.041032
0 0.591406 0.557444 0.028125 0.041032
0 0.408203 0.662368 0.049219 0.096131
0 0.456641 0.662954 0.049219 0.094959
0 0.503125 0.660610 0.046875 0.092614
0 0.552734 0.660610 0.047656 0.092614
