0 0.326172 0.066406 0.140625 0.128906
0 0.462891 0.068359 0.140625 0.132812
0 0.603516 0.067383 0.136719 0.130859
0 0.793945 0.066406 0.205078 0.128906
0 0.302734 0.253906 0.179688 0.250000
0 0.458008 0.252930 0.154297 0.248047
0 0.613281 0.257812 0.164062 0.242188
0 0.817383 0.260742 0.228516 0.236328
0 0.454102 0.518555 0.162109 0.279297
0 0.625977 0.524414 0.189453 0.291016
0 0.858398 0.523438 0.279297 0.289062
0 0.874023 0.834961 0.251953 0.326172
0 0.261719 0.827148 0.203125 0.302734
0 0.446289 0.832031 0.185547 0.308594
0 0.642578 0.831055 0.210938 0.318359
