0 0.064167 0.267460 0.011667 0.046032
0 0.083750 0.261905 0.027500 0.050794
0 0.110833 0.256349 0.028333 0.052381
0 0.140417 0.246825 0.032500 0.052381
0 0.172083 0.239683 0.032500 0.053968
0 0.206667 0.229365 0.035000 0.055556
0 0.242500 0.223016 0.036667 0.052381
0 0.281250 0.215079 0.040833 0.058730
0 0.322083 0.205556 0.042500 0.055556
0 0.364167 0.199206 0.045000 0.055556
0 0.409167 0.192063 0.045000 0.057143
0 0.455000 0.185714 0.048333 0.060317
0 0.503333 0.178571 0.051667 0.052381
0 0.555000 0.169048 0.051667 0.058730
0 0.063333 0.321429 0.013333 0.068254
0 0.082917 0.319048 0.025833 0.076190
0 0.109167 0.311905 0.028333 0.077778
0 0.140000 0.305556 0.033333 0.074603
0 0.172083 0.296825 0.034167 0.079365
0 0.205833 0.288889 0.036667 0.079365
0 0.241667 0.283333 0.038333 0.080952
0 0.280833 0.276190 0.040000 0.085714
0 0.321250 0.269841 0.042500 0.082540
0 0.363750 0.262698 0.044167 0.084127
0 0.408750 0.255556 0.044167 0.085714
0 0.454583 0.250000 0.049167 0.087302
0 0.502917 0.245238 0.050833 0.087302
0 0.062083 0.419841 0.012500 0.125397
0 0.081667 0.415079 0.028333 0.134921
0 0.109167 0.411905 0.028333 0.134921
0 0.138333 0.407143 0.031667 0.138095
0 0.170000 0.401587 0.035000 0.142857
0 0.205833 0.395238 0.036667 0.142857
0 0.240833 0.390476 0.040000 0.146032
0 0.280833 0.387302 0.041667 0.149206
0 0.320833 0.381746 0.041667 0.150794
0 0.363333 0.377778 0.045000 0.155556
0 0.407500 0.373016 0.048333 0.158730
0 0.454583 0.365079 0.047500 0.155556
0 0.502917 0.362698 0.050833 0.160317
0 0.060833 0.507143 0.011667 0.049206
0 0.080417 0.506349 0.027500 0.053968
0 0.107917 0.503968 0.027500 0.058730
0 0.137083 0.500000 0.032500 0.053968
0 0.169583 0.495238 0.034167 0.057143
0 0.204167 0.492063 0.035000 0.060317
0 0.240000 0.489683 0.038333 0.058730
0 0.278750 0.486508 0.040833 0.061905
0 0.319583 0.484921 0.040833 0.061905
0 0.361667 0.479365 0.045000 0.060317
0 0.407500 0.476984 0.046667 0.065079
0 0.453750 0.474603 0.047500 0.063492
0 0.502917 0.469841 0.049167 0.066667
0 0.059583 0.573810 0.010833 0.087302
0 0.079167 0.574603 0.028333 0.085714
0 0.108333 0.572222 0.026667 0.090476
0 0.137500 0.570635 0.030000 0.093651
0 0.170000 0.569048 0.033333 0.093651
0 0.202917 0.566667 0.035833 0.095238
0 0.239583 0.564286 0.037500 0.096825
0 0.278333 0.563492 0.040000 0.098413
0 0.318750 0.560317 0.042500 0.101587
0 0.361667 0.561111 0.043333 0.103175
0 0.406250 0.555556 0.047500 0.107937
0 0.452917 0.553968 0.049167 0.107937
0 0.502083 0.553175 0.049167 0.109524
0 0.059583 0.682540 0.010833 0.126984
0 0.078333 0.684127 0.030000 0.130159
0 0.105833 0.682540 0.028333 0.130159
0 0.136667 0.680952 0.033333 0.136508
0 0.168333 0.680952 0.035000 0.133333
0 0.203333 0.680159 0.036667 0.138095
0 0.237917 0.680952 0.039167 0.136508
0 0.277083 0.681746 0.040833 0.141270
0 0.318750 0.684127 0.040833 0.139683
0 0.057500 0.769841 0.013333 0.047619
0 0.077917 0.770635 0.027500 0.049206
0 0.105833 0.772222 0.028333 0.046032
0 0.135000 0.773016 0.030000 0.047619
0 0.167083 0.774603 0.034167 0.044444
0 0.201667 0.777778 0.035000 0.050794
0 0.237917 0.778571 0.037500 0.049206
0 0.276667 0.781746 0.040000 0.055556
0 0.317917 0.783333 0.042500 0.052381
0 0.452917 0.685714 0.049167 0.149206
0 0.501667 0.684127 0.048333 0.152381
0 0.452917 0.788095 0.045833 0.058730
0 0.500417 0.788889 0.049167 0.057143
0 0.555000 0.238889 0.051667 0.084127
0 0.607917 0.161905 0.054167 0.063492
0 0.662917 0.156349 0.055833 0.061905
0 0.719167 0.150794 0.055000 0.063492
0 0.776667 0.145238 0.060000 0.058730
0 0.836667 0.138095 0.060000 0.063492
0 0.880833 0.136508 0.028333 0.060317
0 0.606667 0.232540 0.055000 0.093651
0 0.662500 0.226190 0.056667 0.090476
0 0.719167 0.222222 0.056667 0.095238
0 0.777500 0.215873 0.058333 0.092063
0 0.837083 0.211905 0.060833 0.090476
0 0.879167 0.210317 0.023333 0.087302
0 0.554167 0.360317 0.051667 0.161905
0 0.607083 0.354762 0.054167 0.150794
0 0.662917 0.349206 0.057500 0.161905
0 0.720000 0.347619 0.056667 0.158730
0 0.777083 0.342857 0.057500 0.168254
0 0.836250 0.341270 0.060833 0.165079
0 0.879583 0.339683 0.025833 0.168254
0 0.552917 0.466667 0.052500 0.069841
0 0.605833 0.464286 0.053333 0.065079
0 0.661667 0.462698 0.058333 0.068254
0 0.718750 0.457937 0.055833 0.058730
0 0.776250 0.455556 0.059167 0.063492
0 0.836667 0.455556 0.061667 0.063492
0 0.880417 0.453968 0.025833 0.066667
0 0.552500 0.551587 0.053333 0.109524
0 0.605833 0.549206 0.053333 0.104762
0 0.661250 0.546825 0.057500 0.109524
0 0.717917 0.546825 0.055833 0.109524
0 0.776250 0.544444 0.060833 0.114286
0 0.837500 0.544444 0.061667 0.114286
0 0.880833 0.544444 0.025000 0.114286
0 0.552083 0.682540 0.052500 0.158730
0 0.605417 0.683333 0.054167 0.160317
0 0.661250 0.682540 0.057500 0.161905
0 0.718333 0.682540 0.056667 0.161905
0 0.776667 0.682540 0.060000 0.161905
0 0.836667 0.683333 0.060000 0.163492
0 0.880417 0.683333 0.027500 0.163492
0 0.552500 0.793651 0.051667 0.066667
0 0.605833 0.794444 0.055000 0.065079
0 0.661667 0.794444 0.056667 0.065079
0 0.719167 0.795238 0.058333 0.063492
0 0.777500 0.798413 0.058333 0.069841
0 0.836667 0.800000 0.060000 0.066667
0 0.880833 0.800000 0.028333 0.066667
