0 0.261719 0.030273 0.070312 0.056641
0 0.346680 0.031250 0.091797 0.058594
0 0.435547 0.031250 0.085938 0.058594
0 0.549805 0.032227 0.142578 0.060547
0 0.662109 0.032227 0.082031 0.060547
0 0.739258 0.031250 0.072266 0.058594
0 0.811523 0.031250 0.072266 0.058594
0 0.894531 0.033203 0.093750 0.062500
0 0.969727 0.033203 0.056641 0.062500
0 0.261719 0.082031 0.070312 0.046875
0 0.343750 0.085938 0.093750 0.039062
0 0.435547 0.085938 0.089844 0.039062
0 0.551758 0.083984 0.142578 0.042969
0 0.662109 0.083008 0.078125 0.041016
0 0.736328 0.083984 0.070312 0.039062
0 0.809570 0.084961 0.076172 0.041016
0 0.894531 0.083984 0.093750 0.042969
0 0.969727 0.084961 0.056641 0.044922
0 0.969727 0.160156 0.056641 0.105469
0 0.968750 0.257812 0.054688 0.089844
0 0.969727 0.325195 0.052734 0.044922
0 0.970703 0.396484 0.054688 0.097656
0 0.969727 0.467773 0.056641 0.044922
0 0.968750 0.539062 0.054688 0.097656
0 0.971680 0.611328 0.048828 0.046875
0 0.897461 0.613281 0.099609 0.042969
0 0.895508 0.540039 0.095703 0.103516
0 0.894531 0.465820 0.097656 0.044922
0 0.892578 0.395508 0.093750 0.095703
0 0.892578 0.324219 0.093750 0.046875
0 0.892578 0.255859 0.093750 0.089844
0 0.892578 0.158203 0.093750 0.105469
0 0.809570 0.158203 0.072266 0.105469
0 0.737305 0.157227 0.072266 0.107422
0 0.663086 0.157227 0.076172 0.107422
0 0.550781 0.158203 0.148438 0.105469
0 0.433594 0.156250 0.085938 0.101562
0 0.344727 0.154297 0.091797 0.105469
0 0.262695 0.156250 0.072266 0.109375
0 0.262695 0.255859 0.072266 0.089844
0 0.346680 0.254883 0.095703 0.091797
0 0.437500 0.253906 0.085938 0.089844
0 0.551758 0.254883 0.142578 0.087891
0 0.660156 0.255859 0.074219 0.089844
0 0.737305 0.254883 0.080078 0.091797
0 0.812500 0.254883 0.070312 0.091797
0 0.812500 0.324219 0.070312 0.046875
0 0.812500 0.398438 0.070312 0.101562
0 0.812500 0.469727 0.070312 0.041016
0 0.811523 0.539062 0.068359 0.097656
0 0.808594 0.610352 0.074219 0.044922
0 0.809570 0.680664 0.076172 0.095703
0 0.899414 0.681641 0.095703 0.089844
0 0.970703 0.680664 0.050781 0.087891
0 0.265625 0.325195 0.070312 0.052734
0 0.348633 0.325195 0.095703 0.052734
0 0.437500 0.325195 0.082031 0.052734
0 0.549805 0.327148 0.142578 0.048828
0 0.698242 0.325195 0.154297 0.044922
0 0.735352 0.394531 0.080078 0.093750
0 0.658203 0.394531 0.074219 0.093750
0 0.550781 0.396484 0.140625 0.097656
0 0.437500 0.397461 0.085938 0.095703
0 0.346680 0.397461 0.095703 0.095703
0 0.262695 0.396484 0.072266 0.097656
0 0.262695 0.465820 0.072266 0.044922
0 0.344727 0.463867 0.091797 0.048828
0 0.435547 0.463867 0.089844 0.048828
0 0.551758 0.466797 0.142578 0.042969
0 0.699219 0.467773 0.152344 0.044922
0 0.699219 0.537109 0.152344 0.093750
0 0.699219 0.610352 0.152344 0.052734
0 0.735352 0.683594 0.080078 0.093750
0 0.658203 0.681641 0.070312 0.093750
0 0.550781 0.681641 0.144531 0.093750
0 0.437500 0.680664 0.093750 0.099609
0 0.345703 0.679688 0.093750 0.097656
0 0.258789 0.679688 0.076172 0.097656
0 0.260742 0.607422 0.080078 0.046875
0 0.346680 0.608398 0.091797 0.044922
0 0.437500 0.609375 0.089844 0.042969
0 0.553711 0.611328 0.142578 0.046875
0 0.550781 0.538086 0.144531 0.095703
0 0.437500 0.538086 0.089844 0.099609
0 0.346680 0.536133 0.091797 0.095703
0 0.263672 0.537109 0.074219 0.093750
0 0.263672 0.741211 0.074219 0.029297
0 0.346680 0.741211 0.091797 0.029297
0 0.437500 0.741211 0.089844 0.029297
0 0.553711 0.741211 0.142578 0.029297
0 0.661133 0.740234 0.072266 0.027344
0 0.735352 0.740234 0.076172 0.027344
0 0.810547 0.741211 0.074219 0.029297
0 0.896484 0.741211 0.097656 0.029297
0 0.971680 0.740234 0.052734 0.027344
0 0.970703 0.776367 0.054688 0.044922
0 0.969727 0.844727 0.052734 0.091797
0 0.969727 0.913086 0.052734 0.044922
0 0.970703 0.965820 0.054688 0.060547
0 0.260742 0.774414 0.072266 0.048828
0 0.344727 0.777344 0.095703 0.042969
0 0.438477 0.778320 0.087891 0.044922
0 0.552734 0.776367 0.140625 0.048828
0 0.699219 0.772461 0.152344 0.041016
0 0.811523 0.774414 0.072266 0.037109
0 0.896484 0.777344 0.097656 0.042969
0 0.896484 0.841797 0.097656 0.085938
0 0.895508 0.911133 0.095703 0.052734
0 0.896484 0.966797 0.093750 0.058594
0 0.812500 0.967773 0.074219 0.056641
0 0.811523 0.911133 0.072266 0.056641
0 0.811523 0.838867 0.072266 0.087891
0 0.699219 0.842773 0.152344 0.095703
0 0.551758 0.845703 0.142578 0.089844
0 0.437500 0.842773 0.085938 0.083984
0 0.347656 0.841797 0.093750 0.085938
0 0.260742 0.845703 0.080078 0.093750
0 0.259766 0.913086 0.078125 0.041016
0 0.347656 0.911133 0.097656 0.044922
0 0.438477 0.909180 0.083984 0.041016
0 0.552734 0.910156 0.144531 0.039062
0 0.700195 0.913086 0.150391 0.044922
0 0.262695 0.963867 0.080078 0.064453
0 0.349609 0.964844 0.093750 0.062500
0 0.439453 0.964844 0.085938 0.062500
0 0.552734 0.966797 0.140625 0.058594
0 0.699219 0.966797 0.152344 0.058594
