0 0.040278 0.020370 0.075000 0.037037
0 0.141667 0.020370 0.111111 0.037037
0 0.258333 0.020370 0.122222 0.037037
0 0.379167 0.021296 0.130556 0.038889
0 0.044444 0.176852 0.083333 0.138889
0 0.141667 0.175926 0.116667 0.137037
0 0.262500 0.175000 0.119444 0.135185
0 0.383333 0.175926 0.122222 0.137037
0 0.038889 0.374074 0.072222 0.133333
0 0.134722 0.374074 0.119444 0.133333
0 0.258333 0.375000 0.127778 0.135185
0 0.380556 0.375926 0.116667 0.133333
0 0.041667 0.573148 0.077778 0.135185
0 0.140278 0.573148 0.119444 0.135185
0 0.259722 0.573148 0.119444 0.135185
0 0.381944 0.574074 0.125000 0.133333
0 0.041667 0.771296 0.072222 0.131481
0 0.137500 0.772222 0.119444 0.129630
0 0.259722 0.773148 0.125000 0.131481
0 0.380556 0.773148 0.116667 0.131481
0 0.136111 0.952778 0.116667 0.094444
0 0.037500 0.951852 0.063889 0.096296
0 0.261111 0.952778 0.122222 0.094444
0 0.384722 0.951852 0.119444 0.096296
0 0.627778 0.020370 0.122222 0.037037
0 0.751389 0.020370 0.125000 0.037037
0 0.875000 0.020370 0.122222 0.037037
0 0.969444 0.019444 0.061111 0.035185
0 0.625000 0.177778 0.116667 0.137037
0 0.747222 0.176852 0.127778 0.138889
0 0.872222 0.175926 0.122222 0.137037
0 0.966667 0.176852 0.066667 0.135185
0 0.623611 0.375926 0.119444 0.133333
0 0.745833 0.376852 0.125000 0.131481
0 0.868056 0.378704 0.119444 0.135185
0 0.963889 0.378704 0.072222 0.135185
0 0.620833 0.574074 0.119444 0.137037
0 0.741667 0.576852 0.122222 0.131481
0 0.863889 0.577778 0.122222 0.133333
0 0.961111 0.578704 0.072222 0.131481
0 0.623611 0.774074 0.113889 0.133333
0 0.743056 0.775000 0.125000 0.131481
0 0.868056 0.775926 0.125000 0.133333
0 0.965278 0.775926 0.069444 0.133333
0 0.623611 0.953704 0.125000 0.092593
0 0.745833 0.953704 0.125000 0.092593
0 0.870833 0.954630 0.125000 0.090741
0 0.965278 0.954630 0.063889 0.090741
0 0.502778 0.041667 0.116667 0.075926
0 0.502778 0.111111 0.116667 0.062963
0 0.502778 0.173148 0.116667 0.061111
0 0.502778 0.240741 0.116667 0.074074
0 0.504167 0.309259 0.119444 0.062963
0 0.505556 0.368519 0.116667 0.055556
0 0.504167 0.434259 0.113889 0.075926
0 0.504167 0.501852 0.113889 0.059259
0 0.504167 0.560185 0.113889 0.057407
0 0.504167 0.625926 0.113889 0.074074
0 0.504167 0.694444 0.113889 0.062963
0 0.502778 0.753704 0.116667 0.055556
0 0.501389 0.822222 0.113889 0.081481
0 0.502778 0.891667 0.111111 0.057407
0 0.504167 0.950000 0.113889 0.059259
0 0.502778 0.987963 0.116667 0.016667
