0 0.286133 0.464129 0.039062 0.172767
0 0.332520 0.463397 0.040039 0.174231
0 0.391113 0.463397 0.057617 0.185944
0 0.450195 0.462665 0.060547 0.187408
0 0.509766 0.463397 0.058594 0.188873
0 0.569336 0.464129 0.060547 0.187408
0 0.627930 0.464861 0.056641 0.188873
0 0.686035 0.465593 0.059570 0.187408
0 0.744629 0.464129 0.057617 0.184480
0 0.803223 0.464861 0.059570 0.183016
0 0.866699 0.397511 0.041992 0.142020
0 0.912109 0.384334 0.046875 0.165447
0 0.865723 0.516105 0.041992 0.103953
0 0.913086 0.526354 0.048828 0.115666
0 0.986816 0.485359 0.022461 0.215227
