0 0.232422 0.039062 0.335938 0.074219
0 0.528320 0.039062 0.255859 0.074219
0 0.804688 0.037109 0.230469 0.070312
0 0.032227 0.038086 0.060547 0.072266
0 0.031250 0.170898 0.058594 0.119141
0 0.234375 0.177734 0.339844 0.132812
0 0.527344 0.176758 0.246094 0.134766
0 0.800781 0.172852 0.238281 0.126953
0 0.033203 0.324219 0.062500 0.125000
0 0.235352 0.326172 0.337891 0.132812
0 0.526367 0.328125 0.244141 0.128906
0 0.803711 0.328125 0.228516 0.128906
0 0.801758 0.501953 0.232422 0.148438
0 0.526367 0.500977 0.251953 0.154297
0 0.234375 0.501953 0.332031 0.152344
0 0.036133 0.500977 0.064453 0.150391
0 0.072266 0.675781 0.140625 0.117188
0 0.253906 0.679688 0.222656 0.109375
0 0.442383 0.677734 0.154297 0.105469
0 0.533203 0.675781 0.027344 0.109375
0 0.588867 0.676758 0.083984 0.111328
0 0.670898 0.677734 0.080078 0.109375
0 0.762695 0.677734 0.103516 0.109375
0 0.038086 0.842773 0.060547 0.208984
0 0.103516 0.843750 0.070312 0.207031
0 0.316406 0.841797 0.097656 0.207031
0 0.402344 0.842773 0.074219 0.205078
0 0.479492 0.845703 0.080078 0.210938
0 0.534180 0.844727 0.029297 0.212891
0 0.588867 0.840820 0.080078 0.205078
0 0.667969 0.838867 0.078125 0.208984
0 0.758789 0.837891 0.103516 0.207031
