0 0.468220 0.321429 0.063559 0.097403
0 0.538136 0.321429 0.059322 0.097403
0 0.466102 0.444805 0.059322 0.097403
0 0.538136 0.441558 0.059322 0.103896
0 0.466102 0.561688 0.059322 0.110390
0 0.540254 0.564935 0.063559 0.103896
0 0.466102 0.681818 0.059322 0.103896
0 0.538136 0.681818 0.059322 0.103896
0 0.470339 0.801948 0.059322 0.097403
0 0.538136 0.805195 0.059322 0.103896
0 0.216102 0.327922 0.059322 0.084416
0 0.385593 0.327922 0.050847 0.084416
0 0.226695 0.448052 0.080508 0.090909
0 0.313559 0.451299 0.093220 0.084416
0 0.387712 0.451299 0.055085 0.084416
0 0.305085 0.331169 0.110169 0.077922
0 0.298729 0.568182 0.224576 0.084416
0 0.300847 0.688312 0.220339 0.077922
0 0.605932 0.331169 0.025424 0.077922
0 0.633475 0.327922 0.029661 0.084416
0 0.661017 0.327922 0.025424 0.084416
0 0.720339 0.324675 0.025424 0.077922
0 0.745763 0.324675 0.025424 0.077922
0 0.773305 0.327922 0.029661 0.071429
0 0.800847 0.324675 0.025424 0.064935
0 0.830508 0.334416 0.033898 0.045455
0 0.605932 0.444805 0.025424 0.084416
0 0.631356 0.444805 0.025424 0.084416
0 0.661017 0.441558 0.033898 0.077922
0 0.722458 0.441558 0.021186 0.077922
0 0.745763 0.441558 0.025424 0.077922
0 0.773305 0.441558 0.029661 0.077922
0 0.800847 0.441558 0.025424 0.077922
0 0.605932 0.564935 0.033898 0.090909
0 0.635593 0.564935 0.025424 0.090909
0 0.661017 0.561688 0.025424 0.084416
0 0.720339 0.561688 0.025424 0.084416
0 0.745763 0.561688 0.025424 0.084416
0 0.773305 0.558442 0.029661 0.077922
0 0.800847 0.558442 0.025424 0.077922
0 0.832627 0.457792 0.038136 0.045455
0 0.832627 0.584416 0.029661 0.038961
0 0.608051 0.685065 0.029661 0.097403
0 0.635593 0.685065 0.025424 0.097403
0 0.661017 0.681818 0.025424 0.090909
0 0.686441 0.681818 0.025424 0.090909
0 0.716102 0.678571 0.033898 0.084416
0 0.750000 0.678571 0.033898 0.084416
0 0.777542 0.681818 0.021186 0.090909
0 0.802966 0.681818 0.029661 0.090909
0 0.608051 0.801948 0.029661 0.110390
0 0.635593 0.801948 0.025424 0.110390
0 0.661017 0.801948 0.025424 0.110390
0 0.718220 0.801948 0.021186 0.097403
0 0.747881 0.798701 0.029661 0.090909
0 0.777542 0.801948 0.029661 0.084416
0 0.245763 0.805195 0.059322 0.090909
0 0.307203 0.801948 0.063559 0.097403
5 0.347458 0.892857 0.169492 0.084416
5 0.521186 0.899351 0.161017 0.071429
