0 0.033203 0.095703 0.062500 0.187500
0 0.145508 0.153320 0.150391 0.302734
0 0.275391 0.209961 0.113281 0.357422
0 0.384766 0.303711 0.109375 0.337891
0 0.485352 0.388672 0.091797 0.316406
0 0.575195 0.463867 0.080078 0.287109
0 0.381836 0.094727 0.111328 0.185547
0 0.489258 0.149414 0.095703 0.294922
0 0.575195 0.222656 0.080078 0.296875
0 0.033203 0.422852 0.062500 0.427734
0 0.143555 0.496094 0.162109 0.464844
0 0.272461 0.578125 0.103516 0.406250
0 0.382812 0.657227 0.113281 0.412109
0 0.486328 0.708984 0.097656 0.398438
0 0.573242 0.773438 0.083984 0.359375
0 0.035156 0.833008 0.066406 0.333984
0 0.144531 0.853516 0.164062 0.292969
0 0.275391 0.891602 0.105469 0.216797
0 0.383789 0.917969 0.115234 0.164062
0 0.487305 0.951172 0.099609 0.097656
0 0.633789 0.808594 0.041016 0.312500
0 0.673828 0.833984 0.031250 0.312500
0 0.706055 0.850586 0.037109 0.298828
0 0.736328 0.869141 0.035156 0.261719
0 0.635742 0.523438 0.037109 0.230469
0 0.670898 0.553711 0.033203 0.216797
0 0.703125 0.583984 0.027344 0.222656
0 0.732422 0.612305 0.031250 0.224609
0 0.276367 0.896484 0.103516 0.207031
0 0.383789 0.921875 0.107422 0.156250
0 0.635742 0.301758 0.041016 0.255859
0 0.671875 0.339844 0.035156 0.222656
0 0.703125 0.373047 0.031250 0.222656
0 0.735352 0.407227 0.029297 0.201172
0 0.732422 0.192383 0.035156 0.240234
0 0.702148 0.141602 0.033203 0.259766
0 0.670898 0.113281 0.029297 0.222656
0 0.637695 0.098633 0.044922 0.193359
0 0.574219 0.066406 0.082031 0.128906
