0 0.675781 0.521484 0.039062 0.253906
0 0.671875 0.255859 0.031250 0.304688
0 0.747070 0.198242 0.115234 0.392578
0 0.838867 0.169922 0.072266 0.335938
0 0.930664 0.150391 0.087891 0.296875
0 0.750000 0.484375 0.109375 0.300781
0 0.839844 0.457031 0.070312 0.300781
0 0.934570 0.426758 0.087891 0.314453
0 0.984375 0.413086 0.023438 0.306641
0 0.676758 0.786133 0.037109 0.310547
0 0.750000 0.778320 0.109375 0.353516
0 0.843750 0.778320 0.070312 0.376953
0 0.930664 0.768555 0.095703 0.408203
0 0.989258 0.758789 0.021484 0.396484
0 0.509766 0.362305 0.085938 0.302734
0 0.600586 0.296875 0.095703 0.339844
0 0.515625 0.578125 0.082031 0.238281
0 0.602539 0.545898 0.095703 0.248047
0 0.513672 0.799805 0.089844 0.259766
0 0.609375 0.799805 0.101562 0.291016
0 0.356445 0.479492 0.048828 0.201172
0 0.393555 0.458984 0.029297 0.214844
0 0.440430 0.424805 0.068359 0.255859
0 0.357422 0.646484 0.042969 0.164062
0 0.392578 0.633789 0.027344 0.173828
0 0.437500 0.614258 0.070312 0.201172
0 0.357422 0.810547 0.039062 0.179688
0 0.395508 0.810547 0.021484 0.199219
0 0.440430 0.803711 0.064453 0.216797
0 0.291016 0.677734 0.078125 0.152344
0 0.293945 0.534180 0.083984 0.205078
0 0.226562 0.590820 0.058594 0.169922
0 0.223633 0.705078 0.060547 0.128906
0 0.221680 0.817383 0.072266 0.123047
