0 0.717773 0.095703 0.123047 0.187500
0 0.632812 0.104492 0.042969 0.205078
0 0.563477 0.066406 0.087891 0.128906
0 0.564453 0.168945 0.093750 0.177734
0 0.474609 0.099609 0.085938 0.195312
0 0.465820 0.240234 0.095703 0.164062
0 0.379883 0.210938 0.080078 0.308594
0 0.307617 0.264648 0.064453 0.275391
0 0.251953 0.312500 0.042969 0.261719
0 0.212891 0.297852 0.039062 0.142578
0 0.212891 0.407227 0.035156 0.115234
0 0.174805 0.367188 0.044922 0.238281
0 0.740234 0.376953 0.171875 0.332031
0 0.740234 0.584961 0.164062 0.189453
0 0.740234 0.735352 0.175781 0.169922
0 0.742188 0.910156 0.171875 0.179688
0 0.474609 0.849609 0.093750 0.226562
0 0.384766 0.851562 0.082031 0.210938
0 0.309570 0.865234 0.060547 0.195312
0 0.312500 0.569336 0.066406 0.404297
0 0.384766 0.601562 0.085938 0.300781
0 0.473633 0.652344 0.095703 0.187500
0 0.476562 0.473633 0.089844 0.220703
0 0.386719 0.402344 0.089844 0.167969
0 0.252930 0.643555 0.056641 0.451172
0 0.207031 0.794922 0.046875 0.406250
0 0.175781 0.689453 0.039062 0.425781
0 0.117188 0.745117 0.078125 0.509766
