0 0.870117 0.271484 0.259766 0.398438
0 0.661133 0.362305 0.166016 0.341797
0 0.497070 0.412109 0.154297 0.308594
0 0.392578 0.454102 0.093750 0.255859
0 0.305664 0.489258 0.087891 0.232422
0 0.233398 0.511719 0.060547 0.210938
0 0.117188 0.665039 0.050781 0.080078
0 0.171875 0.662109 0.062500 0.082031
0 0.232422 0.648438 0.062500 0.097656
0 0.305664 0.634766 0.083984 0.109375
0 0.386719 0.615234 0.078125 0.128906
0 0.499023 0.596680 0.150391 0.150391
0 0.662109 0.569336 0.167969 0.169922
0 0.833984 0.524414 0.152344 0.189453
0 0.958008 0.503906 0.083984 0.175781
0 0.116211 0.764648 0.056641 0.126953
0 0.172852 0.761719 0.060547 0.140625
0 0.235352 0.760742 0.064453 0.154297
0 0.305664 0.757812 0.080078 0.164062
0 0.385742 0.757812 0.076172 0.171875
0 0.462891 0.755859 0.078125 0.183594
0 0.537109 0.749023 0.078125 0.201172
0 0.598633 0.753906 0.037109 0.199219
0 0.664062 0.714844 0.101562 0.164062
0 0.733398 0.712891 0.033203 0.175781
0 0.665039 0.827148 0.103516 0.068359
0 0.730469 0.831055 0.039062 0.072266
0 0.783203 0.645508 0.046875 0.072266
0 0.781250 0.736328 0.050781 0.117188
0 0.780273 0.830078 0.052734 0.074219
0 0.861328 0.828125 0.113281 0.082031
0 0.860352 0.691406 0.107422 0.210938
0 0.958008 0.684570 0.083984 0.216797
0 0.954102 0.861328 0.076172 0.132812
0 0.118164 0.844727 0.052734 0.041016
0 0.173828 0.851562 0.066406 0.050781
0 0.236328 0.860352 0.066406 0.048828
0 0.291992 0.862305 0.048828 0.048828
0 0.336914 0.865234 0.033203 0.054688
0 0.387695 0.868164 0.068359 0.060547
0 0.459961 0.873047 0.080078 0.058594
0 0.539062 0.879883 0.074219 0.064453
0 0.599609 0.880859 0.039062 0.062500
0 0.666992 0.883789 0.103516 0.060547
0 0.734375 0.881836 0.042969 0.044922
0 0.782227 0.886719 0.056641 0.042969
0 0.861328 0.897461 0.117188 0.064453
