0 0.171875 0.031250 0.128906 0.058594
0 0.293945 0.029297 0.115234 0.054688
0 0.357422 0.031250 0.015625 0.058594
0 0.428711 0.032227 0.123047 0.060547
0 0.500000 0.034180 0.023438 0.064453
0 0.569336 0.036133 0.123047 0.068359
0 0.642578 0.032227 0.023438 0.060547
0 0.708984 0.032227 0.113281 0.060547
0 0.778320 0.034180 0.029297 0.064453
0 0.838867 0.034180 0.095703 0.064453
0 0.163086 0.196289 0.115234 0.271484
0 0.229492 0.195312 0.017578 0.273438
0 0.293945 0.192383 0.111328 0.267578
0 0.359375 0.192383 0.019531 0.267578
0 0.427734 0.194336 0.117188 0.271484
0 0.498047 0.194336 0.023438 0.271484
0 0.571289 0.198242 0.126953 0.259766
0 0.644531 0.197266 0.019531 0.261719
0 0.709961 0.197266 0.119141 0.269531
0 0.782227 0.197266 0.025391 0.269531
0 0.840820 0.194336 0.091797 0.263672
0 0.162109 0.454102 0.113281 0.251953
0 0.228516 0.452148 0.019531 0.255859
0 0.293945 0.456055 0.111328 0.263672
0 0.360352 0.456055 0.021484 0.263672
0 0.426758 0.452148 0.119141 0.255859
0 0.497070 0.454102 0.021484 0.251953
0 0.569336 0.456055 0.123047 0.255859
0 0.640625 0.457031 0.019531 0.253906
0 0.713867 0.456055 0.126953 0.251953
0 0.785156 0.455078 0.015625 0.253906
0 0.838867 0.455078 0.091797 0.253906
0 0.163086 0.693359 0.119141 0.230469
0 0.228516 0.688477 0.011719 0.220703
0 0.290039 0.689453 0.111328 0.218750
0 0.357422 0.691406 0.023438 0.222656
0 0.428711 0.691406 0.119141 0.222656
0 0.495117 0.689453 0.013672 0.218750
0 0.566406 0.689453 0.128906 0.218750
0 0.640625 0.688477 0.019531 0.216797
0 0.709961 0.688477 0.119141 0.216797
0 0.780273 0.691406 0.021484 0.222656
0 0.838867 0.691406 0.095703 0.222656
0 0.166016 0.902344 0.121094 0.195312
0 0.292969 0.896484 0.128906 0.203125
0 0.428711 0.897461 0.142578 0.205078
0 0.572266 0.899414 0.140625 0.197266
0 0.710938 0.899414 0.136719 0.201172
0 0.833984 0.898438 0.105469 0.195312
