0 0.248047 0.194336 0.179688 0.158203
0 0.442383 0.175781 0.208984 0.140625
0 0.661133 0.177734 0.228516 0.144531
0 0.852539 0.137695 0.166016 0.064453
0 0.852539 0.210938 0.162109 0.078125
0 0.853516 0.284180 0.160156 0.068359
0 0.660156 0.283203 0.226562 0.070312
0 0.444336 0.281250 0.205078 0.066406
0 0.249023 0.310547 0.177734 0.074219
0 0.374023 0.387695 0.068359 0.142578
0 0.478516 0.354492 0.140625 0.072266
0 0.475586 0.424805 0.138672 0.068359
0 0.250000 0.424805 0.179688 0.154297
0 0.375000 0.480469 0.070312 0.042969
0 0.476562 0.479492 0.132812 0.041016
0 0.613281 0.456055 0.140625 0.087891
0 0.663086 0.409180 0.232422 0.177734
0 0.856445 0.409180 0.158203 0.177734
0 0.250977 0.584961 0.185547 0.169922
0 0.375977 0.584961 0.064453 0.169922
0 0.474609 0.528320 0.132812 0.056641
0 0.474609 0.613281 0.132812 0.113281
0 0.661133 0.562500 0.240234 0.132812
0 0.858398 0.561523 0.154297 0.130859
0 0.855469 0.666016 0.160156 0.078125
0 0.663086 0.670898 0.236328 0.076172
0 0.858398 0.742188 0.158203 0.078125
0 0.884766 0.847656 0.105469 0.132812
0 0.802734 0.849609 0.058594 0.128906
0 0.742188 0.846680 0.062500 0.130859
0 0.660156 0.847656 0.101562 0.128906
0 0.659180 0.743164 0.232422 0.080078
0 0.579102 0.847656 0.064453 0.132812
0 0.475586 0.830078 0.142578 0.097656
0 0.507812 0.896484 0.074219 0.031250
0 0.435547 0.897461 0.070312 0.029297
0 0.374023 0.723633 0.068359 0.115234
0 0.303711 0.725586 0.072266 0.111328
0 0.214844 0.725586 0.105469 0.111328
0 0.181641 0.847656 0.039062 0.132812
0 0.234375 0.847656 0.066406 0.132812
0 0.303711 0.847656 0.072266 0.132812
0 0.373047 0.847656 0.066406 0.132812
