0 0.062500 0.021484 0.054688 0.039062
0 0.121094 0.022461 0.062500 0.037109
0 0.184570 0.019531 0.064453 0.031250
0 0.248047 0.018555 0.062500 0.033203
0 0.311523 0.018555 0.064453 0.033203
0 0.377930 0.019531 0.068359 0.031250
0 0.444336 0.018555 0.064453 0.029297
0 0.506836 0.017578 0.060547 0.031250
0 0.546875 0.018555 0.019531 0.033203
0 0.583984 0.019531 0.054688 0.031250
0 0.642578 0.018555 0.062500 0.029297
0 0.705078 0.018555 0.062500 0.029297
0 0.767578 0.019531 0.062500 0.031250
0 0.831055 0.019531 0.064453 0.031250
0 0.908203 0.019531 0.089844 0.031250
0 0.970703 0.018555 0.035156 0.033203
0 0.061523 0.073242 0.048828 0.072266
0 0.118164 0.073242 0.064453 0.072266
0 0.183594 0.075195 0.066406 0.076172
0 0.249023 0.076172 0.064453 0.074219
0 0.313477 0.076172 0.064453 0.074219
0 0.380859 0.076172 0.070312 0.074219
0 0.446289 0.076172 0.060547 0.074219
0 0.505859 0.077148 0.058594 0.072266
0 0.544922 0.126953 0.019531 0.171875
0 0.583984 0.076172 0.054688 0.074219
0 0.641602 0.075195 0.060547 0.076172
0 0.704102 0.075195 0.064453 0.076172
0 0.768555 0.076172 0.064453 0.074219
0 0.832031 0.076172 0.062500 0.074219
0 0.909180 0.076172 0.091797 0.074219
0 0.971680 0.074219 0.033203 0.070312
0 0.065430 0.161133 0.048828 0.107422
0 0.120117 0.162109 0.060547 0.105469
0 0.185547 0.163086 0.070312 0.107422
0 0.248047 0.165039 0.062500 0.103516
0 0.310547 0.165039 0.062500 0.103516
0 0.375977 0.164062 0.068359 0.105469
0 0.441406 0.166016 0.062500 0.105469
0 0.500000 0.165039 0.054688 0.107422
0 0.583008 0.161133 0.052734 0.103516
0 0.638672 0.164062 0.058594 0.097656
0 0.702148 0.166016 0.064453 0.101562
0 0.767578 0.163086 0.066406 0.095703
0 0.833984 0.162109 0.066406 0.097656
0 0.911133 0.164062 0.087891 0.101562
0 0.970703 0.161133 0.031250 0.107422
0 0.063477 0.247070 0.048828 0.072266
0 0.120117 0.249023 0.064453 0.068359
0 0.184570 0.249023 0.064453 0.068359
0 0.250000 0.248047 0.066406 0.070312
0 0.312500 0.247070 0.058594 0.068359
0 0.375000 0.250000 0.066406 0.062500
0 0.442383 0.250977 0.068359 0.064453
0 0.504883 0.250000 0.056641 0.066406
0 0.584961 0.249023 0.052734 0.072266
0 0.641602 0.250977 0.060547 0.068359
0 0.704102 0.250977 0.064453 0.068359
0 0.767578 0.250977 0.062500 0.068359
0 0.833008 0.250977 0.068359 0.068359
0 0.910156 0.250977 0.085938 0.068359
0 0.969727 0.250977 0.033203 0.068359
0 0.061523 0.324219 0.052734 0.089844
0 0.119141 0.326172 0.062500 0.085938
0 0.184570 0.324219 0.068359 0.082031
0 0.251953 0.323242 0.066406 0.083984
0 0.313477 0.327148 0.056641 0.091797
0 0.376953 0.328125 0.070312 0.089844
0 0.444336 0.327148 0.064453 0.087891
0 0.504883 0.328125 0.056641 0.085938
0 0.543945 0.291016 0.025391 0.152344
0 0.582031 0.325195 0.050781 0.083984
0 0.638672 0.325195 0.062500 0.083984
0 0.701172 0.325195 0.062500 0.083984
0 0.766602 0.326172 0.068359 0.085938
0 0.834961 0.325195 0.068359 0.087891
0 0.910156 0.324219 0.082031 0.085938
0 0.967773 0.325195 0.033203 0.083984
0 0.061523 0.451172 0.052734 0.171875
0 0.119141 0.407227 0.062500 0.083984
0 0.183594 0.408203 0.066406 0.082031
0 0.250977 0.409180 0.068359 0.083984
0 0.314453 0.409180 0.058594 0.083984
0 0.380859 0.408203 0.074219 0.082031
0 0.447266 0.409180 0.058594 0.080078
0 0.504883 0.410156 0.056641 0.082031
0 0.544922 0.451172 0.023438 0.164062
0 0.585938 0.405273 0.054688 0.080078
0 0.642578 0.405273 0.058594 0.080078
0 0.704102 0.404297 0.064453 0.078125
0 0.769531 0.408203 0.066406 0.070312
0 0.834961 0.404297 0.064453 0.074219
0 0.910156 0.404297 0.085938 0.074219
0 0.969727 0.406250 0.033203 0.078125
0 0.969727 0.488281 0.033203 0.085938
0 0.911133 0.487305 0.083984 0.087891
0 0.834961 0.488281 0.068359 0.089844
0 0.769531 0.488281 0.062500 0.089844
0 0.704102 0.487305 0.068359 0.087891
0 0.641602 0.487305 0.060547 0.087891
0 0.586914 0.487305 0.048828 0.087891
0 0.443359 0.487305 0.066406 0.087891
0 0.379883 0.487305 0.064453 0.087891
0 0.314453 0.488281 0.066406 0.085938
0 0.249023 0.490234 0.064453 0.082031
0 0.183594 0.490234 0.066406 0.082031
0 0.118164 0.489258 0.064453 0.083984
0 0.060547 0.618164 0.050781 0.173828
0 0.118164 0.654297 0.064453 0.101562
0 0.119141 0.567383 0.062500 0.072266
0 0.183594 0.566406 0.066406 0.074219
0 0.249023 0.567383 0.064453 0.072266
0 0.313477 0.567383 0.064453 0.072266
0 0.378906 0.567383 0.066406 0.072266
0 0.445312 0.567383 0.066406 0.072266
0 0.505859 0.568359 0.054688 0.070312
0 0.543945 0.620117 0.021484 0.177734
0 0.584961 0.567383 0.052734 0.072266
0 0.640625 0.568359 0.058594 0.070312
0 0.703125 0.566406 0.066406 0.066406
0 0.768555 0.565430 0.064453 0.068359
0 0.833984 0.565430 0.066406 0.068359
0 0.910156 0.564453 0.085938 0.070312
0 0.969727 0.565430 0.033203 0.072266
0 0.182617 0.654297 0.064453 0.101562
0 0.247070 0.654297 0.064453 0.101562
0 0.311523 0.654297 0.064453 0.101562
0 0.377930 0.654297 0.068359 0.101562
0 0.445312 0.654297 0.066406 0.101562
0 0.505859 0.655273 0.054688 0.099609
0 0.583008 0.653320 0.052734 0.103516
0 0.639648 0.654297 0.060547 0.101562
0 0.703125 0.655273 0.066406 0.103516
0 0.769531 0.654297 0.066406 0.105469
0 0.835938 0.653320 0.066406 0.103516
0 0.911133 0.653320 0.083984 0.103516
0 0.969727 0.653320 0.033203 0.103516
0 0.059570 0.721680 0.056641 0.037109
0 0.119141 0.723633 0.062500 0.033203
0 0.183594 0.723633 0.066406 0.033203
0 0.249023 0.722656 0.064453 0.035156
0 0.312500 0.723633 0.062500 0.037109
0 0.377930 0.723633 0.068359 0.037109
0 0.445312 0.723633 0.066406 0.037109
0 0.504883 0.725586 0.052734 0.033203
0 0.544922 0.724609 0.027344 0.031250
0 0.584961 0.723633 0.052734 0.033203
0 0.641602 0.724609 0.060547 0.035156
0 0.705078 0.725586 0.066406 0.033203
0 0.769531 0.723633 0.062500 0.029297
0 0.833008 0.720703 0.064453 0.035156
0 0.911133 0.719727 0.091797 0.033203
0 0.971680 0.722656 0.029297 0.027344
0 0.059570 0.776367 0.052734 0.076172
0 0.118164 0.776367 0.064453 0.076172
0 0.183594 0.776367 0.066406 0.076172
0 0.248047 0.777344 0.062500 0.074219
0 0.312500 0.778320 0.066406 0.076172
0 0.379883 0.780273 0.068359 0.072266
0 0.447266 0.779297 0.066406 0.070312
0 0.506836 0.777344 0.052734 0.074219
0 0.544922 0.829102 0.023438 0.177734
0 0.582031 0.866211 0.050781 0.103516
0 0.582031 0.777344 0.050781 0.074219
0 0.643555 0.776367 0.060547 0.076172
0 0.706055 0.778320 0.064453 0.072266
0 0.768555 0.776367 0.060547 0.068359
0 0.833008 0.774414 0.068359 0.072266
0 0.912109 0.826172 0.089844 0.175781
0 0.971680 0.826172 0.029297 0.175781
0 0.642578 0.865234 0.066406 0.101562
0 0.708008 0.864258 0.064453 0.103516
0 0.770508 0.864258 0.060547 0.103516
0 0.833984 0.865234 0.066406 0.101562
0 0.061523 0.865234 0.048828 0.105469
0 0.118164 0.866211 0.064453 0.103516
0 0.183594 0.865234 0.066406 0.101562
0 0.248047 0.865234 0.062500 0.101562
0 0.311523 0.866211 0.064453 0.103516
0 0.378906 0.867188 0.070312 0.101562
0 0.445312 0.867188 0.062500 0.101562
0 0.506836 0.866211 0.056641 0.103516
