0 0.400391 0.145508 0.097656 0.130859
0 0.304688 0.189453 0.089844 0.128906
0 0.218750 0.237305 0.085938 0.126953
0 0.142578 0.277344 0.070312 0.113281
0 0.075195 0.314453 0.064453 0.113281
0 0.025391 0.335938 0.046875 0.097656
0 0.074219 0.403320 0.062500 0.080078
0 0.024414 0.419922 0.044922 0.074219
0 0.144531 0.368164 0.070312 0.087891
0 0.220703 0.335938 0.082031 0.101562
0 0.304688 0.299805 0.089844 0.099609
0 0.402344 0.251953 0.097656 0.109375
0 0.024414 0.461914 0.044922 0.052734
0 0.076172 0.437500 0.062500 0.054688
0 0.143555 0.414062 0.072266 0.066406
0 0.220703 0.377930 0.082031 0.064453
0 0.305664 0.344727 0.087891 0.076172
0 0.025391 0.490234 0.046875 0.042969
0 0.075195 0.467773 0.060547 0.048828
0 0.142578 0.439453 0.074219 0.054688
0 0.222656 0.408203 0.082031 0.054688
0 0.305664 0.375977 0.091797 0.064453
0 0.398438 0.322266 0.097656 0.101562
0 0.463867 0.294922 0.025391 0.066406
0 0.461914 0.235352 0.029297 0.083984
0 0.460938 0.109375 0.027344 0.105469
0 0.023438 0.562500 0.042969 0.156250
0 0.077148 0.545898 0.060547 0.162109
0 0.144531 0.523438 0.078125 0.175781
0 0.223633 0.500000 0.076172 0.191406
0 0.305664 0.470703 0.091797 0.203125
0 0.398438 0.444336 0.097656 0.224609
0 0.464844 0.425781 0.035156 0.195312
0 0.024414 0.725586 0.044922 0.138672
0 0.079102 0.719727 0.060547 0.154297
0 0.143555 0.709961 0.076172 0.154297
0 0.220703 0.695312 0.078125 0.164062
0 0.303711 0.679688 0.087891 0.179688
0 0.399414 0.667969 0.095703 0.195312
0 0.458984 0.661133 0.023438 0.181641
0 0.024414 0.943359 0.044922 0.113281
0 0.079102 0.942383 0.064453 0.115234
0 0.147461 0.943359 0.076172 0.113281
0 0.220703 0.942383 0.082031 0.115234
0 0.304688 0.941406 0.093750 0.117188
0 0.398438 0.939453 0.097656 0.121094
0 0.455078 0.939453 0.019531 0.121094
0 0.401367 0.774414 0.099609 0.044922
0 0.456055 0.771484 0.017578 0.042969
0 0.307617 0.783203 0.091797 0.046875
0 0.223633 0.790039 0.076172 0.037109
0 0.145508 0.796875 0.076172 0.031250
0 0.078125 0.801758 0.062500 0.029297
0 0.025391 0.801758 0.046875 0.029297
0 0.025391 0.824219 0.046875 0.027344
0 0.079102 0.826172 0.056641 0.027344
0 0.145508 0.821289 0.072266 0.025391
0 0.221680 0.823242 0.080078 0.033203
0 0.305664 0.817383 0.091797 0.037109
0 0.401367 0.810547 0.095703 0.035156
0 0.459961 0.806641 0.017578 0.031250
0 0.025391 0.849609 0.046875 0.027344
0 0.078125 0.849609 0.058594 0.027344
0 0.144531 0.847656 0.074219 0.023438
0 0.219727 0.846680 0.076172 0.025391
0 0.306641 0.843750 0.093750 0.031250
0 0.399414 0.837891 0.103516 0.027344
0 0.459961 0.835938 0.017578 0.023438
0 0.457031 0.865234 0.023438 0.035156
0 0.396484 0.865234 0.093750 0.035156
0 0.306641 0.872070 0.089844 0.025391
0 0.220703 0.872070 0.078125 0.033203
0 0.146484 0.871094 0.074219 0.027344
0 0.076172 0.875977 0.058594 0.025391
0 0.025391 0.875977 0.046875 0.021484
