0 0.172852 0.198242 0.083984 0.392578
0 0.253906 0.204102 0.085938 0.404297
0 0.331055 0.210938 0.083984 0.417969
0 0.405273 0.211914 0.091797 0.419922
0 0.489258 0.221680 0.083984 0.427734
0 0.583984 0.235352 0.113281 0.419922
0 0.688477 0.260742 0.111328 0.408203
0 0.770508 0.278320 0.052734 0.388672
0 0.807617 0.295898 0.029297 0.373047
0 0.180664 0.655273 0.072266 0.568359
0 0.259766 0.659180 0.085938 0.544922
0 0.334961 0.666016 0.087891 0.535156
0 0.415039 0.671875 0.080078 0.519531
0 0.488281 0.674805 0.085938 0.505859
0 0.585938 0.678711 0.113281 0.501953
0 0.689453 0.691406 0.109375 0.492188
0 0.779297 0.701172 0.066406 0.472656
