0 0.159180 0.049805 0.056641 0.095703
0 0.211914 0.049805 0.048828 0.095703
0 0.284180 0.049805 0.095703 0.095703
0 0.370117 0.048828 0.076172 0.093750
0 0.456055 0.048828 0.095703 0.093750
0 0.554688 0.048828 0.097656 0.093750
0 0.627930 0.045898 0.048828 0.087891
0 0.698242 0.045898 0.091797 0.087891
0 0.768555 0.048828 0.048828 0.093750
0 0.815430 0.048828 0.044922 0.093750
0 0.183594 0.116211 0.105469 0.041016
0 0.286133 0.114258 0.099609 0.044922
0 0.375000 0.115234 0.078125 0.046875
0 0.458984 0.115234 0.089844 0.046875
0 0.553711 0.114258 0.099609 0.044922
0 0.628906 0.113281 0.050781 0.046875
0 0.698242 0.113281 0.087891 0.046875
0 0.790039 0.115234 0.095703 0.042969
0 0.157227 0.214844 0.052734 0.152344
0 0.209961 0.215820 0.052734 0.150391
0 0.287109 0.218750 0.097656 0.136719
0 0.373047 0.219727 0.074219 0.134766
0 0.457031 0.211914 0.093750 0.150391
0 0.553711 0.212891 0.099609 0.148438
0 0.625977 0.208984 0.048828 0.144531
0 0.696289 0.208984 0.091797 0.144531
0 0.766602 0.208984 0.048828 0.144531
0 0.814453 0.208984 0.046875 0.144531
0 0.184570 0.306641 0.099609 0.042969
0 0.284180 0.306641 0.095703 0.042969
0 0.372070 0.306641 0.080078 0.042969
0 0.458984 0.305664 0.093750 0.041016
0 0.555664 0.304688 0.099609 0.042969
0 0.628906 0.302734 0.046875 0.046875
0 0.696289 0.305664 0.087891 0.041016
0 0.789062 0.304688 0.097656 0.039062
0 0.158203 0.398438 0.050781 0.148438
0 0.210938 0.401367 0.054688 0.142578
0 0.287109 0.399414 0.097656 0.138672
0 0.371094 0.403320 0.070312 0.130859
0 0.453125 0.407227 0.093750 0.138672
0 0.552734 0.411133 0.105469 0.130859
0 0.628906 0.398438 0.042969 0.148438
0 0.696289 0.399414 0.091797 0.146484
0 0.766602 0.399414 0.048828 0.146484
0 0.814453 0.399414 0.046875 0.146484
0 0.184570 0.499023 0.107422 0.052734
0 0.286133 0.502930 0.095703 0.056641
0 0.371094 0.500000 0.074219 0.062500
0 0.455078 0.494141 0.093750 0.050781
0 0.552734 0.497070 0.101562 0.044922
0 0.627930 0.500000 0.048828 0.050781
0 0.698242 0.500000 0.091797 0.050781
0 0.791016 0.501953 0.093750 0.054688
0 0.157227 0.592773 0.052734 0.146484
0 0.210938 0.591797 0.054688 0.148438
0 0.286133 0.589844 0.095703 0.144531
0 0.370117 0.591797 0.072266 0.140625
0 0.454102 0.589844 0.095703 0.148438
0 0.553711 0.592773 0.103516 0.142578
0 0.628906 0.592773 0.046875 0.142578
0 0.695312 0.594727 0.085938 0.138672
0 0.788086 0.592773 0.099609 0.134766
0 0.184570 0.687500 0.103516 0.054688
0 0.286133 0.689453 0.095703 0.054688
0 0.370117 0.688477 0.072266 0.056641
0 0.456055 0.686523 0.095703 0.052734
0 0.555664 0.685547 0.103516 0.054688
0 0.628906 0.683594 0.042969 0.050781
0 0.696289 0.683594 0.091797 0.050781
0 0.792969 0.686523 0.101562 0.056641
0 0.158203 0.785156 0.050781 0.148438
0 0.210938 0.787109 0.054688 0.144531
0 0.288086 0.783203 0.099609 0.136719
0 0.372070 0.784180 0.068359 0.134766
0 0.455078 0.780273 0.093750 0.142578
0 0.554688 0.781250 0.105469 0.140625
0 0.628906 0.781250 0.042969 0.140625
0 0.697266 0.780273 0.093750 0.142578
0 0.791016 0.779297 0.093750 0.140625
0 0.791992 0.924805 0.091797 0.150391
0 0.677734 0.925781 0.136719 0.148438
0 0.559570 0.880859 0.103516 0.058594
0 0.559570 0.955078 0.103516 0.089844
0 0.457031 0.881836 0.097656 0.060547
0 0.457031 0.956055 0.097656 0.087891
0 0.375000 0.926758 0.070312 0.146484
0 0.291016 0.925781 0.093750 0.148438
0 0.188477 0.884766 0.103516 0.062500
0 0.190430 0.958008 0.107422 0.083984
