0 0.258789 0.074219 0.126953 0.144531
0 0.389648 0.083984 0.126953 0.164062
0 0.501953 0.121094 0.105469 0.132812
0 0.600586 0.142578 0.095703 0.121094
0 0.694336 0.162109 0.083984 0.105469
0 0.775391 0.189453 0.082031 0.082031
0 0.865234 0.207031 0.093750 0.062500
0 0.956055 0.232422 0.087891 0.050781
0 0.258789 0.235352 0.126953 0.220703
0 0.384766 0.256836 0.117188 0.216797
0 0.494141 0.282227 0.105469 0.216797
0 0.587891 0.294922 0.093750 0.222656
0 0.681641 0.315430 0.089844 0.208984
0 0.772461 0.324219 0.091797 0.226562
0 0.863281 0.337891 0.085938 0.214844
0 0.947266 0.344727 0.082031 0.201172
0 0.260742 0.425781 0.126953 0.203125
0 0.384766 0.435547 0.121094 0.183594
0 0.494141 0.446289 0.093750 0.162109
0 0.587891 0.458008 0.093750 0.138672
0 0.680664 0.462891 0.087891 0.128906
0 0.771484 0.469727 0.093750 0.099609
0 0.260742 0.651367 0.134766 0.123047
0 0.268555 0.861328 0.123047 0.140625
0 0.385742 0.864258 0.111328 0.134766
