0 0.285156 0.090820 0.066406 0.166016
0 0.353516 0.088867 0.070312 0.169922
0 0.422852 0.083984 0.068359 0.160156
0 0.494141 0.083008 0.074219 0.162109
0 0.563477 0.085938 0.064453 0.167969
0 0.632812 0.086914 0.074219 0.166016
0 0.705078 0.087891 0.070312 0.167969
0 0.705078 0.250977 0.070312 0.158203
0 0.702148 0.417969 0.064453 0.175781
0 0.701172 0.586914 0.066406 0.162109
0 0.705078 0.758789 0.074219 0.181641
0 0.218750 0.155273 0.054688 0.166016
0 0.262695 0.207031 0.033203 0.062500
0 0.358398 0.245117 0.068359 0.158203
0 0.422852 0.249023 0.060547 0.166016
0 0.490234 0.251953 0.074219 0.160156
0 0.563477 0.250977 0.072266 0.158203
0 0.634766 0.254883 0.070312 0.150391
0 0.301758 0.250000 0.048828 0.156250
0 0.261719 0.288086 0.027344 0.107422
0 0.177734 0.312500 0.031250 0.156250
0 0.220703 0.313477 0.054688 0.154297
0 0.177734 0.156250 0.031250 0.160156
0 0.301758 0.413086 0.033203 0.177734
0 0.353516 0.413086 0.070312 0.177734
0 0.420898 0.413086 0.064453 0.177734
0 0.487305 0.417969 0.068359 0.167969
0 0.558594 0.417969 0.074219 0.167969
0 0.631836 0.417969 0.072266 0.167969
0 0.701172 0.420898 0.066406 0.173828
0 0.702148 0.589844 0.064453 0.164062
0 0.632812 0.587891 0.074219 0.167969
0 0.560547 0.585938 0.070312 0.164062
0 0.491211 0.587891 0.068359 0.160156
0 0.421875 0.591797 0.070312 0.167969
0 0.354492 0.592773 0.064453 0.166016
0 0.175781 0.458984 0.031250 0.148438
0 0.217773 0.460938 0.052734 0.144531
0 0.267578 0.464844 0.046875 0.152344
0 0.268555 0.605469 0.044922 0.128906
0 0.218750 0.603516 0.054688 0.132812
0 0.175781 0.602539 0.031250 0.130859
0 0.149414 0.603516 0.021484 0.128906
0 0.125977 0.608398 0.025391 0.138672
0 0.124023 0.486328 0.025391 0.156250
0 0.150391 0.467773 0.023438 0.162109
0 0.123047 0.339844 0.027344 0.179688
0 0.149414 0.313477 0.021484 0.181641
0 0.172852 0.753906 0.037109 0.164062
0 0.223633 0.754883 0.064453 0.162109
0 0.287109 0.753906 0.062500 0.160156
0 0.350586 0.753906 0.064453 0.160156
0 0.415039 0.755859 0.064453 0.164062
0 0.482422 0.755859 0.070312 0.164062
0 0.553711 0.757812 0.072266 0.167969
0 0.627930 0.755859 0.076172 0.171875
0 0.707031 0.757812 0.082031 0.175781
0 0.708984 0.921875 0.078125 0.152344
0 0.629883 0.920898 0.080078 0.154297
0 0.551758 0.920898 0.076172 0.154297
0 0.478516 0.917969 0.070312 0.160156
0 0.411133 0.916016 0.064453 0.156250
0 0.346680 0.914062 0.064453 0.160156
0 0.281250 0.914062 0.066406 0.160156
0 0.221680 0.915039 0.052734 0.162109
