0 0.490234 0.194336 0.156250 0.384766
0 0.640625 0.192383 0.148438 0.376953
0 0.787109 0.198242 0.140625 0.392578
0 0.348633 0.215820 0.126953 0.427734
0 0.356445 0.625000 0.115234 0.476562
0 0.491211 0.610352 0.154297 0.462891
0 0.640625 0.614258 0.144531 0.455078
0 0.786133 0.614258 0.146484 0.455078
0 0.267578 0.230469 0.035156 0.457031
0 0.221680 0.250000 0.052734 0.496094
0 0.168945 0.307617 0.060547 0.443359
0 0.110352 0.367188 0.052734 0.394531
0 0.267578 0.658203 0.035156 0.437500
0 0.217773 0.676758 0.056641 0.412109
0 0.155273 0.690430 0.048828 0.373047
0 0.108398 0.709961 0.068359 0.326172
