0 0.049805 0.298828 0.064453 0.269531
0 0.106445 0.297852 0.048828 0.271484
0 0.148438 0.218750 0.035156 0.113281
0 0.151367 0.352539 0.029297 0.154297
0 0.240234 0.216797 0.070312 0.109375
0 0.243164 0.351562 0.064453 0.160156
0 0.311523 0.298828 0.068359 0.265625
0 0.399414 0.299805 0.060547 0.263672
0 0.462891 0.356445 0.066406 0.150391
0 0.461914 0.224609 0.068359 0.113281
0 0.603516 0.299805 0.070312 0.259766
0 0.670898 0.353516 0.064453 0.152344
0 0.672852 0.223633 0.060547 0.107422
0 0.713867 0.300781 0.017578 0.261719
0 0.817383 0.223633 0.068359 0.107422
0 0.817383 0.356445 0.068359 0.158203
0 0.866211 0.304688 0.029297 0.269531
0 0.937500 0.300781 0.054688 0.265625
0 0.982422 0.302734 0.035156 0.261719
0 0.047852 0.583008 0.064453 0.103516
0 0.042969 0.774414 0.074219 0.279297
0 0.109375 0.716797 0.062500 0.371094
0 0.151367 0.857422 0.021484 0.089844
0 0.152344 0.723633 0.019531 0.177734
0 0.154297 0.579102 0.023438 0.111328
0 0.241211 0.674805 0.068359 0.283203
0 0.311523 0.674805 0.072266 0.283203
0 0.242188 0.858398 0.062500 0.091797
0 0.309570 0.859375 0.072266 0.089844
0 0.397461 0.715820 0.064453 0.376953
0 0.468750 0.857422 0.078125 0.093750
0 0.469727 0.722656 0.076172 0.175781
0 0.470703 0.581055 0.078125 0.107422
0 0.605469 0.671875 0.066406 0.281250
0 0.603516 0.860352 0.070312 0.095703
0 0.681641 0.581055 0.078125 0.103516
0 0.683594 0.768555 0.074219 0.271484
0 0.821289 0.670898 0.072266 0.287109
0 0.822266 0.859375 0.070312 0.089844
0 0.938477 0.716797 0.068359 0.378906
0 0.985352 0.706055 0.025391 0.400391
