1 0.533203 0.500000 0.070312 0.396779
0 0.222656 0.345534 0.093750 0.052709
0 0.221680 0.451684 0.082031 0.162518
0 0.222168 0.594436 0.081055 0.105417
0 0.369141 0.346266 0.085938 0.051245
0 0.368652 0.456076 0.079102 0.156662
0 0.369629 0.595900 0.088867 0.111274
0 0.457031 0.488287 0.083984 0.335286
0 0.608398 0.491215 0.083984 0.332357
0 0.696777 0.489751 0.092773 0.335286
0 0.842285 0.349195 0.081055 0.051245
0 0.841309 0.461201 0.079102 0.175695
0 0.841309 0.598097 0.079102 0.098097
0 0.117188 0.546120 0.070312 0.348463
0 0.043945 0.562958 0.083984 0.443631
0 0.117188 0.333089 0.066406 0.112738
0 0.041504 0.303807 0.079102 0.133236
