0 0.110352 0.149414 0.216797 0.189453
0 0.105469 0.273438 0.207031 0.062500
0 0.105469 0.404297 0.207031 0.199219
0 0.106445 0.546875 0.208984 0.085938
0 0.106445 0.681641 0.208984 0.179688
0 0.443359 0.146484 0.199219 0.218750
0 0.445312 0.283203 0.195312 0.054688
0 0.447266 0.407227 0.199219 0.193359
0 0.448242 0.550781 0.197266 0.093750
0 0.445312 0.686523 0.191406 0.177734
0 0.444336 0.798828 0.193359 0.046875
0 0.778320 0.141602 0.212891 0.205078
0 0.779297 0.278320 0.210938 0.068359
0 0.777344 0.410156 0.207031 0.195312
0 0.778320 0.553711 0.205078 0.091797
0 0.777344 0.717773 0.203125 0.236328
