0 0.053711 0.115234 0.056641 0.046875
0 0.160156 0.114258 0.156250 0.048828
0 0.274414 0.113281 0.072266 0.046875
0 0.343750 0.113281 0.066406 0.046875
0 0.446289 0.112305 0.138672 0.044922
0 0.552734 0.111328 0.074219 0.046875
0 0.622070 0.112305 0.064453 0.048828
0 0.730469 0.110352 0.152344 0.052734
0 0.831055 0.107422 0.048828 0.046875
0 0.037109 0.150391 0.019531 0.023438
0 0.160156 0.148438 0.226562 0.027344
0 0.304688 0.148438 0.062500 0.027344
0 0.443359 0.148438 0.214844 0.027344
0 0.584961 0.147461 0.068359 0.025391
0 0.719727 0.145508 0.201172 0.029297
0 0.839844 0.146484 0.039062 0.031250
0 0.830078 0.184570 0.058594 0.044922
0 0.830078 0.226562 0.058594 0.039062
0 0.831055 0.268555 0.056641 0.044922
0 0.831055 0.304688 0.056641 0.027344
0 0.830078 0.338867 0.058594 0.041016
0 0.727539 0.340820 0.146484 0.037109
0 0.728516 0.306641 0.148438 0.031250
0 0.729492 0.269531 0.146484 0.042969
0 0.729492 0.228516 0.146484 0.039062
0 0.728516 0.188477 0.148438 0.041016
0 0.621094 0.188477 0.066406 0.041016
0 0.622070 0.229492 0.068359 0.041016
0 0.622070 0.270508 0.068359 0.041016
0 0.621094 0.306641 0.066406 0.031250
0 0.623047 0.342773 0.062500 0.041016
0 0.553711 0.342773 0.076172 0.041016
0 0.548828 0.305664 0.066406 0.033203
0 0.548828 0.268555 0.066406 0.041016
0 0.550781 0.229492 0.070312 0.037109
0 0.551758 0.189453 0.068359 0.042969
0 0.487305 0.187500 0.060547 0.039062
0 0.486328 0.226562 0.058594 0.039062
0 0.486328 0.278320 0.058594 0.064453
0 0.485352 0.338867 0.056641 0.056641
0 0.055664 0.186523 0.056641 0.044922
0 0.162109 0.186523 0.156250 0.044922
0 0.276367 0.186523 0.072266 0.044922
0 0.342773 0.186523 0.060547 0.044922
0 0.416016 0.187500 0.085938 0.046875
0 0.416016 0.230469 0.085938 0.039062
0 0.415039 0.279297 0.083984 0.058594
0 0.415039 0.334961 0.083984 0.052734
0 0.341797 0.338867 0.062500 0.044922
0 0.275391 0.338867 0.070312 0.044922
0 0.161133 0.338867 0.158203 0.044922
0 0.055664 0.336914 0.052734 0.041016
0 0.057617 0.279297 0.048828 0.062500
0 0.161133 0.282227 0.158203 0.068359
0 0.275391 0.282227 0.070312 0.068359
0 0.343750 0.281250 0.066406 0.066406
0 0.057617 0.227539 0.056641 0.037109
0 0.163086 0.227539 0.154297 0.037109
0 0.276367 0.228516 0.072266 0.039062
0 0.041016 0.375977 0.023438 0.033203
0 0.164062 0.377930 0.222656 0.029297
0 0.308594 0.377930 0.066406 0.029297
0 0.448242 0.377930 0.212891 0.029297
0 0.588867 0.376953 0.068359 0.027344
0 0.722656 0.375000 0.199219 0.031250
0 0.840820 0.373047 0.037109 0.027344
0 0.830078 0.410156 0.058594 0.046875
0 0.829102 0.454102 0.056641 0.041016
0 0.830078 0.500977 0.054688 0.052734
0 0.831055 0.554688 0.056641 0.054688
0 0.056641 0.413086 0.054688 0.041016
0 0.163086 0.414062 0.158203 0.039062
0 0.278320 0.414062 0.072266 0.039062
0 0.342773 0.414062 0.056641 0.039062
0 0.415039 0.415039 0.087891 0.041016
0 0.488281 0.414062 0.058594 0.042969
0 0.552734 0.412109 0.070312 0.039062
0 0.622070 0.411133 0.068359 0.041016
0 0.730469 0.412109 0.148438 0.042969
0 0.729492 0.456055 0.150391 0.044922
0 0.727539 0.502930 0.146484 0.048828
0 0.727539 0.552734 0.146484 0.050781
0 0.621094 0.552734 0.066406 0.050781
0 0.621094 0.500977 0.066406 0.052734
0 0.621094 0.454102 0.066406 0.041016
0 0.550781 0.455078 0.074219 0.042969
0 0.552734 0.503906 0.078125 0.054688
0 0.554688 0.555664 0.074219 0.048828
0 0.487305 0.552734 0.060547 0.054688
0 0.487305 0.500000 0.060547 0.050781
0 0.488281 0.454102 0.058594 0.041016
0 0.414062 0.454102 0.089844 0.041016
0 0.413086 0.500000 0.087891 0.050781
0 0.415039 0.553711 0.083984 0.056641
0 0.342773 0.556641 0.060547 0.050781
0 0.342773 0.503906 0.060547 0.054688
0 0.343750 0.457031 0.058594 0.039062
0 0.275391 0.458984 0.074219 0.042969
0 0.274414 0.506836 0.072266 0.052734
0 0.278320 0.556641 0.064453 0.046875
0 0.164062 0.553711 0.164062 0.052734
0 0.162109 0.503906 0.160156 0.046875
0 0.163086 0.458984 0.158203 0.042969
0 0.164062 0.416992 0.160156 0.041016
0 0.052734 0.456055 0.050781 0.044922
0 0.052734 0.504883 0.050781 0.052734
0 0.054688 0.556641 0.054688 0.050781
0 0.043945 0.597656 0.025391 0.027344
0 0.167969 0.596680 0.222656 0.029297
0 0.310547 0.594727 0.062500 0.025391
0 0.450195 0.593750 0.216797 0.027344
0 0.590820 0.593750 0.064453 0.027344
0 0.725586 0.594727 0.205078 0.025391
0 0.844727 0.596680 0.033203 0.029297
0 0.833984 0.630859 0.054688 0.039062
0 0.834961 0.667969 0.056641 0.035156
0 0.833008 0.710938 0.060547 0.050781
0 0.829102 0.772461 0.052734 0.072266
0 0.055664 0.630859 0.052734 0.039062
0 0.162109 0.628906 0.160156 0.042969
0 0.277344 0.627930 0.070312 0.041016
0 0.343750 0.628906 0.062500 0.039062
0 0.417969 0.629883 0.085938 0.041016
0 0.489258 0.631836 0.056641 0.037109
0 0.552734 0.631836 0.070312 0.037109
0 0.623047 0.630859 0.070312 0.039062
0 0.732422 0.629883 0.148438 0.037109
0 0.732422 0.667969 0.148438 0.039062
0 0.730469 0.710938 0.144531 0.046875
0 0.728516 0.750977 0.148438 0.033203
0 0.729492 0.792969 0.146484 0.050781
0 0.058594 0.691406 0.058594 0.085938
0 0.165039 0.691406 0.154297 0.085938
0 0.278320 0.691406 0.072266 0.085938
0 0.344727 0.691406 0.060547 0.085938
0 0.415039 0.692383 0.080078 0.087891
0 0.488281 0.671875 0.058594 0.035156
0 0.490234 0.718750 0.054688 0.058594
0 0.060547 0.770508 0.062500 0.068359
0 0.167969 0.770508 0.152344 0.068359
0 0.279297 0.771484 0.070312 0.070312
0 0.343750 0.768555 0.058594 0.076172
0 0.416016 0.769531 0.085938 0.074219
0 0.490234 0.775391 0.062500 0.062500
