0 0.188477 0.168945 0.228516 0.322266
0 0.452148 0.263672 0.216797 0.320312
0 0.678711 0.356445 0.169922 0.283203
0 0.847656 0.428711 0.066406 0.224609
0 0.189453 0.523438 0.222656 0.375000
0 0.456055 0.585938 0.205078 0.316406
0 0.677734 0.636719 0.171875 0.273438
0 0.851562 0.679688 0.062500 0.226562
0 0.905273 0.687500 0.048828 0.226562
0 0.907227 0.449219 0.048828 0.218750
0 0.196289 0.870117 0.232422 0.259766
0 0.451172 0.888672 0.207031 0.222656
0 0.683594 0.902344 0.164062 0.195312
0 0.855469 0.916016 0.054688 0.167969
0 0.903320 0.917969 0.044922 0.164062
