0 0.307617 0.142578 0.064453 0.167969
0 0.368164 0.143555 0.056641 0.169922
0 0.426758 0.143555 0.060547 0.169922
0 0.485352 0.144531 0.056641 0.167969
0 0.544922 0.146484 0.062500 0.167969
0 0.605469 0.150391 0.058594 0.160156
0 0.328125 0.031250 0.113281 0.058594
0 0.419922 0.030273 0.070312 0.056641
0 0.487305 0.030273 0.064453 0.056641
0 0.543945 0.032227 0.056641 0.060547
0 0.703125 0.036133 0.265625 0.068359
0 0.723633 0.166992 0.181641 0.189453
0 0.825195 0.166016 0.021484 0.191406
0 0.308594 0.329102 0.058594 0.158203
0 0.368164 0.332031 0.060547 0.152344
0 0.428711 0.333008 0.060547 0.154297
0 0.488281 0.333008 0.058594 0.154297
0 0.546875 0.334961 0.058594 0.158203
0 0.604492 0.334961 0.056641 0.158203
0 0.708984 0.335938 0.152344 0.160156
0 0.804688 0.356445 0.039062 0.119141
0 0.307617 0.491211 0.056641 0.169922
0 0.368164 0.493164 0.064453 0.166016
0 0.428711 0.496094 0.056641 0.171875
0 0.487305 0.496094 0.060547 0.171875
0 0.546875 0.492188 0.058594 0.164062
0 0.605469 0.494141 0.058594 0.160156
0 0.731445 0.499023 0.193359 0.169922
0 0.756836 0.628906 0.048828 0.179688
0 0.308594 0.668945 0.062500 0.177734
0 0.370117 0.666992 0.060547 0.177734
0 0.429688 0.669922 0.058594 0.183594
0 0.487305 0.671875 0.056641 0.179688
0 0.546875 0.670898 0.062500 0.177734
0 0.607422 0.734375 0.054688 0.261719
0 0.684570 0.677734 0.099609 0.152344
0 0.802734 0.683594 0.042969 0.156250
0 0.308594 0.821289 0.058594 0.072266
0 0.370117 0.822266 0.056641 0.070312
0 0.428711 0.823242 0.060547 0.072266
0 0.487305 0.821289 0.056641 0.076172
0 0.545898 0.822266 0.060547 0.078125
0 0.662109 0.825195 0.054688 0.072266
0 0.723633 0.824219 0.068359 0.070312
0 0.788086 0.823242 0.056641 0.072266
0 0.308594 0.873047 0.062500 0.039062
0 0.370117 0.874023 0.056641 0.037109
0 0.427734 0.872070 0.058594 0.033203
0 0.488281 0.873047 0.062500 0.031250
0 0.548828 0.874023 0.058594 0.033203
0 0.606445 0.874023 0.056641 0.033203
0 0.661133 0.875977 0.052734 0.037109
0 0.722656 0.876953 0.070312 0.035156
0 0.788086 0.874023 0.060547 0.029297
0 0.788086 0.931641 0.060547 0.085938
0 0.722656 0.933594 0.070312 0.082031
0 0.660156 0.931641 0.054688 0.078125
0 0.603516 0.929688 0.058594 0.082031
0 0.543945 0.928711 0.060547 0.080078
0 0.485352 0.928711 0.056641 0.080078
0 0.426758 0.928711 0.060547 0.080078
0 0.369141 0.930664 0.054688 0.076172
0 0.310547 0.935547 0.062500 0.085938
