0 0.553711 0.063477 0.087891 0.123047
0 0.641602 0.081055 0.083984 0.158203
0 0.722656 0.104492 0.074219 0.169922
0 0.795898 0.140625 0.068359 0.156250
0 0.854492 0.165039 0.041016 0.123047
0 0.905273 0.191406 0.060547 0.117188
0 0.556641 0.139648 0.089844 0.103516
0 0.644531 0.169922 0.078125 0.097656
0 0.723633 0.197266 0.064453 0.085938
0 0.794922 0.223633 0.054688 0.083984
0 0.852539 0.247070 0.033203 0.064453
0 0.909180 0.266602 0.056641 0.064453
0 0.552734 0.230469 0.085938 0.156250
0 0.642578 0.259766 0.070312 0.128906
0 0.720703 0.284180 0.066406 0.130859
0 0.796875 0.311523 0.062500 0.123047
0 0.859375 0.332031 0.027344 0.117188
0 0.910156 0.344727 0.058594 0.130859
0 0.551758 0.317383 0.080078 0.087891
0 0.642578 0.347656 0.074219 0.082031
0 0.722656 0.372070 0.074219 0.076172
0 0.800781 0.393555 0.058594 0.080078
0 0.860352 0.415039 0.033203 0.072266
0 0.911133 0.425781 0.052734 0.070312
0 0.549805 0.408203 0.087891 0.144531
0 0.635742 0.434570 0.064453 0.130859
0 0.723633 0.456055 0.072266 0.134766
0 0.796875 0.476562 0.070312 0.125000
0 0.858398 0.487305 0.041016 0.115234
0 0.913086 0.500000 0.060547 0.113281
0 0.554688 0.505859 0.085938 0.082031
0 0.643555 0.525391 0.080078 0.082031
0 0.723633 0.544922 0.072266 0.078125
0 0.797852 0.559570 0.060547 0.072266
0 0.861328 0.573242 0.042969 0.064453
0 0.916992 0.577148 0.068359 0.064453
0 0.556641 0.599609 0.097656 0.144531
0 0.641602 0.616211 0.083984 0.134766
0 0.725586 0.627930 0.080078 0.134766
0 0.800781 0.642578 0.066406 0.125000
0 0.862305 0.649414 0.029297 0.111328
0 0.912109 0.656250 0.058594 0.113281
0 0.552734 0.698242 0.101562 0.083984
0 0.647461 0.710938 0.083984 0.078125
0 0.726562 0.716797 0.078125 0.070312
0 0.798828 0.729492 0.062500 0.068359
0 0.861328 0.735352 0.031250 0.060547
0 0.916992 0.739258 0.056641 0.064453
0 0.548828 0.791016 0.113281 0.128906
0 0.644531 0.794922 0.085938 0.121094
0 0.727539 0.804688 0.068359 0.125000
0 0.799805 0.807617 0.064453 0.123047
0 0.860352 0.812500 0.033203 0.101562
0 0.916992 0.814453 0.056641 0.105469
0 0.551758 0.877930 0.095703 0.076172
0 0.644531 0.877930 0.078125 0.052734
0 0.727539 0.878906 0.064453 0.054688
0 0.798828 0.885742 0.062500 0.060547
0 0.854492 0.888672 0.029297 0.054688
0 0.915039 0.890625 0.056641 0.054688
0 0.550781 0.952148 0.097656 0.095703
0 0.646484 0.951172 0.078125 0.097656
0 0.730469 0.951172 0.074219 0.093750
0 0.797852 0.956055 0.060547 0.087891
0 0.854492 0.958008 0.033203 0.083984
0 0.913086 0.957031 0.068359 0.085938
0 0.462891 0.074219 0.058594 0.144531
0 0.459961 0.246094 0.052734 0.144531
0 0.458008 0.421875 0.044922 0.148438
0 0.461914 0.605469 0.044922 0.136719
0 0.459961 0.791016 0.052734 0.125000
0 0.460938 0.700195 0.050781 0.083984
0 0.460938 0.916992 0.050781 0.162109
