0 0.636719 0.175781 0.082031 0.179688
0 0.533203 0.242188 0.085938 0.164062
0 0.441406 0.308594 0.078125 0.171875
0 0.367188 0.367188 0.054688 0.148438
0 0.301758 0.416016 0.044922 0.125000
0 0.252930 0.451172 0.041016 0.117188
0 0.208008 0.477539 0.033203 0.119141
0 0.175781 0.490234 0.027344 0.109375
0 0.146484 0.508789 0.027344 0.095703
0 0.121094 0.528320 0.027344 0.099609
0 0.090820 0.536133 0.029297 0.095703
0 0.062500 0.553711 0.027344 0.087891
0 0.034180 0.569336 0.029297 0.083984
0 0.639648 0.382812 0.087891 0.179688
0 0.540039 0.422852 0.083984 0.173828
0 0.444336 0.474609 0.072266 0.144531
0 0.364258 0.521484 0.048828 0.128906
0 0.303711 0.555664 0.048828 0.111328
0 0.641602 0.539062 0.083984 0.136719
0 0.640625 0.643555 0.085938 0.119141
0 0.638672 0.754883 0.093750 0.119141
0 0.539062 0.569336 0.082031 0.115234
0 0.539062 0.671875 0.089844 0.089844
0 0.541992 0.766602 0.087891 0.103516
0 0.445312 0.597656 0.074219 0.101562
0 0.446289 0.684570 0.072266 0.087891
0 0.445312 0.769531 0.074219 0.101562
0 0.363281 0.625000 0.054688 0.085938
0 0.363281 0.697266 0.050781 0.078125
0 0.363281 0.776367 0.054688 0.083984
0 0.302734 0.641602 0.042969 0.068359
0 0.301758 0.708984 0.044922 0.074219
0 0.303711 0.777344 0.044922 0.074219
0 0.250977 0.579102 0.037109 0.095703
0 0.250000 0.657227 0.035156 0.060547
0 0.247070 0.716797 0.037109 0.070312
0 0.249023 0.782227 0.041016 0.068359
0 0.210938 0.594727 0.035156 0.091797
0 0.210938 0.659180 0.035156 0.048828
0 0.212891 0.719727 0.035156 0.064453
0 0.211914 0.783203 0.033203 0.066406
0 0.210938 0.882812 0.035156 0.132812
0 0.724609 0.146484 0.046875 0.160156
0 0.768555 0.150391 0.037109 0.187500
0 0.807617 0.170898 0.029297 0.181641
0 0.724609 0.341797 0.046875 0.171875
0 0.765625 0.350586 0.042969 0.162109
0 0.805664 0.364258 0.033203 0.166016
0 0.722656 0.628906 0.050781 0.375000
0 0.770508 0.636719 0.041016 0.359375
0 0.805664 0.640625 0.029297 0.363281
0 0.723633 0.916992 0.048828 0.166016
0 0.768555 0.917969 0.044922 0.164062
0 0.806641 0.917969 0.027344 0.164062
0 0.638672 0.925781 0.097656 0.148438
0 0.250000 0.887695 0.042969 0.146484
0 0.301758 0.895508 0.052734 0.158203
0 0.357422 0.906250 0.062500 0.156250
0 0.442383 0.916016 0.083984 0.167969
0 0.542969 0.919922 0.085938 0.160156
0 0.180664 0.621094 0.029297 0.113281
0 0.147461 0.627930 0.033203 0.111328
0 0.120117 0.637695 0.029297 0.095703
0 0.146484 0.708008 0.031250 0.056641
0 0.178711 0.702148 0.033203 0.060547
0 0.174805 0.879883 0.033203 0.130859
0 0.142578 0.875000 0.035156 0.125000
0 0.113281 0.872070 0.027344 0.119141
0 0.086914 0.869141 0.029297 0.109375
0 0.061523 0.865234 0.025391 0.097656
0 0.145508 0.774414 0.033203 0.076172
0 0.178711 0.773438 0.033203 0.082031
0 0.035156 0.478516 0.031250 0.074219
0 0.065430 0.458008 0.025391 0.064453
0 0.091797 0.442383 0.027344 0.072266
0 0.120117 0.425781 0.029297 0.082031
0 0.145508 0.405273 0.025391 0.076172
0 0.174805 0.386719 0.033203 0.089844
0 0.210938 0.359375 0.039062 0.089844
0 0.254883 0.327148 0.044922 0.095703
0 0.304688 0.285156 0.050781 0.101562
0 0.368164 0.234375 0.072266 0.125000
0 0.441406 0.168945 0.078125 0.123047
0 0.539062 0.080078 0.082031 0.109375
0 0.635742 0.030273 0.091797 0.056641
0 0.118164 0.711914 0.025391 0.056641
0 0.117188 0.777344 0.027344 0.074219
0 0.088867 0.712891 0.033203 0.210938
