0 0.407227 0.185547 0.091797 0.234375
0 0.501953 0.185547 0.097656 0.234375
0 0.596680 0.185547 0.091797 0.234375
0 0.688477 0.186523 0.091797 0.232422
0 0.783203 0.183594 0.097656 0.226562
0 0.405273 0.415039 0.091797 0.232422
0 0.499023 0.416016 0.095703 0.230469
0 0.594727 0.416016 0.095703 0.230469
0 0.689453 0.415039 0.093750 0.232422
0 0.787109 0.414062 0.101562 0.230469
0 0.910156 0.413086 0.144531 0.232422
0 0.404297 0.651367 0.093750 0.236328
0 0.498047 0.650391 0.093750 0.238281
0 0.593750 0.648438 0.097656 0.234375
0 0.689453 0.648438 0.093750 0.234375
0 0.786133 0.648438 0.099609 0.234375
0 0.910156 0.649414 0.148438 0.232422
0 0.406250 0.881836 0.093750 0.228516
0 0.499023 0.881836 0.091797 0.228516
0 0.593750 0.882812 0.097656 0.230469
0 0.686523 0.881836 0.087891 0.232422
0 0.783203 0.880859 0.105469 0.230469
0 0.906250 0.882812 0.140625 0.226562
0 0.211914 0.302734 0.037109 0.222656
0 0.252930 0.271484 0.037109 0.242188
0 0.291992 0.248047 0.033203 0.238281
0 0.333984 0.217773 0.042969 0.244141
0 0.333008 0.422852 0.041016 0.251953
0 0.292969 0.456055 0.039062 0.232422
0 0.250977 0.480469 0.037109 0.222656
0 0.210938 0.502930 0.039062 0.220703
0 0.334961 0.661133 0.037109 0.228516
0 0.293945 0.677734 0.041016 0.218750
0 0.250000 0.695312 0.039062 0.214844
0 0.211914 0.701172 0.037109 0.222656
0 0.334961 0.883789 0.041016 0.232422
0 0.292969 0.886719 0.042969 0.226562
0 0.250000 0.895508 0.039062 0.208984
0 0.212891 0.901367 0.031250 0.197266
