0 0.057432 0.112576 0.025676 0.221095
0 0.097973 0.115619 0.047297 0.227181
0 0.149324 0.119675 0.047297 0.235294
0 0.199324 0.122718 0.050000 0.241379
0 0.250676 0.123732 0.050000 0.243408
0 0.300676 0.129817 0.052703 0.251521
0 0.354054 0.136917 0.054054 0.249493
0 0.401351 0.145030 0.054054 0.253550
0 0.451351 0.151116 0.048649 0.249493
0 0.500000 0.159229 0.048649 0.241379
0 0.551351 0.162272 0.048649 0.247465
0 0.598649 0.174442 0.048649 0.239351
0 0.647297 0.178499 0.051351 0.251521
0 0.695270 0.188641 0.044595 0.239351
0 0.733784 0.195740 0.029730 0.241379
0 0.024324 0.110548 0.043243 0.217039
0 0.020270 0.388438 0.037838 0.208925
0 0.054054 0.386410 0.029730 0.208925
0 0.096622 0.387424 0.050000 0.215010
0 0.146622 0.395538 0.055405 0.210953
0 0.202027 0.403651 0.047297 0.210953
0 0.253378 0.408722 0.052703 0.208925
0 0.302027 0.412779 0.050000 0.200811
0 0.353378 0.423935 0.050000 0.206897
0 0.404054 0.426978 0.051351 0.200811
0 0.454054 0.434077 0.048649 0.202840
0 0.502703 0.443205 0.043243 0.200811
0 0.552027 0.450304 0.047297 0.202840
0 0.600000 0.455375 0.048649 0.196755
0 0.647297 0.458418 0.045946 0.202840
0 0.695270 0.467546 0.047297 0.200811
0 0.731757 0.475659 0.028378 0.200811
0 0.020946 0.657201 0.039189 0.206897
0 0.056757 0.659229 0.027027 0.206897
0 0.098649 0.659229 0.051351 0.206897
0 0.150676 0.666329 0.052703 0.208925
0 0.202703 0.671400 0.051351 0.202840
0 0.254730 0.677485 0.050000 0.202840
0 0.303378 0.683570 0.047297 0.206897
0 0.354054 0.685598 0.051351 0.202840
0 0.406081 0.693712 0.050000 0.198783
0 0.453378 0.697769 0.044595 0.198783
0 0.500676 0.705882 0.047297 0.198783
0 0.553378 0.709939 0.052703 0.198783
0 0.602027 0.719067 0.052703 0.196755
0 0.652027 0.722110 0.047297 0.198783
0 0.695270 0.729209 0.044595 0.192698
0 0.733108 0.729209 0.031081 0.192698
0 0.021622 0.909736 0.040541 0.168357
0 0.056757 0.911765 0.027027 0.172414
0 0.097297 0.912779 0.051351 0.174442
0 0.148649 0.915822 0.051351 0.168357
0 0.202703 0.918864 0.054054 0.162272
0 0.252703 0.921907 0.051351 0.156187
0 0.304054 0.923935 0.051351 0.152130
0 0.352027 0.925963 0.050000 0.148073
0 0.402703 0.930020 0.048649 0.139959
0 0.451351 0.930020 0.045946 0.139959
0 0.502027 0.933063 0.050000 0.133874
0 0.552027 0.935091 0.052703 0.129817
0 0.601351 0.940162 0.045946 0.119675
0 0.647973 0.941176 0.047297 0.117647
0 0.696622 0.943205 0.047297 0.113590
0 0.734459 0.945233 0.028378 0.109533
