0 0.045898 0.166992 0.087891 0.150391
0 0.114258 0.161133 0.048828 0.162109
0 0.193359 0.163086 0.109375 0.146484
0 0.266602 0.144531 0.037109 0.183594
0 0.344727 0.185547 0.099609 0.113281
0 0.445312 0.198242 0.097656 0.150391
0 0.516602 0.180664 0.037109 0.193359
0 0.575195 0.179688 0.076172 0.113281
0 0.579102 0.256836 0.080078 0.041016
0 0.581055 0.297852 0.083984 0.041016
0 0.666992 0.239258 0.087891 0.158203
0 0.744141 0.195312 0.042969 0.167969
0 0.742188 0.371094 0.046875 0.183594
0 0.742188 0.482422 0.046875 0.039062
0 0.811523 0.226562 0.087891 0.203125
0 0.904297 0.237305 0.093750 0.185547
0 0.811523 0.375000 0.091797 0.097656
0 0.904297 0.377930 0.093750 0.107422
0 0.971680 0.219727 0.048828 0.064453
0 0.974609 0.396484 0.042969 0.289062
0 0.020508 0.256836 0.037109 0.037109
0 0.060547 0.255859 0.062500 0.042969
0 0.116211 0.330078 0.044922 0.191406
0 0.166016 0.255859 0.050781 0.042969
0 0.218750 0.255859 0.054688 0.042969
0 0.166016 0.299805 0.046875 0.052734
0 0.213867 0.301758 0.048828 0.048828
0 0.318359 0.256836 0.046875 0.037109
0 0.367188 0.255859 0.050781 0.039062
0 0.344727 0.297852 0.095703 0.044922
0 0.444336 0.297852 0.095703 0.044922
0 0.046875 0.299805 0.085938 0.048828
0 0.062500 0.375000 0.054688 0.101562
0 0.018555 0.375000 0.033203 0.101562
0 0.165039 0.374023 0.048828 0.099609
0 0.213867 0.374023 0.048828 0.099609
0 0.322266 0.368164 0.046875 0.099609
0 0.369141 0.371094 0.046875 0.093750
0 0.420898 0.374023 0.056641 0.099609
0 0.470703 0.375977 0.042969 0.095703
0 0.564453 0.370117 0.046875 0.107422
0 0.606445 0.373047 0.037109 0.101562
0 0.651367 0.374023 0.052734 0.103516
0 0.699219 0.375000 0.042969 0.101562
0 0.793945 0.372070 0.048828 0.099609
0 0.837891 0.373047 0.039062 0.097656
0 0.886719 0.375000 0.042969 0.101562
0 0.927734 0.375977 0.039062 0.099609
0 0.045898 0.446289 0.087891 0.044922
0 0.115234 0.548828 0.050781 0.242188
0 0.193359 0.443359 0.097656 0.039062
0 0.271484 0.368164 0.046875 0.267578
0 0.348633 0.440430 0.095703 0.048828
0 0.445312 0.444336 0.097656 0.044922
0 0.515625 0.473633 0.039062 0.388672
0 0.584961 0.444336 0.076172 0.052734
0 0.671875 0.442383 0.093750 0.041016
0 0.811523 0.444336 0.095703 0.041016
0 0.911133 0.468750 0.083984 0.089844
0 0.021484 0.487305 0.031250 0.037109
0 0.061523 0.484375 0.048828 0.042969
0 0.167969 0.478516 0.046875 0.042969
0 0.215820 0.482422 0.048828 0.035156
0 0.322266 0.484375 0.050781 0.042969
0 0.370117 0.484375 0.044922 0.042969
0 0.418945 0.481445 0.044922 0.041016
0 0.467773 0.482422 0.052734 0.039062
0 0.563477 0.481445 0.041016 0.048828
0 0.603516 0.483398 0.039062 0.044922
0 0.647461 0.484375 0.048828 0.046875
0 0.695312 0.485352 0.046875 0.044922
0 0.743164 0.485352 0.048828 0.044922
0 0.812500 0.485352 0.089844 0.044922
0 0.044922 0.525391 0.082031 0.042969
0 0.043945 0.583984 0.083984 0.074219
0 0.045898 0.643555 0.087891 0.044922
0 0.045898 0.693359 0.087891 0.054688
0 0.045898 0.741211 0.087891 0.041016
0 0.045898 0.810547 0.087891 0.101562
0 0.047852 0.911133 0.091797 0.087891
0 0.197266 0.520508 0.101562 0.052734
0 0.195312 0.585938 0.105469 0.078125
0 0.195312 0.645508 0.105469 0.041016
0 0.196289 0.688477 0.103516 0.044922
0 0.194336 0.738281 0.099609 0.054688
0 0.193359 0.810547 0.101562 0.089844
0 0.197266 0.903320 0.109375 0.095703
0 0.272461 0.580078 0.048828 0.171875
0 0.275391 0.693359 0.042969 0.054688
0 0.273438 0.795898 0.039062 0.150391
0 0.272461 0.912109 0.041016 0.082031
0 0.344727 0.522461 0.103516 0.044922
0 0.345703 0.607422 0.101562 0.125000
0 0.344727 0.696289 0.099609 0.052734
0 0.345703 0.742188 0.097656 0.039062
0 0.343750 0.816406 0.093750 0.109375
0 0.344727 0.912109 0.091797 0.082031
0 0.442383 0.521484 0.099609 0.046875
0 0.445312 0.584961 0.093750 0.080078
0 0.447266 0.646484 0.097656 0.042969
0 0.446289 0.694336 0.099609 0.052734
0 0.445312 0.741211 0.097656 0.041016
0 0.445312 0.818359 0.097656 0.113281
0 0.446289 0.912109 0.099609 0.082031
0 0.442383 0.976562 0.107422 0.046875
0 0.515625 0.694336 0.039062 0.056641
0 0.516602 0.797852 0.037109 0.150391
0 0.519531 0.936523 0.042969 0.126953
0 0.583008 0.524414 0.080078 0.041016
0 0.670898 0.524414 0.095703 0.041016
0 0.743164 0.586914 0.048828 0.166016
0 0.583008 0.608398 0.080078 0.123047
0 0.582031 0.690430 0.082031 0.052734
0 0.584961 0.740234 0.087891 0.046875
0 0.583008 0.815430 0.091797 0.103516
0 0.583984 0.910156 0.093750 0.085938
0 0.673828 0.693359 0.089844 0.058594
0 0.674805 0.741211 0.087891 0.037109
0 0.675781 0.815430 0.089844 0.111328
0 0.676758 0.912109 0.087891 0.082031
0 0.742188 0.693359 0.046875 0.054688
0 0.744141 0.795898 0.042969 0.150391
0 0.818359 0.522461 0.101562 0.044922
0 0.820312 0.586914 0.097656 0.083984
0 0.822266 0.649414 0.097656 0.044922
0 0.819336 0.693359 0.103516 0.042969
0 0.821289 0.738281 0.107422 0.046875
0 0.822266 0.814453 0.105469 0.105469
0 0.911133 0.581055 0.083984 0.080078
0 0.910156 0.522461 0.078125 0.044922
0 0.913086 0.649414 0.083984 0.044922
0 0.914062 0.697266 0.082031 0.050781
0 0.915039 0.746094 0.083984 0.046875
0 0.914062 0.817383 0.085938 0.095703
0 0.974609 0.607422 0.042969 0.128906
0 0.974609 0.716797 0.042969 0.089844
0 0.973633 0.815430 0.041016 0.107422
