0 0.117188 0.148449 0.134766 0.087149
0 0.262695 0.146233 0.156250 0.091581
0 0.417480 0.146972 0.153320 0.093058
0 0.569824 0.149926 0.151367 0.087149
0 0.720215 0.147710 0.149414 0.082718
0 0.869629 0.145495 0.149414 0.087149
0 0.117188 0.246677 0.134766 0.097489
0 0.262695 0.245938 0.156250 0.098966
0 0.419922 0.249631 0.158203 0.106352
0 0.572266 0.252585 0.146484 0.100443
0 0.721191 0.248892 0.151367 0.093058
0 0.872070 0.246677 0.150391 0.097489
0 0.115234 0.451994 0.132812 0.301329
0 0.270020 0.452733 0.147461 0.302806
0 0.421875 0.453471 0.156250 0.301329
0 0.573730 0.451994 0.147461 0.298375
0 0.723633 0.451256 0.150391 0.296898
0 0.874512 0.450517 0.133789 0.301329
0 0.986816 0.137371 0.020508 0.079764
0 0.982910 0.243722 0.034180 0.100443
0 0.982422 0.435007 0.035156 0.282127
0 0.013184 0.247415 0.024414 0.096012
0 0.013184 0.443131 0.024414 0.295421
