0 0.146973 0.129457 0.094727 0.224806
0 0.272949 0.191473 0.069336 0.187597
0 0.143555 0.419380 0.111328 0.209302
0 0.269531 0.452713 0.070312 0.173643
0 0.020996 0.086047 0.036133 0.168992
0 0.020020 0.406977 0.038086 0.227907
0 0.435547 0.293798 0.029297 0.162791
0 0.465820 0.291473 0.031250 0.158140
0 0.496582 0.287597 0.030273 0.165891
0 0.529297 0.284496 0.035156 0.159690
0 0.560059 0.278295 0.036133 0.162791
0 0.592773 0.273643 0.033203 0.172093
0 0.626465 0.271318 0.034180 0.167442
0 0.662598 0.265116 0.036133 0.173643
0 0.695801 0.263566 0.034180 0.179845
0 0.731445 0.258915 0.035156 0.182946
0 0.769531 0.253488 0.042969 0.181395
0 0.807617 0.247287 0.042969 0.184496
0 0.847656 0.243411 0.042969 0.182946
0 0.887207 0.239535 0.047852 0.184496
0 0.926270 0.235659 0.049805 0.186047
0 0.969727 0.228682 0.048828 0.190698
0 0.436035 0.388372 0.028320 0.035659
0 0.465820 0.388372 0.031250 0.035659
0 0.497070 0.386047 0.031250 0.040310
0 0.528320 0.382171 0.031250 0.038760
0 0.560547 0.380620 0.033203 0.041860
0 0.594238 0.378295 0.032227 0.046512
0 0.627930 0.373643 0.035156 0.043411
0 0.663574 0.371318 0.034180 0.041860
0 0.699219 0.368217 0.035156 0.041860
0 0.734863 0.365116 0.036133 0.041860
0 0.772461 0.361240 0.039062 0.043411
0 0.810059 0.358140 0.040039 0.043411
0 0.850098 0.355039 0.040039 0.046512
0 0.890625 0.351163 0.041016 0.044961
0 0.932617 0.347287 0.041016 0.046512
0 0.974121 0.341860 0.041992 0.048062
0 0.435547 0.496124 0.031250 0.179845
0 0.466309 0.496124 0.030273 0.179845
0 0.497070 0.493798 0.031250 0.184496
0 0.529785 0.493023 0.034180 0.182946
0 0.562012 0.490698 0.034180 0.187597
0 0.596191 0.490698 0.034180 0.190698
0 0.629395 0.489922 0.040039 0.192248
0 0.665527 0.486047 0.038086 0.196899
0 0.702148 0.485271 0.041016 0.198450
0 0.738281 0.482946 0.042969 0.203101
0 0.775391 0.480620 0.044922 0.207752
0 0.814453 0.478295 0.044922 0.209302
0 0.854004 0.476744 0.049805 0.212403
0 0.896484 0.473643 0.052734 0.212403
0 0.935547 0.472868 0.052734 0.213953
0 0.974609 0.468217 0.044922 0.217054
