0 0.069824 0.389296 0.106445 0.429619
0 0.196289 0.393695 0.152344 0.429619
0 0.346680 0.392229 0.148438 0.426686
0 0.496094 0.391496 0.150391 0.428152
0 0.645996 0.390029 0.149414 0.425220
0 0.798828 0.390762 0.156250 0.423754
0 0.932129 0.390762 0.110352 0.423754
0 0.930664 0.673754 0.113281 0.142229
0 0.797852 0.673021 0.152344 0.143695
0 0.645996 0.669355 0.151367 0.136364
0 0.494141 0.672287 0.152344 0.130499
0 0.344727 0.678886 0.146484 0.143695
0 0.197266 0.678152 0.148438 0.145161
0 0.070801 0.676686 0.104492 0.142229
