3 0.529255 0.254137 0.047872 0.094563
0 0.335993 0.235225 0.079787 0.087470
0 0.317376 0.305556 0.042553 0.053191
0 0.447695 0.245272 0.076241 0.112293
0 0.555851 0.245863 0.140071 0.113475
0 0.660461 0.247045 0.069149 0.111111
0 0.773050 0.234634 0.078014 0.091017
0 0.801418 0.306147 0.021277 0.052009
0 0.549645 0.131206 0.283688 0.066194
0 0.553191 0.138298 0.343972 0.052009
0 0.416667 0.414894 0.099291 0.170213
0 0.563830 0.421986 0.195035 0.184397
0 0.707447 0.398345 0.092199 0.141844
0 0.800532 0.426714 0.019504 0.141844
0 0.380319 0.692671 0.129433 0.224586
0 0.769504 0.692671 0.127660 0.229314
