0 0.336914 0.107422 0.037109 0.093750
0 0.524414 0.107422 0.056641 0.093750
0 0.705078 0.095703 0.046875 0.082031
0 0.760742 0.205078 0.037109 0.093750
0 0.806641 0.205078 0.054688 0.093750
0 0.427734 0.233398 0.042969 0.103516
0 0.500000 0.232422 0.039062 0.101562
0 0.549805 0.233398 0.037109 0.103516
0 0.611328 0.235352 0.042969 0.103516
0 0.251953 0.239258 0.039062 0.115234
0 0.291016 0.239258 0.039062 0.115234
0 0.775391 0.353516 0.042969 0.132812
0 0.826172 0.353516 0.058594 0.132812
0 0.218750 0.390625 0.042969 0.101562
0 0.220703 0.531250 0.039062 0.109375
0 0.336914 0.535156 0.044922 0.109375
0 0.323242 0.401367 0.048828 0.087891
0 0.400391 0.373047 0.039062 0.109375
0 0.524414 0.379883 0.142578 0.103516
0 0.641602 0.369141 0.044922 0.121094
0 0.717773 0.538086 0.052734 0.119141
0 0.837891 0.531250 0.054688 0.113281
