0 0.201172 0.395508 0.277344 0.626953
0 0.197266 0.814453 0.281250 0.371094
0 0.385742 0.520508 0.091797 0.443359
0 0.380859 0.854492 0.093750 0.291016
0 0.475586 0.582031 0.076172 0.367188
0 0.470703 0.871094 0.074219 0.257812
0 0.549805 0.881836 0.072266 0.236328
0 0.618164 0.892578 0.072266 0.214844
0 0.548828 0.632812 0.078125 0.304688
0 0.619141 0.670898 0.074219 0.263672
0 0.686523 0.786133 0.041016 0.154297
0 0.729492 0.672852 0.048828 0.427734
0 0.770508 0.711914 0.033203 0.349609
0 0.206055 0.149414 0.267578 0.294922
0 0.388672 0.227539 0.097656 0.298828
0 0.470703 0.317383 0.074219 0.279297
0 0.545898 0.394531 0.072266 0.265625
0 0.616211 0.453125 0.060547 0.253906
0 0.684570 0.369141 0.044922 0.167969
0 0.684570 0.227539 0.037109 0.208984
0 0.728516 0.349609 0.050781 0.320312
0 0.765625 0.396484 0.031250 0.292969
0 0.771484 0.144531 0.031250 0.273438
0 0.725586 0.093750 0.056641 0.183594
0 0.730469 0.188477 0.050781 0.095703
0 0.689453 0.130859 0.039062 0.097656
0 0.552734 0.162109 0.070312 0.285156
0 0.616211 0.313477 0.076172 0.126953
