0 0.572266 0.336914 0.035156 0.443359
0 0.627930 0.351562 0.068359 0.398438
0 0.628906 0.552734 0.074219 0.066406
0 0.694336 0.416016 0.060547 0.394531
0 0.753906 0.458984 0.058594 0.351562
0 0.798828 0.493164 0.031250 0.306641
0 0.831055 0.516602 0.029297 0.283203
0 0.576172 0.642578 0.039062 0.195312
0 0.628906 0.656250 0.074219 0.195312
0 0.696289 0.675781 0.060547 0.171875
0 0.753906 0.690430 0.054688 0.162109
0 0.802734 0.706055 0.042969 0.146484
0 0.834961 0.714844 0.021484 0.128906
0 0.574219 0.852539 0.035156 0.228516
0 0.626953 0.848633 0.078125 0.212891
0 0.695312 0.849609 0.062500 0.195312
0 0.755859 0.848633 0.058594 0.177734
0 0.800781 0.848633 0.042969 0.154297
0 0.832031 0.853516 0.019531 0.148438
0 0.206055 0.872070 0.021484 0.146484
0 0.237305 0.869141 0.052734 0.152344
0 0.290039 0.867188 0.052734 0.160156
0 0.348633 0.875000 0.072266 0.164062
0 0.421875 0.871094 0.082031 0.171875
0 0.500977 0.872070 0.087891 0.181641
0 0.204102 0.712891 0.021484 0.175781
0 0.241211 0.707031 0.052734 0.187500
0 0.291016 0.700195 0.050781 0.201172
0 0.348633 0.688477 0.064453 0.212891
0 0.420898 0.768555 0.083984 0.048828
0 0.504883 0.759766 0.095703 0.054688
0 0.419922 0.659180 0.082031 0.181641
0 0.504883 0.646484 0.091797 0.203125
0 0.204102 0.539062 0.021484 0.183594
0 0.240234 0.551758 0.050781 0.154297
0 0.291992 0.535156 0.048828 0.156250
0 0.348633 0.520508 0.072266 0.169922
0 0.420898 0.496094 0.080078 0.167969
0 0.501953 0.471680 0.085938 0.185547
0 0.240234 0.458008 0.050781 0.068359
0 0.292969 0.440430 0.050781 0.072266
0 0.350586 0.419922 0.068359 0.085938
0 0.421875 0.390625 0.078125 0.085938
0 0.505859 0.358398 0.085938 0.095703
0 0.202148 0.380859 0.017578 0.140625
0 0.239258 0.355469 0.052734 0.167969
0 0.294922 0.333008 0.054688 0.181641
0 0.349609 0.304688 0.066406 0.195312
0 0.420898 0.273438 0.080078 0.207031
0 0.506836 0.228516 0.091797 0.226562
