0 0.037109 0.054688 0.070312 0.054688
0 0.037109 0.014648 0.070312 0.025391
0 0.126953 0.014648 0.109375 0.025391
0 0.229492 0.014648 0.095703 0.025391
0 0.326172 0.014648 0.097656 0.025391
0 0.433594 0.014648 0.117188 0.025391
0 0.541992 0.013672 0.091797 0.023438
0 0.633789 0.014648 0.091797 0.025391
0 0.721680 0.014648 0.083984 0.025391
0 0.813477 0.015625 0.095703 0.027344
0 0.889648 0.016602 0.052734 0.029297
0 0.126953 0.055664 0.113281 0.056641
0 0.231445 0.055664 0.095703 0.056641
0 0.328125 0.053711 0.097656 0.052734
0 0.435547 0.053711 0.117188 0.052734
0 0.540039 0.055664 0.091797 0.056641
0 0.632812 0.055664 0.093750 0.056641
0 0.721680 0.054688 0.083984 0.054688
0 0.810547 0.055664 0.093750 0.052734
0 0.886719 0.114258 0.058594 0.169922
0 0.036133 0.141602 0.068359 0.119141
0 0.125977 0.142578 0.111328 0.117188
0 0.230469 0.141602 0.097656 0.115234
0 0.327148 0.139648 0.095703 0.119141
0 0.434570 0.139648 0.119141 0.119141
0 0.540039 0.139648 0.091797 0.119141
0 0.631836 0.139648 0.091797 0.119141
0 0.720703 0.140625 0.085938 0.117188
0 0.811523 0.140625 0.095703 0.117188
0 0.885742 0.283203 0.052734 0.167969
0 0.036133 0.281250 0.068359 0.164062
0 0.125977 0.281250 0.111328 0.164062
0 0.229492 0.281250 0.095703 0.164062
0 0.325195 0.282227 0.095703 0.162109
0 0.433594 0.281250 0.121094 0.160156
0 0.540039 0.280273 0.091797 0.162109
0 0.631836 0.283203 0.091797 0.167969
0 0.720703 0.282227 0.085938 0.169922
0 0.812500 0.282227 0.097656 0.169922
0 0.037109 0.451172 0.070312 0.175781
0 0.126953 0.452148 0.109375 0.173828
0 0.233398 0.454102 0.095703 0.177734
0 0.328125 0.454102 0.093750 0.177734
0 0.435547 0.453125 0.121094 0.175781
0 0.542969 0.453125 0.093750 0.175781
0 0.631836 0.452148 0.083984 0.173828
0 0.718750 0.454102 0.089844 0.169922
0 0.812500 0.457031 0.097656 0.175781
0 0.887695 0.455078 0.052734 0.179688
0 0.037109 0.625977 0.066406 0.173828
0 0.127930 0.627930 0.115234 0.169922
0 0.233398 0.626953 0.095703 0.167969
0 0.328125 0.626953 0.093750 0.167969
0 0.437500 0.642578 0.125000 0.199219
0 0.541992 0.626953 0.091797 0.167969
0 0.631836 0.626953 0.087891 0.167969
0 0.720703 0.626953 0.089844 0.167969
0 0.813477 0.628906 0.095703 0.164062
0 0.886719 0.626953 0.050781 0.160156
0 0.886719 0.822266 0.050781 0.230469
0 0.812500 0.824219 0.097656 0.226562
0 0.719727 0.825195 0.087891 0.228516
0 0.631836 0.826172 0.087891 0.226562
0 0.543945 0.830078 0.087891 0.234375
0 0.035156 0.827148 0.066406 0.236328
0 0.126953 0.829102 0.117188 0.232422
0 0.232422 0.830078 0.093750 0.234375
0 0.329102 0.828125 0.099609 0.238281
0 0.402344 0.835938 0.035156 0.121094
0 0.441406 0.839844 0.042969 0.113281
0 0.482422 0.840820 0.039062 0.115234
