0 0.086914 0.607422 0.107422 0.343750
0 0.019531 0.600586 0.035156 0.345703
0 0.181641 0.614258 0.085938 0.318359
0 0.264648 0.631836 0.068359 0.302734
0 0.342773 0.630859 0.083984 0.296875
0 0.410156 0.640625 0.058594 0.281250
0 0.467773 0.648438 0.056641 0.269531
0 0.521484 0.652344 0.054688 0.257812
0 0.584961 0.657227 0.064453 0.240234
0 0.633789 0.666016 0.041016 0.234375
0 0.670898 0.607422 0.033203 0.109375
0 0.709961 0.616211 0.033203 0.099609
0 0.745117 0.622070 0.033203 0.091797
0 0.777344 0.626953 0.027344 0.089844
0 0.806641 0.632812 0.031250 0.085938
0 0.837891 0.636719 0.031250 0.085938
0 0.871094 0.639648 0.031250 0.087891
0 0.898438 0.647461 0.031250 0.080078
0 0.930664 0.651367 0.029297 0.076172
0 0.675781 0.676758 0.031250 0.041016
0 0.710938 0.678711 0.035156 0.041016
0 0.746094 0.684570 0.031250 0.044922
0 0.777344 0.683594 0.027344 0.035156
0 0.808594 0.691406 0.035156 0.039062
0 0.837891 0.692383 0.035156 0.037109
0 0.869141 0.697266 0.031250 0.039062
0 0.897461 0.695312 0.025391 0.039062
0 0.929688 0.700195 0.035156 0.029297
0 0.927734 0.744141 0.031250 0.066406
0 0.896484 0.743164 0.023438 0.064453
0 0.871094 0.741211 0.031250 0.072266
0 0.836914 0.741211 0.037109 0.072266
0 0.805664 0.740234 0.029297 0.070312
0 0.778320 0.739258 0.033203 0.076172
0 0.743164 0.735352 0.037109 0.080078
0 0.709961 0.735352 0.033203 0.087891
0 0.676758 0.739258 0.037109 0.083984
0 0.811523 0.438477 0.025391 0.244141
0 0.840820 0.450195 0.025391 0.240234
0 0.870117 0.387695 0.033203 0.087891
0 0.900391 0.404297 0.023438 0.085938
0 0.925781 0.479492 0.027344 0.212891
0 0.869141 0.489258 0.027344 0.126953
0 0.896484 0.495117 0.023438 0.126953
0 0.870117 0.563477 0.029297 0.029297
0 0.897461 0.565430 0.025391 0.029297
0 0.785156 0.349609 0.027344 0.097656
0 0.784180 0.460938 0.021484 0.140625
0 0.781250 0.538086 0.031250 0.029297
0 0.759766 0.337891 0.023438 0.101562
0 0.733398 0.328125 0.025391 0.101562
0 0.707031 0.312500 0.023438 0.093750
0 0.674805 0.388672 0.037109 0.285156
0 0.726562 0.446289 0.035156 0.150391
0 0.757812 0.455078 0.027344 0.132812
0 0.639648 0.375000 0.033203 0.292969
0 0.605469 0.363281 0.031250 0.292969
0 0.571289 0.350586 0.037109 0.314453
0 0.525391 0.332031 0.050781 0.324219
0 0.469727 0.205078 0.052734 0.132812
0 0.468750 0.367188 0.054688 0.230469
0 0.411133 0.348633 0.052734 0.240234
0 0.413086 0.177734 0.060547 0.144531
0 0.340820 0.263672 0.072266 0.378906
0 0.262695 0.298828 0.076172 0.273438
0 0.263672 0.111328 0.074219 0.164062
0 0.179688 0.083008 0.082031 0.162109
0 0.182617 0.271484 0.080078 0.289062
0 0.091797 0.197266 0.089844 0.390625
0 0.021484 0.188477 0.039062 0.373047
