0 0.395508 0.446481 0.031250 0.095308
0 0.433105 0.446481 0.043945 0.095308
0 0.472656 0.447947 0.035156 0.092375
0 0.511719 0.448680 0.042969 0.093842
0 0.549316 0.448680 0.032227 0.093842
0 0.587402 0.447947 0.043945 0.092375
0 0.587402 0.565982 0.043945 0.143695
0 0.549805 0.565982 0.031250 0.143695
0 0.511719 0.563783 0.044922 0.139296
0 0.473145 0.563783 0.032227 0.139296
0 0.434082 0.563050 0.045898 0.137830
0 0.396484 0.563050 0.029297 0.137830
0 0.395996 0.646628 0.030273 0.032258
0 0.434082 0.647361 0.045898 0.030792
0 0.473145 0.646628 0.032227 0.029326
0 0.512695 0.648094 0.046875 0.026393
0 0.418457 0.382698 0.075195 0.026393
0 0.495117 0.382698 0.078125 0.026393
0 0.571777 0.384897 0.075195 0.030792
0 0.618652 0.436950 0.012695 0.111437
0 0.645996 0.429619 0.018555 0.129032
0 0.630859 0.432551 0.009766 0.126100
0 0.672852 0.417155 0.035156 0.118768
0 0.672363 0.339443 0.036133 0.030792
0 0.739258 0.338710 0.097656 0.032258
0 0.835938 0.338710 0.095703 0.032258
0 0.932617 0.339443 0.097656 0.030792
0 0.990723 0.340176 0.018555 0.032258
0 0.711914 0.415689 0.042969 0.118768
0 0.760742 0.415689 0.054688 0.118768
0 0.808105 0.415689 0.040039 0.118768
0 0.855469 0.415689 0.054688 0.118768
0 0.904785 0.416422 0.043945 0.120235
0 0.953613 0.417155 0.053711 0.118768
0 0.989746 0.416422 0.018555 0.117302
0 0.673340 0.578446 0.038086 0.203812
0 0.713379 0.577713 0.041992 0.205279
0 0.761230 0.579912 0.053711 0.209677
0 0.808594 0.579912 0.041016 0.209677
0 0.856445 0.579912 0.054688 0.209677
0 0.904297 0.581378 0.041016 0.206745
0 0.953125 0.582845 0.056641 0.209677
0 0.989746 0.582111 0.016602 0.211144
0 0.809082 0.129765 0.036133 0.139296
0 0.854980 0.129765 0.053711 0.139296
0 0.902832 0.129765 0.041992 0.139296
0 0.951172 0.129032 0.054688 0.137830
0 0.987793 0.129765 0.018555 0.136364
0 0.810547 0.228006 0.037109 0.051320
0 0.855957 0.227273 0.053711 0.052786
0 0.903320 0.227273 0.041016 0.052786
0 0.950684 0.227273 0.053711 0.052786
0 0.988281 0.225806 0.021484 0.049853
0 0.837402 0.030792 0.092773 0.017595
0 0.932617 0.030059 0.097656 0.019062
0 0.990723 0.031525 0.018555 0.021994
0 0.732422 0.154692 0.019531 0.074780
0 0.751953 0.144428 0.017578 0.101173
0 0.772461 0.129032 0.023438 0.131965
