0 0.322034 0.427195 0.021792 0.049251
0 0.348668 0.403640 0.029056 0.053533
0 0.383777 0.379015 0.043584 0.068522
0 0.424334 0.346895 0.042373 0.081370
0 0.466707 0.308351 0.037530 0.077088
0 0.495157 0.286938 0.019370 0.055675
0 0.511501 0.279443 0.015738 0.053533
0 0.322034 0.475375 0.026634 0.085653
0 0.346852 0.459315 0.030266 0.092077
0 0.383777 0.431478 0.043584 0.104925
0 0.425545 0.401499 0.044794 0.104925
0 0.465496 0.369379 0.039952 0.109208
0 0.496368 0.347966 0.019370 0.092077
0 0.512712 0.344754 0.013317 0.089936
0 0.318402 0.564240 0.024213 0.117773
0 0.345036 0.549251 0.031477 0.130621
0 0.380751 0.523555 0.044794 0.139186
0 0.424334 0.496788 0.044794 0.145610
0 0.466102 0.467880 0.041162 0.147752
0 0.495157 0.452891 0.019370 0.134904
0 0.512712 0.444325 0.015738 0.130621
0 0.315375 0.695931 0.030266 0.162741
0 0.340799 0.680942 0.032688 0.175589
0 0.377119 0.658458 0.044794 0.182013
0 0.421913 0.635974 0.044794 0.184154
0 0.464891 0.609208 0.043584 0.186296
0 0.496368 0.595289 0.019370 0.171306
0 0.512712 0.585653 0.013317 0.169165
0 0.308717 0.850107 0.031477 0.162741
0 0.337167 0.836188 0.035109 0.173448
0 0.374092 0.820128 0.050847 0.179872
0 0.418281 0.793362 0.047215 0.177730
0 0.463075 0.774090 0.044794 0.186296
0 0.495763 0.759101 0.020581 0.169165
0 0.512712 0.751606 0.015738 0.179872
0 0.305085 0.955032 0.029056 0.077088
0 0.334140 0.951820 0.029056 0.083512
0 0.372276 0.942184 0.047215 0.102784
0 0.418281 0.930407 0.047215 0.126338
0 0.462470 0.917559 0.046005 0.143469
0 0.495763 0.916488 0.023002 0.154176
0 0.514528 0.914347 0.016949 0.154176
