0 0.202148 0.026367 0.083984 0.048828
0 0.202148 0.094727 0.083984 0.087891
0 0.201172 0.180664 0.082031 0.083984
0 0.201172 0.268555 0.082031 0.091797
0 0.201172 0.361328 0.082031 0.093750
0 0.200195 0.457031 0.083984 0.097656
0 0.199219 0.552734 0.082031 0.093750
0 0.199219 0.649414 0.082031 0.099609
0 0.197266 0.750977 0.078125 0.103516
0 0.197266 0.845703 0.078125 0.085938
0 0.197266 0.939453 0.078125 0.101562
0 0.319336 0.030273 0.076172 0.056641
0 0.319336 0.099609 0.076172 0.082031
0 0.320312 0.179688 0.078125 0.078125
0 0.320312 0.268555 0.078125 0.099609
0 0.318359 0.362305 0.074219 0.087891
0 0.315430 0.456055 0.080078 0.099609
0 0.314453 0.556641 0.078125 0.101562
0 0.313477 0.653320 0.080078 0.091797
0 0.313477 0.753906 0.080078 0.109375
0 0.313477 0.846680 0.080078 0.076172
0 0.314453 0.940430 0.082031 0.111328
0 0.442383 0.028320 0.083984 0.052734
0 0.442383 0.096680 0.083984 0.083984
0 0.443359 0.178711 0.085938 0.080078
0 0.443359 0.269531 0.085938 0.101562
0 0.441406 0.364258 0.082031 0.087891
0 0.440430 0.456055 0.083984 0.095703
0 0.439453 0.556641 0.082031 0.105469
0 0.440430 0.646484 0.080078 0.074219
0 0.439453 0.743164 0.078125 0.119141
0 0.440430 0.846680 0.076172 0.087891
0 0.440430 0.942383 0.076172 0.103516
0 0.562500 0.024414 0.101562 0.044922
0 0.561523 0.089844 0.103516 0.085938
0 0.561523 0.175781 0.103516 0.085938
0 0.563477 0.269531 0.099609 0.101562
0 0.565430 0.363281 0.103516 0.085938
0 0.561523 0.452148 0.111328 0.091797
0 0.560547 0.549805 0.109375 0.103516
0 0.560547 0.651367 0.109375 0.099609
0 0.556641 0.748047 0.101562 0.093750
0 0.556641 0.889648 0.101562 0.189453
0 0.705078 0.026367 0.085938 0.048828
0 0.704102 0.092773 0.087891 0.083984
0 0.704102 0.177734 0.087891 0.085938
0 0.706055 0.266602 0.083984 0.091797
0 0.706055 0.358398 0.083984 0.091797
0 0.705078 0.455078 0.085938 0.101562
0 0.708008 0.552734 0.091797 0.093750
0 0.708008 0.650391 0.091797 0.101562
0 0.708008 0.749023 0.091797 0.095703
0 0.707031 0.843750 0.093750 0.093750
0 0.706055 0.943359 0.091797 0.105469
0 0.834961 0.024414 0.091797 0.044922
0 0.834961 0.093750 0.091797 0.093750
0 0.830078 0.180664 0.082031 0.080078
0 0.830078 0.271484 0.082031 0.101562
0 0.830078 0.364258 0.082031 0.083984
0 0.828125 0.456055 0.085938 0.099609
0 0.829102 0.551758 0.087891 0.091797
0 0.830078 0.648438 0.085938 0.101562
0 0.831055 0.748047 0.087891 0.097656
0 0.830078 0.895508 0.089844 0.197266
