0 0.880859 0.849609 0.093750 0.257812
0 0.797852 0.845703 0.091797 0.242188
0 0.731445 0.842773 0.076172 0.220703
0 0.666016 0.844727 0.058594 0.208984
0 0.610352 0.839844 0.052734 0.203125
0 0.561523 0.833008 0.048828 0.185547
0 0.515625 0.835938 0.039062 0.175781
0 0.472656 0.834961 0.042969 0.154297
0 0.434570 0.833008 0.037109 0.154297
0 0.398438 0.831055 0.035156 0.150391
0 0.363281 0.829102 0.035156 0.138672
0 0.332031 0.828125 0.031250 0.136719
0 0.303711 0.827148 0.033203 0.126953
0 0.274414 0.824219 0.029297 0.125000
0 0.250977 0.825195 0.017578 0.115234
0 0.230469 0.825195 0.019531 0.115234
0 0.209961 0.824219 0.025391 0.113281
0 0.184570 0.819336 0.021484 0.103516
0 0.166016 0.823242 0.019531 0.103516
0 0.147461 0.820312 0.017578 0.097656
0 0.132812 0.816406 0.015625 0.089844
0 0.116211 0.818359 0.017578 0.089844
0 0.104492 0.814453 0.013672 0.082031
0 0.091797 0.813477 0.015625 0.083984
0 0.079102 0.808594 0.013672 0.070312
0 0.070312 0.807617 0.015625 0.068359
