3 0.472168 0.382682 0.038086 0.124767
3 0.492676 0.337989 0.030273 0.094972
3 0.547852 0.381750 0.041016 0.111732
3 0.600098 0.387337 0.040039 0.108007
0 0.058594 0.082868 0.083984 0.162011
0 0.144043 0.083799 0.086914 0.163873
0 0.230957 0.082868 0.086914 0.162011
0 0.318848 0.082868 0.088867 0.162011
0 0.406250 0.084730 0.085938 0.165736
0 0.492676 0.084730 0.086914 0.165736
0 0.581543 0.084730 0.090820 0.165736
0 0.668457 0.083799 0.083008 0.163873
0 0.726074 0.083799 0.032227 0.163873
0 0.056641 0.294227 0.085938 0.253259
0 0.143555 0.292365 0.087891 0.256983
0 0.230957 0.290503 0.086914 0.253259
0 0.318359 0.291434 0.087891 0.251397
0 0.404297 0.290503 0.083984 0.249534
0 0.668457 0.292365 0.083008 0.249534
0 0.722656 0.291434 0.025391 0.251397
0 0.055176 0.514898 0.084961 0.184358
0 0.142578 0.513966 0.089844 0.186220
0 0.229980 0.512104 0.084961 0.182495
0 0.317383 0.512104 0.089844 0.182495
0 0.403809 0.506518 0.083008 0.171322
0 0.054688 0.727188 0.085938 0.243948
0 0.143555 0.727188 0.091797 0.243948
0 0.231445 0.726257 0.083984 0.242086
0 0.318359 0.722533 0.089844 0.249534
0 0.406738 0.725326 0.086914 0.255121
0 0.494141 0.725326 0.087891 0.255121
0 0.581543 0.723464 0.086914 0.251397
0 0.667480 0.723464 0.084961 0.251397
0 0.054199 0.924581 0.088867 0.150838
0 0.142578 0.924581 0.089844 0.147114
0 0.230469 0.923650 0.085938 0.148976
0 0.317383 0.923650 0.087891 0.148976
0 0.406250 0.923650 0.089844 0.148976
0 0.495117 0.922719 0.087891 0.147114
0 0.581543 0.922719 0.084961 0.147114
0 0.667480 0.924581 0.086914 0.150838
0 0.726562 0.926443 0.031250 0.147114
0 0.817871 0.550279 0.034180 0.083799
0 0.938477 0.549348 0.015625 0.078212
0 0.958008 0.550279 0.023438 0.076350
0 0.978027 0.549348 0.016602 0.074488
