0 0.033203 0.032227 0.062500 0.060547
0 0.118164 0.032227 0.103516 0.060547
0 0.336914 0.035156 0.107422 0.066406
0 0.445312 0.035156 0.109375 0.066406
0 0.556641 0.035156 0.117188 0.066406
0 0.657227 0.033203 0.095703 0.062500
0 0.761719 0.039062 0.089844 0.074219
0 0.968750 0.041992 0.062500 0.052734
0 0.116211 0.082031 0.107422 0.039062
0 0.032227 0.083008 0.060547 0.037109
0 0.031250 0.144531 0.058594 0.085938
0 0.117188 0.141602 0.113281 0.091797
0 0.332031 0.083008 0.093750 0.033203
0 0.439453 0.081055 0.121094 0.037109
0 0.554688 0.080078 0.109375 0.035156
0 0.659180 0.080078 0.099609 0.035156
0 0.761719 0.078125 0.105469 0.031250
0 0.763672 0.137695 0.101562 0.087891
0 0.661133 0.138672 0.103516 0.085938
0 0.556641 0.138672 0.105469 0.085938
0 0.446289 0.136719 0.115234 0.089844
0 0.334961 0.137695 0.107422 0.091797
0 0.967773 0.079102 0.064453 0.025391
0 0.968750 0.141602 0.062500 0.083984
0 0.036133 0.321289 0.068359 0.130859
0 0.120117 0.321289 0.099609 0.130859
0 0.038086 0.473633 0.064453 0.177734
0 0.118164 0.471680 0.095703 0.181641
0 0.036133 0.609375 0.068359 0.097656
0 0.118164 0.613281 0.095703 0.105469
0 0.336914 0.317383 0.107422 0.134766
0 0.445312 0.321289 0.109375 0.126953
0 0.554688 0.319336 0.109375 0.123047
0 0.663086 0.316406 0.107422 0.128906
0 0.768555 0.318359 0.103516 0.132812
0 0.765625 0.464844 0.109375 0.160156
0 0.660156 0.464844 0.101562 0.160156
0 0.555664 0.465820 0.107422 0.162109
0 0.444336 0.466797 0.115234 0.160156
0 0.335938 0.469727 0.101562 0.166016
0 0.338867 0.605469 0.107422 0.105469
0 0.449219 0.605469 0.113281 0.105469
0 0.557617 0.603516 0.103516 0.101562
0 0.660156 0.601562 0.101562 0.105469
0 0.762695 0.603516 0.103516 0.109375
0 0.966797 0.322266 0.058594 0.136719
0 0.964844 0.467773 0.062500 0.154297
0 0.966797 0.600586 0.066406 0.111328
0 0.036133 0.799805 0.068359 0.193359
0 0.120117 0.799805 0.099609 0.193359
0 0.038086 0.948242 0.064453 0.103516
0 0.126953 0.950195 0.101562 0.099609
0 0.340820 0.723633 0.111328 0.048828
0 0.449219 0.724609 0.105469 0.046875
0 0.555664 0.724609 0.107422 0.046875
0 0.661133 0.725586 0.103516 0.044922
0 0.761719 0.725586 0.097656 0.044922
0 0.764648 0.816406 0.099609 0.132812
0 0.662109 0.813477 0.105469 0.138672
0 0.554688 0.819336 0.109375 0.150391
0 0.449219 0.825195 0.101562 0.138672
0 0.342773 0.825195 0.111328 0.138672
0 0.341797 0.946289 0.109375 0.103516
0 0.450195 0.943359 0.115234 0.093750
0 0.558594 0.943359 0.101562 0.093750
0 0.661133 0.936523 0.103516 0.107422
0 0.772461 0.941406 0.115234 0.117188
2 0.224609 0.095703 0.109375 0.187500
2 0.225586 0.459961 0.111328 0.404297
2 0.223633 0.852539 0.111328 0.294922
2 0.877930 0.095703 0.115234 0.187500
2 0.879883 0.456055 0.111328 0.412109
2 0.875000 0.850586 0.101562 0.298828
