0 0.801758 0.102539 0.154297 0.201172
0 0.798828 0.284180 0.140625 0.365234
0 0.663086 0.152344 0.126953 0.281250
0 0.667969 0.364258 0.128906 0.322266
0 0.571289 0.321289 0.064453 0.470703
0 0.514648 0.354492 0.056641 0.451172
0 0.415039 0.413086 0.048828 0.416016
0 0.461914 0.392578 0.044922 0.429688
0 0.411133 0.691406 0.056641 0.191406
0 0.459961 0.678711 0.048828 0.208984
0 0.512695 0.663086 0.060547 0.220703
0 0.569336 0.641602 0.064453 0.240234
0 0.666016 0.607422 0.125000 0.289062
0 0.797852 0.560547 0.146484 0.324219
0 0.794922 0.844727 0.140625 0.310547
0 0.662109 0.858398 0.125000 0.279297
0 0.571289 0.862305 0.068359 0.220703
0 0.512695 0.853516 0.060547 0.191406
0 0.458984 0.860352 0.058594 0.181641
0 0.410156 0.859375 0.050781 0.156250
