0 0.031250 0.154466 0.060547 0.306003
0 0.104004 0.154466 0.083008 0.297218
0 0.185059 0.154466 0.079102 0.297218
0 0.266602 0.152269 0.083984 0.301611
0 0.350586 0.152269 0.083984 0.301611
0 0.432129 0.153734 0.079102 0.298682
0 0.513184 0.151537 0.083008 0.294290
0 0.596191 0.150073 0.083008 0.297218
0 0.678711 0.151537 0.082031 0.300146
0 0.761719 0.153001 0.083984 0.297218
0 0.844727 0.153734 0.082031 0.298682
0 0.926758 0.153734 0.082031 0.298682
0 0.981934 0.156662 0.028320 0.304539
0 0.982422 0.459004 0.027344 0.300146
0 0.927734 0.458272 0.082031 0.301611
0 0.846191 0.456076 0.081055 0.297218
0 0.764648 0.456076 0.082031 0.297218
0 0.681641 0.457540 0.083984 0.300146
0 0.431152 0.455344 0.081055 0.298682
0 0.032227 0.456808 0.062500 0.307467
0 0.101562 0.452416 0.080078 0.298682
0 0.183594 0.451684 0.083984 0.300146
0 0.267090 0.455344 0.083008 0.307467
0 0.348633 0.459004 0.080078 0.300146
0 0.031738 0.697657 0.061523 0.185944
0 0.102051 0.702782 0.081055 0.184480
0 0.268555 0.680088 0.085938 0.139092
0 0.350098 0.713031 0.081055 0.210835
0 0.432129 0.718155 0.086914 0.221083
0 0.514648 0.718155 0.082031 0.221083
