0 0.346680 0.106445 0.115234 0.197266
0 0.486328 0.143555 0.078125 0.181641
0 0.574219 0.146484 0.089844 0.156250
0 0.692383 0.229492 0.107422 0.150391
0 0.681641 0.570312 0.113281 0.156250
0 0.574219 0.392578 0.082031 0.121094
0 0.465820 0.340820 0.123047 0.193359
0 0.328125 0.341797 0.085938 0.156250
0 0.339844 0.527344 0.105469 0.121094
0 0.509766 0.551758 0.031250 0.080078
0 0.576172 0.759766 0.097656 0.125000
0 0.467773 0.769531 0.123047 0.132812
0 0.333984 0.770508 0.093750 0.138672
0 0.497070 0.957031 0.060547 0.085938
0 0.581055 0.956055 0.107422 0.087891
0 0.038086 0.480469 0.072266 0.199219
0 0.042969 0.249023 0.082031 0.185547
0 0.042969 0.034180 0.082031 0.064453
0 0.041016 0.924805 0.078125 0.146484
