0 0.288136 0.431034 0.036320 0.086207
0 0.327482 0.419181 0.042373 0.096983
0 0.368644 0.401940 0.042373 0.092672
0 0.409806 0.383621 0.042373 0.103448
0 0.453390 0.370690 0.042373 0.107759
0 0.496368 0.355603 0.046005 0.103448
0 0.543584 0.335129 0.046005 0.105603
0 0.591404 0.314655 0.047215 0.107759
0 0.641041 0.298491 0.049637 0.114224
0 0.690073 0.278017 0.048426 0.107759
0 0.286925 0.517241 0.041162 0.099138
0 0.326271 0.497845 0.042373 0.099138
0 0.366223 0.485991 0.042373 0.101293
0 0.409201 0.473060 0.046005 0.105603
0 0.452785 0.452586 0.041162 0.099138
0 0.495763 0.440733 0.049637 0.105603
0 0.542978 0.425647 0.047215 0.109914
0 0.590194 0.410560 0.049637 0.114224
0 0.641041 0.390086 0.052058 0.116379
0 0.690073 0.376078 0.048426 0.109914
0 0.285714 0.599138 0.041162 0.099138
0 0.324455 0.582974 0.041162 0.096983
0 0.365012 0.571121 0.042373 0.099138
0 0.406780 0.559267 0.043584 0.105603
0 0.450363 0.545259 0.046005 0.103448
0 0.496973 0.530172 0.047215 0.103448
0 0.541768 0.512931 0.044794 0.099138
0 0.590194 0.501078 0.049637 0.105603
0 0.639831 0.483836 0.049637 0.109914
0 0.690073 0.469828 0.048426 0.107759
0 0.282082 0.684267 0.038741 0.096983
0 0.322639 0.670259 0.042373 0.099138
0 0.363801 0.659483 0.044794 0.099138
0 0.405569 0.648707 0.043584 0.103448
0 0.450363 0.634698 0.046005 0.101293
0 0.494552 0.621767 0.042373 0.101293
0 0.539952 0.607759 0.046005 0.103448
0 0.590194 0.596983 0.049637 0.107759
0 0.639831 0.579741 0.049637 0.112069
0 0.691283 0.565733 0.050847 0.109914
0 0.280266 0.765086 0.042373 0.099138
0 0.319613 0.757543 0.043584 0.101293
0 0.362591 0.745690 0.042373 0.103448
0 0.404964 0.734914 0.039952 0.099138
0 0.448547 0.724138 0.047215 0.099138
0 0.495157 0.710129 0.046005 0.101293
0 0.541768 0.702586 0.047215 0.107759
0 0.588983 0.687500 0.052058 0.103448
0 0.641646 0.677802 0.053269 0.109914
0 0.693099 0.661638 0.052058 0.112069
0 0.279661 0.864224 0.041162 0.116379
0 0.319613 0.854526 0.041162 0.114224
0 0.361985 0.841595 0.043584 0.114224
0 0.403753 0.836207 0.044794 0.120690
0 0.448547 0.826509 0.044794 0.122845
0 0.493947 0.817888 0.048426 0.122845
0 0.541162 0.804957 0.046005 0.127155
0 0.590194 0.796336 0.052058 0.127155
0 0.640436 0.783405 0.050847 0.127155
0 0.691283 0.776940 0.053269 0.135776
0 0.736077 0.282328 0.036320 0.112069
0 0.771186 0.307112 0.029056 0.101293
0 0.799031 0.327586 0.024213 0.090517
0 0.737288 0.376078 0.036320 0.114224
0 0.771792 0.398707 0.035109 0.116379
0 0.800242 0.422414 0.021792 0.107759
0 0.736683 0.471983 0.032688 0.107759
0 0.772397 0.491379 0.033898 0.112069
0 0.800847 0.510776 0.025424 0.103448
0 0.737288 0.567888 0.033898 0.109914
0 0.771792 0.587284 0.032688 0.114224
0 0.802663 0.605603 0.026634 0.107759
0 0.737893 0.663793 0.035109 0.107759
0 0.773608 0.687500 0.031477 0.103448
0 0.802058 0.696121 0.025424 0.107759
0 0.738499 0.776940 0.036320 0.135776
0 0.773608 0.793103 0.033898 0.137931
0 0.802663 0.804957 0.024213 0.127155
