0 0.398438 0.429688 0.097656 0.339844
0 0.486328 0.385742 0.089844 0.392578
0 0.591797 0.337891 0.121094 0.464844
0 0.093750 0.259766 0.035156 0.105469
0 0.097656 0.316406 0.046875 0.082031
0 0.186523 0.148438 0.048828 0.140625
0 0.240234 0.094727 0.058594 0.154297
0 0.313477 0.056641 0.060547 0.109375
0 0.316406 0.110352 0.093750 0.138672
0 0.315430 0.456055 0.083984 0.302734
0 0.245117 0.401367 0.064453 0.099609
0 0.297852 0.695312 0.052734 0.195312
0 0.248047 0.744141 0.054688 0.078125
0 0.198242 0.744141 0.048828 0.078125
0 0.775391 0.764648 0.230469 0.166016
0 0.397461 0.689453 0.103516 0.214844
