0 0.551758 0.632812 0.072266 0.273438
0 0.615234 0.665039 0.054688 0.248047
0 0.669922 0.688477 0.046875 0.244141
0 0.715820 0.713867 0.041016 0.240234
0 0.759766 0.733398 0.039062 0.212891
0 0.791016 0.745117 0.027344 0.212891
0 0.824219 0.761719 0.031250 0.207031
0 0.855469 0.784180 0.023438 0.189453
0 0.879883 0.807617 0.021484 0.181641
0 0.905273 0.825195 0.021484 0.169922
0 0.465820 0.633789 0.076172 0.279297
0 0.466797 0.876953 0.078125 0.246094
0 0.375977 0.886719 0.107422 0.226562
0 0.548828 0.875977 0.066406 0.248047
0 0.615234 0.890625 0.066406 0.218750
0 0.672852 0.901367 0.060547 0.197266
0 0.719727 0.901367 0.041016 0.197266
0 0.760742 0.914062 0.044922 0.171875
0 0.793945 0.922852 0.037109 0.154297
0 0.822266 0.927734 0.023438 0.144531
0 0.850586 0.934570 0.017578 0.130859
0 0.872070 0.940430 0.025391 0.119141
0 0.669922 0.458984 0.058594 0.253906
0 0.715820 0.491211 0.041016 0.240234
0 0.758789 0.527344 0.033203 0.222656
0 0.793945 0.560547 0.029297 0.226562
0 0.826172 0.589844 0.031250 0.226562
0 0.863281 0.623047 0.039062 0.179688
