0 0.351562 0.505857 0.052734 0.297218
0 0.412109 0.507321 0.066406 0.300146
0 0.476074 0.508053 0.061523 0.298682
0 0.548828 0.506589 0.083984 0.295754
0 0.635742 0.504392 0.089844 0.300146
0 0.691895 0.502928 0.022461 0.297218
0 0.725098 0.503660 0.030273 0.289898
0 0.787109 0.505124 0.099609 0.292826
0 0.855469 0.504392 0.037109 0.294290
0 0.786621 0.268668 0.098633 0.171303
0 0.851074 0.269400 0.030273 0.169839
0 0.787598 0.158126 0.100586 0.043924
0 0.853027 0.151537 0.030273 0.068814
0 0.787109 0.122255 0.101562 0.030747
0 0.720703 0.269400 0.035156 0.169839
0 0.721191 0.159590 0.034180 0.040996
0 0.720703 0.121523 0.033203 0.029283
0 0.690430 0.267936 0.017578 0.175695
0 0.635254 0.266471 0.088867 0.181552
0 0.548828 0.259151 0.080078 0.161054
0 0.475098 0.258419 0.065430 0.162518
0 0.410645 0.259151 0.063477 0.163982
0 0.353516 0.260615 0.046875 0.169839
0 0.353516 0.152269 0.044922 0.046852
0 0.442871 0.153734 0.133789 0.043924
0 0.550293 0.153734 0.081055 0.043924
0 0.636719 0.155930 0.091797 0.039531
0 0.637207 0.121523 0.090820 0.029283
0 0.550781 0.118594 0.082031 0.023426
0 0.442383 0.117130 0.134766 0.026354
0 0.353516 0.117862 0.042969 0.027818
0 0.691406 0.122987 0.015625 0.023426
0 0.690430 0.159590 0.013672 0.046852
