0 0.025391 0.032227 0.048177 0.062500
0 0.113932 0.031250 0.126302 0.060547
0 0.257161 0.031250 0.154948 0.060547
0 0.402344 0.032227 0.143229 0.062500
0 0.539062 0.029785 0.135417 0.057617
0 0.682943 0.029785 0.147135 0.057617
0 0.822266 0.028320 0.131510 0.054688
0 0.949219 0.028809 0.101562 0.055664
0 0.026042 0.200684 0.049479 0.282227
0 0.113281 0.200195 0.132812 0.281250
0 0.255208 0.200684 0.151042 0.280273
0 0.401042 0.200684 0.140625 0.280273
0 0.541667 0.199219 0.140625 0.283203
0 0.684245 0.198730 0.144531 0.282227
0 0.825521 0.198242 0.138021 0.283203
0 0.947266 0.197754 0.105469 0.282227
0 0.024089 0.493164 0.045573 0.304688
0 0.115234 0.492676 0.134115 0.305664
0 0.258464 0.490723 0.139323 0.301758
0 0.398438 0.496582 0.145833 0.305664
0 0.686198 0.492188 0.145833 0.298828
0 0.826823 0.490723 0.135417 0.301758
0 0.945312 0.492188 0.101562 0.304688
