0 0.682617 0.143555 0.025391 0.193359
0 0.717773 0.113281 0.044922 0.222656
0 0.759766 0.102539 0.035156 0.201172
0 0.791016 0.092773 0.042969 0.181641
0 0.833984 0.068359 0.035156 0.132812
0 0.879883 0.055664 0.056641 0.107422
0 0.938477 0.040039 0.064453 0.076172
0 0.875977 0.213867 0.064453 0.275391
0 0.934570 0.184570 0.064453 0.306641
0 0.986328 0.166016 0.027344 0.277344
0 0.871094 0.454102 0.066406 0.251953
0 0.942383 0.430664 0.072266 0.267578
0 0.985352 0.426758 0.029297 0.251953
0 0.904297 0.726562 0.132812 0.347656
0 0.985352 0.731445 0.021484 0.357422
0 0.793945 0.663086 0.037109 0.154297
0 0.791016 0.802734 0.035156 0.121094
0 0.756836 0.799805 0.029297 0.119141
0 0.717773 0.795898 0.044922 0.111328
0 0.685547 0.792969 0.023438 0.113281
0 0.683594 0.666016 0.023438 0.136719
0 0.721680 0.666016 0.048828 0.140625
0 0.760742 0.665039 0.033203 0.150391
0 0.793945 0.479492 0.037109 0.216797
0 0.761719 0.489258 0.035156 0.216797
0 0.721680 0.496094 0.044922 0.207031
0 0.687500 0.508789 0.019531 0.193359
0 0.790039 0.272461 0.025391 0.205078
0 0.761719 0.287109 0.031250 0.210938
0 0.723633 0.302734 0.048828 0.214844
0 0.687500 0.317383 0.023438 0.181641
0 0.656250 0.166992 0.027344 0.193359
0 0.627930 0.185547 0.029297 0.183594
0 0.603516 0.203125 0.023438 0.179688
0 0.578125 0.079102 0.027344 0.154297
0 0.551758 0.087891 0.025391 0.171875
0 0.527344 0.100586 0.027344 0.197266
0 0.530273 0.255859 0.013672 0.164062
0 0.553711 0.236328 0.025391 0.164062
0 0.577148 0.222656 0.021484 0.167969
0 0.579102 0.379883 0.025391 0.169922
0 0.554688 0.390625 0.023438 0.164062
0 0.528320 0.404297 0.025391 0.160156
0 0.603516 0.367188 0.019531 0.179688
0 0.630859 0.351562 0.027344 0.183594
0 0.655273 0.336914 0.025391 0.189453
0 0.657227 0.512695 0.029297 0.185547
0 0.626953 0.524414 0.031250 0.181641
0 0.603516 0.527344 0.027344 0.164062
0 0.579102 0.538086 0.029297 0.169922
0 0.553711 0.546875 0.025391 0.160156
0 0.530273 0.547852 0.029297 0.146484
0 0.658203 0.669922 0.031250 0.128906
0 0.658203 0.787109 0.023438 0.109375
0 0.626953 0.670898 0.035156 0.130859
0 0.599609 0.671875 0.019531 0.117188
0 0.575195 0.675781 0.021484 0.113281
0 0.551758 0.676758 0.025391 0.111328
0 0.530273 0.678711 0.021484 0.107422
0 0.626953 0.785156 0.035156 0.105469
0 0.600586 0.783203 0.017578 0.101562
0 0.577148 0.779297 0.025391 0.101562
0 0.549805 0.781250 0.025391 0.097656
0 0.530273 0.775391 0.021484 0.089844
0 0.493164 0.775391 0.017578 0.089844
0 0.467773 0.771484 0.037109 0.082031
0 0.432617 0.769531 0.033203 0.074219
0 0.420898 0.684570 0.013672 0.080078
0 0.438477 0.684570 0.017578 0.087891
0 0.458008 0.683594 0.017578 0.089844
0 0.476562 0.682617 0.015625 0.095703
0 0.494141 0.682617 0.019531 0.099609
0 0.493164 0.563477 0.017578 0.142578
0 0.475586 0.567383 0.017578 0.142578
0 0.458984 0.573242 0.019531 0.134766
0 0.441406 0.580078 0.019531 0.136719
0 0.423828 0.583984 0.015625 0.132812
0 0.494141 0.424805 0.019531 0.150391
0 0.474609 0.432617 0.015625 0.138672
0 0.457031 0.440430 0.015625 0.142578
0 0.437500 0.449219 0.019531 0.136719
0 0.421875 0.456055 0.015625 0.142578
0 0.415039 0.328125 0.021484 0.136719
0 0.435547 0.318359 0.019531 0.136719
0 0.456055 0.305664 0.017578 0.142578
0 0.474609 0.289062 0.019531 0.148438
0 0.495117 0.277344 0.021484 0.148438
0 0.415039 0.188477 0.017578 0.166016
0 0.432617 0.176758 0.017578 0.173828
0 0.454102 0.155273 0.021484 0.181641
0 0.473633 0.129883 0.021484 0.177734
0 0.495117 0.124023 0.021484 0.189453
0 0.415039 0.059570 0.021484 0.115234
0 0.434570 0.050781 0.017578 0.097656
0 0.456055 0.039062 0.021484 0.074219
0 0.477539 0.030273 0.017578 0.056641
0 0.497070 0.018555 0.021484 0.033203
