0 0.629883 0.507812 0.166016 0.515625
0 0.457031 0.545898 0.195312 0.455078
0 0.286133 0.595703 0.146484 0.367188
0 0.193359 0.631836 0.039062 0.294922
0 0.196289 0.465820 0.029297 0.068359
0 0.135742 0.727539 0.025391 0.111328
0 0.134766 0.618164 0.027344 0.111328
0 0.107422 0.622070 0.027344 0.111328
0 0.078125 0.629883 0.035156 0.115234
0 0.043945 0.636719 0.037109 0.109375
0 0.040039 0.739258 0.033203 0.091797
0 0.075195 0.734375 0.033203 0.101562
0 0.107422 0.729492 0.031250 0.111328
0 0.039062 0.814453 0.035156 0.062500
0 0.074219 0.815430 0.035156 0.064453
0 0.107422 0.817383 0.031250 0.068359
0 0.135742 0.817383 0.029297 0.072266
0 0.012695 0.647461 0.021484 0.091797
0 0.013672 0.738281 0.023438 0.093750
0 0.012695 0.814453 0.021484 0.058594
