0 0.415039 0.675781 0.162109 0.148438
0 0.608398 0.677734 0.162109 0.152344
0 0.760742 0.677734 0.142578 0.152344
0 0.849609 0.677734 0.035156 0.152344
0 0.851562 0.829102 0.031250 0.150391
0 0.761719 0.828125 0.148438 0.152344
0 0.608398 0.828125 0.158203 0.152344
0 0.416016 0.830078 0.156250 0.148438
0 0.262695 0.824219 0.146484 0.140625
0 0.266602 0.674805 0.142578 0.150391
0 0.849609 0.583008 0.039062 0.037109
0 0.510742 0.583984 0.037109 0.039062
0 0.511719 0.678711 0.035156 0.150391
0 0.512695 0.830078 0.037109 0.152344
0 0.843750 0.317383 0.035156 0.173828
0 0.845703 0.129883 0.035156 0.212891
0 0.753906 0.321289 0.144531 0.169922
0 0.604492 0.323242 0.154297 0.169922
0 0.510742 0.319336 0.033203 0.169922
