0 0.018555 0.041016 0.033203 0.070312
0 0.094727 0.039062 0.111328 0.074219
0 0.195312 0.040039 0.089844 0.076172
0 0.346680 0.036133 0.107422 0.068359
0 0.454102 0.039062 0.107422 0.074219
0 0.561523 0.039062 0.107422 0.074219
0 0.683594 0.039062 0.109375 0.074219
0 0.791016 0.036133 0.109375 0.068359
0 0.945312 0.043945 0.089844 0.072266
0 0.019531 0.341797 0.035156 0.140625
0 0.091797 0.341797 0.109375 0.140625
0 0.191406 0.342773 0.089844 0.142578
0 0.346680 0.341797 0.099609 0.148438
0 0.453125 0.341797 0.113281 0.148438
0 0.564453 0.343750 0.109375 0.152344
0 0.674805 0.345703 0.111328 0.148438
0 0.785156 0.345703 0.109375 0.148438
0 0.938477 0.347656 0.068359 0.152344
0 0.019531 0.441406 0.035156 0.031250
0 0.091797 0.444336 0.109375 0.041016
0 0.192383 0.445312 0.091797 0.039062
0 0.022461 0.512695 0.041016 0.107422
0 0.097656 0.514648 0.101562 0.107422
0 0.190430 0.509766 0.083984 0.097656
0 0.344727 0.495117 0.107422 0.142578
0 0.456055 0.493164 0.115234 0.146484
0 0.567383 0.495117 0.107422 0.150391
0 0.678711 0.495117 0.115234 0.150391
0 0.786133 0.499023 0.099609 0.158203
0 0.938477 0.500000 0.068359 0.148438
0 0.984375 0.500977 0.023438 0.146484
0 0.023438 0.840820 0.039062 0.166016
0 0.092773 0.846680 0.103516 0.173828
0 0.187500 0.847656 0.085938 0.171875
0 0.678711 0.848633 0.111328 0.177734
0 0.786133 0.850586 0.103516 0.173828
0 0.945312 0.858398 0.066406 0.138672
0 0.941406 0.963867 0.074219 0.072266
0 0.787109 0.965820 0.101562 0.064453
0 0.678711 0.965820 0.126953 0.068359
0 0.091797 0.967773 0.093750 0.064453
0 0.189453 0.962891 0.078125 0.058594
