0 0.116211 0.095703 0.080078 0.101562
0 0.183594 0.095703 0.054688 0.101562
0 0.059570 0.091797 0.029297 0.097656
0 0.030273 0.093750 0.029297 0.093750
0 0.031250 0.024414 0.031250 0.044922
0 0.056641 0.022461 0.027344 0.041016
0 0.096680 0.025391 0.048828 0.046875
0 0.240234 0.022461 0.019531 0.037109
0 0.260742 0.021484 0.021484 0.039062
0 0.288086 0.022461 0.033203 0.041016
0 0.331055 0.022461 0.052734 0.041016
0 0.240234 0.092773 0.019531 0.099609
0 0.260742 0.092773 0.021484 0.099609
0 0.285156 0.094727 0.027344 0.103516
0 0.329102 0.094727 0.060547 0.103516
0 0.398438 0.094727 0.078125 0.103516
0 0.475586 0.094727 0.076172 0.103516
0 0.548828 0.094727 0.070312 0.103516
0 0.623047 0.094727 0.078125 0.103516
0 0.721680 0.091797 0.072266 0.105469
0 0.797852 0.093750 0.080078 0.101562
0 0.877930 0.094727 0.080078 0.103516
0 0.969727 0.093750 0.060547 0.097656
0 0.022461 0.249023 0.041016 0.095703
0 0.063477 0.250977 0.041016 0.099609
0 0.103516 0.250000 0.039062 0.101562
0 0.139648 0.248047 0.033203 0.097656
0 0.185547 0.247070 0.058594 0.099609
0 0.242188 0.246094 0.015625 0.097656
0 0.262695 0.245117 0.025391 0.099609
0 0.313477 0.245117 0.076172 0.099609
0 0.372070 0.242188 0.041016 0.105469
0 0.414062 0.245117 0.042969 0.111328
0 0.469727 0.244141 0.068359 0.113281
0 0.541992 0.241211 0.076172 0.107422
0 0.601562 0.242188 0.042969 0.105469
0 0.641602 0.241211 0.037109 0.103516
0 0.714844 0.242188 0.070312 0.109375
0 0.790039 0.243164 0.080078 0.107422
0 0.852539 0.244141 0.044922 0.109375
0 0.893555 0.244141 0.037109 0.109375
0 0.968750 0.244141 0.062500 0.101562
0 0.022461 0.402344 0.041016 0.218750
0 0.065430 0.461914 0.044922 0.099609
0 0.105469 0.461914 0.035156 0.099609
0 0.139648 0.462891 0.033203 0.097656
0 0.186523 0.463867 0.060547 0.099609
0 0.065430 0.352539 0.041016 0.115234
0 0.103516 0.355469 0.035156 0.121094
0 0.136719 0.356445 0.031250 0.119141
0 0.187500 0.356445 0.070312 0.119141
0 0.241211 0.352539 0.017578 0.119141
0 0.262695 0.354492 0.025391 0.115234
0 0.313477 0.352539 0.076172 0.111328
0 0.369141 0.353516 0.035156 0.109375
0 0.411133 0.354492 0.048828 0.111328
0 0.469727 0.354492 0.068359 0.111328
0 0.524414 0.353516 0.041016 0.109375
0 0.562500 0.353516 0.035156 0.109375
0 0.601562 0.353516 0.042969 0.109375
0 0.639648 0.352539 0.033203 0.111328
0 0.240234 0.462891 0.019531 0.105469
0 0.262695 0.463867 0.025391 0.103516
0 0.317383 0.461914 0.083984 0.099609
0 0.396484 0.460938 0.074219 0.101562
0 0.468750 0.460938 0.070312 0.101562
0 0.541992 0.459961 0.076172 0.103516
0 0.601562 0.458984 0.042969 0.101562
0 0.638672 0.458984 0.031250 0.101562
0 0.712891 0.458984 0.070312 0.097656
0 0.790039 0.460938 0.083984 0.093750
0 0.872070 0.462891 0.080078 0.097656
0 0.717773 0.347656 0.072266 0.101562
0 0.791992 0.348633 0.076172 0.099609
0 0.852539 0.349609 0.044922 0.101562
0 0.894531 0.348633 0.039062 0.103516
0 0.967773 0.346680 0.064453 0.099609
0 0.963867 0.459961 0.060547 0.115234
0 0.185547 0.656250 0.062500 0.214844
0 0.024414 0.698242 0.044922 0.287109
0 0.062500 0.595703 0.035156 0.089844
0 0.099609 0.595703 0.039062 0.089844
0 0.134766 0.593750 0.031250 0.085938
0 0.061523 0.743164 0.037109 0.205078
0 0.099609 0.705078 0.035156 0.136719
0 0.134766 0.705078 0.035156 0.136719
0 0.100586 0.806641 0.033203 0.078125
0 0.136719 0.807617 0.031250 0.080078
0 0.185547 0.808594 0.062500 0.078125
0 0.963867 0.700195 0.072266 0.306641
0 0.795898 0.707031 0.251953 0.332031
0 0.239258 0.594727 0.017578 0.091797
0 0.263672 0.594727 0.031250 0.091797
0 0.318359 0.595703 0.078125 0.093750
0 0.373047 0.597656 0.031250 0.089844
0 0.410156 0.594727 0.042969 0.083984
0 0.467773 0.593750 0.072266 0.085938
0 0.541016 0.593750 0.074219 0.085938
0 0.600586 0.593750 0.044922 0.085938
0 0.643555 0.592773 0.041016 0.083984
0 0.239258 0.705078 0.021484 0.136719
0 0.263672 0.707031 0.027344 0.132812
0 0.317383 0.702148 0.080078 0.123047
0 0.375000 0.700195 0.035156 0.126953
0 0.413086 0.701172 0.041016 0.128906
0 0.469727 0.700195 0.072266 0.130859
0 0.542969 0.697266 0.074219 0.125000
0 0.601562 0.696289 0.042969 0.126953
0 0.640625 0.696289 0.035156 0.126953
0 0.237305 0.806641 0.021484 0.070312
0 0.261719 0.807617 0.031250 0.080078
0 0.317383 0.807617 0.080078 0.076172
0 0.375977 0.807617 0.029297 0.083984
0 0.417969 0.806641 0.046875 0.074219
0 0.471680 0.811523 0.072266 0.091797
0 0.544922 0.806641 0.074219 0.085938
0 0.601562 0.801758 0.046875 0.087891
0 0.642578 0.797852 0.035156 0.083984
0 0.023438 0.943359 0.039062 0.113281
0 0.064453 0.941406 0.042969 0.109375
0 0.102539 0.943359 0.033203 0.113281
0 0.139648 0.943359 0.037109 0.105469
0 0.186523 0.945312 0.056641 0.109375
0 0.255859 0.946289 0.046875 0.107422
0 0.317383 0.944336 0.080078 0.111328
0 0.396484 0.944336 0.074219 0.107422
0 0.443359 0.945312 0.019531 0.109375
0 0.482422 0.944336 0.054688 0.111328
0 0.545898 0.945312 0.072266 0.109375
0 0.597656 0.945312 0.027344 0.109375
0 0.636719 0.946289 0.035156 0.107422
0 0.717773 0.945312 0.072266 0.109375
0 0.795898 0.945312 0.080078 0.109375
0 0.859375 0.945312 0.039062 0.109375
0 0.897461 0.944336 0.037109 0.111328
0 0.950195 0.943359 0.021484 0.113281
0 0.981445 0.942383 0.037109 0.107422
