0 0.246094 0.283203 0.183594 0.402344
0 0.398438 0.338867 0.105469 0.337891
0 0.510742 0.374023 0.087891 0.298828
0 0.593750 0.407227 0.066406 0.259766
0 0.669922 0.425781 0.039062 0.234375
0 0.749023 0.458008 0.044922 0.208984
0 0.801758 0.468750 0.056641 0.195312
0 0.248047 0.686523 0.191406 0.455078
0 0.394531 0.654297 0.089844 0.335938
0 0.506836 0.652344 0.076172 0.277344
0 0.588867 0.643555 0.060547 0.232422
0 0.035156 0.222656 0.066406 0.398438
0 0.031250 0.677734 0.058594 0.519531
0 0.236328 0.043945 0.210938 0.083984
0 0.398438 0.075195 0.097656 0.146484
0 0.505859 0.099609 0.078125 0.195312
0 0.586914 0.125977 0.048828 0.248047
0 0.666016 0.140625 0.035156 0.257812
0 0.746094 0.215820 0.039062 0.212891
0 0.674805 0.645508 0.044922 0.208984
0 0.757812 0.637695 0.042969 0.166016
0 0.816406 0.640625 0.050781 0.175781
