0 0.208008 0.081055 0.080078 0.111328
0 0.291016 0.080078 0.085938 0.113281
0 0.375000 0.079102 0.082031 0.111328
0 0.457031 0.081055 0.082031 0.107422
0 0.539062 0.083984 0.082031 0.113281
0 0.621094 0.083984 0.082031 0.113281
0 0.709961 0.083008 0.095703 0.111328
0 0.799805 0.083984 0.083984 0.109375
0 0.208984 0.189453 0.085938 0.105469
0 0.292969 0.189453 0.082031 0.105469
0 0.375977 0.186523 0.083984 0.099609
0 0.458008 0.185547 0.080078 0.101562
0 0.538086 0.187500 0.080078 0.105469
0 0.619141 0.188477 0.082031 0.103516
0 0.708984 0.189453 0.097656 0.105469
0 0.799805 0.191406 0.083984 0.101562
0 0.206055 0.296875 0.083984 0.113281
0 0.291992 0.295898 0.087891 0.115234
0 0.375977 0.294922 0.080078 0.113281
0 0.455078 0.294922 0.078125 0.113281
0 0.536133 0.295898 0.083984 0.115234
0 0.619141 0.296875 0.082031 0.113281
0 0.708008 0.296875 0.095703 0.113281
0 0.798828 0.298828 0.085938 0.109375
0 0.206055 0.411133 0.083984 0.123047
0 0.291016 0.413086 0.085938 0.119141
0 0.375977 0.414062 0.083984 0.121094
0 0.457031 0.415039 0.078125 0.119141
0 0.537109 0.416016 0.082031 0.121094
0 0.619141 0.415039 0.082031 0.123047
0 0.709961 0.416016 0.099609 0.125000
0 0.799805 0.416016 0.080078 0.125000
0 0.207031 0.527344 0.085938 0.109375
0 0.292969 0.527344 0.085938 0.109375
0 0.375000 0.528320 0.078125 0.111328
0 0.454102 0.528320 0.080078 0.111328
0 0.537109 0.529297 0.085938 0.113281
0 0.621094 0.532227 0.082031 0.107422
0 0.709961 0.532227 0.095703 0.107422
0 0.799805 0.532227 0.083984 0.107422
0 0.383789 0.608398 0.068359 0.041016
0 0.456055 0.609375 0.076172 0.039062
0 0.537109 0.608398 0.085938 0.037109
0 0.616211 0.609375 0.072266 0.035156
0 0.384766 0.670898 0.070312 0.083984
0 0.458008 0.669922 0.076172 0.085938
0 0.536133 0.670898 0.080078 0.087891
0 0.612305 0.671875 0.072266 0.085938
0 0.383789 0.764648 0.068359 0.111328
0 0.457031 0.765625 0.078125 0.109375
0 0.536133 0.766602 0.080078 0.111328
0 0.612305 0.768555 0.072266 0.107422
0 0.384766 0.899414 0.070312 0.154297
0 0.458984 0.899414 0.078125 0.154297
0 0.537109 0.899414 0.078125 0.154297
0 0.613281 0.900391 0.074219 0.152344
0 0.721680 0.781250 0.072266 0.078125
0 0.791992 0.779297 0.068359 0.082031
0 0.719727 0.891602 0.068359 0.134766
0 0.789062 0.890625 0.070312 0.136719
0 0.208984 0.765625 0.078125 0.105469
0 0.292969 0.764648 0.089844 0.107422
0 0.208984 0.883789 0.078125 0.134766
0 0.293945 0.885742 0.091797 0.130859
