3 0.456543 0.642229 0.083008 0.410557
0 0.714844 0.266862 0.146484 0.334311
0 0.717773 0.073314 0.148438 0.143695
0 0.715332 0.516129 0.145508 0.193548
0 0.962402 0.047654 0.067383 0.092375
0 0.963867 0.255132 0.072266 0.348974
0 0.963867 0.597507 0.072266 0.326979
0 0.467773 0.340176 0.089844 0.234604
0 0.473145 0.123167 0.081055 0.228739
0 0.806641 0.261730 0.035156 0.326979
0 0.806152 0.581378 0.040039 0.324047
0 0.809570 0.050587 0.029297 0.098240
0 0.262695 0.126100 0.041016 0.123167
0 0.296387 0.115836 0.026367 0.129032
0 0.335449 0.084311 0.041992 0.151026
0 0.263672 0.247067 0.037109 0.145161
0 0.296387 0.243402 0.026367 0.158358
0 0.333008 0.224340 0.042969 0.175953
0 0.262207 0.394428 0.038086 0.158358
0 0.297363 0.395161 0.028320 0.162757
0 0.332520 0.384164 0.043945 0.178886
0 0.265625 0.550587 0.039062 0.153959
0 0.296875 0.550587 0.023438 0.153959
0 0.329590 0.551320 0.038086 0.161290
0 0.114746 0.135630 0.036133 0.092375
0 0.154297 0.137097 0.042969 0.089443
0 0.115234 0.246334 0.031250 0.134897
0 0.151367 0.248534 0.041016 0.130499
0 0.112305 0.381232 0.031250 0.126100
0 0.148438 0.381965 0.041016 0.124633
0 0.114258 0.527859 0.029297 0.155425
0 0.150879 0.524194 0.043945 0.162757
0 0.013184 0.372434 0.020508 0.134897
0 0.015625 0.521994 0.021484 0.102639
0 0.013184 0.176686 0.024414 0.133431
