0 0.331055 0.035156 0.052734 0.066406
0 0.351562 0.099609 0.093750 0.195312
0 0.352539 0.208008 0.095703 0.248047
0 0.351562 0.335938 0.101562 0.234375
0 0.349609 0.483398 0.113281 0.244141
0 0.353516 0.620117 0.097656 0.181641
0 0.354492 0.830078 0.103516 0.335938
0 0.472656 0.550781 0.117188 0.207031
0 0.463867 0.301758 0.119141 0.439453
0 0.468750 0.096680 0.117188 0.189453
0 0.628906 0.107422 0.164062 0.210938
0 0.629883 0.245117 0.177734 0.384766
0 0.635742 0.456055 0.162109 0.259766
0 0.644531 0.743164 0.171875 0.501953
0 0.865234 0.694336 0.214844 0.595703
0 0.850586 0.320312 0.244141 0.324219
0 0.844727 0.153320 0.236328 0.302734
