0 0.730469 0.151367 0.269531 0.255859
0 0.534180 0.267578 0.134766 0.164062
0 0.408203 0.358398 0.117188 0.146484
0 0.301758 0.433594 0.103516 0.132812
0 0.222656 0.480469 0.082031 0.105469
0 0.164062 0.668945 0.046875 0.212891
0 0.223633 0.644531 0.080078 0.234375
0 0.304688 0.603516 0.097656 0.238281
0 0.406250 0.543945 0.117188 0.263672
0 0.535156 0.477539 0.140625 0.283203
0 0.690430 0.392578 0.177734 0.335938
0 0.690430 0.711914 0.181641 0.345703
0 0.536133 0.763672 0.130859 0.308594
0 0.406250 0.807617 0.125000 0.283203
0 0.301758 0.839844 0.107422 0.234375
0 0.218750 0.860352 0.070312 0.220703
0 0.159180 0.878906 0.052734 0.218750
