0 0.846680 0.121094 0.173828 0.238281
0 0.841797 0.509766 0.167969 0.312500
0 0.842773 0.807617 0.166016 0.287109
0 0.109375 0.778320 0.132812 0.189453
0 0.118164 0.502930 0.115234 0.158203
0 0.113281 0.246094 0.125000 0.179688
0 0.298828 0.191406 0.109375 0.308594
0 0.416016 0.118164 0.132812 0.232422
0 0.415039 0.277344 0.130859 0.121094
0 0.541016 0.161133 0.117188 0.318359
0 0.676758 0.140625 0.138672 0.277344
0 0.665039 0.325195 0.126953 0.130859
0 0.674805 0.459961 0.119141 0.177734
0 0.672852 0.601562 0.115234 0.136719
0 0.671875 0.805664 0.121094 0.302734
0 0.547852 0.804688 0.119141 0.289062
0 0.416016 0.810547 0.140625 0.277344
0 0.293945 0.820312 0.107422 0.269531
0 0.291016 0.646484 0.105469 0.121094
0 0.413086 0.624023 0.134766 0.115234
0 0.550781 0.607422 0.128906 0.132812
0 0.546875 0.478516 0.109375 0.164062
0 0.546875 0.345703 0.121094 0.148438
0 0.415039 0.442383 0.134766 0.283203
0 0.297852 0.463867 0.095703 0.263672
