0 0.735537 0.342929 0.198347 0.051515
0 0.659091 0.464646 0.039945 0.185859
0 0.731405 0.465657 0.104683 0.183838
0 0.807163 0.466162 0.046832 0.184848
0 0.411157 0.412121 0.298898 0.036364
0 0.660468 0.659091 0.042700 0.182828
0 0.764463 0.659596 0.016529 0.177778
0 0.807163 0.659091 0.044077 0.182828
0 0.274105 0.546465 0.090909 0.038384
0 0.413223 0.546465 0.187328 0.038384
0 0.553030 0.546465 0.092287 0.038384
0 0.273416 0.656566 0.089532 0.159596
0 0.360882 0.656566 0.085399 0.159596
0 0.550275 0.658081 0.086777 0.162626
0 0.465565 0.657071 0.082645 0.158586
