0 0.123047 0.018555 0.027344 0.033203
0 0.125977 0.101562 0.033203 0.136719
0 0.156250 0.095703 0.027344 0.066406
0 0.154297 0.032227 0.031250 0.060547
0 0.189453 0.058594 0.035156 0.113281
0 0.227539 0.063477 0.033203 0.123047
0 0.264648 0.035156 0.033203 0.066406
0 0.295898 0.038086 0.029297 0.072266
0 0.332031 0.039062 0.042969 0.074219
0 0.369141 0.034180 0.027344 0.064453
0 0.400391 0.037109 0.039062 0.070312
0 0.440430 0.064453 0.041016 0.121094
0 0.400391 0.096680 0.035156 0.052734
0 0.368164 0.122070 0.033203 0.111328
0 0.334961 0.149414 0.041016 0.060547
0 0.333984 0.095703 0.039062 0.046875
0 0.297852 0.198242 0.037109 0.259766
0 0.264648 0.127930 0.033203 0.123047
0 0.228516 0.156250 0.035156 0.066406
0 0.188477 0.171875 0.037109 0.121094
0 0.158203 0.161133 0.031250 0.068359
0 0.124023 0.234375 0.033203 0.132812
0 0.157227 0.223633 0.029297 0.056641
0 0.190430 0.281250 0.029297 0.097656
0 0.230469 0.216797 0.039062 0.054688
0 0.264648 0.216797 0.037109 0.058594
0 0.229492 0.271484 0.037109 0.058594
0 0.264648 0.273438 0.033203 0.054688
0 0.158203 0.289062 0.031250 0.078125
0 0.122070 0.361328 0.033203 0.132812
0 0.159180 0.350586 0.033203 0.048828
0 0.193359 0.351562 0.027344 0.042969
0 0.227539 0.349609 0.041016 0.046875
0 0.264648 0.332031 0.037109 0.066406
0 0.228516 0.310547 0.035156 0.031250
0 0.159180 0.395508 0.037109 0.048828
0 0.159180 0.457031 0.037109 0.074219
0 0.190430 0.391602 0.025391 0.044922
0 0.191406 0.454102 0.023438 0.080078
0 0.225586 0.400391 0.037109 0.066406
0 0.223633 0.464844 0.041016 0.062500
0 0.265625 0.396484 0.035156 0.062500
0 0.259766 0.464844 0.027344 0.066406
0 0.122070 0.495117 0.033203 0.138672
0 0.155273 0.519531 0.033203 0.054688
0 0.189453 0.521484 0.035156 0.050781
0 0.222656 0.550781 0.031250 0.109375
0 0.255859 0.579102 0.035156 0.052734
0 0.257812 0.525391 0.031250 0.054688
0 0.189453 0.602539 0.035156 0.119141
0 0.157227 0.637695 0.037109 0.181641
0 0.190430 0.696289 0.033203 0.068359
0 0.122070 0.592773 0.029297 0.048828
0 0.121094 0.651367 0.031250 0.068359
0 0.121094 0.708008 0.031250 0.044922
0 0.157227 0.748047 0.037109 0.039062
0 0.194336 0.750977 0.037109 0.033203
0 0.224609 0.725586 0.035156 0.076172
0 0.260742 0.750000 0.037109 0.027344
0 0.262695 0.711914 0.033203 0.048828
0 0.262695 0.647461 0.033203 0.076172
0 0.225586 0.651367 0.037109 0.080078
0 0.297852 0.748047 0.029297 0.035156
0 0.330078 0.749023 0.035156 0.033203
0 0.368164 0.751953 0.037109 0.035156
0 0.406250 0.750977 0.042969 0.033203
0 0.460938 0.750977 0.066406 0.033203
0 0.531250 0.751953 0.074219 0.031250
0 0.550781 0.714844 0.035156 0.042969
0 0.513672 0.713867 0.039062 0.041016
0 0.477539 0.668945 0.037109 0.130859
0 0.443359 0.643555 0.031250 0.173828
0 0.404297 0.710938 0.035156 0.046875
0 0.368164 0.711914 0.037109 0.044922
0 0.332031 0.708984 0.035156 0.039062
0 0.295898 0.642578 0.037109 0.171875
0 0.329102 0.645508 0.033203 0.080078
0 0.365234 0.647461 0.039062 0.076172
0 0.404297 0.648438 0.039062 0.078125
0 0.330078 0.583008 0.031250 0.052734
0 0.365234 0.584961 0.039062 0.048828
0 0.405273 0.560547 0.033203 0.113281
0 0.442383 0.529297 0.033203 0.046875
0 0.476562 0.533203 0.039062 0.050781
0 0.476562 0.582031 0.039062 0.046875
0 0.513672 0.656250 0.035156 0.074219
0 0.546875 0.658203 0.031250 0.070312
0 0.583984 0.691406 0.031250 0.164062
0 0.620117 0.753906 0.041016 0.039062
0 0.658203 0.753906 0.035156 0.039062
0 0.621094 0.712891 0.039062 0.046875
0 0.625000 0.624023 0.035156 0.130859
0 0.586914 0.583008 0.041016 0.048828
0 0.547852 0.588867 0.037109 0.056641
0 0.513672 0.581055 0.031250 0.060547
0 0.513672 0.515625 0.031250 0.066406
0 0.331055 0.535156 0.044922 0.050781
0 0.369141 0.525391 0.031250 0.062500
0 0.292969 0.493164 0.039062 0.119141
0 0.329102 0.467773 0.033203 0.076172
0 0.366211 0.463867 0.037109 0.056641
0 0.404297 0.469727 0.039062 0.068359
0 0.435547 0.470703 0.027344 0.066406
0 0.474609 0.464844 0.035156 0.089844
0 0.511719 0.453125 0.039062 0.058594
0 0.318359 0.405273 0.066406 0.044922
0 0.368164 0.407227 0.033203 0.044922
0 0.404297 0.384766 0.031250 0.101562
0 0.438477 0.408203 0.037109 0.054688
0 0.473633 0.399414 0.033203 0.037109
0 0.510742 0.404297 0.037109 0.046875
0 0.303711 0.356445 0.033203 0.048828
0 0.337891 0.357422 0.035156 0.046875
0 0.338867 0.290039 0.033203 0.087891
0 0.371094 0.314453 0.035156 0.132812
0 0.401367 0.288086 0.037109 0.083984
0 0.435547 0.289062 0.031250 0.085938
0 0.351562 0.214844 0.066406 0.066406
0 0.403320 0.219727 0.037109 0.056641
0 0.437500 0.215820 0.031250 0.048828
0 0.469727 0.216797 0.033203 0.046875
0 0.471680 0.158203 0.029297 0.070312
0 0.438477 0.160156 0.037109 0.074219
0 0.406250 0.157227 0.042969 0.072266
0 0.474609 0.092773 0.027344 0.052734
0 0.474609 0.036133 0.031250 0.068359
0 0.503906 0.036133 0.023438 0.064453
0 0.540039 0.042969 0.037109 0.074219
0 0.574219 0.035156 0.027344 0.058594
0 0.574219 0.093750 0.027344 0.058594
0 0.541016 0.100586 0.039062 0.044922
0 0.611328 0.041016 0.039062 0.074219
0 0.614258 0.100586 0.033203 0.044922
0 0.582031 0.158203 0.031250 0.070312
0 0.545898 0.161133 0.041016 0.064453
0 0.505859 0.182617 0.035156 0.119141
0 0.541992 0.217773 0.033203 0.052734
0 0.578125 0.218750 0.039062 0.050781
0 0.619141 0.188477 0.031250 0.123047
0 0.618164 0.291016 0.033203 0.082031
0 0.581055 0.288086 0.041016 0.087891
0 0.544922 0.289062 0.031250 0.089844
0 0.507812 0.280273 0.039062 0.076172
0 0.468750 0.313477 0.035156 0.134766
0 0.546875 0.357422 0.035156 0.050781
0 0.546875 0.408203 0.035156 0.058594
0 0.582031 0.361328 0.039062 0.058594
0 0.618164 0.359375 0.037109 0.054688
0 0.549805 0.472656 0.033203 0.078125
0 0.583984 0.470703 0.035156 0.082031
0 0.582031 0.409180 0.039062 0.041016
0 0.623047 0.410156 0.035156 0.046875
0 0.623047 0.498047 0.039062 0.121094
0 0.648438 0.036133 0.035156 0.068359
0 0.681641 0.036133 0.031250 0.068359
0 0.715820 0.033203 0.037109 0.062500
0 0.754883 0.036133 0.041016 0.068359
0 0.795898 0.062500 0.037109 0.121094
0 0.833984 0.098633 0.039062 0.056641
0 0.831055 0.036133 0.033203 0.068359
0 0.870117 0.025391 0.041016 0.046875
0 0.871094 0.121094 0.039062 0.144531
0 0.836914 0.189453 0.041016 0.125000
0 0.798828 0.190430 0.039062 0.126953
0 0.765625 0.157227 0.035156 0.064453
0 0.729492 0.159180 0.037109 0.060547
0 0.691406 0.161133 0.039062 0.064453
0 0.653320 0.161133 0.037109 0.064453
0 0.648438 0.098633 0.039062 0.060547
0 0.686523 0.097656 0.037109 0.058594
0 0.718750 0.096680 0.027344 0.060547
0 0.756836 0.093750 0.048828 0.054688
0 0.651367 0.222656 0.037109 0.058594
0 0.690430 0.223633 0.041016 0.056641
0 0.726562 0.219727 0.031250 0.060547
0 0.764648 0.219727 0.044922 0.060547
0 0.654297 0.289062 0.035156 0.074219
0 0.691406 0.292969 0.039062 0.085938
0 0.728516 0.293945 0.035156 0.083984
0 0.766602 0.321289 0.041016 0.138672
0 0.802734 0.291016 0.031250 0.078125
0 0.837891 0.297852 0.039062 0.091797
0 0.874023 0.244141 0.041016 0.109375
0 0.879883 0.365234 0.029297 0.132812
0 0.839844 0.363281 0.035156 0.046875
0 0.803711 0.358398 0.033203 0.052734
0 0.693359 0.378906 0.035156 0.089844
0 0.654297 0.415039 0.035156 0.060547
0 0.732422 0.361328 0.039062 0.050781
0 0.734375 0.414062 0.039062 0.054688
0 0.770508 0.416016 0.033203 0.050781
0 0.807617 0.468750 0.033203 0.179688
0 0.841797 0.407227 0.039062 0.044922
0 0.842773 0.468750 0.037109 0.078125
0 0.840820 0.535156 0.033203 0.054688
0 0.877930 0.494141 0.033203 0.128906
0 0.658203 0.479492 0.035156 0.072266
0 0.696289 0.468750 0.037109 0.089844
0 0.733398 0.471680 0.033203 0.072266
0 0.768555 0.475586 0.033203 0.072266
0 0.766602 0.536133 0.037109 0.048828
0 0.733398 0.530273 0.029297 0.048828
0 0.734375 0.583008 0.031250 0.056641
0 0.768555 0.585938 0.037109 0.050781
0 0.806641 0.587891 0.039062 0.062500
0 0.841797 0.590820 0.031250 0.056641
0 0.878906 0.624023 0.039062 0.126953
0 0.660156 0.562500 0.035156 0.089844
0 0.697266 0.619141 0.035156 0.109375
0 0.660156 0.650391 0.035156 0.085938
0 0.734375 0.650391 0.035156 0.070312
0 0.772461 0.671875 0.041016 0.125000
0 0.807617 0.655273 0.029297 0.064453
0 0.844727 0.646484 0.033203 0.058594
0 0.842773 0.705078 0.037109 0.058594
0 0.878906 0.730469 0.039062 0.085938
0 0.839844 0.750977 0.039062 0.029297
0 0.809570 0.750000 0.033203 0.031250
0 0.772461 0.750000 0.041016 0.031250
0 0.732422 0.751953 0.039062 0.035156
0 0.735352 0.716797 0.033203 0.058594
0 0.611328 0.844727 0.070312 0.115234
0 0.761719 0.845703 0.066406 0.117188
0 0.305664 0.838867 0.064453 0.115234
0 0.360352 0.838867 0.044922 0.115234
