0 0.112305 0.611328 0.064453 0.179688
0 0.175781 0.584961 0.066406 0.173828
0 0.245117 0.555664 0.080078 0.201172
0 0.370117 0.492188 0.083984 0.230469
0 0.574219 0.394531 0.109375 0.261719
0 0.692383 0.336914 0.130859 0.294922
0 0.826172 0.276367 0.128906 0.314453
0 0.112305 0.787109 0.068359 0.171875
0 0.574219 0.651367 0.109375 0.244141
0 0.698242 0.617188 0.130859 0.273438
0 0.831055 0.572266 0.130859 0.277344
0 0.834961 0.852539 0.138672 0.263672
0 0.112305 0.944336 0.068359 0.111328
0 0.693359 0.877930 0.132812 0.244141
