0 0.295898 0.141602 0.146484 0.279297
0 0.294922 0.322266 0.152344 0.289062
0 0.289062 0.539062 0.156250 0.281250
0 0.432617 0.179688 0.123047 0.343750
0 0.431641 0.398438 0.125000 0.253906
0 0.431641 0.589844 0.132812 0.250000
0 0.544922 0.261719 0.109375 0.308594
0 0.548828 0.460938 0.109375 0.218750
0 0.549805 0.639648 0.111328 0.224609
0 0.634766 0.333984 0.093750 0.269531
0 0.638672 0.514648 0.093750 0.201172
0 0.648438 0.681641 0.093750 0.203125
0 0.712891 0.393555 0.070312 0.240234
0 0.721680 0.561523 0.080078 0.181641
0 0.696289 0.848633 0.048828 0.111328
0 0.739258 0.854492 0.052734 0.103516
0 0.779297 0.864258 0.042969 0.099609
0 0.813477 0.868164 0.041016 0.095703
0 0.846680 0.875977 0.029297 0.083984
0 0.870117 0.885742 0.025391 0.080078
0 0.696289 0.944336 0.052734 0.111328
0 0.742188 0.949219 0.046875 0.101562
0 0.785156 0.952148 0.042969 0.095703
0 0.821289 0.954102 0.037109 0.091797
0 0.866211 0.958008 0.048828 0.076172
