0 0.041992 0.258789 0.080078 0.083984
0 0.270508 0.256836 0.267578 0.095703
0 0.541016 0.256836 0.160156 0.083984
0 0.708008 0.252930 0.173828 0.091797
0 0.925781 0.250000 0.148438 0.082031
0 0.921875 0.487305 0.156250 0.138672
0 0.713867 0.487305 0.173828 0.154297
0 0.538086 0.481445 0.166016 0.154297
0 0.267578 0.488281 0.289062 0.156250
0 0.036133 0.490234 0.068359 0.140625
0 0.036133 0.765625 0.068359 0.167969
0 0.269531 0.759766 0.277344 0.167969
0 0.543945 0.762695 0.166016 0.166016
0 0.707031 0.764648 0.160156 0.162109
0 0.925781 0.756836 0.148438 0.158203
