0 0.022297 0.412331 0.041892 0.161850
0 0.022297 0.257225 0.041892 0.156069
0 0.025000 0.091522 0.041892 0.179191
0 0.120270 0.089595 0.151351 0.175337
0 0.118919 0.248555 0.154054 0.173410
0 0.118919 0.414258 0.154054 0.169557
0 0.277703 0.410405 0.163514 0.184971
0 0.447297 0.404624 0.178378 0.188825
0 0.631757 0.401734 0.193243 0.194605
0 0.831757 0.393064 0.206757 0.200385
0 0.969595 0.391137 0.060811 0.196532
0 0.276351 0.240848 0.166216 0.181118
0 0.275676 0.086705 0.164865 0.169557
0 0.445946 0.078998 0.172973 0.154143
0 0.447297 0.229287 0.172973 0.184971
0 0.630405 0.069364 0.193243 0.134875
0 0.631081 0.217726 0.191892 0.192678
0 0.831081 0.202312 0.213514 0.208092
0 0.831757 0.062620 0.209459 0.121387
0 0.966892 0.051060 0.066216 0.098266
0 0.969595 0.199422 0.060811 0.198459
