0 0.273438 0.115234 0.144531 0.164062
0 0.426758 0.124023 0.162109 0.146484
0 0.578125 0.174805 0.152344 0.224609
0 0.716797 0.172852 0.125000 0.228516
0 0.846680 0.175781 0.134766 0.234375
0 0.272461 0.242188 0.146484 0.101562
0 0.423828 0.244141 0.156250 0.097656
0 0.271484 0.382812 0.152344 0.183594
0 0.423828 0.382812 0.152344 0.183594
0 0.574219 0.373047 0.148438 0.164062
0 0.711914 0.372070 0.126953 0.166016
0 0.844727 0.370117 0.138672 0.162109
0 0.843750 0.467773 0.140625 0.033203
0 0.711914 0.468750 0.123047 0.031250
0 0.575195 0.467773 0.150391 0.029297
0 0.274414 0.628906 0.154297 0.289062
0 0.425781 0.631836 0.148438 0.283203
0 0.576172 0.629883 0.152344 0.279297
0 0.712891 0.627930 0.121094 0.283203
0 0.845703 0.624023 0.144531 0.275391
0 0.272461 0.857422 0.150391 0.171875
0 0.425781 0.857422 0.156250 0.171875
0 0.578125 0.858398 0.148438 0.173828
0 0.710938 0.854492 0.117188 0.181641
0 0.844727 0.849609 0.146484 0.171875
