0 0.176758 0.235352 0.037109 0.162109
0 0.215820 0.235352 0.041016 0.162109
0 0.256836 0.235352 0.041016 0.162109
0 0.300781 0.235352 0.046875 0.162109
0 0.344727 0.235352 0.041016 0.162109
0 0.386719 0.233398 0.042969 0.166016
0 0.428711 0.236328 0.041016 0.171875
0 0.469727 0.235352 0.041016 0.173828
0 0.508789 0.234375 0.037109 0.171875
0 0.547852 0.235352 0.041016 0.169922
0 0.592773 0.234375 0.048828 0.167969
0 0.640625 0.231445 0.046875 0.173828
0 0.684570 0.230469 0.041016 0.171875
0 0.728516 0.228516 0.046875 0.175781
0 0.769531 0.228516 0.035156 0.175781
0 0.807617 0.228516 0.041016 0.175781
0 0.851562 0.228516 0.046875 0.175781
0 0.896484 0.228516 0.042969 0.175781
0 0.939453 0.226562 0.042969 0.171875
0 0.977539 0.226562 0.033203 0.171875
0 0.174805 0.411133 0.037109 0.185547
0 0.213867 0.411133 0.041016 0.185547
0 0.257812 0.407227 0.046875 0.177734
0 0.303711 0.405273 0.044922 0.181641
0 0.346680 0.406250 0.041016 0.183594
0 0.387695 0.408203 0.041016 0.179688
0 0.428711 0.405273 0.041016 0.173828
0 0.467773 0.406250 0.037109 0.171875
0 0.503906 0.406250 0.035156 0.171875
0 0.544922 0.406250 0.046875 0.171875
0 0.590820 0.405273 0.044922 0.169922
0 0.638672 0.403320 0.050781 0.173828
0 0.686523 0.401367 0.044922 0.169922
0 0.730469 0.401367 0.042969 0.169922
0 0.769531 0.399414 0.035156 0.166016
0 0.809570 0.400391 0.044922 0.164062
0 0.853516 0.400391 0.042969 0.164062
0 0.896484 0.399414 0.042969 0.166016
0 0.941406 0.398438 0.046875 0.164062
0 0.979492 0.397461 0.029297 0.166016
0 0.174805 0.545898 0.037109 0.087891
0 0.214844 0.543945 0.042969 0.091797
0 0.255859 0.542969 0.039062 0.089844
0 0.300781 0.541992 0.050781 0.091797
0 0.345703 0.540039 0.039062 0.087891
0 0.175781 0.625977 0.039062 0.080078
0 0.215820 0.626953 0.041016 0.078125
0 0.256836 0.625977 0.041016 0.076172
0 0.299805 0.625000 0.044922 0.078125
0 0.342773 0.623047 0.041016 0.074219
0 0.383789 0.576172 0.033203 0.167969
0 0.419922 0.578125 0.039062 0.164062
0 0.459961 0.577148 0.041016 0.162109
0 0.501953 0.576172 0.042969 0.164062
0 0.543945 0.576172 0.041016 0.164062
0 0.589844 0.573242 0.050781 0.169922
0 0.637695 0.574219 0.044922 0.171875
0 0.683594 0.574219 0.046875 0.171875
0 0.725586 0.572266 0.037109 0.167969
0 0.766602 0.569336 0.044922 0.173828
0 0.810547 0.571289 0.042969 0.177734
0 0.853516 0.571289 0.042969 0.177734
0 0.897461 0.568359 0.044922 0.171875
0 0.940430 0.568359 0.041016 0.171875
0 0.977539 0.569336 0.033203 0.173828
0 0.175781 0.751953 0.042969 0.167969
0 0.216797 0.750000 0.039062 0.171875
0 0.257812 0.750977 0.042969 0.173828
0 0.299805 0.750977 0.041016 0.173828
0 0.344727 0.750977 0.048828 0.173828
0 0.421875 0.748047 0.042969 0.175781
0 0.461914 0.747070 0.037109 0.177734
0 0.503906 0.748047 0.046875 0.179688
0 0.544922 0.749023 0.035156 0.177734
0 0.588867 0.739258 0.052734 0.158203
0 0.638672 0.739258 0.046875 0.158203
0 0.685547 0.740234 0.046875 0.160156
0 0.729492 0.738281 0.041016 0.164062
0 0.773438 0.739258 0.046875 0.166016
0 0.814453 0.740234 0.035156 0.164062
0 0.851562 0.741211 0.039062 0.166016
0 0.894531 0.740234 0.046875 0.167969
0 0.939453 0.739258 0.042969 0.166016
0 0.978516 0.738281 0.035156 0.167969
0 0.176758 0.917969 0.044922 0.160156
0 0.219727 0.916992 0.041016 0.162109
0 0.261719 0.916992 0.042969 0.162109
0 0.303711 0.917969 0.041016 0.160156
0 0.346680 0.917969 0.044922 0.160156
0 0.424805 0.916016 0.048828 0.160156
0 0.466797 0.917969 0.035156 0.156250
0 0.507812 0.917969 0.046875 0.156250
0 0.546875 0.917969 0.031250 0.156250
0 0.592773 0.907227 0.056641 0.181641
0 0.640625 0.908203 0.039062 0.179688
0 0.685547 0.908203 0.050781 0.179688
0 0.731445 0.910156 0.041016 0.175781
0 0.774414 0.908203 0.044922 0.171875
0 0.816406 0.909180 0.039062 0.169922
0 0.857422 0.910156 0.042969 0.171875
0 0.898438 0.909180 0.039062 0.173828
0 0.947266 0.909180 0.058594 0.173828
0 0.985352 0.910156 0.017578 0.171875
