0 0.631836 0.156250 0.060547 0.271875
0 0.707520 0.154688 0.090820 0.268750
0 0.797852 0.154688 0.089844 0.268750
0 0.888672 0.156250 0.093750 0.271875
0 0.966797 0.153125 0.060547 0.275000
0 0.055176 0.150000 0.041992 0.259375
0 0.121094 0.152344 0.091797 0.257812
0 0.076172 0.318750 0.080078 0.081250
0 0.142090 0.318750 0.049805 0.081250
0 0.079590 0.453125 0.084961 0.187500
0 0.145508 0.456250 0.048828 0.181250
0 0.632812 0.331250 0.062500 0.078125
0 0.740723 0.332813 0.153320 0.075000
0 0.848633 0.331250 0.064453 0.071875
0 0.938965 0.328125 0.116211 0.078125
0 0.633301 0.457813 0.061523 0.181250
0 0.740723 0.459375 0.153320 0.178125
0 0.848633 0.460938 0.064453 0.181250
0 0.940430 0.456250 0.119141 0.187500
0 0.355469 0.156250 0.054688 0.087500
0 0.412598 0.156250 0.059570 0.087500
0 0.473633 0.158594 0.062500 0.092188
0 0.530762 0.158594 0.053711 0.092188
0 0.355469 0.286719 0.054688 0.170313
0 0.413086 0.286719 0.060547 0.170313
0 0.473633 0.287500 0.060547 0.171875
0 0.530762 0.289844 0.051758 0.167187
0 0.364258 0.396094 0.074219 0.045312
0 0.442383 0.396094 0.080078 0.045312
0 0.520020 0.396094 0.075195 0.045312
0 0.364258 0.477344 0.074219 0.114062
0 0.424805 0.478125 0.041016 0.112500
0 0.463867 0.478125 0.031250 0.112500
0 0.519043 0.475781 0.073242 0.114062
0 0.250000 0.464062 0.015625 0.156250
0 0.264648 0.467969 0.013672 0.148438
0 0.275391 0.467187 0.009766 0.146875
0 0.238281 0.461719 0.007812 0.173437
