0 0.020508 0.452346 0.039062 0.098240
0 0.038086 0.395161 0.000000 0.001466
0 0.101562 0.448680 0.156250 0.108504
0 0.253418 0.450880 0.149414 0.109971
0 0.399414 0.450147 0.142578 0.108504
0 0.542480 0.449413 0.143555 0.109971
0 0.688965 0.448680 0.151367 0.108504
0 0.833984 0.453079 0.158203 0.111437
0 0.945801 0.449413 0.108398 0.115836
0 0.093750 0.571848 0.166016 0.152493
0 0.249023 0.577713 0.156250 0.146628
0 0.402344 0.574780 0.148438 0.149560
0 0.547363 0.572581 0.157227 0.142229
0 0.699707 0.575513 0.163086 0.142229
0 0.850098 0.577713 0.166992 0.140762
0 0.956543 0.579912 0.086914 0.142229
0 0.087891 0.726540 0.166016 0.162757
0 0.244629 0.725073 0.161133 0.153959
0 0.401367 0.727273 0.156250 0.155425
0 0.555176 0.730938 0.159180 0.159824
0 0.714844 0.730205 0.167969 0.167155
0 0.870117 0.724340 0.171875 0.152493
0 0.083008 0.885630 0.164062 0.175953
0 0.236816 0.889296 0.165039 0.168622
0 0.402344 0.890029 0.169922 0.167155
0 0.565430 0.889296 0.171875 0.165689
0 0.727051 0.886364 0.172852 0.162757
0 0.888184 0.884897 0.182617 0.171554
