0 0.301758 0.368164 0.087891 0.384766
0 0.384766 0.394531 0.097656 0.367188
0 0.464844 0.416992 0.074219 0.326172
0 0.533203 0.472656 0.074219 0.335938
0 0.601562 0.488281 0.066406 0.304688
0 0.306641 0.690430 0.070312 0.255859
0 0.380859 0.689453 0.093750 0.238281
0 0.464844 0.691406 0.066406 0.234375
0 0.527344 0.731445 0.066406 0.208984
0 0.592773 0.734375 0.060547 0.191406
0 0.307617 0.908203 0.083984 0.183594
0 0.386719 0.905273 0.082031 0.189453
0 0.462891 0.903320 0.074219 0.193359
0 0.532227 0.917969 0.076172 0.164062
0 0.597656 0.916016 0.058594 0.164062
0 0.747070 0.319336 0.154297 0.212891
0 0.643555 0.552734 0.041016 0.828125
0 0.838867 0.537109 0.033203 0.625000
0 0.931641 0.389648 0.136719 0.201172
0 0.685547 0.517578 0.035156 0.265625
0 0.724609 0.522461 0.042969 0.259766
0 0.762695 0.534180 0.037109 0.244141
0 0.804688 0.541992 0.042969 0.240234
0 0.683594 0.732422 0.035156 0.175781
0 0.721680 0.733398 0.044922 0.177734
0 0.780273 0.737305 0.076172 0.166016
0 0.881836 0.578125 0.037109 0.222656
0 0.920898 0.583984 0.033203 0.214844
0 0.880859 0.760742 0.031250 0.158203
0 0.916992 0.761719 0.029297 0.144531
0 0.685547 0.853516 0.035156 0.062500
0 0.723633 0.851562 0.044922 0.058594
0 0.762695 0.847656 0.037109 0.070312
0 0.805664 0.847656 0.044922 0.070312
