0 0.417969 0.049805 0.230469 0.091797
0 0.750977 0.050781 0.052734 0.097656
0 0.962891 0.049805 0.042969 0.095703
0 0.162109 0.351562 0.183594 0.320312
0 0.291016 0.357422 0.066406 0.324219
0 0.426758 0.353516 0.205078 0.316406
0 0.646484 0.355469 0.234375 0.316406
0 0.853516 0.352539 0.179688 0.310547
0 0.960938 0.346680 0.035156 0.322266
0 0.161133 0.713867 0.248047 0.244141
0 0.319336 0.714844 0.068359 0.242188
0 0.498047 0.711914 0.062500 0.236328
0 0.646484 0.709961 0.234375 0.240234
0 0.792969 0.714844 0.074219 0.242188
0 0.875000 0.712891 0.089844 0.246094
0 0.959961 0.720703 0.080078 0.261719
