0 0.216797 0.043945 0.058594 0.083984
0 0.264648 0.044922 0.029297 0.085938
0 0.317383 0.045898 0.076172 0.087891
0 0.391602 0.045898 0.072266 0.087891
0 0.448242 0.044922 0.037109 0.085938
0 0.503906 0.047852 0.035156 0.091797
0 0.561523 0.044922 0.080078 0.085938
0 0.636719 0.045898 0.070312 0.087891
0 0.689453 0.046875 0.027344 0.089844
0 0.760742 0.045898 0.056641 0.087891
0 0.108398 0.045898 0.052734 0.087891
0 0.059570 0.123047 0.033203 0.242188
0 0.018555 0.164062 0.033203 0.156250
0 0.022461 0.042969 0.041016 0.070312
0 0.215820 0.162109 0.064453 0.156250
0 0.260742 0.163086 0.025391 0.154297
0 0.313477 0.160156 0.080078 0.148438
0 0.390625 0.158203 0.074219 0.152344
0 0.450195 0.162109 0.044922 0.160156
0 0.504883 0.168945 0.033203 0.173828
0 0.561523 0.170898 0.080078 0.169922
0 0.636719 0.171875 0.070312 0.171875
0 0.690430 0.170898 0.037109 0.173828
0 0.759766 0.250977 0.042969 0.333984
0 0.759766 0.502930 0.042969 0.169922
0 0.759766 0.673828 0.042969 0.171875
0 0.022461 0.341797 0.041016 0.156250
0 0.064453 0.345703 0.035156 0.156250
0 0.105469 0.343750 0.046875 0.160156
0 0.219727 0.340820 0.056641 0.146484
0 0.262695 0.342773 0.029297 0.142578
0 0.314453 0.341797 0.074219 0.140625
0 0.391602 0.341797 0.076172 0.140625
0 0.447266 0.341797 0.035156 0.140625
0 0.504883 0.334961 0.025391 0.166016
0 0.561523 0.338867 0.087891 0.158203
0 0.639648 0.338867 0.068359 0.158203
0 0.695312 0.337891 0.042969 0.160156
0 0.022461 0.503906 0.041016 0.167969
0 0.022461 0.673828 0.041016 0.171875
0 0.061523 0.592773 0.041016 0.349609
0 0.103516 0.674805 0.042969 0.185547
0 0.102539 0.498047 0.044922 0.167969
0 0.215820 0.501953 0.056641 0.171875
0 0.259766 0.500000 0.031250 0.175781
0 0.313477 0.500000 0.076172 0.175781
0 0.390625 0.502930 0.078125 0.169922
0 0.446289 0.504883 0.033203 0.173828
0 0.217773 0.672852 0.052734 0.177734
0 0.259766 0.673828 0.031250 0.175781
0 0.310547 0.678711 0.070312 0.185547
0 0.387695 0.680664 0.083984 0.181641
0 0.447266 0.678711 0.035156 0.177734
0 0.507812 0.500000 0.039062 0.175781
0 0.567383 0.505859 0.080078 0.164062
0 0.641602 0.505859 0.068359 0.164062
0 0.694336 0.503906 0.037109 0.167969
0 0.502930 0.672852 0.029297 0.177734
0 0.561523 0.674805 0.087891 0.173828
0 0.638672 0.674805 0.066406 0.173828
0 0.689453 0.672852 0.035156 0.177734
0 0.022461 0.854492 0.041016 0.142578
0 0.060547 0.855469 0.039062 0.148438
0 0.108398 0.858398 0.056641 0.142578
0 0.214844 0.863281 0.050781 0.148438
0 0.259766 0.862305 0.039062 0.150391
0 0.312500 0.866211 0.066406 0.158203
0 0.386719 0.865234 0.082031 0.160156
0 0.443359 0.863281 0.031250 0.156250
0 0.504883 0.836914 0.021484 0.111328
0 0.557617 0.836914 0.080078 0.111328
0 0.636719 0.837891 0.078125 0.113281
0 0.689453 0.839844 0.027344 0.109375
0 0.759766 0.836914 0.042969 0.119141
0 0.760742 0.913086 0.041016 0.033203
0 0.504883 0.910156 0.025391 0.039062
0 0.557617 0.912109 0.080078 0.035156
0 0.634766 0.910156 0.074219 0.031250
0 0.686523 0.909180 0.029297 0.033203
0 0.023438 0.961914 0.039062 0.076172
0 0.061523 0.962891 0.037109 0.070312
0 0.108398 0.963867 0.056641 0.072266
0 0.216797 0.969727 0.050781 0.060547
0 0.259766 0.968750 0.039062 0.054688
0 0.313477 0.966797 0.068359 0.050781
0 0.388672 0.965820 0.082031 0.052734
0 0.445312 0.966797 0.031250 0.054688
0 0.507812 0.963867 0.027344 0.072266
0 0.560547 0.964844 0.078125 0.062500
0 0.636719 0.962891 0.074219 0.066406
0 0.687500 0.963867 0.027344 0.064453
0 0.761719 0.961914 0.042969 0.072266
