0 0.371759 0.462143 0.010185 0.067143
0 0.381481 0.457857 0.009259 0.072857
0 0.391204 0.452143 0.008333 0.072857
0 0.400463 0.447857 0.010185 0.078571
0 0.411574 0.442143 0.012037 0.081429
0 0.422685 0.433571 0.012037 0.084286
0 0.435185 0.426429 0.012963 0.092857
0 0.449074 0.419286 0.012963 0.095714
0 0.462500 0.411429 0.015741 0.100000
0 0.476852 0.402857 0.014815 0.105714
0 0.492130 0.395714 0.015741 0.111429
0 0.508333 0.384286 0.018519 0.117143
0 0.526389 0.373571 0.017593 0.121429
0 0.545833 0.361429 0.021296 0.125714
0 0.567593 0.345714 0.022222 0.134286
0 0.591204 0.331429 0.023148 0.140000
0 0.652778 0.442143 0.038889 0.141429
0 0.618056 0.455000 0.032407 0.135714
0 0.585648 0.465000 0.030556 0.127143
0 0.556019 0.475000 0.030556 0.124286
0 0.528704 0.484286 0.025926 0.120000
0 0.503704 0.492857 0.024074 0.114286
0 0.481019 0.500714 0.023148 0.110000
0 0.459259 0.508571 0.020370 0.102857
0 0.440278 0.514286 0.019444 0.100000
0 0.422222 0.517857 0.016667 0.092857
0 0.405556 0.525714 0.018519 0.091429
0 0.388889 0.530714 0.014815 0.087143
0 0.374074 0.534286 0.014815 0.085714
0 0.359259 0.538571 0.012963 0.082857
0 0.345833 0.545714 0.013889 0.082857
0 0.281019 0.564286 0.010185 0.068571
0 0.290741 0.562143 0.009259 0.072857
0 0.300463 0.558571 0.010185 0.074286
0 0.311111 0.555000 0.011111 0.075714
0 0.322685 0.551429 0.010185 0.077143
0 0.333333 0.548571 0.011111 0.080000
0 0.300926 0.622857 0.012963 0.051429
0 0.312500 0.620714 0.010185 0.055714
0 0.323148 0.618571 0.011111 0.051429
0 0.334259 0.616429 0.011111 0.055714
0 0.346759 0.615714 0.013889 0.054286
0 0.360185 0.613571 0.012963 0.058571
0 0.374074 0.612143 0.014815 0.055714
0 0.388889 0.608571 0.014815 0.062857
0 0.405093 0.607857 0.017593 0.061429
0 0.422685 0.605000 0.017593 0.067143
0 0.440741 0.598571 0.018519 0.068571
0 0.461574 0.596429 0.019444 0.072857
0 0.481944 0.594286 0.021296 0.074286
0 0.504630 0.589286 0.024074 0.078571
0 0.528704 0.585000 0.024074 0.084286
0 0.556481 0.581429 0.029630 0.091429
0 0.586111 0.577143 0.029630 0.094286
0 0.617593 0.572143 0.033333 0.101429
0 0.652778 0.566429 0.037037 0.107143
0 0.203241 0.685000 0.036111 0.130000
0 0.234722 0.686429 0.028704 0.130000
0 0.262500 0.684286 0.026852 0.125714
0 0.288426 0.683571 0.025000 0.118571
0 0.101389 0.685714 0.008333 0.094286
0 0.110185 0.684286 0.007407 0.097143
0 0.117593 0.683571 0.009259 0.101429
0 0.127315 0.683571 0.010185 0.107143
0 0.139352 0.684286 0.012037 0.111429
0 0.151389 0.683571 0.012037 0.118571
0 0.162963 0.684286 0.011111 0.125714
0 0.177315 0.685000 0.015741 0.132857
