0 0.871094 0.814453 0.117188 0.371094
0 0.971680 0.803711 0.048828 0.392578
0 0.745117 0.881836 0.076172 0.232422
0 0.676758 0.865234 0.041016 0.187500
0 0.639648 0.864258 0.033203 0.173828
0 0.601562 0.845703 0.046875 0.144531
0 0.568359 0.839844 0.015625 0.136719
0 0.510742 0.841797 0.048828 0.128906
0 0.334961 0.816406 0.123047 0.175781
0 0.468750 0.816406 0.132812 0.175781
0 0.639648 0.738281 0.033203 0.078125
0 0.599609 0.745117 0.050781 0.068359
0 0.556641 0.750977 0.035156 0.060547
0 0.518555 0.522461 0.056641 0.138672
0 0.871094 0.323242 0.140625 0.642578
0 0.973633 0.310547 0.048828 0.613281
0 0.747070 0.660156 0.064453 0.218750
0 0.756836 0.369141 0.083984 0.417969
0 0.768555 0.100586 0.048828 0.197266
0 0.698242 0.166016 0.072266 0.210938
0 0.678711 0.424805 0.044922 0.345703
0 0.681641 0.681641 0.042969 0.183594
0 0.632812 0.660156 0.050781 0.101562
0 0.592773 0.666992 0.037109 0.099609
0 0.629883 0.465820 0.048828 0.310547
0 0.588867 0.496094 0.041016 0.277344
0 0.596680 0.293945 0.037109 0.146484
0 0.326172 0.359375 0.113281 0.078125
0 0.434570 0.363281 0.103516 0.070312
0 0.521484 0.364258 0.066406 0.072266
0 0.323242 0.524414 0.115234 0.259766
0 0.437500 0.522461 0.109375 0.255859
0 0.532227 0.523438 0.095703 0.250000
0 0.326172 0.691406 0.113281 0.089844
0 0.435547 0.687500 0.109375 0.074219
0 0.528320 0.686523 0.087891 0.083984
