0 0.162109 0.315430 0.117188 0.083984
0 0.164062 0.372070 0.117188 0.037109
0 0.165039 0.431641 0.115234 0.082031
0 0.165039 0.490234 0.115234 0.035156
0 0.163086 0.543945 0.119141 0.072266
0 0.164062 0.600586 0.121094 0.041016
0 0.164062 0.660156 0.121094 0.078125
0 0.138672 0.259766 0.062500 0.042969
0 0.205078 0.258789 0.066406 0.041016
0 0.209961 0.182617 0.068359 0.107422
0 0.140625 0.186523 0.070312 0.115234
0 0.142578 0.093750 0.070312 0.074219
0 0.142578 0.032227 0.070312 0.048828
0 0.210938 0.031250 0.066406 0.050781
0 0.210938 0.092773 0.066406 0.072266
0 0.277344 0.032227 0.054688 0.052734
0 0.355469 0.030273 0.101562 0.056641
0 0.448242 0.032227 0.083984 0.060547
0 0.539062 0.052734 0.101562 0.097656
0 0.638672 0.051758 0.101562 0.087891
0 0.733398 0.075195 0.087891 0.041016
0 0.733398 0.028320 0.087891 0.052734
0 0.276367 0.074219 0.056641 0.042969
0 0.276367 0.115234 0.056641 0.039062
0 0.356445 0.073242 0.099609 0.044922
0 0.355469 0.115234 0.101562 0.039062
0 0.451172 0.074219 0.085938 0.042969
0 0.450195 0.115234 0.087891 0.039062
0 0.516602 0.109375 0.033203 0.035156
0 0.659180 0.110352 0.248047 0.037109
0 0.799805 0.028320 0.041016 0.052734
0 0.801758 0.075195 0.037109 0.041016
0 0.802734 0.112305 0.039062 0.033203
0 0.802734 0.183594 0.039062 0.109375
0 0.799805 0.257812 0.033203 0.039062
0 0.276367 0.178711 0.056641 0.103516
0 0.354492 0.220703 0.099609 0.019531
0 0.354492 0.169922 0.099609 0.082031
0 0.448242 0.170898 0.091797 0.083984
0 0.452148 0.222656 0.083984 0.019531
0 0.542969 0.174805 0.097656 0.076172
0 0.540039 0.222656 0.095703 0.023438
0 0.686523 0.187500 0.189453 0.105469
0 0.687500 0.257812 0.187500 0.035156
0 0.416016 0.253906 0.351562 0.042969
0 0.263672 0.315430 0.082031 0.083984
0 0.352539 0.316406 0.095703 0.082031
0 0.261719 0.373047 0.085938 0.027344
0 0.353516 0.372070 0.097656 0.029297
0 0.497070 0.314453 0.181641 0.074219
0 0.683594 0.314453 0.191406 0.074219
0 0.797852 0.315430 0.037109 0.076172
0 0.497070 0.369141 0.181641 0.035156
0 0.684570 0.370117 0.193359 0.033203
0 0.801758 0.369141 0.041016 0.031250
0 0.312500 0.434570 0.183594 0.095703
0 0.498047 0.435547 0.187500 0.093750
0 0.684570 0.436523 0.185547 0.095703
0 0.800781 0.438477 0.046875 0.091797
0 0.312500 0.494141 0.183594 0.039062
0 0.316406 0.548828 0.175781 0.070312
0 0.314453 0.602539 0.171875 0.037109
0 0.315430 0.663086 0.169922 0.083984
0 0.498047 0.497070 0.179688 0.041016
0 0.497070 0.549805 0.181641 0.064453
0 0.496094 0.598633 0.179688 0.033203
0 0.497070 0.658203 0.177734 0.085938
0 0.686523 0.497070 0.193359 0.033203
0 0.688477 0.549805 0.189453 0.072266
0 0.685547 0.603516 0.183594 0.035156
0 0.686523 0.682617 0.181641 0.123047
0 0.799805 0.539062 0.044922 0.054688
0 0.801758 0.657227 0.041016 0.181641
0 0.162109 0.761719 0.128906 0.121094
0 0.314453 0.768555 0.175781 0.107422
0 0.497070 0.762695 0.189453 0.095703
0 0.694336 0.782227 0.189453 0.080078
0 0.808594 0.782227 0.039062 0.080078
0 0.163086 0.919922 0.123047 0.160156
0 0.313477 0.919922 0.177734 0.148438
0 0.498047 0.922852 0.191406 0.154297
0 0.689453 0.920898 0.187500 0.154297
0 0.806641 0.921875 0.046875 0.156250
