0 0.178711 0.095052 0.130859 0.125000
0 0.171387 0.203776 0.135742 0.102865
0 0.165527 0.300781 0.135742 0.101562
0 0.160156 0.399740 0.136719 0.104167
0 0.152344 0.503255 0.138672 0.108073
0 0.146973 0.608073 0.139648 0.114583
0 0.140137 0.721354 0.147461 0.122396
0 0.132812 0.843750 0.156250 0.130208
0 0.389648 0.083333 0.136719 0.132812
0 0.388672 0.194010 0.130859 0.104167
0 0.387207 0.292318 0.131836 0.105469
0 0.383301 0.393229 0.131836 0.111979
0 0.383301 0.492839 0.137695 0.110677
0 0.383301 0.602214 0.137695 0.113281
0 0.383789 0.718099 0.138672 0.118490
0 0.380371 0.839193 0.145508 0.123698
0 0.637695 0.834635 0.158203 0.127604
0 0.632324 0.710938 0.153320 0.125000
0 0.627441 0.597656 0.149414 0.117188
0 0.623047 0.482422 0.144531 0.113281
0 0.620117 0.377604 0.140625 0.111979
0 0.615234 0.276693 0.138672 0.113281
0 0.611816 0.177734 0.135742 0.110677
0 0.608887 0.068359 0.137695 0.134115
0 0.840820 0.058594 0.166016 0.114583
0 0.850098 0.149740 0.161133 0.114583
0 0.866211 0.251302 0.171875 0.117188
0 0.870605 0.357422 0.165039 0.121094
0 0.878906 0.470052 0.166016 0.125000
0 0.891113 0.581380 0.168945 0.126302
0 0.902832 0.703125 0.174805 0.130208
0 0.910156 0.834635 0.173828 0.138021
