0 0.048828 0.155425 0.064453 0.108504
0 0.114746 0.157625 0.067383 0.104106
0 0.183594 0.160557 0.070312 0.109971
0 0.251953 0.159824 0.066406 0.111437
0 0.317871 0.157625 0.065430 0.107038
0 0.383789 0.156891 0.066406 0.108504
0 0.451660 0.159091 0.069336 0.112903
0 0.520508 0.159091 0.068359 0.112903
0 0.585449 0.157625 0.061523 0.109971
0 0.647949 0.159091 0.063477 0.107038
0 0.714844 0.162757 0.070312 0.114370
0 0.784668 0.162757 0.069336 0.114370
0 0.858887 0.159091 0.079102 0.107038
0 0.050293 0.389296 0.065430 0.350440
0 0.118652 0.389296 0.071289 0.350440
0 0.187500 0.390029 0.066406 0.348974
0 0.254395 0.388563 0.067383 0.346041
0 0.320801 0.387830 0.065430 0.347507
0 0.386230 0.386364 0.065430 0.344575
0 0.452148 0.387097 0.066406 0.343109
0 0.520020 0.389296 0.069336 0.347507
0 0.586426 0.389296 0.063477 0.347507
0 0.650879 0.388563 0.065430 0.346041
0 0.716797 0.391496 0.066406 0.340176
0 0.782715 0.388563 0.065430 0.334311
0 0.857422 0.384164 0.083984 0.343109
