0 0.020020 0.051416 0.034180 0.070045
0 0.055664 0.052906 0.037109 0.067064
0 0.093262 0.052161 0.038086 0.065574
0 0.131348 0.050671 0.038086 0.068554
0 0.169434 0.049925 0.038086 0.067064
0 0.207031 0.050671 0.037109 0.065574
0 0.244141 0.052906 0.037109 0.070045
0 0.279785 0.052906 0.034180 0.070045
0 0.316406 0.052161 0.039062 0.068554
0 0.353516 0.052161 0.035156 0.068554
0 0.390137 0.052161 0.038086 0.068554
0 0.427734 0.051416 0.037109 0.070045
0 0.464355 0.050671 0.036133 0.068554
0 0.500977 0.050671 0.037109 0.068554
0 0.538574 0.051416 0.038086 0.070045
0 0.575684 0.052906 0.036133 0.067064
0 0.610840 0.052906 0.034180 0.067064
0 0.646973 0.052906 0.038086 0.067064
0 0.683105 0.055142 0.032227 0.071535
0 0.020020 0.096125 0.036133 0.019374
0 0.056152 0.096125 0.036133 0.019374
0 0.093750 0.096125 0.037109 0.019374
0 0.131348 0.096125 0.038086 0.019374
0 0.168457 0.095380 0.036133 0.017884
0 0.205078 0.096125 0.037109 0.016393
0 0.242188 0.096870 0.037109 0.017884
0 0.278809 0.096125 0.036133 0.019374
0 0.315918 0.095380 0.038086 0.017884
0 0.353027 0.096125 0.036133 0.016393
0 0.390625 0.096870 0.039062 0.017884
0 0.428711 0.096125 0.037109 0.019374
0 0.465820 0.095380 0.037109 0.017884
0 0.502441 0.095380 0.036133 0.017884
0 0.539062 0.096125 0.037109 0.019374
0 0.576172 0.096125 0.037109 0.019374
0 0.612793 0.096125 0.036133 0.019374
0 0.648926 0.095380 0.036133 0.020864
0 0.683594 0.096125 0.033203 0.022355
0 0.020020 0.119225 0.036133 0.029806
0 0.057617 0.119970 0.039062 0.028316
0 0.095215 0.118480 0.036133 0.025335
0 0.131836 0.118480 0.037109 0.025335
0 0.168945 0.119970 0.037109 0.028316
0 0.206055 0.122206 0.037109 0.023845
0 0.243652 0.120715 0.038086 0.020864
0 0.280273 0.118480 0.035156 0.025335
0 0.316895 0.119225 0.038086 0.026826
0 0.354492 0.119225 0.037109 0.026826
0 0.391602 0.119970 0.037109 0.028316
0 0.429199 0.120715 0.038086 0.026826
0 0.465820 0.120715 0.035156 0.026826
0 0.502441 0.119970 0.038086 0.028316
0 0.539551 0.119970 0.036133 0.028316
0 0.576172 0.119970 0.037109 0.028316
0 0.612305 0.119225 0.035156 0.026826
0 0.648438 0.120715 0.037109 0.023845
0 0.683594 0.120715 0.033203 0.023845
0 0.020508 0.194486 0.035156 0.073025
0 0.056641 0.195976 0.037109 0.070045
0 0.093262 0.195976 0.036133 0.070045
0 0.130859 0.194486 0.039062 0.073025
0 0.168945 0.192996 0.037109 0.070045
0 0.206055 0.194486 0.037109 0.067064
0 0.243164 0.195231 0.037109 0.068554
0 0.279785 0.194486 0.036133 0.070045
0 0.315918 0.192996 0.036133 0.067064
0 0.352539 0.192996 0.037109 0.067064
0 0.390137 0.192996 0.038086 0.067064
0 0.427734 0.192250 0.037109 0.068554
0 0.464355 0.193741 0.036133 0.071535
0 0.501465 0.195231 0.038086 0.068554
0 0.539062 0.195231 0.037109 0.068554
0 0.575195 0.195231 0.035156 0.068554
0 0.611328 0.193741 0.037109 0.065574
0 0.649414 0.192996 0.039062 0.067064
0 0.686523 0.194486 0.035156 0.070045
0 0.687012 0.238450 0.034180 0.017884
0 0.650391 0.238450 0.039062 0.017884
0 0.611328 0.239195 0.039062 0.019374
0 0.575195 0.239940 0.033203 0.017884
0 0.538574 0.240686 0.040039 0.019374
0 0.500488 0.239940 0.036133 0.020864
0 0.463867 0.237705 0.037109 0.016393
0 0.427246 0.237705 0.036133 0.016393
0 0.390137 0.239195 0.038086 0.019374
0 0.352539 0.237705 0.037109 0.022355
0 0.315430 0.237705 0.037109 0.022355
0 0.279297 0.239940 0.035156 0.017884
0 0.242676 0.238450 0.038086 0.014903
0 0.205078 0.237705 0.037109 0.016393
0 0.166992 0.238450 0.039062 0.017884
0 0.128418 0.238450 0.038086 0.017884
0 0.091797 0.239940 0.035156 0.020864
0 0.055664 0.239940 0.037109 0.020864
0 0.019531 0.237705 0.035156 0.016393
0 0.020508 0.263785 0.037109 0.035768
0 0.057129 0.264531 0.036133 0.034277
0 0.093750 0.263040 0.037109 0.031297
0 0.131348 0.264531 0.038086 0.028316
0 0.168945 0.264531 0.037109 0.028316
0 0.207031 0.263785 0.039062 0.029806
0 0.244141 0.263785 0.035156 0.029806
0 0.279297 0.264531 0.035156 0.028316
0 0.314941 0.263040 0.036133 0.025335
0 0.352051 0.263785 0.038086 0.023845
0 0.390137 0.263785 0.038086 0.023845
0 0.427734 0.260805 0.037109 0.029806
0 0.464844 0.259314 0.037109 0.026826
0 0.501465 0.260805 0.036133 0.023845
0 0.538574 0.260805 0.038086 0.023845
0 0.575684 0.260805 0.036133 0.023845
0 0.612305 0.261550 0.037109 0.025335
0 0.650391 0.260805 0.039062 0.026826
0 0.686035 0.261550 0.032227 0.028316
0 0.721191 0.262295 0.038086 0.026826
0 0.018555 0.338301 0.035156 0.071535
0 0.056152 0.338301 0.040039 0.071535
0 0.095215 0.339046 0.038086 0.073025
0 0.131836 0.338301 0.035156 0.074516
0 0.168945 0.336811 0.039062 0.071535
0 0.207031 0.336066 0.037109 0.073025
0 0.242676 0.336066 0.034180 0.073025
0 0.278320 0.336811 0.037109 0.071535
0 0.315918 0.336066 0.038086 0.070045
0 0.353027 0.335320 0.036133 0.071535
0 0.390137 0.335320 0.038086 0.071535
0 0.427734 0.335320 0.037109 0.071535
0 0.465332 0.336811 0.040039 0.071535
0 0.503418 0.336066 0.036133 0.073025
0 0.538574 0.336811 0.036133 0.068554
0 0.574707 0.337556 0.036133 0.067064
0 0.611816 0.336066 0.038086 0.064083
0 0.647949 0.334575 0.034180 0.067064
0 0.684570 0.336811 0.039062 0.071535
0 0.723145 0.337556 0.038086 0.070045
0 0.020508 0.382265 0.033203 0.019374
0 0.056152 0.383010 0.038086 0.017884
0 0.094238 0.384501 0.038086 0.020864
0 0.130859 0.384501 0.035156 0.020864
0 0.167969 0.384501 0.037109 0.020864
0 0.205566 0.383010 0.038086 0.023845
0 0.243652 0.383010 0.038086 0.023845
0 0.279785 0.382265 0.034180 0.025335
0 0.316406 0.380030 0.039062 0.020864
0 0.353516 0.380775 0.035156 0.019374
0 0.390137 0.381520 0.038086 0.020864
0 0.427734 0.380775 0.037109 0.022355
0 0.465820 0.380030 0.039062 0.020864
0 0.503418 0.380775 0.036133 0.019374
0 0.539062 0.379285 0.035156 0.016393
0 0.575195 0.376304 0.037109 0.022355
0 0.612793 0.378539 0.038086 0.026826
0 0.649414 0.380030 0.035156 0.023845
0 0.686035 0.379285 0.038086 0.022355
0 0.724609 0.379285 0.039062 0.022355
0 0.021484 0.405365 0.035156 0.026826
0 0.058105 0.406110 0.038086 0.025335
0 0.095703 0.407601 0.037109 0.028316
0 0.132324 0.408346 0.036133 0.026826
0 0.168457 0.406110 0.036133 0.022355
0 0.205566 0.405365 0.036133 0.023845
0 0.243164 0.406110 0.039062 0.025335
0 0.279297 0.405365 0.033203 0.026826
0 0.314941 0.405365 0.038086 0.026826
0 0.353027 0.406855 0.038086 0.023845
0 0.390625 0.406110 0.037109 0.022355
0 0.426270 0.404620 0.034180 0.025335
0 0.463867 0.406110 0.041016 0.028316
0 0.501953 0.405365 0.035156 0.029806
0 0.539062 0.404620 0.039062 0.028316
0 0.576660 0.406110 0.036133 0.025335
0 0.611816 0.406855 0.034180 0.026826
0 0.647949 0.406110 0.038086 0.028316
0 0.685547 0.406110 0.037109 0.028316
0 0.723633 0.406110 0.037109 0.028316
0 0.020508 0.481371 0.033203 0.071535
0 0.055664 0.480626 0.037109 0.073025
0 0.094238 0.479136 0.040039 0.070045
0 0.132812 0.478390 0.037109 0.071535
0 0.168945 0.479881 0.035156 0.074516
0 0.205566 0.481371 0.038086 0.071535
0 0.243652 0.480626 0.038086 0.070045
0 0.280762 0.479136 0.036133 0.073025
0 0.316895 0.479881 0.036133 0.074516
0 0.353516 0.479881 0.037109 0.074516
0 0.391113 0.479881 0.038086 0.074516
0 0.428711 0.479881 0.037109 0.074516
0 0.466309 0.479881 0.038086 0.074516
0 0.503418 0.479881 0.036133 0.074516
0 0.538574 0.477645 0.034180 0.070045
0 0.574707 0.478390 0.038086 0.068554
0 0.612793 0.480626 0.038086 0.073025
0 0.649414 0.480626 0.035156 0.073025
0 0.686035 0.480626 0.038086 0.073025
0 0.722656 0.481371 0.035156 0.071535
0 0.021484 0.526826 0.035156 0.022355
0 0.057617 0.525335 0.037109 0.025335
0 0.094238 0.525335 0.036133 0.025335
0 0.131836 0.525335 0.039062 0.025335
0 0.169922 0.523100 0.037109 0.020864
0 0.206055 0.524590 0.035156 0.017884
0 0.243164 0.524590 0.039062 0.017884
0 0.280762 0.524590 0.036133 0.017884
0 0.317383 0.524590 0.037109 0.017884
0 0.354004 0.524590 0.036133 0.017884
0 0.391113 0.526080 0.038086 0.020864
0 0.428223 0.526826 0.036133 0.019374
0 0.465332 0.525335 0.038086 0.016393
0 0.502930 0.523100 0.037109 0.020864
0 0.538574 0.523100 0.034180 0.020864
0 0.574219 0.523100 0.037109 0.020864
0 0.612305 0.522355 0.039062 0.019374
0 0.649414 0.523845 0.035156 0.016393
0 0.685547 0.525335 0.037109 0.019374
0 0.721680 0.525335 0.035156 0.019374
0 0.021484 0.549925 0.035156 0.026826
0 0.057617 0.549180 0.037109 0.028316
0 0.094238 0.548435 0.036133 0.026826
0 0.131348 0.547690 0.038086 0.028316
0 0.168945 0.547690 0.037109 0.028316
0 0.207031 0.547690 0.039062 0.028316
0 0.243652 0.546945 0.034180 0.026826
0 0.279297 0.547690 0.037109 0.025335
0 0.316895 0.547690 0.038086 0.025335
0 0.354492 0.547690 0.037109 0.025335
0 0.391113 0.548435 0.036133 0.026826
0 0.428223 0.547690 0.038086 0.028316
0 0.466309 0.545455 0.038086 0.023845
0 0.502930 0.545455 0.035156 0.023845
0 0.537598 0.545455 0.034180 0.023845
0 0.574219 0.547690 0.039062 0.019374
0 0.611328 0.549180 0.035156 0.022355
0 0.647949 0.547690 0.038086 0.025335
0 0.685547 0.546945 0.037109 0.023845
0 0.721680 0.549180 0.035156 0.019374
0 0.020996 0.622206 0.036133 0.070045
0 0.058105 0.623696 0.038086 0.067064
0 0.094727 0.622206 0.035156 0.064083
0 0.130859 0.622206 0.037109 0.064083
0 0.167480 0.622951 0.036133 0.065574
0 0.205566 0.622206 0.040039 0.067064
0 0.244141 0.622206 0.037109 0.067064
0 0.279785 0.621461 0.034180 0.068554
0 0.316895 0.621461 0.040039 0.068554
0 0.354980 0.621461 0.036133 0.068554
0 0.391113 0.622206 0.036133 0.070045
0 0.427246 0.622206 0.036133 0.070045
0 0.464355 0.620715 0.038086 0.067064
0 0.501953 0.621461 0.037109 0.065574
0 0.538574 0.621461 0.036133 0.065574
0 0.574707 0.620715 0.036133 0.067064
0 0.610840 0.622951 0.036133 0.071535
0 0.020508 0.666170 0.035156 0.020864
0 0.058105 0.666915 0.040039 0.019374
0 0.095215 0.666915 0.034180 0.019374
0 0.130371 0.665425 0.036133 0.022355
0 0.166992 0.664680 0.037109 0.020864
0 0.206543 0.665425 0.041992 0.019374
0 0.244629 0.666170 0.034180 0.020864
0 0.279297 0.666170 0.035156 0.020864
0 0.316406 0.666170 0.039062 0.020864
0 0.354492 0.665425 0.037109 0.022355
0 0.392578 0.668405 0.039062 0.028316
0 0.429688 0.669151 0.035156 0.026826
0 0.465820 0.666170 0.037109 0.020864
0 0.501953 0.665425 0.035156 0.022355
0 0.537598 0.663189 0.036133 0.017884
0 0.574707 0.661699 0.038086 0.020864
0 0.020020 0.691505 0.034180 0.029806
0 0.058105 0.691505 0.041992 0.029806
0 0.096191 0.688525 0.034180 0.023845
0 0.131836 0.688525 0.037109 0.023845
0 0.168945 0.690015 0.037109 0.026826
0 0.205566 0.691505 0.036133 0.023845
0 0.243164 0.690760 0.039062 0.022355
0 0.280762 0.689270 0.036133 0.025335
0 0.316895 0.689270 0.036133 0.025335
0 0.353027 0.689270 0.036133 0.025335
0 0.390137 0.688525 0.038086 0.023845
0 0.428223 0.688525 0.038086 0.023845
0 0.464844 0.689270 0.035156 0.025335
0 0.501465 0.688525 0.038086 0.026826
0 0.538086 0.687779 0.035156 0.025335
0 0.574219 0.687779 0.037109 0.025335
0 0.020508 0.767511 0.037109 0.074516
0 0.057617 0.767511 0.037109 0.074516
0 0.094727 0.765276 0.037109 0.070045
0 0.131836 0.765276 0.037109 0.070045
0 0.168945 0.766021 0.037109 0.071535
0 0.206055 0.764531 0.037109 0.074516
0 0.243164 0.762295 0.037109 0.070045
0 0.280273 0.763040 0.037109 0.068554
0 0.317383 0.763785 0.037109 0.070045
0 0.353516 0.763785 0.035156 0.070045
0 0.390625 0.764531 0.039062 0.071535
0 0.427734 0.763040 0.035156 0.074516
0 0.463867 0.761550 0.037109 0.071535
0 0.501953 0.760060 0.037109 0.068554
0 0.538574 0.763040 0.036133 0.074516
0 0.575195 0.763785 0.037109 0.073025
0 0.612793 0.763040 0.038086 0.071535
0 0.650391 0.760805 0.037109 0.076006
0 0.687012 0.761550 0.036133 0.077496
0 0.722656 0.763040 0.035156 0.074516
0 0.020020 0.814456 0.036133 0.022355
0 0.058105 0.811475 0.040039 0.028316
0 0.095703 0.809240 0.035156 0.023845
0 0.132324 0.809240 0.038086 0.023845
0 0.168945 0.809240 0.035156 0.023845
0 0.205566 0.809985 0.038086 0.022355
0 0.243652 0.809985 0.038086 0.022355
0 0.279785 0.809240 0.034180 0.023845
0 0.316895 0.809240 0.040039 0.023845
0 0.354492 0.809240 0.035156 0.023845
0 0.391602 0.809240 0.039062 0.023845
0 0.429199 0.810730 0.036133 0.020864
0 0.466309 0.807750 0.038086 0.014903
0 0.502930 0.805514 0.035156 0.019374
0 0.539551 0.807004 0.038086 0.022355
0 0.575195 0.808495 0.033203 0.019374
0 0.610352 0.807004 0.037109 0.016393
0 0.647949 0.806259 0.038086 0.017884
0 0.685547 0.807750 0.037109 0.020864
0 0.722656 0.809985 0.037109 0.016393
0 0.020508 0.836811 0.033203 0.031297
0 0.055664 0.836811 0.037109 0.031297
0 0.093262 0.834575 0.038086 0.026826
0 0.131348 0.834575 0.038086 0.026826
0 0.167969 0.833085 0.035156 0.023845
0 0.204590 0.833085 0.038086 0.023845
0 0.243164 0.833830 0.039062 0.025335
0 0.281250 0.833830 0.037109 0.025335
0 0.316895 0.833085 0.034180 0.023845
0 0.353027 0.833085 0.038086 0.023845
0 0.391113 0.833830 0.038086 0.025335
0 0.429688 0.833085 0.039062 0.026826
0 0.467285 0.830849 0.036133 0.022355
0 0.502930 0.830104 0.035156 0.023845
0 0.539551 0.833085 0.038086 0.029806
0 0.576660 0.833830 0.036133 0.028316
0 0.611816 0.833830 0.034180 0.028316
0 0.647461 0.833085 0.037109 0.029806
0 0.685547 0.829359 0.039062 0.022355
0 0.722656 0.830104 0.035156 0.020864
0 0.020020 0.907601 0.038086 0.068554
0 0.058105 0.908346 0.038086 0.067064
0 0.094238 0.906855 0.034180 0.064083
0 0.130859 0.906855 0.039062 0.064083
0 0.168945 0.908346 0.037109 0.067064
0 0.206543 0.909091 0.038086 0.065574
0 0.243164 0.909091 0.035156 0.065574
0 0.279297 0.908346 0.037109 0.067064
0 0.316406 0.908346 0.037109 0.067064
0 0.354492 0.906855 0.039062 0.070045
0 0.391602 0.906855 0.035156 0.070045
0 0.427246 0.907601 0.036133 0.068554
0 0.465332 0.905365 0.040039 0.064083
0 0.503906 0.903130 0.037109 0.068554
0 0.540527 0.903130 0.036133 0.068554
0 0.575684 0.903130 0.034180 0.068554
0 0.612305 0.902385 0.039062 0.067064
0 0.649414 0.904620 0.035156 0.062593
0 0.686035 0.906110 0.038086 0.065574
0 0.722656 0.906855 0.035156 0.064083
0 0.021484 0.954545 0.035156 0.016393
0 0.058594 0.950075 0.039062 0.025335
0 0.095215 0.951565 0.034180 0.028316
0 0.131836 0.952310 0.039062 0.026826
0 0.168945 0.950820 0.035156 0.023845
0 0.207031 0.951565 0.041016 0.022355
0 0.245605 0.950075 0.036133 0.019374
0 0.280762 0.950820 0.034180 0.017884
0 0.318359 0.950075 0.041016 0.016393
0 0.356445 0.950075 0.035156 0.016393
0 0.392090 0.950075 0.036133 0.016393
0 0.428711 0.948584 0.037109 0.019374
0 0.465332 0.948584 0.036133 0.019374
0 0.501953 0.948584 0.037109 0.019374
0 0.538086 0.951565 0.035156 0.025335
0 0.574707 0.950820 0.038086 0.026826
0 0.612793 0.949329 0.038086 0.023845
0 0.649414 0.949329 0.035156 0.023845
0 0.685547 0.950820 0.037109 0.026826
0 0.722656 0.951565 0.037109 0.025335
0 0.723633 0.052161 0.037109 0.068554
0 0.759766 0.051416 0.035156 0.067064
0 0.795898 0.052161 0.037109 0.065574
0 0.833008 0.053651 0.037109 0.068554
0 0.869141 0.052906 0.035156 0.070045
0 0.905762 0.052906 0.038086 0.070045
0 0.942871 0.052906 0.036133 0.070045
0 0.979492 0.052906 0.037109 0.070045
0 0.722656 0.096870 0.035156 0.020864
0 0.759766 0.096125 0.039062 0.022355
0 0.796387 0.096870 0.034180 0.023845
0 0.832520 0.099851 0.038086 0.017884
0 0.870117 0.099106 0.037109 0.016393
0 0.907227 0.096870 0.037109 0.020864
0 0.944336 0.095380 0.037109 0.017884
0 0.978516 0.096870 0.031250 0.014903
0 0.722656 0.123696 0.035156 0.023845
0 0.759277 0.120715 0.038086 0.029806
0 0.795898 0.119225 0.035156 0.026826
0 0.832520 0.119970 0.038086 0.025335
0 0.870117 0.119970 0.037109 0.025335
0 0.907227 0.119970 0.037109 0.025335
0 0.944336 0.119970 0.037109 0.025335
0 0.979980 0.118480 0.034180 0.028316
0 0.723633 0.195976 0.037109 0.067064
0 0.760742 0.194486 0.037109 0.070045
0 0.796875 0.194486 0.035156 0.070045
0 0.833008 0.195231 0.037109 0.068554
0 0.869629 0.196721 0.036133 0.071535
0 0.906738 0.196721 0.038086 0.071535
0 0.944336 0.196721 0.037109 0.071535
0 0.979980 0.195231 0.034180 0.074516
0 0.724121 0.240686 0.038086 0.019374
0 0.761230 0.239940 0.036133 0.020864
0 0.796875 0.240686 0.035156 0.022355
0 0.833496 0.240686 0.038086 0.022355
0 0.870605 0.239195 0.036133 0.019374
0 0.907227 0.239940 0.037109 0.017884
0 0.944336 0.242176 0.037109 0.022355
0 0.980469 0.242176 0.035156 0.022355
0 0.760254 0.261550 0.034180 0.025335
0 0.795898 0.263785 0.037109 0.023845
0 0.833008 0.263785 0.037109 0.023845
0 0.870605 0.263040 0.038086 0.025335
0 0.907715 0.264531 0.036133 0.028316
0 0.944336 0.267511 0.037109 0.022355
0 0.979980 0.266021 0.034180 0.019374
0 0.759766 0.335320 0.035156 0.065574
0 0.795898 0.336066 0.037109 0.064083
0 0.832520 0.336811 0.036133 0.065574
0 0.868652 0.336811 0.036133 0.065574
0 0.905762 0.337556 0.038086 0.067064
0 0.942871 0.337556 0.036133 0.067064
0 0.979004 0.339046 0.036133 0.070045
0 0.979492 0.380775 0.035156 0.013413
0 0.942871 0.379285 0.038086 0.016393
0 0.906250 0.380030 0.035156 0.017884
0 0.869629 0.380030 0.038086 0.017884
0 0.832520 0.381520 0.036133 0.020864
0 0.795898 0.381520 0.037109 0.020864
0 0.760254 0.383010 0.034180 0.023845
0 0.760254 0.406855 0.034180 0.023845
0 0.795410 0.405365 0.036133 0.026826
0 0.832520 0.406110 0.036133 0.028316
0 0.869629 0.406855 0.038086 0.026826
0 0.907227 0.405365 0.037109 0.023845
0 0.943359 0.403875 0.035156 0.026826
0 0.979004 0.404620 0.036133 0.028316
0 0.759277 0.481371 0.036133 0.068554
0 0.795898 0.480626 0.037109 0.070045
0 0.833008 0.480626 0.037109 0.070045
0 0.870605 0.479136 0.038086 0.073025
0 0.908203 0.477645 0.037109 0.070045
0 0.944824 0.479136 0.036133 0.067064
0 0.980469 0.480626 0.035156 0.070045
0 0.980469 0.524590 0.035156 0.017884
0 0.943848 0.524590 0.038086 0.017884
0 0.905762 0.523845 0.038086 0.016393
0 0.868652 0.523845 0.036133 0.016393
0 0.832031 0.524590 0.037109 0.017884
0 0.795410 0.523100 0.036133 0.020864
0 0.758789 0.525335 0.037109 0.025335
0 0.759277 0.549180 0.038086 0.022355
0 0.796387 0.546945 0.036133 0.026826
0 0.833008 0.546200 0.037109 0.025335
0 0.869141 0.546200 0.035156 0.025335
0 0.906250 0.544709 0.039062 0.022355
0 0.943848 0.545455 0.036133 0.020864
0 0.979980 0.547690 0.036133 0.025335
0 0.760742 0.764531 0.037109 0.077496
0 0.796387 0.765276 0.034180 0.076006
0 0.833008 0.765276 0.039062 0.076006
0 0.870117 0.764531 0.035156 0.077496
0 0.906738 0.763040 0.038086 0.074516
0 0.944336 0.763785 0.037109 0.073025
0 0.980469 0.763785 0.035156 0.073025
0 0.980469 0.809240 0.035156 0.017884
0 0.943848 0.809240 0.038086 0.017884
0 0.905762 0.807750 0.038086 0.014903
0 0.868652 0.807004 0.036133 0.016393
0 0.832520 0.807004 0.036133 0.016393
0 0.796875 0.807750 0.035156 0.014903
0 0.759766 0.810730 0.039062 0.020864
0 0.759766 0.833830 0.039062 0.025335
0 0.795898 0.833085 0.033203 0.026826
0 0.832031 0.830849 0.039062 0.022355
0 0.870117 0.829359 0.037109 0.025335
0 0.907227 0.829359 0.037109 0.025335
0 0.944336 0.829359 0.037109 0.025335
0 0.979980 0.831595 0.034180 0.029806
0 0.759766 0.905365 0.037109 0.070045
0 0.796875 0.904620 0.037109 0.071535
0 0.834473 0.904620 0.038086 0.071535
0 0.871582 0.906855 0.036133 0.067064
0 0.907227 0.907601 0.035156 0.068554
0 0.943848 0.906855 0.038086 0.070045
0 0.980469 0.906855 0.035156 0.070045
0 0.980957 0.950075 0.034180 0.016393
0 0.944336 0.950075 0.039062 0.016393
0 0.906738 0.950820 0.036133 0.017884
0 0.870605 0.950820 0.036133 0.017884
0 0.833496 0.950075 0.038086 0.016393
0 0.795410 0.950075 0.038086 0.016393
0 0.758789 0.951565 0.035156 0.019374
