0 0.309082 0.192082 0.038086 0.158358
0 0.345703 0.191349 0.037109 0.159824
0 0.382324 0.189883 0.036133 0.162757
0 0.418457 0.189150 0.036133 0.161290
0 0.418457 0.364370 0.036133 0.165689
0 0.382324 0.366569 0.036133 0.161290
0 0.344727 0.365836 0.039062 0.159824
0 0.307617 0.366569 0.035156 0.158358
0 0.467285 0.189883 0.038086 0.156891
0 0.506836 0.189150 0.041016 0.158358
0 0.544922 0.187683 0.035156 0.155425
0 0.581543 0.189150 0.038086 0.152493
0 0.619629 0.190616 0.038086 0.155425
0 0.656738 0.189883 0.036133 0.156891
0 0.466797 0.387097 0.037109 0.111437
0 0.503906 0.362903 0.037109 0.156891
0 0.541992 0.363636 0.039062 0.155425
0 0.581055 0.364370 0.039062 0.156891
0 0.620117 0.364370 0.039062 0.156891
0 0.658203 0.365836 0.037109 0.159824
0 0.708496 0.189883 0.032227 0.151026
0 0.743652 0.189883 0.038086 0.151026
0 0.781738 0.189883 0.038086 0.151026
0 0.818359 0.189150 0.035156 0.152493
0 0.705078 0.365103 0.035156 0.161290
0 0.743164 0.366569 0.041016 0.158358
0 0.781738 0.366569 0.036133 0.158358
0 0.818848 0.368035 0.038086 0.155425
0 0.070312 0.203812 0.031250 0.170088
0 0.100098 0.203812 0.028320 0.170088
