0 0.089844 0.068359 0.148438 0.121094
0 0.205078 0.068359 0.093750 0.121094
0 0.024414 0.200195 0.044922 0.115234
0 0.101562 0.204102 0.117188 0.119141
0 0.204102 0.203125 0.091797 0.113281
0 0.018555 0.341797 0.033203 0.128906
0 0.092773 0.346680 0.115234 0.134766
0 0.201172 0.348633 0.097656 0.126953
0 0.017578 0.494141 0.031250 0.125000
0 0.088867 0.490234 0.111328 0.121094
0 0.192383 0.492188 0.095703 0.121094
0 0.017578 0.662109 0.031250 0.109375
0 0.083984 0.666016 0.105469 0.105469
0 0.177734 0.664062 0.082031 0.101562
0 0.058594 0.833984 0.097656 0.125000
0 0.163086 0.835938 0.111328 0.121094
0 0.057617 0.949219 0.111328 0.093750
0 0.160156 0.948242 0.109375 0.103516
0 0.396484 0.073242 0.074219 0.123047
0 0.494141 0.075195 0.121094 0.119141
0 0.596680 0.078125 0.083984 0.125000
0 0.399414 0.204102 0.076172 0.111328
0 0.496094 0.210938 0.117188 0.097656
0 0.599609 0.216797 0.089844 0.109375
0 0.393555 0.348633 0.080078 0.123047
0 0.497070 0.353516 0.126953 0.113281
0 0.606445 0.356445 0.091797 0.123047
0 0.446289 0.511719 0.228516 0.117188
0 0.604492 0.514648 0.087891 0.111328
0 0.382812 0.653320 0.085938 0.130859
0 0.490234 0.656250 0.128906 0.125000
0 0.603516 0.659180 0.097656 0.130859
0 0.371094 0.821289 0.089844 0.138672
0 0.488281 0.822266 0.144531 0.136719
0 0.605469 0.824219 0.089844 0.140625
0 0.372070 0.960938 0.091797 0.078125
0 0.488281 0.960938 0.140625 0.062500
0 0.604492 0.964844 0.091797 0.070312
0 0.784180 0.090820 0.080078 0.123047
0 0.863281 0.099609 0.078125 0.101562
0 0.949219 0.099609 0.093750 0.101562
0 0.790039 0.208984 0.080078 0.117188
0 0.873047 0.216797 0.085938 0.101562
0 0.958008 0.219727 0.083984 0.107422
0 0.796875 0.359375 0.082031 0.109375
0 0.884766 0.362305 0.093750 0.103516
0 0.965820 0.368164 0.068359 0.115234
0 0.801758 0.506836 0.076172 0.107422
0 0.889648 0.509766 0.099609 0.101562
0 0.969727 0.516602 0.060547 0.115234
0 0.802734 0.673828 0.097656 0.117188
0 0.905273 0.675781 0.107422 0.113281
0 0.979492 0.674805 0.041016 0.115234
0 0.808594 0.814453 0.089844 0.113281
0 0.912109 0.816406 0.117188 0.109375
0 0.985352 0.815430 0.029297 0.111328
