0 0.309896 0.138281 0.023958 0.120313
0 0.340104 0.124219 0.036458 0.123438
0 0.380208 0.117969 0.043750 0.117188
0 0.427604 0.110937 0.046875 0.118750
0 0.476562 0.105469 0.051042 0.120313
0 0.527604 0.105469 0.051042 0.114062
0 0.580208 0.106250 0.050000 0.112500
0 0.626563 0.113281 0.042708 0.117188
0 0.665104 0.126562 0.034375 0.118750
0 0.698958 0.135156 0.029167 0.117188
0 0.310937 0.285156 0.026042 0.110937
0 0.341667 0.276562 0.033333 0.115625
0 0.381771 0.268750 0.044792 0.115625
0 0.426563 0.262500 0.051042 0.109375
0 0.477604 0.260156 0.051042 0.110937
0 0.529167 0.261719 0.052083 0.114062
0 0.580208 0.264062 0.050000 0.112500
0 0.626563 0.265625 0.042708 0.118750
0 0.665625 0.274219 0.035417 0.117188
0 0.698438 0.288281 0.026042 0.117188
0 0.310417 0.434375 0.027083 0.112500
0 0.341146 0.426563 0.034375 0.115625
0 0.381250 0.419531 0.043750 0.114062
0 0.426563 0.414062 0.048958 0.115625
0 0.477083 0.412500 0.052083 0.112500
0 0.529167 0.410938 0.052083 0.109375
0 0.579167 0.414062 0.047917 0.115625
0 0.625521 0.420312 0.042708 0.115625
0 0.664583 0.426563 0.037500 0.112500
0 0.698438 0.434375 0.026042 0.112500
0 0.310417 0.582812 0.027083 0.109375
0 0.341146 0.578906 0.036458 0.117188
0 0.381771 0.572656 0.044792 0.114062
0 0.426042 0.569531 0.047917 0.114062
0 0.475521 0.565625 0.051042 0.106250
0 0.527604 0.564844 0.053125 0.107813
0 0.578646 0.566406 0.048958 0.110937
0 0.623958 0.571094 0.043750 0.117188
0 0.665104 0.576562 0.036458 0.115625
0 0.696875 0.584375 0.027083 0.118750
0 0.308854 0.733594 0.028125 0.110937
0 0.340104 0.728125 0.036458 0.115625
0 0.380208 0.725000 0.043750 0.109375
0 0.427083 0.721875 0.050000 0.115625
0 0.477083 0.720313 0.050000 0.112500
0 0.528646 0.720313 0.053125 0.112500
0 0.579688 0.721094 0.048958 0.114062
0 0.626042 0.722656 0.043750 0.114062
0 0.665625 0.728125 0.035417 0.112500
0 0.696875 0.732812 0.029167 0.115625
0 0.307812 0.883594 0.028125 0.114062
0 0.339062 0.881250 0.034375 0.109375
0 0.378646 0.878125 0.044792 0.115625
0 0.425000 0.875781 0.047917 0.110937
0 0.476042 0.874219 0.054167 0.114062
0 0.529167 0.873437 0.052083 0.112500
0 0.579167 0.874219 0.047917 0.110937
0 0.625521 0.878906 0.044792 0.117188
0 0.666146 0.882031 0.036458 0.114062
0 0.697917 0.884375 0.029167 0.115625
0 0.740104 0.082031 0.051042 0.110937
0 0.787500 0.030469 0.037500 0.057813
0 0.786979 0.142969 0.042708 0.107813
0 0.824479 0.069531 0.034375 0.098437
0 0.857292 0.124219 0.029167 0.095312
0 0.886458 0.171094 0.031250 0.092188
0 0.914062 0.217188 0.028125 0.090625
0 0.741667 0.216406 0.052083 0.114062
0 0.786979 0.268750 0.038542 0.103125
0 0.823438 0.314844 0.034375 0.104688
0 0.857292 0.243750 0.029167 0.106250
0 0.886979 0.285938 0.028125 0.084375
0 0.914583 0.326562 0.027083 0.087500
0 0.856771 0.359375 0.030208 0.096875
0 0.887500 0.395313 0.029167 0.087500
0 0.915104 0.428125 0.028125 0.087500
0 0.740625 0.355469 0.050000 0.117188
0 0.786458 0.401562 0.037500 0.109375
0 0.823438 0.439063 0.034375 0.100000
0 0.857292 0.474219 0.029167 0.098437
0 0.886458 0.505469 0.027083 0.089063
0 0.915625 0.535937 0.025000 0.090625
0 0.740104 0.499219 0.057292 0.120313
0 0.786979 0.533594 0.038542 0.107813
0 0.824479 0.561719 0.036458 0.101562
0 0.858333 0.591406 0.031250 0.095312
0 0.888542 0.622656 0.029167 0.092188
0 0.915625 0.643750 0.029167 0.093750
0 0.739583 0.632812 0.056250 0.118750
0 0.787500 0.661719 0.039583 0.110937
0 0.823958 0.683594 0.035417 0.107813
0 0.858854 0.710156 0.032292 0.104688
0 0.891146 0.732812 0.030208 0.093750
0 0.917708 0.752344 0.027083 0.098437
0 0.742188 0.771875 0.057292 0.125000
0 0.790104 0.796094 0.040625 0.110937
0 0.827604 0.810937 0.034375 0.109375
0 0.862500 0.828906 0.033333 0.104688
0 0.892708 0.843750 0.029167 0.093750
0 0.920312 0.857031 0.028125 0.098437
0 0.742708 0.917188 0.056250 0.131250
0 0.793750 0.928125 0.041667 0.118750
0 0.831250 0.939844 0.039583 0.110937
0 0.865104 0.948438 0.036458 0.103125
0 0.896354 0.954688 0.030208 0.090625
0 0.923958 0.959375 0.029167 0.081250
0 0.105208 0.214844 0.020833 0.089063
0 0.129688 0.168750 0.026042 0.093750
0 0.157812 0.118750 0.030208 0.100000
0 0.190104 0.065625 0.032292 0.103125
0 0.223958 0.029687 0.037500 0.056250
0 0.269271 0.075000 0.057292 0.112500
0 0.225521 0.139844 0.034375 0.107813
0 0.268229 0.212500 0.053125 0.109375
0 0.189583 0.191406 0.031250 0.098437
0 0.159375 0.239844 0.031250 0.092188
0 0.129688 0.280469 0.026042 0.092188
0 0.104167 0.319531 0.025000 0.089063
0 0.104688 0.425000 0.026042 0.090625
0 0.130729 0.390625 0.026042 0.090625
0 0.159375 0.352344 0.031250 0.089063
0 0.190625 0.314063 0.033333 0.103125
0 0.227083 0.267188 0.035417 0.100000
0 0.103125 0.532813 0.022917 0.087500
0 0.129167 0.503906 0.027083 0.092188
0 0.158333 0.474219 0.031250 0.101562
0 0.188021 0.437500 0.032292 0.100000
0 0.222917 0.398438 0.035417 0.109375
0 0.269271 0.354687 0.051042 0.109375
0 0.101562 0.643750 0.023958 0.090625
0 0.128125 0.617188 0.025000 0.096875
0 0.156250 0.593750 0.029167 0.100000
0 0.187500 0.563281 0.033333 0.104688
0 0.225000 0.532031 0.037500 0.107813
0 0.270313 0.494531 0.055208 0.117188
0 0.100000 0.750000 0.022917 0.096875
0 0.126042 0.730469 0.029167 0.095312
0 0.153646 0.709375 0.032292 0.100000
0 0.185938 0.685937 0.034375 0.103125
0 0.220833 0.660937 0.039583 0.109375
0 0.267188 0.631250 0.055208 0.112500
0 0.096354 0.859375 0.028125 0.093750
0 0.122917 0.847656 0.029167 0.101562
0 0.151042 0.832031 0.031250 0.110937
0 0.183854 0.814844 0.034375 0.110937
0 0.219792 0.793750 0.039583 0.115625
0 0.265625 0.772656 0.056250 0.114062
0 0.093229 0.960156 0.026042 0.076563
0 0.119792 0.957031 0.029167 0.082812
0 0.147917 0.950000 0.033333 0.093750
0 0.181250 0.941406 0.035417 0.114062
0 0.217708 0.929688 0.039583 0.115625
0 0.265104 0.921094 0.057292 0.120313
0 0.309375 0.055469 0.027083 0.051562
0 0.340104 0.046094 0.034375 0.054688
0 0.380729 0.035937 0.042708 0.053125
0 0.427604 0.031250 0.046875 0.050000
0 0.477604 0.028906 0.053125 0.051562
0 0.528646 0.025781 0.048958 0.045312
0 0.579688 0.028125 0.051042 0.050000
0 0.627083 0.039062 0.041667 0.053125
0 0.665104 0.046094 0.038542 0.054688
0 0.700521 0.060937 0.028125 0.059375
0 0.309375 0.210156 0.027083 0.051562
0 0.341667 0.201563 0.033333 0.053125
0 0.381250 0.192188 0.045833 0.050000
0 0.427604 0.187500 0.046875 0.050000
0 0.476562 0.183594 0.051042 0.042188
0 0.528646 0.182031 0.053125 0.045312
0 0.580208 0.182812 0.050000 0.046875
0 0.626563 0.189062 0.042708 0.034375
0 0.666146 0.197656 0.036458 0.051562
0 0.697917 0.213281 0.029167 0.051562
0 0.311979 0.359375 0.028125 0.053125
0 0.341667 0.350000 0.037500 0.056250
0 0.381250 0.342187 0.043750 0.053125
0 0.427604 0.334375 0.048958 0.046875
0 0.477604 0.333594 0.051042 0.045312
0 0.529167 0.335156 0.052083 0.042188
0 0.579688 0.339062 0.048958 0.050000
0 0.626563 0.346875 0.042708 0.046875
0 0.666667 0.350781 0.037500 0.054688
0 0.698438 0.360938 0.032292 0.050000
0 0.311458 0.504687 0.025000 0.050000
0 0.342708 0.500000 0.037500 0.040625
0 0.382292 0.493750 0.041667 0.053125
0 0.428125 0.489844 0.050000 0.045312
0 0.477083 0.488281 0.054167 0.045312
0 0.530208 0.487500 0.050000 0.050000
0 0.579167 0.491406 0.050000 0.045312
0 0.626563 0.497656 0.042708 0.048438
0 0.665625 0.503125 0.037500 0.046875
0 0.697396 0.508594 0.026042 0.045312
0 0.308854 0.657813 0.028125 0.046875
0 0.341146 0.651563 0.034375 0.043750
0 0.379688 0.647656 0.042708 0.042188
0 0.426563 0.642969 0.046875 0.042188
0 0.476562 0.643750 0.053125 0.043750
0 0.528125 0.642188 0.052083 0.046875
0 0.579688 0.642969 0.048958 0.048438
0 0.626563 0.646875 0.044792 0.050000
0 0.665104 0.650781 0.038542 0.045312
0 0.698438 0.658594 0.030208 0.045312
0 0.307812 0.808594 0.030208 0.042188
0 0.339062 0.802344 0.036458 0.048438
0 0.379688 0.800000 0.044792 0.043750
0 0.426563 0.798438 0.048958 0.046875
0 0.477083 0.796094 0.052083 0.042188
0 0.529167 0.799219 0.052083 0.042188
0 0.580208 0.799219 0.050000 0.042188
0 0.627083 0.802344 0.043750 0.048438
0 0.666667 0.803906 0.035417 0.045312
0 0.698958 0.813281 0.029167 0.048438
0 0.306771 0.957031 0.028125 0.042188
0 0.338021 0.957031 0.034375 0.042188
0 0.378125 0.955469 0.045833 0.045312
0 0.426042 0.953906 0.050000 0.042188
0 0.476562 0.948438 0.051042 0.040625
0 0.528125 0.950781 0.052083 0.045312
0 0.579167 0.951562 0.047917 0.043750
0 0.625521 0.953906 0.044792 0.039062
0 0.666667 0.956250 0.035417 0.034375
0 0.700000 0.961719 0.031250 0.048438
