0 0.886719 0.147461 0.226562 0.291016
0 0.674805 0.216797 0.173828 0.390625
0 0.500977 0.335938 0.162109 0.355469
0 0.357422 0.451172 0.121094 0.292969
0 0.256836 0.521484 0.068359 0.238281
0 0.185547 0.574219 0.082031 0.242188
0 0.119141 0.625000 0.042969 0.191406
0 0.066406 0.661133 0.054688 0.154297
0 0.909180 0.677734 0.166016 0.324219
0 0.914062 0.898438 0.164062 0.152344
0 0.721680 0.913086 0.185547 0.142578
0 0.723633 0.718750 0.177734 0.289062
0 0.561523 0.845703 0.126953 0.277344
0 0.416992 0.868164 0.158203 0.251953
0 0.285156 0.882812 0.113281 0.203125
0 0.193359 0.894531 0.070312 0.167969
0 0.138672 0.904297 0.042969 0.152344
0 0.090820 0.910156 0.056641 0.148438
