0 0.159180 0.257812 0.134766 0.511719
0 0.266602 0.333008 0.076172 0.455078
0 0.330078 0.373047 0.054688 0.414062
0 0.404297 0.425781 0.085938 0.390625
0 0.495117 0.481445 0.111328 0.373047
0 0.586914 0.553711 0.076172 0.322266
0 0.641602 0.597656 0.041016 0.277344
0 0.150391 0.620117 0.140625 0.357422
0 0.257812 0.665039 0.066406 0.283203
0 0.330078 0.687500 0.066406 0.257812
0 0.403320 0.711914 0.080078 0.248047
0 0.495117 0.739258 0.103516 0.224609
0 0.583984 0.779297 0.074219 0.195312
0 0.641602 0.799805 0.041016 0.169922
0 0.148438 0.891602 0.132812 0.216797
0 0.261719 0.904297 0.085938 0.187500
0 0.330078 0.908203 0.062500 0.183594
0 0.404297 0.912109 0.082031 0.175781
0 0.492188 0.918945 0.105469 0.162109
0 0.585938 0.929688 0.074219 0.140625
0 0.642578 0.936523 0.046875 0.126953
0 0.041992 0.207031 0.080078 0.410156
0 0.040039 0.580078 0.068359 0.390625
0 0.040039 0.880859 0.072266 0.238281
