0 0.141667 0.418889 0.103333 0.068889
0 0.140833 0.487778 0.105000 0.068889
0 0.140833 0.542222 0.105000 0.040000
0 0.071667 0.541111 0.033333 0.033333
0 0.071667 0.498889 0.033333 0.091111
0 0.072500 0.428889 0.035000 0.093333
0 0.365833 0.433333 0.075000 0.088889
0 0.362500 0.498889 0.078333 0.086667
0 0.363333 0.555556 0.076667 0.071111
0 0.458333 0.430000 0.066667 0.091111
0 0.457500 0.493333 0.068333 0.084444
0 0.456667 0.562222 0.066667 0.080000
0 0.455000 0.630000 0.066667 0.073333
0 0.455000 0.681111 0.066667 0.033333
0 0.543333 0.416667 0.106667 0.073333
0 0.633333 0.426667 0.073333 0.093333
0 0.541667 0.488889 0.106667 0.075556
0 0.632500 0.496667 0.075000 0.091111
0 0.542500 0.557778 0.101667 0.075556
0 0.631667 0.561111 0.076667 0.082222
0 0.541667 0.627778 0.103333 0.073333
0 0.631667 0.630000 0.076667 0.077778
0 0.738333 0.435556 0.086667 0.088889
0 0.810000 0.422222 0.053333 0.071111
0 0.740000 0.496667 0.083333 0.086667
0 0.808333 0.492222 0.056667 0.073333
0 0.739167 0.557778 0.081667 0.066667
0 0.808333 0.547778 0.056667 0.055556
0 0.140833 0.644444 0.101667 0.031111
0 0.072500 0.648889 0.031667 0.040000
0 0.128333 0.693333 0.076667 0.062222
0 0.127500 0.763333 0.075000 0.073333
0 0.127500 0.836667 0.075000 0.073333
