0 0.864258 0.113281 0.087891 0.222656
0 0.928711 0.106445 0.044922 0.166016
0 0.930664 0.311523 0.041016 0.287109
0 0.866211 0.336914 0.087891 0.298828
0 0.781250 0.293945 0.082031 0.439453
0 0.930664 0.481445 0.037109 0.064453
0 0.864258 0.499023 0.095703 0.083984
0 0.783203 0.521484 0.082031 0.070312
0 0.778320 0.063477 0.076172 0.087891
0 0.706055 0.105469 0.060547 0.074219
0 0.709961 0.200195 0.060547 0.181641
0 0.710938 0.316406 0.062500 0.105469
0 0.709961 0.442383 0.056641 0.177734
0 0.711914 0.544922 0.064453 0.058594
0 0.647461 0.561523 0.064453 0.068359
0 0.647461 0.438477 0.064453 0.212891
0 0.646484 0.290039 0.062500 0.138672
0 0.644531 0.202148 0.062500 0.107422
0 0.646484 0.145508 0.066406 0.083984
0 0.585938 0.181641 0.058594 0.074219
0 0.583984 0.376953 0.062500 0.382812
0 0.582031 0.582031 0.062500 0.054688
0 0.526367 0.402344 0.060547 0.363281
0 0.527344 0.214844 0.054688 0.066406
0 0.523438 0.598633 0.054688 0.056641
0 0.478516 0.245117 0.046875 0.068359
0 0.478516 0.425781 0.050781 0.343750
0 0.474609 0.616211 0.050781 0.048828
0 0.431641 0.274414 0.050781 0.060547
0 0.433594 0.348633 0.050781 0.142578
0 0.427734 0.508789 0.050781 0.208984
0 0.427734 0.626953 0.050781 0.054688
0 0.385742 0.524414 0.041016 0.201172
0 0.387695 0.356445 0.033203 0.166016
0 0.345703 0.471680 0.058594 0.345703
0 0.386719 0.640625 0.035156 0.042969
0 0.308594 0.404297 0.035156 0.152344
0 0.308594 0.509766 0.031250 0.082031
0 0.307617 0.593750 0.037109 0.121094
0 0.279297 0.475586 0.019531 0.044922
0 0.281250 0.404297 0.023438 0.109375
0 0.256836 0.438477 0.025391 0.080078
0 0.278320 0.572266 0.033203 0.175781
0 0.250977 0.569336 0.033203 0.205078
0 0.225586 0.561523 0.033203 0.236328
0 0.222656 0.695312 0.027344 0.039062
0 0.929688 0.802734 0.042969 0.273438
0 0.931641 0.968750 0.039062 0.062500
0 0.875977 0.714844 0.072266 0.101562
0 0.875977 0.849609 0.068359 0.183594
0 0.877930 0.969727 0.064453 0.060547
0 0.812500 0.829102 0.058594 0.126953
0 0.813477 0.915039 0.056641 0.056641
0 0.810547 0.730469 0.054688 0.082031
0 0.755859 0.737305 0.050781 0.083984
0 0.697266 0.744141 0.066406 0.082031
0 0.633789 0.755859 0.056641 0.082031
0 0.635742 0.850586 0.056641 0.126953
0 0.698242 0.812500 0.068359 0.074219
0 0.759766 0.804688 0.054688 0.074219
0 0.757812 0.862305 0.050781 0.056641
0 0.757812 0.919922 0.050781 0.058594
0 0.698242 0.891602 0.068359 0.107422
0 0.637695 0.924805 0.056641 0.044922
0 0.698242 0.973633 0.076172 0.052734
0 0.757812 0.970703 0.050781 0.058594
0 0.636719 0.973633 0.050781 0.052734
0 0.583984 0.973633 0.050781 0.052734
0 0.583008 0.924805 0.048828 0.044922
0 0.581055 0.876953 0.044922 0.050781
0 0.581055 0.825195 0.052734 0.060547
0 0.582031 0.761719 0.050781 0.078125
0 0.538086 0.772461 0.037109 0.068359
0 0.499023 0.780273 0.048828 0.072266
0 0.458984 0.788086 0.042969 0.068359
0 0.067383 0.811523 0.130859 0.083984
