0 0.967773 0.816406 0.048828 0.308594
0 0.891602 0.809570 0.107422 0.294922
0 0.808594 0.816406 0.054688 0.273438
0 0.747070 0.813477 0.076172 0.259766
0 0.666992 0.813477 0.095703 0.248047
0 0.584961 0.815430 0.072266 0.224609
0 0.515625 0.820312 0.062500 0.199219
0 0.475586 0.822266 0.013672 0.187500
0 0.444336 0.818359 0.052734 0.179688
0 0.394531 0.818359 0.050781 0.164062
0 0.340820 0.821289 0.052734 0.158203
0 0.294922 0.819336 0.046875 0.150391
0 0.250000 0.820312 0.042969 0.132812
0 0.210938 0.820312 0.035156 0.121094
0 0.175781 0.822266 0.035156 0.125000
