0 0.041992 0.181641 0.068359 0.187500
0 0.124023 0.179688 0.095703 0.191406
0 0.211914 0.177734 0.080078 0.187500
0 0.295898 0.176758 0.087891 0.189453
0 0.382812 0.177734 0.085938 0.191406
0 0.468750 0.178711 0.085938 0.189453
0 0.549805 0.184570 0.076172 0.201172
0 0.628906 0.186523 0.082031 0.197266
0 0.710938 0.183594 0.082031 0.191406
0 0.793945 0.183594 0.083984 0.191406
0 0.883789 0.184570 0.095703 0.193359
0 0.963867 0.183594 0.064453 0.195312
0 0.038086 0.361328 0.068359 0.167969
0 0.119141 0.362305 0.093750 0.166016
0 0.208984 0.358398 0.085938 0.158203
0 0.293945 0.357422 0.083984 0.160156
0 0.379883 0.358398 0.087891 0.162109
0 0.459961 0.358398 0.072266 0.162109
0 0.542969 0.358398 0.093750 0.162109
0 0.629883 0.359375 0.080078 0.160156
0 0.710938 0.363281 0.082031 0.164062
0 0.793945 0.363281 0.083984 0.164062
0 0.880859 0.361328 0.089844 0.160156
0 0.958984 0.358398 0.066406 0.166016
0 0.037109 0.512695 0.066406 0.134766
0 0.118164 0.512695 0.095703 0.134766
0 0.208984 0.515625 0.085938 0.140625
0 0.293945 0.512695 0.083984 0.146484
0 0.380859 0.509766 0.089844 0.140625
0 0.466797 0.509766 0.082031 0.140625
0 0.550781 0.510742 0.085938 0.142578
0 0.634766 0.514648 0.082031 0.134766
0 0.715820 0.516602 0.080078 0.138672
0 0.795898 0.512695 0.080078 0.146484
0 0.882812 0.511719 0.093750 0.144531
0 0.962891 0.511719 0.066406 0.144531
0 0.039062 0.608398 0.074219 0.048828
0 0.121094 0.607422 0.089844 0.050781
0 0.210938 0.606445 0.089844 0.048828
0 0.295898 0.605469 0.080078 0.050781
0 0.380859 0.603516 0.089844 0.046875
0 0.466797 0.605469 0.082031 0.042969
0 0.549805 0.605469 0.083984 0.042969
0 0.633789 0.606445 0.083984 0.041016
0 0.715820 0.606445 0.080078 0.041016
0 0.796875 0.604492 0.082031 0.044922
0 0.880859 0.604492 0.089844 0.044922
0 0.961914 0.604492 0.072266 0.044922
0 0.037109 0.672852 0.066406 0.029297
0 0.117188 0.673828 0.093750 0.027344
0 0.206055 0.672852 0.083984 0.025391
0 0.293945 0.669922 0.091797 0.031250
0 0.382812 0.671875 0.085938 0.035156
0 0.467773 0.673828 0.083984 0.031250
0 0.552734 0.674805 0.085938 0.033203
0 0.636719 0.672852 0.082031 0.037109
0 0.716797 0.670898 0.078125 0.033203
0 0.796875 0.671875 0.082031 0.031250
0 0.881836 0.673828 0.087891 0.035156
0 0.960938 0.672852 0.070312 0.037109
0 0.040039 0.758789 0.068359 0.146484
0 0.119141 0.791016 0.089844 0.082031
0 0.120117 0.720703 0.087891 0.058594
0 0.208008 0.757812 0.091797 0.136719
0 0.295898 0.759766 0.083984 0.132812
0 0.383789 0.760742 0.091797 0.134766
0 0.468750 0.758789 0.078125 0.138672
0 0.551758 0.756836 0.087891 0.134766
0 0.637695 0.755859 0.083984 0.136719
0 0.718750 0.754883 0.078125 0.134766
0 0.795898 0.754883 0.076172 0.134766
0 0.879883 0.754883 0.091797 0.134766
0 0.960938 0.752930 0.070312 0.138672
0 0.039062 0.845703 0.070312 0.035156
0 0.120117 0.845703 0.091797 0.035156
0 0.210938 0.845703 0.089844 0.035156
0 0.297852 0.843750 0.083984 0.039062
0 0.382812 0.843750 0.085938 0.039062
0 0.466797 0.844727 0.082031 0.037109
0 0.552734 0.844727 0.089844 0.037109
0 0.637695 0.842773 0.080078 0.041016
0 0.717773 0.842773 0.080078 0.041016
0 0.793945 0.845703 0.072266 0.035156
0 0.877930 0.847656 0.095703 0.039062
0 0.962891 0.845703 0.074219 0.042969
