0 0.172852 0.476562 0.056641 0.312500
0 0.220703 0.438477 0.062500 0.314453
0 0.264648 0.403320 0.052734 0.314453
0 0.313477 0.364258 0.064453 0.330078
0 0.377930 0.315430 0.080078 0.341797
0 0.454102 0.259766 0.083984 0.351562
0 0.509766 0.548828 0.042969 0.902344
0 0.451172 0.688477 0.085938 0.623047
0 0.369141 0.716797 0.082031 0.566406
0 0.300781 0.741211 0.074219 0.517578
0 0.247070 0.764648 0.068359 0.470703
0 0.196289 0.780273 0.076172 0.439453
0 0.151367 0.798828 0.076172 0.402344
0 0.541016 0.650391 0.027344 0.292969
0 0.571289 0.655273 0.037109 0.287109
0 0.610352 0.667969 0.048828 0.285156
0 0.654297 0.671875 0.046875 0.277344
0 0.538086 0.474609 0.033203 0.078125
0 0.569336 0.484375 0.029297 0.074219
0 0.607422 0.494141 0.046875 0.082031
0 0.652344 0.508789 0.035156 0.076172
0 0.532227 0.146484 0.029297 0.062500
0 0.565430 0.157227 0.037109 0.060547
0 0.603516 0.175781 0.042969 0.058594
0 0.637695 0.186523 0.029297 0.064453
0 0.536133 0.305664 0.033203 0.271484
0 0.565430 0.315430 0.033203 0.271484
0 0.609375 0.333984 0.050781 0.273438
0 0.647461 0.344727 0.048828 0.271484
