0 0.112793 0.151479 0.131836 0.298225
0 0.026855 0.113018 0.051758 0.223669
0 0.242676 0.221893 0.120117 0.294675
0 0.357422 0.286391 0.107422 0.262722
0 0.020020 0.337278 0.038086 0.281657
0 0.097656 0.376923 0.144531 0.318343
0 0.233398 0.448521 0.117188 0.291124
0 0.355957 0.507101 0.112305 0.285207
0 0.088379 0.628402 0.147461 0.326627
0 0.230957 0.684024 0.127930 0.298225
0 0.350586 0.728994 0.117188 0.276923
0 0.349609 0.912426 0.119141 0.175148
0 0.219238 0.888757 0.137695 0.222485
0 0.084473 0.866864 0.149414 0.266272
