0 0.616211 0.045898 0.064453 0.087891
0 0.612305 0.201172 0.060547 0.148438
0 0.612305 0.105469 0.056641 0.113281
0 0.700195 0.062500 0.107422 0.121094
0 0.699219 0.137695 0.105469 0.173828
0 0.802734 0.081055 0.101562 0.158203
0 0.874023 0.050781 0.041016 0.097656
0 0.613281 0.282227 0.062500 0.099609
0 0.700195 0.229492 0.107422 0.138672
0 0.803711 0.173828 0.095703 0.140625
0 0.873047 0.133789 0.035156 0.107422
0 0.943359 0.099609 0.042969 0.109375
0 0.981445 0.080078 0.037109 0.097656
0 0.957031 0.035156 0.082031 0.066406
0 0.617188 0.348633 0.062500 0.087891
0 0.703125 0.305664 0.105469 0.115234
0 0.801758 0.253906 0.099609 0.121094
0 0.617188 0.418945 0.062500 0.099609
0 0.702148 0.379883 0.103516 0.123047
0 0.800781 0.333984 0.089844 0.117188
0 0.617188 0.492188 0.058594 0.101562
0 0.673828 0.472656 0.054688 0.101562
0 0.728516 0.452148 0.054688 0.103516
0 0.798828 0.423828 0.093750 0.117188
0 0.871094 0.356445 0.046875 0.380859
0 0.616211 0.563477 0.060547 0.083984
0 0.677734 0.546875 0.050781 0.089844
0 0.730469 0.534180 0.050781 0.095703
0 0.799805 0.515625 0.091797 0.117188
0 0.616211 0.632812 0.056641 0.082031
0 0.699219 0.612305 0.109375 0.095703
0 0.802734 0.590820 0.093750 0.095703
0 0.870117 0.579102 0.041016 0.095703
0 0.621094 0.710938 0.058594 0.097656
0 0.707031 0.702148 0.105469 0.123047
0 0.807617 0.690430 0.087891 0.126953
0 0.802734 0.833008 0.093750 0.181641
0 0.700195 0.789062 0.099609 0.066406
0 0.622070 0.792969 0.056641 0.050781
0 0.619141 0.864258 0.062500 0.080078
0 0.871094 0.774414 0.039062 0.306641
0 0.948242 0.783203 0.041016 0.355469
0 0.981445 0.783203 0.029297 0.371094
0 0.944336 0.560547 0.037109 0.093750
0 0.982422 0.554688 0.027344 0.105469
0 0.981445 0.193359 0.033203 0.167969
0 0.983398 0.322266 0.029297 0.113281
0 0.981445 0.438477 0.029297 0.138672
0 0.941406 0.329102 0.035156 0.396484
0 0.521484 0.564453 0.054688 0.105469
0 0.440430 0.587891 0.060547 0.089844
0 0.523438 0.645508 0.062500 0.080078
0 0.451172 0.656250 0.078125 0.074219
0 0.378906 0.672852 0.066406 0.068359
0 0.366211 0.610352 0.052734 0.087891
0 0.318359 0.683594 0.046875 0.054688
0 0.302734 0.629883 0.039062 0.083984
0 0.259766 0.641602 0.042969 0.076172
0 0.365234 0.536133 0.054688 0.091797
0 0.442383 0.512695 0.048828 0.091797
0 0.521484 0.482422 0.054688 0.089844
0 0.441406 0.457031 0.058594 0.082031
0 0.521484 0.416992 0.054688 0.083984
0 0.442383 0.394531 0.052734 0.101562
0 0.519531 0.341797 0.054688 0.113281
0 0.442383 0.312500 0.048828 0.136719
0 0.523438 0.252930 0.054688 0.134766
0 0.441406 0.222656 0.054688 0.121094
0 0.521484 0.164062 0.050781 0.121094
0 0.443359 0.131836 0.050781 0.146484
0 0.523438 0.070312 0.050781 0.136719
0 0.439453 0.054688 0.054688 0.105469
0 0.514648 0.020508 0.041016 0.037109
0 0.366211 0.452148 0.048828 0.111328
0 0.366211 0.362305 0.048828 0.119141
0 0.371094 0.281250 0.046875 0.101562
0 0.370117 0.202148 0.044922 0.130859
0 0.371094 0.125000 0.046875 0.109375
0 0.369141 0.052734 0.042969 0.101562
0 0.302734 0.115234 0.042969 0.125000
0 0.302734 0.049805 0.042969 0.095703
0 0.303711 0.182617 0.041016 0.103516
0 0.305664 0.258789 0.037109 0.115234
0 0.302734 0.331055 0.039062 0.099609
0 0.299805 0.402344 0.037109 0.105469
0 0.301758 0.479492 0.033203 0.083984
0 0.301758 0.549805 0.033203 0.103516
0 0.261719 0.569336 0.042969 0.087891
0 0.261719 0.500000 0.042969 0.093750
0 0.264648 0.431641 0.041016 0.109375
0 0.260742 0.367188 0.037109 0.082031
0 0.260742 0.300781 0.041016 0.113281
0 0.257812 0.231445 0.042969 0.083984
0 0.259766 0.164062 0.042969 0.125000
0 0.262695 0.094727 0.041016 0.115234
