0 0.026855 0.087243 0.041992 0.171554
0 0.031738 0.220674 0.043945 0.109971
0 0.099121 0.138563 0.090820 0.274194
0 0.167969 0.140029 0.044922 0.277126
0 0.213867 0.084311 0.042969 0.159824
0 0.215820 0.219208 0.050781 0.115836
0 0.284668 0.139296 0.086914 0.275660
0 0.353516 0.083578 0.044922 0.161290
0 0.354492 0.222874 0.048828 0.111437
0 0.401855 0.140029 0.045898 0.277126
0 0.471191 0.138563 0.092773 0.274194
0 0.540527 0.138563 0.045898 0.274194
0 0.585449 0.082845 0.043945 0.162757
0 0.584961 0.224340 0.044922 0.120235
0 0.654297 0.141496 0.091797 0.280059
0 0.723633 0.141496 0.044922 0.280059
0 0.770020 0.082845 0.043945 0.162757
0 0.769531 0.221408 0.042969 0.114370
0 0.838867 0.137830 0.091797 0.272727
0 0.908691 0.082845 0.043945 0.162757
0 0.907715 0.220674 0.045898 0.112903
0 0.952637 0.139296 0.043945 0.275660
0 0.988281 0.142962 0.023438 0.282991
0 0.026855 0.335777 0.051758 0.111437
0 0.027832 0.535191 0.049805 0.287390
0 0.076172 0.338710 0.042969 0.108504
0 0.077148 0.478739 0.042969 0.174487
0 0.075684 0.622434 0.045898 0.112903
0 0.122559 0.481672 0.047852 0.400293
0 0.192871 0.337243 0.092773 0.111437
0 0.194336 0.537390 0.089844 0.288856
0 0.262207 0.477273 0.047852 0.391496
0 0.309570 0.337243 0.046875 0.111437
0 0.378418 0.338710 0.090820 0.108504
0 0.448242 0.337977 0.048828 0.107038
0 0.449707 0.480205 0.045898 0.177419
0 0.449219 0.623900 0.044922 0.109971
0 0.495605 0.480938 0.047852 0.395894
0 0.376953 0.535924 0.091797 0.285924
0 0.310547 0.625367 0.041016 0.107038
0 0.309082 0.482405 0.036133 0.175953
0 0.563965 0.335777 0.086914 0.108504
0 0.630859 0.338710 0.046875 0.102639
0 0.676270 0.482405 0.043945 0.390029
0 0.562988 0.535191 0.092773 0.287390
0 0.630859 0.620968 0.042969 0.115836
0 0.632324 0.477273 0.040039 0.171554
0 0.747070 0.343109 0.087891 0.108504
0 0.813965 0.485337 0.045898 0.392962
0 0.747559 0.537390 0.090820 0.285924
0 0.857910 0.338710 0.047852 0.105572
0 0.928223 0.337243 0.092773 0.108504
0 0.987305 0.337977 0.025391 0.109971
0 0.857910 0.481672 0.041992 0.177419
0 0.857422 0.623900 0.042969 0.107038
0 0.929688 0.535191 0.093750 0.290323
0 0.988281 0.626100 0.023438 0.108504
0 0.988281 0.480205 0.019531 0.171554
0 0.030273 0.739003 0.044922 0.111437
0 0.100098 0.737537 0.094727 0.108504
0 0.100586 0.895894 0.093750 0.208211
0 0.032715 0.898094 0.049805 0.203812
0 0.170898 0.845308 0.050781 0.309384
0 0.214355 0.743402 0.041992 0.108504
0 0.285156 0.741202 0.099609 0.104106
0 0.355469 0.741202 0.041016 0.104106
0 0.216797 0.882698 0.044922 0.170088
0 0.218262 0.983871 0.041992 0.032258
0 0.285645 0.893695 0.094727 0.197947
0 0.355957 0.983138 0.041992 0.033724
0 0.355469 0.882698 0.039062 0.175953
0 0.401367 0.844575 0.050781 0.310850
0 0.471191 0.741935 0.090820 0.108504
0 0.468750 0.895161 0.087891 0.209677
0 0.584473 0.738270 0.041992 0.109971
0 0.652344 0.737537 0.093750 0.108504
0 0.655273 0.895894 0.087891 0.208211
0 0.583984 0.883431 0.041016 0.177419
0 0.586914 0.986070 0.042969 0.027859
0 0.538086 0.841642 0.044922 0.316716
0 0.723145 0.840176 0.045898 0.319648
0 0.771484 0.738270 0.044922 0.107038
0 0.837891 0.737537 0.087891 0.105572
0 0.904785 0.735337 0.045898 0.109971
0 0.950684 0.840176 0.045898 0.319648
0 0.987305 0.736804 0.025391 0.101173
0 0.985840 0.893695 0.028320 0.212610
0 0.904297 0.879032 0.042969 0.171554
0 0.905762 0.982405 0.040039 0.035191
0 0.837402 0.893695 0.088867 0.209677
0 0.767090 0.879032 0.041992 0.174487
0 0.766113 0.983138 0.043945 0.033724
