0 0.147461 0.377930 0.115234 0.173828
0 0.252930 0.420898 0.095703 0.087891
0 0.368164 0.375000 0.126953 0.175781
0 0.475586 0.404297 0.087891 0.117188
0 0.537109 0.406250 0.035156 0.121094
0 0.479492 0.322266 0.091797 0.050781
0 0.540039 0.324219 0.029297 0.042969
0 0.628906 0.419922 0.132812 0.097656
0 0.752930 0.378906 0.115234 0.179688
0 0.831055 0.328125 0.041016 0.035156
0 0.885742 0.328125 0.037109 0.035156
0 0.834961 0.405273 0.048828 0.119141
0 0.884766 0.408203 0.050781 0.113281
0 0.115234 0.681641 0.058594 0.160156
0 0.168945 0.681641 0.048828 0.160156
0 0.249023 0.719727 0.095703 0.087891
0 0.361328 0.680664 0.128906 0.166016
0 0.493164 0.682617 0.134766 0.169922
0 0.628906 0.724609 0.136719 0.085938
0 0.756836 0.675781 0.123047 0.175781
0 0.143555 0.944336 0.119141 0.111328
0 0.252930 0.903320 0.087891 0.041016
0 0.251953 0.961914 0.089844 0.076172
0 0.495117 0.900391 0.134766 0.035156
0 0.494141 0.958984 0.136719 0.082031
0 0.629883 0.901367 0.134766 0.037109
0 0.628906 0.959961 0.136719 0.080078
0 0.754883 0.941406 0.119141 0.117188
0 0.863281 0.940430 0.093750 0.119141
0 0.040039 0.720703 0.076172 0.082031
0 0.040039 0.898438 0.076172 0.027344
0 0.042969 0.955078 0.082031 0.085938
