0 0.718750 0.240234 0.183594 0.191406
0 0.843750 0.289062 0.066406 0.128906
0 0.687500 0.491211 0.085938 0.099609
0 0.837891 0.518555 0.066406 0.083984
0 0.698242 0.702148 0.076172 0.080078
0 0.511719 0.183594 0.074219 0.148438
0 0.419922 0.159180 0.066406 0.173828
0 0.334961 0.125977 0.076172 0.169922
0 0.244141 0.107422 0.070312 0.167969
0 0.148438 0.079102 0.074219 0.154297
0 0.155273 0.321289 0.064453 0.181641
0 0.244141 0.342773 0.074219 0.173828
0 0.332031 0.373047 0.066406 0.187500
0 0.421875 0.390625 0.070312 0.187500
0 0.510742 0.412109 0.060547 0.167969
0 0.157227 0.569336 0.068359 0.205078
0 0.248047 0.579102 0.074219 0.193359
0 0.332031 0.607422 0.062500 0.187500
0 0.419922 0.631836 0.058594 0.169922
0 0.501953 0.641602 0.054688 0.162109
0 0.151367 0.817383 0.060547 0.173828
0 0.243164 0.827148 0.060547 0.177734
0 0.332031 0.853516 0.058594 0.171875
0 0.420898 0.866211 0.056641 0.177734
0 0.511719 0.890625 0.062500 0.171875
0 0.068359 0.799805 0.058594 0.193359
0 0.069336 0.530273 0.048828 0.197266
0 0.071289 0.289062 0.044922 0.156250
