0 0.402344 0.033203 0.226562 0.062500
0 0.632812 0.032227 0.234375 0.060547
0 0.855469 0.032227 0.210938 0.060547
0 0.400391 0.101562 0.218750 0.066406
0 0.628906 0.101562 0.238281 0.066406
0 0.859375 0.098633 0.222656 0.060547
0 0.397461 0.207031 0.224609 0.058594
0 0.631836 0.207031 0.248047 0.058594
0 0.869141 0.206055 0.226562 0.056641
0 0.872070 0.272461 0.220703 0.076172
0 0.637695 0.273438 0.248047 0.074219
0 0.403320 0.274414 0.220703 0.076172
0 0.402344 0.379883 0.222656 0.056641
0 0.630859 0.382812 0.234375 0.050781
0 0.867188 0.383789 0.238281 0.052734
0 0.869141 0.453125 0.234375 0.085938
0 0.634766 0.458008 0.234375 0.076172
0 0.401367 0.453125 0.232422 0.066406
0 0.342773 0.560547 0.126953 0.066406
0 0.461914 0.560547 0.111328 0.066406
0 0.582031 0.556641 0.128906 0.058594
0 0.700195 0.559570 0.107422 0.052734
0 0.818359 0.561523 0.128906 0.056641
0 0.936523 0.562500 0.107422 0.054688
0 0.349609 0.632812 0.128906 0.078125
0 0.466797 0.631836 0.105469 0.080078
0 0.582031 0.630859 0.125000 0.078125
0 0.700195 0.630859 0.111328 0.078125
0 0.869141 0.629883 0.234375 0.076172
0 0.344727 0.738281 0.119141 0.062500
0 0.459961 0.739258 0.111328 0.060547
0 0.582031 0.738281 0.132812 0.058594
0 0.701172 0.738281 0.105469 0.058594
0 0.805664 0.737305 0.103516 0.056641
0 0.923828 0.733398 0.132812 0.064453
0 0.342773 0.801758 0.126953 0.064453
0 0.459961 0.801758 0.107422 0.064453
0 0.583008 0.806641 0.138672 0.074219
0 0.703125 0.805664 0.105469 0.076172
0 0.874023 0.800781 0.236328 0.066406
0 0.344727 0.911133 0.130859 0.064453
0 0.468750 0.911133 0.117188 0.064453
0 0.584961 0.917969 0.111328 0.078125
0 0.695312 0.919922 0.109375 0.074219
0 0.870117 0.911133 0.240234 0.056641
0 0.355469 0.976562 0.140625 0.042969
0 0.474609 0.974609 0.097656 0.046875
0 0.583984 0.972656 0.121094 0.042969
0 0.699219 0.972656 0.109375 0.042969
0 0.867188 0.975586 0.226562 0.048828
