0 0.133789 0.195312 0.197266 0.292969
0 0.306641 0.250000 0.152344 0.265625
0 0.446289 0.294922 0.134766 0.242188
0 0.566406 0.333984 0.109375 0.210938
0 0.669922 0.373047 0.093750 0.199219
0 0.749023 0.402344 0.064453 0.171875
0 0.818359 0.426758 0.078125 0.173828
0 0.890625 0.456055 0.070312 0.154297
0 0.943359 0.469727 0.042969 0.138672
0 0.136719 0.465820 0.203125 0.283203
0 0.305664 0.506836 0.150391 0.263672
0 0.446289 0.533203 0.134766 0.253906
0 0.565430 0.556641 0.111328 0.234375
0 0.667969 0.578125 0.093750 0.203125
0 0.745117 0.592773 0.064453 0.212891
0 0.816406 0.611328 0.074219 0.195312
0 0.887695 0.624023 0.064453 0.177734
0 0.944336 0.633789 0.041016 0.173828
0 0.132812 0.761719 0.195312 0.277344
0 0.306641 0.771484 0.152344 0.257812
0 0.450195 0.781250 0.130859 0.238281
0 0.566406 0.792969 0.109375 0.214844
0 0.665039 0.797852 0.087891 0.197266
0 0.743164 0.802734 0.068359 0.183594
0 0.818359 0.814453 0.082031 0.175781
0 0.896484 0.822266 0.070312 0.175781
0 0.942383 0.822266 0.033203 0.164062
