0 0.155273 0.499023 0.044922 0.283203
0 0.202148 0.489258 0.044922 0.275391
0 0.157227 0.335938 0.041016 0.089844
0 0.199219 0.316406 0.046875 0.089844
0 0.157227 0.251953 0.033203 0.128906
0 0.200195 0.223633 0.048828 0.126953
0 0.249023 0.373047 0.044922 0.468750
0 0.296875 0.350586 0.058594 0.505859
0 0.339844 0.191406 0.035156 0.218750
0 0.388672 0.237305 0.050781 0.099609
0 0.342773 0.363281 0.041016 0.156250
0 0.389648 0.349609 0.052734 0.164062
0 0.343750 0.503906 0.042969 0.148438
0 0.392578 0.496094 0.050781 0.164062
0 0.444336 0.359375 0.056641 0.402344
0 0.494141 0.341797 0.046875 0.414062
0 0.546875 0.320312 0.062500 0.421875
0 0.614258 0.293945 0.080078 0.439453
0 0.699219 0.221680 0.093750 0.384766
0 0.802734 0.071289 0.093750 0.138672
0 0.800781 0.248047 0.093750 0.285156
0 0.705078 0.039062 0.101562 0.074219
0 0.616211 0.050781 0.060547 0.097656
0 0.553711 0.069336 0.060547 0.134766
0 0.496094 0.080078 0.058594 0.156250
0 0.414062 0.118164 0.109375 0.189453
0 0.165039 0.772461 0.041016 0.298828
0 0.203125 0.666992 0.035156 0.107422
0 0.247070 0.646484 0.044922 0.097656
0 0.298828 0.632812 0.046875 0.101562
0 0.342773 0.621094 0.044922 0.101562
0 0.394531 0.605469 0.054688 0.105469
0 0.441406 0.598633 0.046875 0.099609
0 0.490234 0.710938 0.050781 0.367188
0 0.547852 0.563477 0.060547 0.115234
0 0.613281 0.553711 0.070312 0.111328
0 0.666016 0.623047 0.046875 0.437500
0 0.719727 0.727539 0.076172 0.119141
0 0.721680 0.624023 0.080078 0.115234
0 0.722656 0.551758 0.074219 0.068359
0 0.721680 0.463867 0.080078 0.150391
0 0.811523 0.418945 0.095703 0.126953
0 0.811523 0.518555 0.095703 0.126953
0 0.812500 0.656250 0.101562 0.195312
0 0.201172 0.851562 0.046875 0.292969
0 0.246094 0.836914 0.046875 0.318359
0 0.294922 0.833984 0.054688 0.324219
0 0.338867 0.781250 0.056641 0.250000
0 0.395508 0.828125 0.060547 0.156250
0 0.392578 0.730469 0.054688 0.066406
0 0.395508 0.678711 0.060547 0.060547
0 0.446289 0.769531 0.041016 0.265625
0 0.543945 0.750977 0.052734 0.279297
0 0.606445 0.741211 0.068359 0.291016
0 0.814453 0.718750 0.097656 0.316406
0 0.715820 0.913086 0.076172 0.166016
0 0.795898 0.939453 0.072266 0.121094
0 0.606445 0.946289 0.060547 0.107422
0 0.550781 0.949219 0.054688 0.101562
0 0.658203 0.917969 0.042969 0.164062
0 0.432617 0.952148 0.064453 0.095703
