0 0.251953 0.691406 0.175781 0.429688
0 0.079102 0.696289 0.154297 0.494141
0 0.077148 0.400391 0.150391 0.183594
0 0.076172 0.271484 0.148438 0.160156
0 0.076172 0.189453 0.148438 0.121094
0 0.666016 0.170898 0.105469 0.232422
0 0.764648 0.239258 0.103516 0.181641
0 0.875000 0.329102 0.117188 0.162109
0 0.593750 0.295898 0.054688 0.181641
0 0.666992 0.318359 0.099609 0.187500
0 0.249023 0.423828 0.193359 0.152344
0 0.597656 0.430664 0.046875 0.111328
0 0.670898 0.444336 0.095703 0.111328
0 0.748047 0.485352 0.050781 0.060547
0 0.814453 0.501953 0.062500 0.058594
0 0.659180 0.660156 0.095703 0.316406
0 0.746094 0.656250 0.082031 0.273438
0 0.820312 0.658203 0.062500 0.253906
