0 0.780273 0.257812 0.087891 0.144531
0 0.777344 0.126953 0.089844 0.183594
0 0.697266 0.182617 0.070312 0.162109
0 0.695312 0.359375 0.078125 0.269531
0 0.781250 0.387695 0.101562 0.181641
0 0.877930 0.341797 0.095703 0.179688
0 0.850586 0.264648 0.048828 0.080078
0 0.963867 0.182617 0.064453 0.150391
0 0.880859 0.211914 0.101562 0.154297
0 0.877930 0.088867 0.107422 0.173828
0 0.960938 0.064453 0.066406 0.125000
0 0.962891 0.319336 0.074219 0.154297
0 0.962891 0.455078 0.074219 0.152344
0 0.885742 0.478516 0.095703 0.160156
0 0.785156 0.508789 0.093750 0.142578
0 0.780273 0.659180 0.095703 0.193359
0 0.881836 0.633789 0.099609 0.212891
0 0.967773 0.614258 0.064453 0.205078
0 0.963867 0.779297 0.056641 0.156250
0 0.964844 0.913086 0.070312 0.115234
0 0.880859 0.921875 0.101562 0.140625
0 0.777344 0.937500 0.093750 0.125000
0 0.692383 0.940430 0.072266 0.119141
0 0.695312 0.827148 0.082031 0.138672
0 0.781250 0.812500 0.097656 0.144531
0 0.696289 0.679688 0.080078 0.187500
0 0.695312 0.535156 0.066406 0.144531
0 0.695312 0.358398 0.078125 0.263672
0 0.696289 0.065430 0.080078 0.126953
0 0.630859 0.837891 0.039062 0.128906
0 0.632812 0.697266 0.039062 0.179688
0 0.583984 0.713867 0.058594 0.173828
0 0.585938 0.854492 0.062500 0.107422
0 0.531250 0.725586 0.046875 0.150391
0 0.492188 0.741211 0.042969 0.162109
0 0.494141 0.867188 0.046875 0.113281
0 0.452148 0.751953 0.037109 0.160156
0 0.415039 0.774414 0.033203 0.169922
0 0.376953 0.771484 0.035156 0.152344
0 0.341797 0.797852 0.031250 0.173828
0 0.375000 0.902344 0.039062 0.117188
0 0.413086 0.891602 0.029297 0.107422
0 0.343750 0.920898 0.027344 0.087891
0 0.449219 0.964844 0.039062 0.070312
0 0.416992 0.972656 0.037109 0.054688
0 0.380859 0.973633 0.042969 0.052734
0 0.339844 0.979492 0.035156 0.041016
0 0.309570 0.981445 0.037109 0.037109
0 0.279297 0.985352 0.035156 0.029297
0 0.249023 0.988281 0.029297 0.023438
0 0.217773 0.991211 0.033203 0.017578
0 0.305664 0.764648 0.033203 0.091797
0 0.303711 0.835938 0.029297 0.093750
0 0.306641 0.920898 0.035156 0.087891
0 0.275391 0.852539 0.027344 0.240234
0 0.247070 0.824219 0.033203 0.152344
0 0.246094 0.933594 0.035156 0.082031
0 0.214844 0.870117 0.027344 0.232422
0 0.188477 0.875000 0.029297 0.222656
0 0.170898 0.834961 0.021484 0.115234
0 0.145508 0.842773 0.037109 0.126953
0 0.144531 0.940430 0.031250 0.095703
0 0.635742 0.559570 0.044922 0.134766
0 0.583008 0.583008 0.060547 0.138672
0 0.528320 0.595703 0.048828 0.125000
0 0.493164 0.610352 0.041016 0.126953
0 0.451172 0.631836 0.039062 0.123047
0 0.415039 0.644531 0.033203 0.117188
0 0.375977 0.607422 0.041016 0.210938
0 0.342773 0.618164 0.033203 0.205078
0 0.306641 0.632812 0.035156 0.214844
0 0.275391 0.644531 0.027344 0.203125
0 0.245117 0.609375 0.033203 0.097656
0 0.243164 0.703125 0.037109 0.113281
0 0.217773 0.670898 0.029297 0.201172
0 0.191406 0.682617 0.023438 0.185547
0 0.171875 0.694336 0.019531 0.173828
0 0.146484 0.668945 0.031250 0.103516
0 0.145508 0.750000 0.033203 0.097656
0 0.145508 0.582031 0.033203 0.117188
0 0.171875 0.565430 0.019531 0.107422
0 0.192383 0.551758 0.021484 0.107422
0 0.216797 0.538086 0.023438 0.103516
0 0.245117 0.517578 0.033203 0.109375
0 0.280273 0.500000 0.021484 0.105469
0 0.306641 0.488281 0.031250 0.113281
0 0.341797 0.471680 0.031250 0.111328
0 0.378906 0.458008 0.035156 0.115234
0 0.415039 0.441406 0.041016 0.117188
0 0.448242 0.439453 0.033203 0.089844
0 0.492188 0.398438 0.042969 0.128906
0 0.535156 0.379883 0.039062 0.130859
0 0.494141 0.503906 0.046875 0.113281
0 0.536133 0.488281 0.041016 0.117188
0 0.585938 0.408203 0.058594 0.238281
0 0.632812 0.389648 0.039062 0.244141
0 0.145508 0.498047 0.029297 0.093750
0 0.169922 0.481445 0.015625 0.087891
0 0.192383 0.463867 0.025391 0.099609
0 0.217773 0.398438 0.025391 0.195312
0 0.244141 0.419922 0.031250 0.117188
0 0.276367 0.359375 0.029297 0.203125
0 0.308594 0.385742 0.035156 0.119141
0 0.340820 0.368164 0.033203 0.123047
0 0.376953 0.359375 0.035156 0.113281
0 0.416016 0.330078 0.039062 0.132812
0 0.450195 0.326172 0.029297 0.160156
0 0.491211 0.287109 0.044922 0.132812
0 0.533203 0.268555 0.031250 0.123047
0 0.584961 0.235352 0.060547 0.150391
0 0.635742 0.213867 0.037109 0.146484
0 0.141602 0.387695 0.021484 0.185547
0 0.166016 0.403320 0.023438 0.099609
0 0.192383 0.373047 0.021484 0.101562
0 0.246094 0.332031 0.027344 0.105469
0 0.307617 0.291016 0.033203 0.117188
0 0.343750 0.266602 0.031250 0.115234
0 0.378906 0.252930 0.039062 0.138672
0 0.416992 0.223633 0.033203 0.123047
0 0.452148 0.203125 0.037109 0.132812
0 0.490234 0.177734 0.042969 0.136719
0 0.529297 0.150391 0.039062 0.136719
0 0.583008 0.119141 0.060547 0.160156
0 0.635742 0.081055 0.044922 0.158203
0 0.167969 0.311523 0.023438 0.111328
0 0.192383 0.286133 0.021484 0.103516
0 0.217773 0.264648 0.025391 0.111328
0 0.245117 0.241211 0.025391 0.107422
0 0.274414 0.213867 0.029297 0.115234
0 0.308594 0.188477 0.031250 0.126953
0 0.341797 0.166992 0.031250 0.130859
0 0.377930 0.136719 0.033203 0.140625
0 0.414062 0.090820 0.035156 0.177734
0 0.449219 0.112305 0.042969 0.076172
0 0.452148 0.051758 0.037109 0.099609
0 0.490234 0.066406 0.039062 0.128906
0 0.529297 0.051758 0.039062 0.099609
0 0.584961 0.036133 0.052734 0.068359
0 0.141602 0.269531 0.017578 0.097656
0 0.165039 0.227539 0.021484 0.099609
0 0.189453 0.203125 0.015625 0.089844
0 0.215820 0.167969 0.025391 0.101562
0 0.246094 0.103516 0.023438 0.183594
0 0.274414 0.087891 0.025391 0.171875
0 0.306641 0.108398 0.031250 0.080078
0 0.305664 0.046875 0.033203 0.085938
0 0.339844 0.060547 0.031250 0.117188
0 0.139648 0.188477 0.017578 0.126953
0 0.186523 0.090820 0.021484 0.158203
0 0.215820 0.091797 0.029297 0.082031
0 0.211914 0.039062 0.021484 0.074219
0 0.162109 0.143555 0.023438 0.119141
0 0.138672 0.125000 0.015625 0.082031
0 0.138672 0.055664 0.015625 0.107422
0 0.160156 0.060547 0.019531 0.117188
