0 0.287109 0.079102 0.058594 0.087891
0 0.344727 0.081055 0.056641 0.083984
0 0.410156 0.080078 0.074219 0.082031
0 0.485352 0.082031 0.076172 0.078125
0 0.554688 0.082031 0.062500 0.078125
0 0.618164 0.081055 0.064453 0.080078
0 0.684570 0.081055 0.068359 0.080078
0 0.748047 0.081055 0.058594 0.080078
0 0.804688 0.081055 0.054688 0.080078
0 0.869141 0.081055 0.074219 0.080078
0 0.315430 0.169922 0.107422 0.093750
0 0.409180 0.168945 0.080078 0.095703
0 0.490234 0.166992 0.082031 0.091797
0 0.555664 0.166992 0.048828 0.091797
0 0.647461 0.165039 0.134766 0.087891
0 0.773438 0.165039 0.117188 0.087891
0 0.868164 0.166992 0.072266 0.091797
0 0.865234 0.251953 0.078125 0.078125
0 0.785156 0.253906 0.082031 0.074219
0 0.729492 0.252930 0.029297 0.072266
0 0.683594 0.255859 0.062500 0.085938
0 0.618164 0.256836 0.068359 0.083984
0 0.547852 0.257812 0.072266 0.085938
0 0.483398 0.258789 0.056641 0.083984
0 0.440430 0.253906 0.029297 0.074219
0 0.400391 0.255859 0.050781 0.070312
0 0.336914 0.257812 0.076172 0.074219
0 0.282227 0.256836 0.033203 0.076172
0 0.324219 0.345703 0.121094 0.101562
0 0.448242 0.348633 0.126953 0.095703
0 0.613281 0.343750 0.203125 0.085938
0 0.754883 0.366211 0.048828 0.068359
0 0.804688 0.365234 0.050781 0.070312
0 0.866211 0.344727 0.076172 0.115234
0 0.869141 0.436523 0.070312 0.068359
0 0.309570 0.434570 0.091797 0.076172
0 0.383789 0.416992 0.052734 0.056641
0 0.433594 0.418945 0.046875 0.060547
0 0.484375 0.430664 0.054688 0.087891
0 0.545898 0.431641 0.068359 0.085938
0 0.614258 0.430664 0.068359 0.083984
0 0.679688 0.428711 0.062500 0.087891
0 0.729492 0.419922 0.037109 0.031250
0 0.784180 0.419922 0.072266 0.031250
0 0.827148 0.416992 0.013672 0.025391
0 0.870117 0.564453 0.068359 0.187500
0 0.742188 0.499023 0.058594 0.130859
0 0.805664 0.541016 0.060547 0.085938
0 0.805664 0.464844 0.060547 0.058594
0 0.824219 0.619141 0.027344 0.074219
0 0.783203 0.607422 0.054688 0.089844
0 0.722656 0.609375 0.066406 0.085938
0 0.665039 0.609375 0.048828 0.085938
0 0.609375 0.608398 0.062500 0.087891
0 0.549805 0.607422 0.056641 0.085938
0 0.493164 0.609375 0.056641 0.082031
0 0.427734 0.609375 0.074219 0.082031
0 0.374023 0.610352 0.033203 0.080078
0 0.346680 0.611328 0.021484 0.082031
0 0.436523 0.507812 0.052734 0.121094
0 0.521484 0.520508 0.117188 0.095703
0 0.646484 0.518555 0.132812 0.091797
0 0.385742 0.531250 0.048828 0.074219
0 0.382812 0.468750 0.054688 0.046875
0 0.329102 0.531250 0.064453 0.121094
0 0.278320 0.533203 0.037109 0.125000
0 0.279297 0.624023 0.039062 0.064453
0 0.317383 0.625000 0.037109 0.062500
0 0.456055 0.774414 0.197266 0.033203
0 0.647461 0.772461 0.048828 0.033203
0 0.773438 0.772461 0.203125 0.033203
0 0.890625 0.816406 0.031250 0.121094
0 0.748047 0.834961 0.253906 0.095703
0 0.457031 0.840820 0.199219 0.099609
0 0.333984 0.836914 0.046875 0.095703
0 0.285156 0.770508 0.050781 0.037109
0 0.284180 0.833984 0.052734 0.089844
0 0.284180 0.939453 0.052734 0.121094
