0 0.091797 0.435484 0.019531 0.041056
0 0.125977 0.439150 0.048828 0.048387
0 0.161133 0.439150 0.021484 0.048387
0 0.194824 0.437683 0.045898 0.045455
0 0.233887 0.437683 0.032227 0.045455
0 0.273926 0.437683 0.047852 0.045455
0 0.309082 0.436950 0.022461 0.046921
0 0.334473 0.437683 0.028320 0.048387
0 0.354980 0.436950 0.012695 0.049853
0 0.385254 0.437683 0.047852 0.051320
0 0.419434 0.438416 0.020508 0.049853
0 0.443848 0.436950 0.028320 0.046921
0 0.468262 0.436217 0.020508 0.048387
0 0.501953 0.437683 0.046875 0.051320
0 0.551758 0.436950 0.050781 0.052786
0 0.591797 0.435484 0.029297 0.049853
0 0.611328 0.436217 0.009766 0.048387
0 0.640625 0.434751 0.048828 0.045455
0 0.674316 0.434751 0.018555 0.045455
0 0.694824 0.434018 0.022461 0.043988
0 0.728516 0.434751 0.044922 0.042522
0 0.766602 0.435484 0.031250 0.043988
0 0.796387 0.435484 0.028320 0.043988
0 0.834473 0.434018 0.047852 0.041056
0 0.866699 0.432551 0.016602 0.043988
0 0.889648 0.431818 0.029297 0.042522
0 0.891602 0.518328 0.025391 0.130499
0 0.871094 0.519795 0.027344 0.127566
0 0.839355 0.519795 0.057617 0.127566
0 0.801270 0.519795 0.038086 0.130499
0 0.771484 0.519795 0.039062 0.130499
0 0.733398 0.519062 0.054688 0.129032
0 0.698730 0.521994 0.028320 0.129032
0 0.677734 0.521261 0.029297 0.130499
0 0.642090 0.522727 0.051758 0.124633
0 0.613281 0.523460 0.013672 0.126100
0 0.592773 0.521994 0.031250 0.123167
0 0.086426 0.520528 0.028320 0.126100
0 0.122070 0.523460 0.060547 0.126100
0 0.157227 0.523460 0.027344 0.131965
0 0.192383 0.524194 0.056641 0.133431
0 0.231934 0.522727 0.032227 0.130499
0 0.272461 0.523460 0.050781 0.126100
0 0.308105 0.524194 0.020508 0.127566
0 0.331543 0.522727 0.026367 0.124633
0 0.353516 0.522727 0.011719 0.127566
0 0.383789 0.522727 0.048828 0.127566
0 0.418457 0.522727 0.020508 0.130499
0 0.442871 0.523460 0.030273 0.126100
0 0.468262 0.521994 0.020508 0.126100
0 0.503906 0.523460 0.050781 0.129032
0 0.553223 0.522727 0.047852 0.130499
