0 0.092773 0.306641 0.041016 0.066406
0 0.127930 0.320312 0.029297 0.062500
0 0.092773 0.360352 0.041016 0.064453
0 0.128906 0.370117 0.035156 0.056641
0 0.088867 0.407227 0.041016 0.056641
0 0.126953 0.418945 0.031250 0.060547
0 0.089844 0.456055 0.042969 0.052734
0 0.125977 0.467773 0.033203 0.056641
0 0.088867 0.506836 0.041016 0.060547
0 0.125000 0.516602 0.031250 0.060547
0 0.087891 0.556641 0.042969 0.058594
0 0.125000 0.564453 0.031250 0.054688
0 0.086914 0.602539 0.041016 0.052734
0 0.125977 0.610352 0.033203 0.048828
0 0.085938 0.649414 0.046875 0.052734
0 0.124023 0.652344 0.033203 0.050781
0 0.090820 0.753906 0.044922 0.164062
0 0.126953 0.756836 0.035156 0.162109
0 0.969727 0.305664 0.048828 0.228516
0 0.923828 0.311523 0.054688 0.220703
0 0.974609 0.088867 0.050781 0.173828
0 0.924805 0.100586 0.052734 0.197266
0 0.867188 0.109375 0.066406 0.214844
0 0.804688 0.134766 0.058594 0.214844
0 0.746094 0.158203 0.054688 0.199219
0 0.869141 0.327148 0.062500 0.205078
0 0.688477 0.179688 0.033203 0.183594
0 0.649414 0.197266 0.041016 0.179688
0 0.609375 0.211914 0.042969 0.177734
0 0.570312 0.228516 0.035156 0.171875
0 0.523438 0.244141 0.058594 0.175781
0 0.807617 0.343750 0.060547 0.203125
0 0.748047 0.357422 0.058594 0.191406
0 0.686523 0.375977 0.033203 0.181641
0 0.650391 0.383789 0.046875 0.177734
0 0.609375 0.395508 0.042969 0.169922
0 0.570312 0.404297 0.039062 0.167969
0 0.521484 0.420898 0.058594 0.173828
0 0.972656 0.536133 0.054688 0.205078
0 0.920898 0.540039 0.044922 0.208984
0 0.867188 0.542969 0.062500 0.191406
0 0.805664 0.554688 0.060547 0.191406
0 0.747070 0.562500 0.056641 0.183594
0 0.687500 0.570312 0.035156 0.171875
0 0.648438 0.573242 0.042969 0.166016
0 0.608398 0.579102 0.044922 0.162109
0 0.569336 0.585938 0.037109 0.160156
0 0.536133 0.588867 0.037109 0.158203
0 0.501953 0.593750 0.027344 0.156250
0 0.972656 0.733398 0.050781 0.185547
0 0.921875 0.729492 0.046875 0.177734
0 0.868164 0.731445 0.060547 0.177734
0 0.808594 0.729492 0.054688 0.177734
0 0.748047 0.736328 0.062500 0.175781
0 0.689453 0.734375 0.031250 0.160156
0 0.651367 0.737305 0.044922 0.158203
0 0.608398 0.734375 0.044922 0.152344
0 0.567383 0.735352 0.041016 0.146484
0 0.522461 0.739258 0.056641 0.146484
0 0.970703 0.870117 0.050781 0.083984
0 0.921875 0.864258 0.050781 0.076172
0 0.866211 0.861328 0.060547 0.078125
0 0.808594 0.857422 0.054688 0.074219
0 0.751953 0.857422 0.062500 0.082031
0 0.689453 0.850586 0.039062 0.072266
0 0.651367 0.848633 0.048828 0.068359
0 0.608398 0.847656 0.044922 0.070312
0 0.568359 0.842773 0.035156 0.064453
0 0.518555 0.838867 0.060547 0.064453
0 0.466797 0.436523 0.035156 0.158203
0 0.433594 0.446289 0.031250 0.150391
0 0.401367 0.454102 0.029297 0.154297
0 0.369141 0.464844 0.035156 0.148438
0 0.339844 0.470703 0.027344 0.148438
0 0.315430 0.479492 0.025391 0.142578
0 0.312500 0.337891 0.015625 0.132812
0 0.332031 0.328125 0.019531 0.136719
0 0.354492 0.321289 0.021484 0.146484
0 0.378906 0.310547 0.027344 0.148438
0 0.406250 0.297852 0.027344 0.154297
0 0.451172 0.278320 0.062500 0.173828
0 0.471680 0.596680 0.021484 0.150391
0 0.440430 0.596680 0.041016 0.138672
0 0.404297 0.603516 0.027344 0.136719
0 0.377930 0.609375 0.029297 0.132812
0 0.352539 0.611328 0.025391 0.128906
0 0.333008 0.615234 0.021484 0.128906
0 0.311523 0.616211 0.021484 0.130859
0 0.472656 0.750000 0.023438 0.121094
0 0.441406 0.747070 0.039062 0.115234
0 0.406250 0.746094 0.031250 0.113281
0 0.377930 0.747070 0.025391 0.111328
0 0.353516 0.746094 0.023438 0.109375
0 0.331055 0.746094 0.021484 0.109375
0 0.310547 0.748047 0.019531 0.109375
0 0.474609 0.834961 0.023438 0.056641
0 0.441406 0.833984 0.042969 0.054688
0 0.407227 0.833984 0.029297 0.054688
0 0.378906 0.832031 0.023438 0.054688
0 0.355469 0.830078 0.023438 0.054688
0 0.333008 0.828125 0.025391 0.046875
0 0.311523 0.827148 0.021484 0.048828
