0 0.705078 0.184570 0.101562 0.224609
0 0.803711 0.248047 0.099609 0.222656
0 0.702148 0.358398 0.103516 0.228516
0 0.803711 0.416016 0.107422 0.226562
0 0.699219 0.525391 0.113281 0.210938
0 0.807617 0.577148 0.099609 0.197266
0 0.701172 0.680664 0.113281 0.197266
0 0.811523 0.723633 0.115234 0.173828
0 0.961914 0.797852 0.064453 0.138672
0 0.963867 0.667969 0.068359 0.167969
0 0.962891 0.524414 0.066406 0.169922
0 0.966797 0.389648 0.066406 0.146484
0 0.965820 0.272461 0.068359 0.123047
0 0.917969 0.195312 0.027344 0.214844
0 0.918945 0.342773 0.029297 0.150391
0 0.917969 0.485352 0.027344 0.181641
0 0.916016 0.636719 0.027344 0.152344
0 0.917969 0.763672 0.027344 0.128906
0 0.918945 0.898438 0.025391 0.140625
0 0.699219 0.950195 0.105469 0.099609
0 0.802734 0.961914 0.097656 0.076172
0 0.546875 0.776367 0.039062 0.185547
0 0.552734 0.933594 0.050781 0.132812
0 0.621094 0.936523 0.062500 0.119141
0 0.618164 0.798828 0.056641 0.191406
0 0.616211 0.639648 0.060547 0.193359
0 0.612305 0.473633 0.064453 0.193359
0 0.614258 0.297852 0.060547 0.232422
0 0.622070 0.121094 0.060547 0.210938
0 0.545898 0.086914 0.048828 0.169922
0 0.546875 0.251953 0.039062 0.226562
0 0.547852 0.436523 0.041016 0.193359
0 0.545898 0.601562 0.041016 0.183594
0 0.549805 0.776367 0.037109 0.177734
0 0.477539 0.748047 0.111328 0.230469
0 0.476562 0.916016 0.109375 0.164062
0 0.375977 0.890625 0.099609 0.179688
0 0.371094 0.708008 0.101562 0.232422
0 0.273438 0.673828 0.101562 0.253906
0 0.165039 0.636719 0.119141 0.261719
0 0.056641 0.592773 0.109375 0.287109
0 0.112305 0.376953 0.220703 0.355469
0 0.272461 0.459961 0.099609 0.275391
0 0.372070 0.509766 0.099609 0.253906
0 0.474609 0.563477 0.093750 0.224609
0 0.471680 0.374023 0.099609 0.251953
0 0.375000 0.314453 0.101562 0.269531
0 0.272461 0.238281 0.095703 0.292969
0 0.168945 0.165039 0.119141 0.322266
0 0.165039 0.045898 0.115234 0.087891
0 0.273438 0.092773 0.101562 0.181641
0 0.372070 0.125977 0.107422 0.248047
0 0.477539 0.190430 0.099609 0.271484
