0 0.019531 0.027086 0.023438 0.051245
0 0.046387 0.027086 0.030273 0.051245
0 0.075195 0.027086 0.027344 0.051245
0 0.102051 0.027818 0.026367 0.052709
0 0.128906 0.027818 0.027344 0.052709
0 0.155762 0.028551 0.026367 0.054173
0 0.183105 0.028551 0.028320 0.054173
0 0.210938 0.027818 0.027344 0.052709
0 0.237305 0.027818 0.025391 0.052709
0 0.263672 0.027086 0.027344 0.051245
0 0.290527 0.027086 0.026367 0.051245
0 0.316895 0.028551 0.026367 0.054173
0 0.344238 0.028551 0.028320 0.054173
0 0.372070 0.027818 0.027344 0.052709
0 0.398926 0.027818 0.026367 0.052709
0 0.425293 0.027818 0.026367 0.052709
0 0.452148 0.027818 0.027344 0.052709
0 0.479004 0.027086 0.026367 0.051245
0 0.506348 0.027086 0.028320 0.051245
0 0.533691 0.027086 0.026367 0.051245
0 0.561035 0.027086 0.028320 0.051245
0 0.588867 0.027086 0.027344 0.051245
0 0.615723 0.027086 0.026367 0.051245
0 0.642578 0.027086 0.027344 0.051245
0 0.643066 0.113470 0.026367 0.121523
0 0.616211 0.116398 0.027344 0.115666
0 0.589844 0.117862 0.025391 0.118594
0 0.562500 0.115666 0.029297 0.122987
0 0.534668 0.114934 0.026367 0.121523
0 0.507812 0.115666 0.027344 0.120059
0 0.480957 0.115666 0.026367 0.120059
0 0.453613 0.237921 0.028320 0.124451
0 0.426758 0.237189 0.025391 0.125915
0 0.400879 0.235725 0.026367 0.122987
0 0.373535 0.238653 0.028320 0.117130
0 0.345703 0.237921 0.027344 0.115666
0 0.318359 0.236457 0.027344 0.118594
0 0.291504 0.235725 0.026367 0.117130
0 0.264160 0.237189 0.028320 0.114202
0 0.237793 0.238653 0.024414 0.117130
0 0.212402 0.238653 0.026367 0.117130
0 0.183594 0.237921 0.031250 0.115666
0 0.155762 0.236457 0.024414 0.118594
0 0.129395 0.235725 0.028320 0.117130
0 0.104004 0.235725 0.022461 0.117130
0 0.077637 0.237189 0.030273 0.120059
0 0.049316 0.238653 0.026367 0.117130
0 0.020508 0.237921 0.031250 0.115666
0 0.020508 0.112738 0.027344 0.122987
0 0.047363 0.113470 0.026367 0.121523
0 0.074707 0.114202 0.028320 0.122987
0 0.102051 0.114934 0.026367 0.121523
0 0.129395 0.114934 0.028320 0.121523
0 0.155762 0.117130 0.024414 0.117130
0 0.182617 0.117130 0.029297 0.117130
0 0.210938 0.115666 0.027344 0.120059
0 0.237793 0.115666 0.026367 0.120059
0 0.264160 0.114202 0.026367 0.122987
0 0.291016 0.114934 0.027344 0.124451
0 0.316895 0.115666 0.024414 0.122987
0 0.344238 0.116398 0.030273 0.124451
0 0.372559 0.115666 0.026367 0.125915
0 0.399414 0.114934 0.027344 0.124451
0 0.426270 0.114934 0.026367 0.124451
0 0.453125 0.114202 0.027344 0.122987
0 0.479980 0.114202 0.026367 0.122987
0 0.507324 0.114934 0.028320 0.124451
0 0.534180 0.116398 0.025391 0.121523
0 0.561523 0.114202 0.029297 0.117130
0 0.588379 0.112738 0.024414 0.120059
0 0.614258 0.112006 0.027344 0.118594
0 0.479980 0.233529 0.026367 0.121523
0 0.506348 0.234993 0.026367 0.118594
0 0.532715 0.237189 0.026367 0.122987
0 0.561523 0.236457 0.031250 0.124451
0 0.589844 0.234993 0.025391 0.121523
0 0.613770 0.234261 0.022461 0.122987
0 0.641113 0.234261 0.032227 0.122987
0 0.642090 0.355783 0.030273 0.120059
0 0.614258 0.355783 0.025391 0.120059
0 0.587891 0.354319 0.027344 0.117130
0 0.560547 0.355783 0.027344 0.114202
0 0.533203 0.357247 0.027344 0.117130
0 0.506348 0.354319 0.026367 0.122987
0 0.479004 0.355051 0.028320 0.124451
0 0.452148 0.357247 0.025391 0.120059
0 0.425293 0.356515 0.028320 0.118594
0 0.398438 0.355783 0.025391 0.120059
0 0.371094 0.355783 0.029297 0.120059
0 0.344238 0.356515 0.024414 0.118594
0 0.317871 0.356515 0.028320 0.118594
0 0.291016 0.355783 0.025391 0.120059
0 0.262695 0.355783 0.031250 0.120059
0 0.237305 0.356515 0.019531 0.118594
0 0.211426 0.355783 0.032227 0.117130
0 0.182129 0.355051 0.026367 0.118594
0 0.154297 0.355051 0.029297 0.118594
0 0.127930 0.355783 0.023438 0.117130
0 0.102539 0.357247 0.027344 0.120059
0 0.074219 0.357247 0.029297 0.120059
0 0.047363 0.357247 0.024414 0.120059
0 0.020020 0.356515 0.030273 0.121523
0 0.670410 0.027818 0.028320 0.052709
0 0.697266 0.027818 0.025391 0.052709
0 0.723633 0.027818 0.027344 0.052709
0 0.750977 0.027818 0.027344 0.052709
0 0.778320 0.027818 0.027344 0.052709
0 0.805176 0.027086 0.026367 0.051245
0 0.832031 0.027086 0.027344 0.051245
0 0.858398 0.027818 0.025391 0.052709
0 0.885254 0.028551 0.028320 0.051245
0 0.913086 0.029283 0.025391 0.052709
0 0.940430 0.028551 0.029297 0.054173
0 0.966309 0.026354 0.022461 0.049780
0 0.987793 0.026354 0.020508 0.049780
0 0.668945 0.112738 0.027344 0.122987
0 0.696289 0.114202 0.027344 0.120059
0 0.723145 0.114202 0.026367 0.120059
0 0.750000 0.114202 0.027344 0.120059
0 0.777344 0.113470 0.027344 0.118594
0 0.804199 0.113470 0.026367 0.118594
0 0.830566 0.114202 0.026367 0.120059
0 0.857422 0.114934 0.027344 0.118594
0 0.885254 0.114934 0.028320 0.118594
0 0.912598 0.114934 0.026367 0.118594
0 0.939453 0.115666 0.027344 0.120059
0 0.966309 0.113470 0.026367 0.124451
0 0.988281 0.112006 0.017578 0.121523
0 0.668945 0.235725 0.027344 0.120059
0 0.696289 0.235725 0.027344 0.120059
0 0.722168 0.235725 0.024414 0.120059
0 0.749023 0.237189 0.029297 0.117130
0 0.668457 0.356515 0.026367 0.115666
0 0.695801 0.356515 0.028320 0.115666
0 0.723145 0.356515 0.026367 0.115666
