0 0.124512 0.672035 0.084961 0.307467
0 0.182129 0.663982 0.053711 0.273792
0 0.247559 0.665447 0.026367 0.244510
0 0.298340 0.664714 0.077148 0.234261
0 0.068848 0.670571 0.059570 0.298682
0 0.030273 0.671303 0.058594 0.282577
0 0.032227 0.496340 0.062500 0.070278
0 0.081055 0.485359 0.044922 0.071742
0 0.132812 0.487555 0.064453 0.087848
0 0.187500 0.501464 0.042969 0.074671
0 0.251465 0.517570 0.030273 0.065886
0 0.302734 0.528551 0.072266 0.076135
0 0.432617 0.562225 0.013672 0.052709
0 0.464355 0.565154 0.045898 0.049780
0 0.504395 0.573939 0.034180 0.046852
0 0.432617 0.674963 0.015625 0.187408
0 0.464844 0.674231 0.042969 0.183016
0 0.503906 0.672767 0.035156 0.165447
0 0.389648 0.071010 0.064453 0.136164
0 0.434082 0.115666 0.026367 0.105417
0 0.388672 0.158126 0.064453 0.140556
0 0.434082 0.196925 0.024414 0.098097
0 0.384766 0.272328 0.066406 0.204978
0 0.432129 0.305271 0.024414 0.162518
0 0.382812 0.370425 0.068359 0.079063
0 0.431641 0.398243 0.027344 0.049780
0 0.558594 0.387262 0.058594 0.147877
0 0.608887 0.423133 0.047852 0.125915
0 0.650391 0.450952 0.039062 0.111274
0 0.683105 0.472914 0.030273 0.096633
0 0.709473 0.494143 0.024414 0.080527
0 0.731445 0.508053 0.019531 0.076135
0 0.750000 0.521962 0.017578 0.065886
0 0.766113 0.533675 0.016602 0.062958
0 0.778809 0.540996 0.012695 0.057101
0 0.791016 0.551977 0.011719 0.052709
0 0.801758 0.559297 0.009766 0.049780
0 0.812012 0.566618 0.008789 0.043924
