0 0.104492 0.110352 0.064453 0.048828
0 0.166016 0.111328 0.058594 0.046875
0 0.221680 0.110352 0.052734 0.044922
0 0.279297 0.112305 0.062500 0.041016
0 0.339844 0.112305 0.058594 0.041016
0 0.399414 0.110352 0.060547 0.044922
0 0.455078 0.110352 0.050781 0.044922
0 0.504883 0.111328 0.048828 0.042969
0 0.561523 0.110352 0.064453 0.041016
0 0.624023 0.109375 0.060547 0.042969
0 0.686523 0.108398 0.064453 0.041016
0 0.750000 0.109375 0.062500 0.039062
0 0.807617 0.110352 0.052734 0.041016
0 0.860352 0.109375 0.052734 0.042969
0 0.105469 0.221680 0.054688 0.060547
0 0.164062 0.220703 0.062500 0.062500
0 0.220703 0.218750 0.050781 0.058594
0 0.278320 0.219727 0.064453 0.056641
0 0.337891 0.221680 0.054688 0.060547
0 0.396484 0.221680 0.062500 0.060547
0 0.455078 0.221680 0.054688 0.060547
0 0.510742 0.220703 0.056641 0.062500
0 0.568359 0.219727 0.058594 0.060547
0 0.626953 0.217773 0.058594 0.064453
0 0.685547 0.216797 0.058594 0.062500
0 0.749023 0.216797 0.064453 0.062500
0 0.811523 0.215820 0.060547 0.060547
0 0.864258 0.215820 0.044922 0.060547
0 0.101562 0.334961 0.058594 0.052734
0 0.162109 0.332031 0.062500 0.058594
0 0.220703 0.332031 0.054688 0.058594
0 0.277344 0.333008 0.058594 0.056641
0 0.336914 0.333008 0.060547 0.056641
0 0.397461 0.333984 0.060547 0.054688
0 0.451172 0.333984 0.046875 0.058594
0 0.506836 0.334961 0.064453 0.056641
0 0.567383 0.336914 0.056641 0.060547
0 0.624023 0.334961 0.056641 0.064453
0 0.683594 0.333984 0.062500 0.062500
0 0.743164 0.335938 0.056641 0.058594
0 0.805664 0.336914 0.068359 0.060547
0 0.864258 0.336914 0.048828 0.060547
0 0.102539 0.449219 0.056641 0.066406
0 0.159180 0.448242 0.056641 0.068359
0 0.219727 0.447266 0.064453 0.066406
0 0.278320 0.448242 0.052734 0.064453
0 0.336914 0.447266 0.064453 0.062500
0 0.396484 0.447266 0.054688 0.062500
0 0.453125 0.446289 0.058594 0.060547
0 0.513672 0.446289 0.062500 0.060547
0 0.573242 0.445312 0.056641 0.058594
0 0.628906 0.445312 0.054688 0.058594
0 0.686523 0.445312 0.060547 0.058594
0 0.746094 0.446289 0.058594 0.056641
0 0.807617 0.448242 0.064453 0.060547
0 0.863281 0.447266 0.046875 0.062500
0 0.106445 0.555664 0.060547 0.060547
0 0.167969 0.555664 0.062500 0.060547
0 0.225586 0.556641 0.052734 0.062500
0 0.279297 0.559570 0.054688 0.056641
0 0.338867 0.561523 0.064453 0.060547
0 0.398438 0.563477 0.054688 0.056641
0 0.450195 0.565430 0.048828 0.060547
0 0.506836 0.560547 0.064453 0.070312
0 0.568359 0.557617 0.058594 0.064453
0 0.626953 0.559570 0.058594 0.060547
0 0.687500 0.560547 0.062500 0.062500
0 0.747070 0.559570 0.056641 0.064453
0 0.806641 0.556641 0.062500 0.058594
0 0.861328 0.557617 0.046875 0.056641
0 0.104492 0.667969 0.064453 0.058594
0 0.164062 0.666992 0.054688 0.060547
0 0.217773 0.666992 0.052734 0.060547
0 0.272461 0.668945 0.056641 0.056641
0 0.333984 0.668945 0.066406 0.056641
0 0.396484 0.667969 0.058594 0.058594
0 0.453125 0.666992 0.054688 0.056641
0 0.507812 0.667969 0.054688 0.054688
0 0.565430 0.669922 0.060547 0.058594
0 0.625977 0.670898 0.060547 0.056641
0 0.687500 0.670898 0.062500 0.056641
0 0.745117 0.667969 0.052734 0.062500
0 0.802734 0.666992 0.062500 0.060547
0 0.861328 0.667969 0.054688 0.058594
0 0.110352 0.779297 0.056641 0.062500
0 0.165039 0.780273 0.052734 0.060547
0 0.218750 0.778320 0.054688 0.056641
0 0.277344 0.777344 0.062500 0.058594
0 0.336914 0.776367 0.056641 0.056641
0 0.396484 0.775391 0.058594 0.058594
0 0.453125 0.775391 0.054688 0.058594
0 0.507812 0.776367 0.054688 0.056641
0 0.565430 0.777344 0.060547 0.058594
0 0.625000 0.777344 0.058594 0.058594
0 0.686523 0.778320 0.064453 0.060547
0 0.747070 0.778320 0.056641 0.060547
0 0.806641 0.778320 0.062500 0.060547
0 0.861328 0.778320 0.046875 0.060547
0 0.106445 0.890625 0.056641 0.058594
0 0.162109 0.890625 0.054688 0.058594
0 0.217773 0.890625 0.056641 0.058594
0 0.278320 0.889648 0.064453 0.060547
0 0.339844 0.890625 0.058594 0.062500
0 0.395508 0.891602 0.052734 0.060547
0 0.451172 0.888672 0.058594 0.054688
0 0.508789 0.888672 0.056641 0.054688
0 0.568359 0.887695 0.062500 0.052734
0 0.627930 0.887695 0.056641 0.052734
0 0.684570 0.889648 0.056641 0.056641
0 0.744141 0.889648 0.062500 0.056641
0 0.804688 0.889648 0.058594 0.056641
0 0.859375 0.886719 0.050781 0.062500
