0 0.073242 0.486804 0.144531 0.240469
0 0.306152 0.488270 0.153320 0.249267
0 0.569824 0.526393 0.139648 0.161290
0 0.683105 0.521261 0.079102 0.156891
0 0.798340 0.529326 0.139648 0.152493
0 0.933105 0.557185 0.125977 0.211144
0 0.940430 0.744135 0.119141 0.156891
0 0.568359 0.392229 0.146484 0.107038
0 0.679688 0.391496 0.076172 0.105572
0 0.791992 0.390029 0.148438 0.093842
0 0.916016 0.396628 0.109375 0.104106
0 0.981445 0.391496 0.037109 0.090909
0 0.022949 0.234604 0.043945 0.079179
0 0.110352 0.231672 0.148438 0.076246
0 0.216797 0.230205 0.070312 0.076246
0 0.325195 0.230205 0.146484 0.076246
0 0.447266 0.266862 0.093750 0.143695
0 0.566406 0.268328 0.144531 0.140762
0 0.676270 0.266129 0.075195 0.136364
0 0.786133 0.271261 0.152344 0.146628
0 0.905273 0.274927 0.109375 0.148094
0 0.975098 0.273460 0.049805 0.142229
0 0.890625 0.101906 0.109375 0.200880
0 0.968750 0.109971 0.062500 0.158358
0 0.775879 0.110704 0.141602 0.171554
0 0.668945 0.102639 0.068359 0.202346
0 0.563477 0.100440 0.140625 0.197947
0 0.446289 0.098240 0.099609 0.193548
0 0.332031 0.096041 0.146484 0.189150
0 0.226074 0.097507 0.079102 0.192082
0 0.114746 0.107038 0.153320 0.175953
0 0.131836 0.011730 0.128906 0.020528
0 0.032715 0.098240 0.063477 0.193548
