0 0.209961 0.270508 0.068359 0.365234
0 0.290039 0.287109 0.099609 0.398438
0 0.375000 0.288086 0.070312 0.396484
0 0.459961 0.287109 0.099609 0.394531
0 0.544922 0.287109 0.070312 0.394531
0 0.868164 0.287109 0.130859 0.402344
0 0.963867 0.288086 0.060547 0.400391
0 0.045898 0.744141 0.072266 0.359375
0 0.203125 0.742188 0.066406 0.351562
0 0.288086 0.742188 0.103516 0.351562
0 0.373047 0.741211 0.066406 0.349609
0 0.462891 0.742188 0.113281 0.347656
0 0.549805 0.742188 0.060547 0.347656
0 0.868164 0.739258 0.130859 0.349609
0 0.963867 0.737305 0.060547 0.353516
