0 0.101351 0.366126 0.156757 0.302231
0 0.138514 0.168357 0.139189 0.251521
0 0.244595 0.109533 0.127027 0.215010
0 0.215541 0.297160 0.141892 0.294118
0 0.067568 0.668357 0.132432 0.310345
0 0.172973 0.602434 0.154054 0.324544
0 0.139865 0.846856 0.160811 0.302231
0 0.047297 0.884381 0.091892 0.227181
0 0.378378 0.211968 0.148649 0.302231
0 0.509459 0.138945 0.135135 0.273834
0 0.358108 0.467546 0.167568 0.379310
0 0.496622 0.386410 0.158108 0.387424
0 0.328378 0.773834 0.178378 0.411765
0 0.483784 0.687627 0.170270 0.405680
0 0.701351 0.270791 0.172973 0.359026
0 0.873649 0.177485 0.182432 0.350913
0 0.710811 0.572008 0.189189 0.478702
0 0.892568 0.482759 0.206757 0.486815
0 0.716892 0.852941 0.198649 0.294118
0 0.897297 0.805274 0.200000 0.389452
