0 0.027344 0.240234 0.046875 0.214844
0 0.088867 0.207031 0.068359 0.246094
0 0.165039 0.173828 0.083984 0.269531
0 0.271484 0.136719 0.125000 0.269531
0 0.398438 0.128906 0.144531 0.253906
0 0.562500 0.089844 0.105469 0.175781
0 0.786133 0.050781 0.115234 0.097656
0 0.941406 0.029297 0.117188 0.054688
0 0.029297 0.436523 0.050781 0.220703
0 0.083984 0.422852 0.066406 0.232422
0 0.166992 0.397461 0.103516 0.267578
0 0.268555 0.374023 0.126953 0.271484
0 0.400391 0.346680 0.140625 0.298828
0 0.554688 0.313477 0.121094 0.318359
0 0.793945 0.248047 0.107422 0.359375
0 0.931641 0.208984 0.132812 0.386719
0 0.026367 0.704102 0.048828 0.326172
0 0.085938 0.699219 0.062500 0.343750
0 0.166992 0.692383 0.087891 0.373047
0 0.273438 0.702148 0.117188 0.404297
0 0.401367 0.700195 0.138672 0.455078
0 0.543945 0.689453 0.142578 0.488281
0 0.791992 0.679688 0.123047 0.539062
0 0.923828 0.674805 0.136719 0.580078
