0 0.088889 0.479323 0.061111 0.071429
0 0.145833 0.483083 0.052778 0.063910
0 0.191667 0.488722 0.050000 0.067669
0 0.240278 0.496241 0.041667 0.060150
0 0.337500 0.627820 0.025000 0.210526
0 0.363889 0.631579 0.022222 0.225564
0 0.388889 0.627820 0.022222 0.240602
0 0.413889 0.622180 0.027778 0.259398
0 0.440278 0.618421 0.025000 0.274436
0 0.511111 0.609023 0.061111 0.323308
0 0.527778 0.310150 0.027778 0.101504
0 0.580556 0.315789 0.066667 0.120301
0 0.643056 0.338346 0.058333 0.112782
0 0.698611 0.357143 0.058333 0.112782
0 0.751389 0.370301 0.058333 0.109023
0 0.795833 0.385338 0.047222 0.093985
0 0.586111 0.612782 0.088889 0.323308
0 0.655556 0.612782 0.077778 0.308271
0 0.709722 0.616541 0.063889 0.285714
0 0.786111 0.618421 0.116667 0.281955
0 0.883333 0.315789 0.105556 0.203008
0 0.583333 0.242481 0.077778 0.071429
0 0.655556 0.268797 0.072222 0.086466
0 0.861111 0.530075 0.027778 0.067669
0 0.937500 0.548872 0.013889 0.060150
