0 0.056641 0.096680 0.109375 0.123047
0 0.179688 0.096680 0.136719 0.123047
0 0.309570 0.098633 0.123047 0.126953
0 0.431641 0.098633 0.121094 0.126953
0 0.558594 0.095703 0.132812 0.121094
0 0.690430 0.094727 0.130859 0.123047
0 0.813477 0.093750 0.115234 0.121094
0 0.055664 0.301758 0.107422 0.146484
0 0.174805 0.300781 0.130859 0.148438
0 0.304688 0.298828 0.128906 0.144531
0 0.431641 0.300781 0.125000 0.140625
0 0.557617 0.302734 0.126953 0.144531
0 0.687500 0.305664 0.132812 0.138672
0 0.810547 0.305664 0.113281 0.138672
0 0.052734 0.537109 0.101562 0.140625
0 0.173828 0.537109 0.140625 0.140625
0 0.300781 0.536133 0.113281 0.138672
0 0.419922 0.538086 0.125000 0.134766
0 0.549805 0.539062 0.134766 0.136719
0 0.687500 0.537109 0.140625 0.140625
0 0.814453 0.541016 0.113281 0.148438
0 0.911133 0.539062 0.080078 0.152344
0 0.052734 0.773438 0.101562 0.152344
0 0.171875 0.775391 0.136719 0.148438
0 0.299805 0.773438 0.119141 0.144531
0 0.421875 0.771484 0.125000 0.148438
0 0.553711 0.773438 0.138672 0.152344
0 0.688477 0.774414 0.130859 0.150391
0 0.810547 0.774414 0.113281 0.150391
0 0.914062 0.769531 0.093750 0.160156
