0 0.011501 0.134698 0.020581 0.148707
0 0.041768 0.136853 0.039952 0.153017
0 0.101695 0.136853 0.079903 0.153017
0 0.162228 0.137931 0.041162 0.146552
0 0.222760 0.131466 0.079903 0.159483
0 0.282688 0.129310 0.039952 0.155172
0 0.343220 0.132543 0.081114 0.148707
0 0.401937 0.134698 0.036320 0.153017
0 0.460048 0.130388 0.079903 0.161638
0 0.522397 0.121767 0.044794 0.144397
0 0.581719 0.126078 0.073850 0.135776
0 0.639225 0.122845 0.041162 0.150862
0 0.700969 0.126078 0.082324 0.144397
0 0.762107 0.122845 0.039952 0.137931
0 0.822639 0.119612 0.081114 0.144397
0 0.883172 0.123922 0.039952 0.153017
0 0.943099 0.127155 0.079903 0.146552
0 0.990920 0.127155 0.015738 0.146552
0 0.010896 0.428879 0.019370 0.159483
0 0.042373 0.429957 0.043584 0.144397
0 0.102300 0.431034 0.076271 0.146552
0 0.161017 0.428879 0.041162 0.150862
0 0.218523 0.429957 0.073850 0.153017
0 0.277845 0.434267 0.042373 0.144397
0 0.337772 0.432112 0.077482 0.140086
0 0.396489 0.428879 0.039952 0.146552
0 0.457627 0.433190 0.082324 0.155172
0 0.519370 0.433190 0.041162 0.155172
0 0.581114 0.429957 0.082324 0.148707
0 0.643462 0.425647 0.042373 0.157328
0 0.700363 0.419181 0.076271 0.148707
0 0.760291 0.419181 0.043584 0.148707
0 0.823245 0.420259 0.082324 0.150862
0 0.884383 0.417026 0.039952 0.157328
0 0.943099 0.415948 0.077482 0.155172
0 0.990315 0.419181 0.016949 0.148707
0 0.012107 0.719828 0.016949 0.133621
0 0.039952 0.721983 0.041162 0.146552
0 0.098668 0.720905 0.076271 0.148707
0 0.158596 0.721983 0.041162 0.137931
0 0.219734 0.721983 0.081114 0.137931
0 0.280266 0.723060 0.039952 0.140086
0 0.338983 0.723060 0.077482 0.140086
0 0.398305 0.719828 0.041162 0.133621
0 0.461259 0.716595 0.084746 0.140086
0 0.521792 0.719828 0.036320 0.146552
0 0.581114 0.717672 0.082324 0.150862
0 0.642857 0.714440 0.041162 0.144397
0 0.700969 0.716595 0.075061 0.140086
0 0.760896 0.716595 0.044794 0.140086
0 0.823245 0.711207 0.079903 0.150862
0 0.883777 0.710129 0.041162 0.148707
0 0.945521 0.711207 0.079903 0.150862
0 0.990315 0.713362 0.009685 0.146552
