0 0.304688 0.173828 0.156250 0.343750
0 0.169922 0.190430 0.093750 0.369141
0 0.045898 0.237305 0.087891 0.357422
0 0.052734 0.637695 0.101562 0.478516
0 0.166992 0.611328 0.107422 0.507812
0 0.301758 0.575195 0.154297 0.537109
0 0.303711 0.917969 0.154297 0.164062
0 0.167969 0.928711 0.109375 0.142578
0 0.054688 0.935547 0.105469 0.128906
0 0.490234 0.186523 0.078125 0.326172
0 0.597656 0.234375 0.097656 0.320312
0 0.701172 0.287109 0.070312 0.289062
0 0.768555 0.324219 0.029297 0.257812
0 0.836914 0.362305 0.068359 0.298828
0 0.901367 0.406250 0.033203 0.269531
0 0.950195 0.443359 0.037109 0.250000
0 0.979492 0.466797 0.021484 0.257812
0 0.490234 0.586914 0.082031 0.505859
0 0.488281 0.919922 0.101562 0.160156
0 0.597656 0.605469 0.097656 0.468750
0 0.700195 0.626953 0.083984 0.445312
0 0.770508 0.652344 0.041016 0.406250
0 0.832031 0.667969 0.066406 0.398438
0 0.898438 0.697266 0.042969 0.355469
0 0.943359 0.717773 0.031250 0.326172
0 0.979492 0.731445 0.025391 0.302734
0 0.590820 0.917969 0.107422 0.164062
0 0.699219 0.923828 0.097656 0.148438
0 0.769531 0.920898 0.035156 0.142578
0 0.831055 0.930664 0.080078 0.134766
0 0.896484 0.931641 0.050781 0.125000
0 0.942383 0.938477 0.041016 0.123047
0 0.981445 0.941406 0.029297 0.117188
