0 0.118164 0.212891 0.150391 0.343750
0 0.252930 0.263672 0.119141 0.312500
0 0.382812 0.310547 0.140625 0.304688
0 0.074219 0.517578 0.140625 0.398438
0 0.223633 0.556641 0.162109 0.363281
0 0.371094 0.609375 0.128906 0.367188
0 0.104492 0.882812 0.169922 0.230469
0 0.250000 0.893555 0.128906 0.208984
0 0.362305 0.893555 0.103516 0.193359
0 0.708008 0.448242 0.072266 0.240234
0 0.771484 0.478516 0.054688 0.226562
0 0.833984 0.503906 0.074219 0.222656
0 0.702148 0.675781 0.060547 0.242188
0 0.762695 0.694336 0.072266 0.236328
0 0.836914 0.716797 0.076172 0.230469
0 0.912109 0.748047 0.050781 0.226562
0 0.916016 0.537109 0.042969 0.207031
0 0.969727 0.556641 0.060547 0.195312
0 0.967773 0.765625 0.060547 0.238281
0 0.834961 0.925781 0.072266 0.148438
0 0.909180 0.929688 0.052734 0.140625
0 0.966797 0.930664 0.066406 0.126953
2 0.563477 0.608398 0.201172 0.779297
