0 0.173828 0.279297 0.101562 0.171875
0 0.280273 0.281250 0.107422 0.167969
0 0.387695 0.280273 0.107422 0.166016
0 0.492188 0.278320 0.101562 0.169922
0 0.597656 0.279297 0.109375 0.171875
0 0.708984 0.282227 0.113281 0.166016
0 0.821289 0.279297 0.111328 0.160156
0 0.820312 0.455078 0.113281 0.191406
0 0.708008 0.458984 0.111328 0.183594
0 0.597656 0.457031 0.109375 0.179688
0 0.494141 0.455078 0.097656 0.183594
0 0.389648 0.457031 0.111328 0.187500
0 0.282227 0.457031 0.103516 0.187500
0 0.179688 0.453125 0.101562 0.179688
0 0.180664 0.635742 0.103516 0.185547
0 0.283203 0.637695 0.101562 0.181641
0 0.387695 0.638672 0.107422 0.183594
0 0.494141 0.639648 0.105469 0.181641
0 0.601562 0.640625 0.109375 0.183594
0 0.708984 0.640625 0.105469 0.183594
0 0.823242 0.638672 0.123047 0.179688
0 0.823242 0.835938 0.123047 0.214844
0 0.709961 0.834961 0.103516 0.216797
0 0.599609 0.828125 0.117188 0.203125
0 0.492188 0.829102 0.097656 0.201172
0 0.389648 0.830078 0.107422 0.203125
0 0.284180 0.828125 0.103516 0.207031
0 0.175781 0.828125 0.113281 0.207031
