0 0.292969 0.189453 0.082031 0.210938
0 0.391602 0.253906 0.099609 0.175781
0 0.433594 0.120117 0.187500 0.076172
0 0.499023 0.231445 0.052734 0.130859
0 0.593750 0.190430 0.066406 0.216797
0 0.685547 0.256836 0.101562 0.162109
0 0.702148 0.123047 0.134766 0.078125
0 0.858398 0.125977 0.166016 0.080078
0 0.919922 0.229492 0.046875 0.126953
0 0.815430 0.253906 0.083984 0.164062
0 0.219727 0.193359 0.068359 0.210938
0 0.117188 0.121094 0.136719 0.070312
0 0.023438 0.187500 0.042969 0.203125
0 0.105469 0.252930 0.101562 0.166016
0 0.023438 0.525391 0.042969 0.195312
0 0.110352 0.589844 0.091797 0.167969
0 0.290039 0.528320 0.076172 0.205078
0 0.387695 0.591797 0.099609 0.164062
0 0.499023 0.567383 0.064453 0.123047
0 0.597656 0.526367 0.078125 0.201172
0 0.687500 0.589844 0.101562 0.152344
0 0.818359 0.586914 0.085938 0.162109
0 0.920898 0.564453 0.048828 0.121094
0 0.106445 0.925781 0.095703 0.148438
0 0.025391 0.876953 0.046875 0.222656
0 0.387695 0.923828 0.087891 0.152344
0 0.501953 0.895508 0.054688 0.103516
0 0.598633 0.856445 0.064453 0.177734
0 0.685547 0.920898 0.093750 0.158203
0 0.814453 0.923828 0.082031 0.152344
0 0.706055 0.805664 0.130859 0.076172
0 0.856445 0.804688 0.162109 0.078125
0 0.432617 0.804688 0.193359 0.074219
0 0.295898 0.855469 0.072266 0.187500
0 0.155273 0.797852 0.197266 0.080078
