0 0.197266 0.060117 0.076172 0.108504
0 0.300293 0.063783 0.124023 0.109971
0 0.425293 0.065982 0.125977 0.105572
0 0.549316 0.065249 0.122070 0.104106
0 0.672363 0.063050 0.124023 0.108504
0 0.772949 0.063050 0.077148 0.108504
0 0.196777 0.167155 0.079102 0.108504
0 0.298340 0.169355 0.124023 0.104106
0 0.550781 0.170088 0.126953 0.108504
0 0.674805 0.169355 0.121094 0.109971
0 0.775391 0.168622 0.080078 0.108504
0 0.777344 0.329912 0.076172 0.214076
0 0.780273 0.513930 0.082031 0.153959
0 0.550293 0.332111 0.127930 0.215543
0 0.677246 0.515396 0.125977 0.151026
0 0.297852 0.329179 0.121094 0.212610
0 0.386719 0.323314 0.056641 0.224340
0 0.457520 0.326979 0.061523 0.222874
0 0.296875 0.516862 0.123047 0.156891
0 0.423340 0.516862 0.129883 0.156891
0 0.551270 0.514663 0.125977 0.152493
0 0.950684 0.092375 0.071289 0.052786
0 0.951172 0.170821 0.070312 0.104106
0 0.954102 0.331378 0.074219 0.214076
0 0.956055 0.513930 0.074219 0.156891
0 0.028809 0.165689 0.053711 0.108504
0 0.026855 0.330645 0.049805 0.218475
0 0.025879 0.516862 0.045898 0.156891
