0 0.330078 0.332602 0.054688 0.045322
0 0.381836 0.334064 0.048828 0.048246
0 0.430664 0.334795 0.048828 0.046784
0 0.479492 0.334064 0.048828 0.045322
0 0.528320 0.333333 0.048828 0.046784
0 0.576660 0.332602 0.047852 0.045322
0 0.625488 0.332602 0.049805 0.045322
0 0.678223 0.333333 0.055664 0.046784
0 0.332520 0.441520 0.049805 0.166667
0 0.382324 0.441520 0.049805 0.166667
0 0.430664 0.441520 0.046875 0.166667
0 0.478516 0.440789 0.050781 0.168129
0 0.527832 0.442251 0.047852 0.171053
0 0.576172 0.441520 0.048828 0.172515
0 0.624512 0.440789 0.047852 0.171053
0 0.673828 0.441520 0.050781 0.169591
0 0.332031 0.550439 0.048828 0.054094
0 0.380859 0.551901 0.048828 0.051170
0 0.429199 0.551901 0.047852 0.051170
0 0.477539 0.552632 0.048828 0.049708
0 0.525879 0.552632 0.047852 0.049708
0 0.574707 0.551901 0.049805 0.051170
0 0.624512 0.552632 0.049805 0.052632
0 0.673340 0.552632 0.047852 0.052632
0 0.221191 0.091374 0.079102 0.106725
0 0.301758 0.090643 0.082031 0.105263
0 0.382812 0.092105 0.080078 0.102339
0 0.462891 0.092105 0.080078 0.102339
0 0.543457 0.092836 0.081055 0.100877
0 0.625000 0.093567 0.082031 0.102339
0 0.706055 0.093567 0.082031 0.102339
0 0.788086 0.092836 0.082031 0.103801
