0 0.435547 0.537572 0.093750 0.150289
0 0.645996 0.544798 0.084961 0.144509
0 0.399414 0.346821 0.033203 0.037572
0 0.432617 0.348266 0.031250 0.040462
0 0.465820 0.350434 0.035156 0.036127
0 0.548340 0.354046 0.032227 0.037572
0 0.580566 0.355491 0.032227 0.034682
0 0.612305 0.356936 0.031250 0.037572
0 0.421875 0.723988 0.062500 0.078035
0 0.217773 0.358382 0.023438 0.063584
0 0.263184 0.357659 0.067383 0.065029
0 0.311035 0.360549 0.028320 0.070809
0 0.262695 0.575145 0.121094 0.118497
0 0.218750 0.734104 0.019531 0.075145
0 0.264648 0.735549 0.072266 0.072254
0 0.311035 0.726156 0.020508 0.053468
4 0.581055 0.749277 0.027344 0.171965
5 0.467285 0.810694 0.145508 0.147399
5 0.745117 0.812861 0.138672 0.137283
