0 0.201172 0.681641 0.074219 0.390625
0 0.275391 0.640625 0.082031 0.441406
0 0.358398 0.593750 0.083984 0.500000
0 0.441406 0.528320 0.089844 0.537109
0 0.528320 0.468750 0.107422 0.601562
0 0.647461 0.382812 0.138672 0.699219
0 0.785156 0.338867 0.136719 0.673828
0 0.781250 0.820312 0.136719 0.359375
0 0.646484 0.840820 0.144531 0.318359
0 0.521484 0.866211 0.097656 0.267578
0 0.432617 0.884766 0.080078 0.230469
0 0.357422 0.901367 0.085938 0.197266
0 0.278320 0.914062 0.076172 0.171875
0 0.203125 0.929688 0.070312 0.140625
