3 0.517090 0.352941 0.061523 0.170588
3 0.465820 0.688235 0.070312 0.176471
0 0.738770 0.249265 0.081055 0.125000
0 0.875000 0.244118 0.093750 0.132353
0 0.945312 0.238971 0.048828 0.136765
0 0.984863 0.238971 0.030273 0.133824
0 0.804199 0.233088 0.047852 0.107353
0 0.741699 0.556618 0.079102 0.133824
0 0.806152 0.547059 0.049805 0.120588
0 0.876465 0.549265 0.090820 0.133824
0 0.947266 0.547794 0.050781 0.136765
0 0.985840 0.547059 0.026367 0.135294
0 0.741699 0.859559 0.084961 0.133824
0 0.807617 0.855882 0.046875 0.126471
0 0.879395 0.858088 0.096680 0.133824
0 0.951172 0.855147 0.046875 0.139706
0 0.982910 0.856618 0.016602 0.142647
