0 0.621094 0.183594 0.062500 0.265625
0 0.677734 0.254883 0.050781 0.251953
0 0.726562 0.312500 0.046875 0.230469
0 0.768555 0.367188 0.044922 0.226562
0 0.808594 0.421875 0.042969 0.238281
0 0.848633 0.479492 0.041016 0.228516
0 0.886719 0.521484 0.039062 0.218750
0 0.624023 0.375000 0.056641 0.234375
0 0.677734 0.428711 0.054688 0.216797
0 0.724609 0.484375 0.042969 0.210938
0 0.770508 0.535156 0.044922 0.214844
0 0.808594 0.583008 0.042969 0.197266
0 0.849609 0.633789 0.039062 0.181641
0 0.890625 0.680664 0.039062 0.173828
0 0.625977 0.587891 0.056641 0.222656
0 0.677734 0.633789 0.050781 0.220703
0 0.725586 0.672852 0.044922 0.208984
0 0.767578 0.709961 0.039062 0.197266
0 0.810547 0.755859 0.039062 0.210938
0 0.849609 0.802734 0.039062 0.199219
0 0.890625 0.840820 0.039062 0.185547
0 0.566406 0.134766 0.050781 0.226562
0 0.567383 0.339844 0.052734 0.183594
0 0.569336 0.538086 0.052734 0.212891
0 0.570312 0.731445 0.050781 0.236328
0 0.627930 0.768555 0.060547 0.244141
0 0.681641 0.811523 0.050781 0.216797
0 0.729492 0.845703 0.044922 0.203125
0 0.770508 0.883789 0.037109 0.193359
0 0.813477 0.916016 0.044922 0.167969
0 0.852539 0.935547 0.037109 0.128906
0 0.889648 0.955078 0.037109 0.089844
0 0.570312 0.916016 0.042969 0.167969
0 0.629883 0.926758 0.060547 0.146484
0 0.684570 0.947266 0.056641 0.105469
0 0.730469 0.960938 0.046875 0.078125
0 0.771484 0.979492 0.035156 0.041016
0 0.290039 0.378906 0.037109 0.167969
0 0.328125 0.346680 0.042969 0.177734
0 0.367188 0.309570 0.039062 0.189453
0 0.401367 0.273438 0.029297 0.187500
0 0.441406 0.233398 0.046875 0.193359
0 0.476562 0.199219 0.031250 0.179688
0 0.515625 0.163086 0.046875 0.205078
0 0.289062 0.460938 0.039062 0.054688
0 0.329102 0.432617 0.037109 0.064453
0 0.367188 0.398438 0.042969 0.070312
0 0.403320 0.361328 0.033203 0.066406
0 0.440430 0.325195 0.044922 0.072266
0 0.477539 0.293945 0.033203 0.064453
0 0.516602 0.257812 0.048828 0.070312
0 0.288086 0.534180 0.044922 0.146484
0 0.329102 0.502930 0.041016 0.146484
0 0.364258 0.478516 0.041016 0.171875
0 0.400391 0.449219 0.039062 0.175781
0 0.440430 0.423828 0.041016 0.199219
0 0.477539 0.396484 0.033203 0.199219
0 0.517578 0.365234 0.050781 0.238281
0 0.177734 0.724609 0.039062 0.144531
0 0.212891 0.708008 0.035156 0.150391
0 0.249023 0.683594 0.033203 0.148438
0 0.281250 0.665039 0.031250 0.146484
0 0.320312 0.643555 0.046875 0.154297
0 0.364258 0.619141 0.037109 0.152344
0 0.409180 0.595703 0.056641 0.164062
0 0.462891 0.565430 0.050781 0.173828
0 0.515625 0.533203 0.058594 0.187500
0 0.176758 0.799805 0.037109 0.041016
0 0.214844 0.781250 0.035156 0.046875
0 0.248047 0.763672 0.039062 0.046875
0 0.281250 0.744141 0.031250 0.046875
0 0.321289 0.721680 0.048828 0.052734
0 0.363281 0.699219 0.042969 0.050781
0 0.412109 0.677734 0.054688 0.054688
0 0.463867 0.648438 0.052734 0.058594
0 0.516602 0.622070 0.056641 0.060547
0 0.180664 0.871094 0.025391 0.136719
0 0.210938 0.859375 0.035156 0.144531
0 0.248047 0.843750 0.035156 0.148438
0 0.280273 0.826172 0.033203 0.152344
0 0.320312 0.808594 0.046875 0.171875
0 0.364258 0.790039 0.037109 0.169922
0 0.411133 0.770508 0.056641 0.181641
0 0.460938 0.747070 0.046875 0.177734
0 0.516602 0.719727 0.060547 0.193359
0 0.179688 0.943359 0.031250 0.027344
0 0.212891 0.935547 0.039062 0.042969
0 0.247070 0.920898 0.037109 0.037109
0 0.281250 0.912109 0.039062 0.039062
0 0.321289 0.895508 0.048828 0.041016
0 0.363281 0.879883 0.039062 0.041016
0 0.408203 0.862305 0.054688 0.052734
0 0.462891 0.842773 0.054688 0.056641
0 0.517578 0.823242 0.062500 0.056641
0 0.180664 0.975586 0.033203 0.048828
0 0.216797 0.970703 0.031250 0.058594
0 0.250977 0.963867 0.033203 0.072266
0 0.280273 0.958984 0.037109 0.082031
0 0.321289 0.949219 0.048828 0.097656
0 0.365234 0.943359 0.039062 0.113281
0 0.413086 0.932617 0.052734 0.130859
0 0.462891 0.925781 0.046875 0.148438
0 0.519531 0.914062 0.058594 0.171875
