0 0.588867 0.164062 0.076172 0.324219
0 0.709961 0.239258 0.158203 0.470703
0 0.822266 0.379883 0.066406 0.306641
0 0.584961 0.440430 0.083984 0.306641
0 0.707031 0.512695 0.152344 0.294922
0 0.583984 0.765625 0.078125 0.347656
0 0.707031 0.774414 0.152344 0.333984
0 0.826172 0.695312 0.058594 0.406250
0 0.879883 0.635742 0.044922 0.181641
0 0.881836 0.795898 0.041016 0.177734
0 0.883789 0.462891 0.041016 0.226562
0 0.439453 0.776367 0.203125 0.400391
0 0.275391 0.793945 0.125000 0.310547
0 0.162109 0.580078 0.101562 0.207031
0 0.274414 0.527344 0.126953 0.257812
0 0.440430 0.444336 0.205078 0.353516
0 0.441406 0.207031 0.203125 0.359375
0 0.275391 0.343750 0.128906 0.261719
0 0.162109 0.426758 0.097656 0.208984
0 0.162109 0.264648 0.101562 0.287109
0 0.275391 0.155273 0.128906 0.306641
0 0.429688 0.083984 0.175781 0.164062
