0 0.068359 0.142271 0.099609 0.281806
0 0.168945 0.142955 0.101562 0.283174
0 0.270020 0.142955 0.100586 0.283174
0 0.369629 0.142955 0.098633 0.283174
0 0.470703 0.147059 0.099609 0.274966
0 0.568848 0.145007 0.098633 0.281806
0 0.667480 0.145007 0.094727 0.287278
0 0.069336 0.420657 0.099609 0.280438
0 0.169434 0.419973 0.100586 0.281806
0 0.270020 0.419289 0.100586 0.280438
0 0.369629 0.421341 0.098633 0.276334
0 0.467285 0.424761 0.096680 0.283174
0 0.568359 0.424077 0.105469 0.284542
0 0.667480 0.424761 0.092773 0.285910
