0 0.120117 0.115234 0.189453 0.226562
0 0.291016 0.129883 0.148438 0.255859
0 0.430664 0.141602 0.134766 0.279297
0 0.554688 0.102539 0.109375 0.130859
0 0.550781 0.194336 0.113281 0.111328
0 0.551758 0.269531 0.115234 0.078125
0 0.671875 0.120117 0.101562 0.060547
0 0.667969 0.186523 0.101562 0.111328
0 0.669922 0.276367 0.093750 0.111328
0 0.768555 0.233398 0.095703 0.240234
0 0.834961 0.261719 0.041016 0.207031
0 0.671875 0.064453 0.101562 0.113281
0 0.771484 0.097656 0.089844 0.085938
0 0.836914 0.106445 0.041016 0.142578
0 0.112305 0.343750 0.197266 0.320312
0 0.290039 0.362305 0.150391 0.275391
0 0.427734 0.392578 0.132812 0.269531
0 0.560547 0.426758 0.125000 0.259766
0 0.669922 0.368164 0.101562 0.103516
0 0.669922 0.477539 0.105469 0.119141
0 0.770508 0.440430 0.099609 0.220703
0 0.838867 0.458984 0.041016 0.203125
0 0.107422 0.631836 0.210938 0.294922
0 0.289062 0.634766 0.148438 0.261719
0 0.433594 0.635742 0.128906 0.248047
0 0.559570 0.603516 0.119141 0.117188
0 0.568359 0.709961 0.132812 0.095703
0 0.672852 0.598633 0.087891 0.126953
0 0.674805 0.692383 0.083984 0.060547
0 0.766602 0.649414 0.099609 0.208984
0 0.838867 0.586914 0.033203 0.080078
0 0.835938 0.688477 0.039062 0.123047
0 0.120117 0.878906 0.212891 0.242188
0 0.292969 0.876953 0.136719 0.214844
0 0.430664 0.856445 0.126953 0.189453
0 0.565430 0.819336 0.130859 0.126953
0 0.678711 0.884766 0.080078 0.230469
0 0.765625 0.819336 0.085938 0.126953
0 0.765625 0.941406 0.085938 0.117188
0 0.831055 0.826172 0.037109 0.128906
0 0.830078 0.945312 0.039062 0.109375
0 0.528320 0.940430 0.056641 0.119141
0 0.435547 0.965820 0.117188 0.068359
