0 0.019531 0.427083 0.037109 0.393229
0 0.083984 0.427083 0.087891 0.388021
0 0.177734 0.425781 0.087891 0.388021
0 0.268066 0.428385 0.090820 0.385417
0 0.360840 0.427734 0.094727 0.384115
0 0.454102 0.427734 0.091797 0.384115
0 0.545898 0.425781 0.091797 0.380208
0 0.639160 0.424479 0.094727 0.382812
0 0.730469 0.423828 0.087891 0.381510
0 0.821777 0.423177 0.094727 0.382812
0 0.916992 0.425781 0.095703 0.388021
0 0.982422 0.424479 0.035156 0.390625
0 0.021973 0.657552 0.040039 0.070312
0 0.086914 0.656901 0.089844 0.071615
0 0.176270 0.656901 0.088867 0.071615
0 0.269043 0.656901 0.096680 0.071615
0 0.363281 0.656250 0.091797 0.070312
0 0.456055 0.656250 0.093750 0.070312
0 0.547852 0.654297 0.089844 0.066406
0 0.823242 0.655599 0.089844 0.074219
0 0.916992 0.654297 0.097656 0.076823
0 0.982910 0.653646 0.034180 0.075521
