0 0.783333 0.252000 0.173333 0.104000
0 0.935000 0.255000 0.130000 0.110000
0 0.781667 0.357000 0.170000 0.106000
0 0.931667 0.356000 0.136667 0.100000
0 0.778333 0.461000 0.170000 0.110000
0 0.931667 0.462000 0.136667 0.108000
0 0.775000 0.565000 0.170000 0.110000
0 0.928333 0.567000 0.143333 0.106000
0 0.771667 0.658000 0.163333 0.076000
0 0.926667 0.657000 0.146667 0.078000
0 0.766667 0.748000 0.166667 0.108000
0 0.923333 0.749000 0.146667 0.106000
0 0.765000 0.858000 0.163333 0.116000
0 0.921667 0.858000 0.150000 0.116000
4 0.266667 0.798000 0.113333 0.168000
0 0.235000 0.323000 0.076667 0.110000
0 0.313333 0.312000 0.086667 0.104000
0 0.393333 0.298000 0.086667 0.112000
0 0.475000 0.286000 0.083333 0.112000
0 0.560000 0.271000 0.093333 0.114000
0 0.650000 0.259000 0.100000 0.114000
0 0.233333 0.412000 0.080000 0.104000
0 0.310000 0.406000 0.080000 0.104000
0 0.388333 0.393000 0.090000 0.106000
0 0.470000 0.386000 0.086667 0.108000
0 0.556667 0.374000 0.093333 0.116000
0 0.646667 0.360000 0.106667 0.112000
0 0.228333 0.507000 0.090000 0.098000
0 0.300000 0.500000 0.080000 0.104000
0 0.380000 0.494000 0.086667 0.104000
0 0.466667 0.484000 0.093333 0.108000
0 0.548333 0.474000 0.096667 0.112000
0 0.643333 0.464000 0.106667 0.116000
0 0.220000 0.602000 0.080000 0.096000
0 0.300000 0.598000 0.080000 0.100000
0 0.381667 0.590000 0.083333 0.104000
0 0.460000 0.582000 0.086667 0.104000
0 0.546667 0.579000 0.100000 0.110000
0 0.640000 0.570000 0.106667 0.108000
0 0.220000 0.679000 0.073333 0.066000
0 0.298333 0.677000 0.083333 0.070000
0 0.376667 0.674000 0.080000 0.076000
0 0.460000 0.668000 0.086667 0.072000
0 0.546667 0.664000 0.086667 0.080000
0 0.636667 0.662000 0.100000 0.084000
0 0.370000 0.755000 0.086667 0.102000
0 0.458333 0.754000 0.096667 0.104000
0 0.548333 0.755000 0.083333 0.102000
0 0.636667 0.752000 0.100000 0.108000
0 0.366667 0.837000 0.086667 0.066000
0 0.458333 0.834000 0.096667 0.060000
0 0.546667 0.835000 0.080000 0.058000
0 0.635000 0.836000 0.096667 0.060000
5 0.451667 0.928000 0.896667 0.140000
