0 0.033203 0.068421 0.029297 0.088722
0 0.033203 0.148120 0.029297 0.070677
0 0.032227 0.223308 0.027344 0.079699
0 0.031738 0.300752 0.028320 0.075188
0 0.031250 0.378947 0.027344 0.081203
0 0.030762 0.455639 0.028320 0.072180
0 0.031738 0.532331 0.026367 0.084211
0 0.031738 0.609774 0.026367 0.070677
0 0.033203 0.015789 0.029297 0.028571
0 0.077637 0.013534 0.026367 0.024060
0 0.076660 0.067669 0.028320 0.084211
0 0.076660 0.147368 0.028320 0.075188
0 0.076660 0.224060 0.028320 0.078195
0 0.076172 0.300752 0.027344 0.075188
0 0.076172 0.377444 0.027344 0.078195
0 0.075684 0.454135 0.026367 0.075188
0 0.075684 0.533835 0.026367 0.084211
0 0.076660 0.610526 0.028320 0.069173
0 0.123535 0.012782 0.028320 0.022556
0 0.122559 0.067669 0.028320 0.084211
0 0.122559 0.145113 0.028320 0.070677
0 0.121582 0.221053 0.026367 0.081203
0 0.121094 0.296992 0.027344 0.070677
0 0.122070 0.375940 0.029297 0.087218
0 0.122070 0.454887 0.029297 0.070677
0 0.168457 0.014286 0.028320 0.025564
0 0.168457 0.068421 0.028320 0.079699
0 0.167969 0.144361 0.029297 0.072180
0 0.167480 0.221805 0.028320 0.082707
0 0.167480 0.298496 0.028320 0.070677
0 0.166504 0.375940 0.026367 0.084211
0 0.166504 0.454887 0.026367 0.073684
0 0.120605 0.611278 0.030273 0.070677
0 0.167480 0.610526 0.028320 0.072180
0 0.212891 0.609774 0.027344 0.070677
0 0.033203 0.763910 0.025391 0.069173
0 0.076172 0.766165 0.025391 0.070677
0 0.123047 0.765414 0.029297 0.072180
0 0.214844 0.767669 0.027344 0.070677
0 0.167969 0.766917 0.023438 0.069173
0 0.214844 0.014286 0.029297 0.025564
0 0.213867 0.065414 0.027344 0.082707
0 0.212402 0.143609 0.030273 0.073684
0 0.212402 0.221053 0.030273 0.081203
0 0.212402 0.299248 0.030273 0.075188
0 0.211914 0.378195 0.029297 0.082707
0 0.212402 0.455639 0.028320 0.072180
0 0.212891 0.533835 0.029297 0.084211
0 0.259277 0.014286 0.030273 0.025564
0 0.258789 0.066165 0.029297 0.078195
0 0.259277 0.142105 0.028320 0.073684
0 0.258789 0.221053 0.027344 0.084211
0 0.258301 0.299248 0.028320 0.072180
0 0.257812 0.375940 0.027344 0.081203
0 0.258301 0.454887 0.026367 0.076692
0 0.258301 0.534586 0.026367 0.082707
0 0.258301 0.612030 0.026367 0.072180
0 0.305176 0.012782 0.030273 0.022556
0 0.304688 0.065414 0.029297 0.079699
0 0.304199 0.143609 0.030273 0.076692
0 0.304199 0.221805 0.030273 0.079699
0 0.304199 0.299248 0.030273 0.075188
0 0.303223 0.375940 0.028320 0.078195
0 0.303223 0.454135 0.028320 0.078195
0 0.303223 0.533083 0.028320 0.079699
0 0.303711 0.609023 0.027344 0.072180
0 0.350586 0.014286 0.029297 0.025564
0 0.351074 0.064662 0.028320 0.081203
0 0.351074 0.142857 0.028320 0.075188
0 0.350586 0.221805 0.027344 0.082707
0 0.349609 0.300752 0.029297 0.075188
0 0.349609 0.378195 0.029297 0.079699
0 0.350098 0.454887 0.028320 0.073684
0 0.350098 0.533083 0.028320 0.082707
0 0.349609 0.610526 0.029297 0.072180
0 0.397461 0.014286 0.029297 0.025564
0 0.396484 0.065414 0.029297 0.082707
0 0.396973 0.142857 0.028320 0.072180
0 0.396484 0.220301 0.027344 0.082707
0 0.395996 0.300000 0.028320 0.076692
0 0.395508 0.378195 0.027344 0.079699
0 0.395996 0.454887 0.026367 0.073684
0 0.396484 0.533083 0.027344 0.082707
0 0.395996 0.610526 0.028320 0.072180
0 0.442383 0.014286 0.029297 0.025564
0 0.442383 0.064662 0.029297 0.081203
0 0.442383 0.142857 0.029297 0.075188
0 0.442383 0.221053 0.029297 0.081203
0 0.442383 0.298496 0.029297 0.073684
0 0.442383 0.375940 0.029297 0.081203
0 0.442383 0.454135 0.029297 0.075188
0 0.442383 0.533083 0.029297 0.082707
0 0.441895 0.610526 0.030273 0.072180
0 0.487793 0.014286 0.030273 0.025564
0 0.487793 0.065414 0.030273 0.082707
0 0.488770 0.143609 0.028320 0.073684
0 0.488281 0.221053 0.027344 0.081203
0 0.487305 0.298496 0.029297 0.073684
0 0.487305 0.374436 0.029297 0.078195
0 0.487793 0.453383 0.028320 0.079699
0 0.487793 0.532331 0.028320 0.078195
0 0.488281 0.606767 0.027344 0.070677
0 0.533691 0.012782 0.028320 0.022556
0 0.533691 0.065414 0.028320 0.082707
0 0.533691 0.143609 0.028320 0.073684
0 0.533203 0.220301 0.027344 0.079699
0 0.533203 0.298496 0.027344 0.076692
0 0.533203 0.376692 0.027344 0.079699
0 0.533691 0.454135 0.026367 0.075188
0 0.534180 0.531579 0.027344 0.079699
0 0.533691 0.608271 0.028320 0.073684
0 0.533691 0.687218 0.028320 0.084211
0 0.533203 0.766165 0.029297 0.073684
0 0.579590 0.013534 0.028320 0.024060
0 0.580078 0.064662 0.029297 0.081203
0 0.579590 0.142105 0.030273 0.073684
0 0.579590 0.219549 0.030273 0.081203
0 0.580078 0.296241 0.029297 0.072180
0 0.580078 0.374436 0.029297 0.084211
0 0.580078 0.452632 0.029297 0.072180
0 0.580078 0.532331 0.029297 0.087218
0 0.580078 0.611278 0.029297 0.070677
0 0.580078 0.687970 0.029297 0.082707
0 0.579590 0.766165 0.030273 0.073684
0 0.580078 0.923308 0.029297 0.087218
0 0.625000 0.925564 0.029297 0.082707
0 0.625488 0.013534 0.030273 0.024060
0 0.625000 0.066165 0.029297 0.084211
0 0.625000 0.144361 0.029297 0.072180
0 0.625000 0.220301 0.029297 0.079699
0 0.624512 0.297744 0.030273 0.075188
0 0.625000 0.376692 0.031250 0.082707
0 0.625488 0.454887 0.030273 0.073684
0 0.625488 0.533083 0.030273 0.082707
0 0.625488 0.609774 0.030273 0.070677
0 0.625488 0.685714 0.030273 0.081203
0 0.625488 0.764662 0.030273 0.076692
0 0.625000 0.842857 0.029297 0.079699
0 0.670898 0.012782 0.025391 0.022556
0 0.669922 0.064662 0.029297 0.081203
0 0.670898 0.142857 0.027344 0.075188
0 0.671387 0.221053 0.028320 0.081203
0 0.670898 0.299248 0.029297 0.075188
0 0.670898 0.378195 0.029297 0.082707
0 0.671875 0.455639 0.027344 0.072180
0 0.672363 0.532331 0.028320 0.081203
0 0.672363 0.607519 0.028320 0.069173
0 0.671387 0.684211 0.026367 0.084211
0 0.669922 0.763910 0.029297 0.075188
0 0.669922 0.841353 0.029297 0.079699
0 0.716309 0.013534 0.030273 0.024060
0 0.716309 0.065414 0.028320 0.082707
0 0.716797 0.143609 0.027344 0.073684
0 0.717773 0.220301 0.029297 0.079699
0 0.717773 0.296241 0.029297 0.072180
0 0.716797 0.373684 0.027344 0.082707
0 0.716797 0.452632 0.027344 0.075188
0 0.717773 0.530075 0.029297 0.079699
0 0.717773 0.607519 0.029297 0.075188
0 0.716797 0.687218 0.027344 0.084211
0 0.716797 0.763910 0.027344 0.069173
0 0.762207 0.014286 0.030273 0.025564
0 0.762207 0.066165 0.028320 0.078195
0 0.762207 0.142857 0.028320 0.075188
0 0.761719 0.221053 0.027344 0.081203
0 0.761719 0.296992 0.027344 0.070677
0 0.762695 0.374436 0.029297 0.084211
0 0.763672 0.452632 0.027344 0.072180
0 0.763184 0.530075 0.026367 0.082707
0 0.762695 0.607519 0.027344 0.072180
0 0.762695 0.684211 0.027344 0.081203
0 0.762695 0.762406 0.027344 0.075188
0 0.806152 0.014286 0.026367 0.025564
0 0.807129 0.066165 0.028320 0.084211
0 0.807617 0.143609 0.027344 0.070677
0 0.807617 0.220301 0.027344 0.082707
0 0.807129 0.297744 0.028320 0.072180
0 0.807129 0.374436 0.028320 0.081203
0 0.807617 0.451128 0.027344 0.072180
0 0.807617 0.529323 0.027344 0.084211
0 0.807617 0.607519 0.027344 0.072180
0 0.807617 0.684962 0.027344 0.082707
0 0.808594 0.760902 0.025391 0.069173
0 0.851074 0.014286 0.028320 0.025564
0 0.852051 0.066165 0.026367 0.078195
0 0.852539 0.143609 0.027344 0.076692
0 0.852539 0.221805 0.027344 0.079699
0 0.852539 0.298496 0.027344 0.073684
0 0.852539 0.375188 0.027344 0.079699
0 0.852539 0.451880 0.027344 0.073684
0 0.853027 0.530075 0.026367 0.082707
0 0.853027 0.608271 0.026367 0.073684
0 0.852539 0.686466 0.027344 0.082707
0 0.852539 0.763910 0.027344 0.072180
0 0.895996 0.014286 0.028320 0.025564
0 0.895996 0.066917 0.028320 0.079699
0 0.896973 0.142857 0.026367 0.072180
0 0.897461 0.220301 0.027344 0.082707
0 0.897461 0.298496 0.027344 0.073684
0 0.897949 0.374436 0.028320 0.078195
0 0.897949 0.451128 0.028320 0.075188
0 0.897949 0.530075 0.028320 0.082707
0 0.898438 0.606767 0.027344 0.070677
0 0.898438 0.683459 0.027344 0.082707
0 0.897461 0.762406 0.029297 0.075188
0 0.940918 0.015038 0.026367 0.027068
0 0.941895 0.067669 0.026367 0.078195
0 0.941895 0.143609 0.026367 0.073684
0 0.941895 0.221053 0.026367 0.081203
0 0.941895 0.297744 0.026367 0.072180
0 0.942383 0.373684 0.027344 0.079699
0 0.942383 0.451880 0.027344 0.076692
0 0.942383 0.529323 0.027344 0.078195
0 0.942871 0.605263 0.026367 0.073684
0 0.942871 0.684962 0.026367 0.085714
0 0.942383 0.762406 0.027344 0.069173
0 0.213379 0.927068 0.028320 0.082707
0 0.261230 0.925564 0.030273 0.079699
0 0.305664 0.926316 0.025391 0.081203
0 0.351562 0.924060 0.027344 0.076692
0 0.396973 0.926316 0.028320 0.078195
0 0.079590 0.923308 0.026367 0.078195
0 0.125000 0.924812 0.029297 0.081203
