0 0.356860 0.419355 0.027704 0.091681
0 0.323879 0.096774 0.022427 0.061121
0 0.354881 0.095076 0.034301 0.061121
0 0.385884 0.099321 0.025066 0.066214
0 0.412269 0.111205 0.022427 0.066214
0 0.298813 0.099321 0.022427 0.052632
0 0.299472 0.224958 0.023747 0.089983
0 0.325198 0.222411 0.027704 0.088285
0 0.356201 0.217317 0.029024 0.091681
0 0.386544 0.219015 0.026385 0.101868
0 0.298813 0.302207 0.022427 0.064516
0 0.325858 0.298812 0.029024 0.071307
0 0.356201 0.297963 0.031662 0.066214
0 0.385884 0.301358 0.030343 0.073005
0 0.301451 0.421053 0.022427 0.098472
0 0.329815 0.416808 0.026385 0.096774
0 0.387863 0.420204 0.029024 0.096774
0 0.300132 0.506791 0.022427 0.076401
0 0.327836 0.504244 0.027704 0.078098
0 0.358839 0.503396 0.029024 0.076401
0 0.386544 0.505093 0.031662 0.083192
0 0.302770 0.622241 0.019789 0.089983
0 0.327836 0.616299 0.025066 0.084890
0 0.357520 0.616299 0.034301 0.091681
0 0.389182 0.617997 0.026385 0.098472
0 0.303430 0.710526 0.021108 0.086587
0 0.329815 0.707980 0.031662 0.091681
0 0.358839 0.707131 0.029024 0.086587
0 0.387863 0.707980 0.023747 0.088285
1 0.649736 0.832767 0.025066 0.086587
1 0.746042 0.827674 0.019789 0.069610
1 0.823879 0.828523 0.017150 0.064516
1 0.883245 0.820034 0.017150 0.050934
1 0.936675 0.819185 0.015831 0.042445
5 0.604222 0.843803 0.055409 0.050934
5 0.687335 0.840407 0.058047 0.033956
5 0.792876 0.834465 0.047493 0.035654
0 0.418865 0.824278 0.025066 0.120543
0 0.440633 0.823430 0.021108 0.115450
0 0.458443 0.823430 0.019789 0.112054
0 0.485488 0.821732 0.031662 0.112054
0 0.510554 0.823430 0.018470 0.095076
0 0.527704 0.820883 0.013193 0.100170
0 0.548813 0.819185 0.026385 0.089983
0 0.569921 0.819185 0.015831 0.086587
0 0.414908 0.621392 0.025066 0.095076
0 0.437995 0.629032 0.018470 0.089983
0 0.457784 0.631579 0.021108 0.091681
0 0.482850 0.642615 0.031662 0.086587
0 0.509894 0.647708 0.017150 0.079796
0 0.524406 0.649406 0.011873 0.076401
0 0.415567 0.711375 0.023747 0.091681
0 0.437995 0.711375 0.021108 0.088285
0 0.458443 0.715620 0.019789 0.086587
0 0.484828 0.719015 0.035620 0.083192
0 0.508575 0.722411 0.017150 0.076401
0 0.524406 0.726655 0.017150 0.074703
0 0.538918 0.656197 0.014512 0.076401
0 0.552770 0.657895 0.013193 0.073005
0 0.567282 0.662988 0.013193 0.069610
0 0.580475 0.668930 0.013193 0.071307
0 0.538918 0.730051 0.014512 0.074703
0 0.554090 0.730900 0.013193 0.073005
0 0.567282 0.733447 0.013193 0.071307
0 0.581794 0.734295 0.015831 0.066214
0 0.600923 0.672326 0.022427 0.071307
0 0.600264 0.736842 0.023747 0.071307
0 0.619393 0.674873 0.009235 0.066214
0 0.629288 0.677419 0.010554 0.064516
0 0.645778 0.680815 0.017150 0.064516
0 0.661609 0.686757 0.009235 0.059423
0 0.670844 0.690153 0.006596 0.059423
0 0.684037 0.691851 0.017150 0.059423
0 0.697889 0.695246 0.007916 0.056027
0 0.709763 0.696095 0.013193 0.054329
0 0.620053 0.741935 0.010554 0.064516
0 0.631926 0.742784 0.010554 0.066214
0 0.646438 0.744482 0.018470 0.062818
0 0.662269 0.746180 0.010554 0.059423
0 0.672164 0.748727 0.009235 0.057725
0 0.684697 0.750424 0.015831 0.057725
0 0.699208 0.752122 0.010554 0.057725
0 0.710422 0.753820 0.011873 0.057725
0 0.415567 0.427844 0.023747 0.101868
0 0.438654 0.438031 0.019789 0.095076
0 0.458443 0.447368 0.017150 0.093379
0 0.477573 0.457555 0.018470 0.093379
0 0.501979 0.471138 0.032982 0.096774
0 0.525066 0.484720 0.015831 0.086587
0 0.541557 0.493209 0.014512 0.079796
0 0.561346 0.502547 0.025066 0.081494
0 0.583113 0.513582 0.013193 0.073005
0 0.594987 0.517827 0.013193 0.074703
0 0.612137 0.530560 0.021108 0.069610
0 0.627968 0.538200 0.010554 0.064516
0 0.639842 0.544143 0.010554 0.062818
0 0.655673 0.552632 0.015831 0.069610
0 0.416227 0.510187 0.022427 0.079796
0 0.438654 0.519525 0.019789 0.074703
0 0.459103 0.525467 0.018470 0.073005
0 0.478232 0.535654 0.017150 0.073005
0 0.502639 0.543294 0.031662 0.074703
0 0.526385 0.553480 0.018470 0.064516
0 0.541557 0.561969 0.014512 0.064516
0 0.561346 0.570458 0.025066 0.064516
0 0.582454 0.578947 0.014512 0.057725
0 0.594327 0.583192 0.014512 0.056027
0 0.613456 0.590832 0.021108 0.057725
0 0.629288 0.598472 0.010554 0.056027
0 0.641161 0.602716 0.013193 0.050934
0 0.655673 0.607810 0.013193 0.050934
0 0.670185 0.559423 0.010554 0.062818
0 0.680079 0.564516 0.009235 0.062818
0 0.689314 0.569610 0.009235 0.059423
0 0.699208 0.573854 0.007916 0.061121
0 0.709103 0.576401 0.009235 0.059423
0 0.720317 0.578947 0.007916 0.064516
0 0.734169 0.586587 0.017150 0.059423
0 0.748681 0.590832 0.011873 0.054329
0 0.759894 0.593379 0.007916 0.049236
0 0.772427 0.598472 0.014512 0.056027
0 0.784301 0.603565 0.009235 0.052632
0 0.795515 0.608659 0.007916 0.049236
0 0.806069 0.611205 0.015831 0.054329
0 0.818602 0.615450 0.006596 0.052632
0 0.826517 0.616299 0.006596 0.047538
0 0.835752 0.623090 0.011873 0.047538
0 0.670844 0.615450 0.009235 0.049236
0 0.680079 0.618846 0.009235 0.045840
0 0.689314 0.622241 0.009235 0.049236
0 0.699208 0.626486 0.007916 0.047538
0 0.709103 0.629881 0.009235 0.047538
0 0.718997 0.633277 0.010554 0.050934
0 0.734828 0.639219 0.018470 0.052632
0 0.748681 0.643463 0.011873 0.050934
0 0.760554 0.644312 0.009235 0.052632
0 0.773087 0.650255 0.013193 0.050934
0 0.785620 0.655348 0.009235 0.050934
0 0.794855 0.654499 0.009235 0.049236
0 0.806069 0.657895 0.015831 0.052632
0 0.819261 0.662988 0.007916 0.045840
0 0.827177 0.666384 0.007916 0.045840
0 0.837071 0.668081 0.011873 0.045840
0 0.846966 0.623939 0.007916 0.045840
0 0.854881 0.627334 0.007916 0.045840
0 0.864776 0.629881 0.011873 0.050934
0 0.847625 0.670628 0.006596 0.047538
0 0.855541 0.673175 0.006596 0.045840
0 0.864776 0.676570 0.011873 0.042445
0 0.874011 0.634126 0.006596 0.045840
0 0.880607 0.637521 0.006596 0.042445
0 0.889182 0.639219 0.010554 0.045840
0 0.898417 0.640917 0.005277 0.042445
0 0.903694 0.644312 0.005277 0.042445
0 0.912269 0.646859 0.009235 0.047538
0 0.920844 0.650255 0.005277 0.044143
0 0.926781 0.653650 0.003958 0.044143
0 0.933377 0.656197 0.003958 0.042445
0 0.938654 0.657046 0.003958 0.037351
0 0.724934 0.699491 0.019789 0.057725
0 0.725594 0.753820 0.021108 0.054329
0 0.740765 0.702037 0.009235 0.059423
0 0.750660 0.704584 0.010554 0.057725
0 0.765172 0.705433 0.015831 0.059423
0 0.778364 0.708829 0.007916 0.049236
0 0.786939 0.710526 0.009235 0.049236
0 0.798813 0.713073 0.014512 0.050934
0 0.812005 0.717317 0.006596 0.049236
0 0.818602 0.717317 0.006596 0.049236
0 0.830475 0.719015 0.011873 0.049236
0 0.839710 0.720713 0.006596 0.045840
0 0.848285 0.721562 0.007916 0.044143
0 0.859499 0.724109 0.011873 0.045840
0 0.868734 0.728353 0.003958 0.044143
0 0.874670 0.728353 0.005277 0.044143
0 0.883905 0.727504 0.010554 0.045840
0 0.742084 0.756367 0.009235 0.052632
0 0.751979 0.758065 0.010554 0.052632
0 0.765831 0.758065 0.017150 0.049236
0 0.779024 0.759762 0.009235 0.052632
0 0.787599 0.760611 0.005277 0.047538
0 0.799472 0.761460 0.015831 0.049236
0 0.811346 0.764007 0.007916 0.047538
0 0.819261 0.764856 0.007916 0.045840
0 0.830475 0.765705 0.014512 0.044143
0 0.841689 0.766553 0.007916 0.045840
0 0.849604 0.765705 0.007916 0.044143
0 0.859499 0.769100 0.009235 0.044143
0 0.867414 0.770798 0.006596 0.040747
0 0.875989 0.770798 0.005277 0.044143
0 0.885224 0.770798 0.007916 0.044143
0 0.413588 0.234295 0.025066 0.105263
0 0.436016 0.248727 0.019789 0.093379
0 0.455145 0.264007 0.021108 0.096774
0 0.474934 0.279287 0.018470 0.093379
0 0.492744 0.291171 0.017150 0.089983
0 0.515831 0.312394 0.029024 0.098472
0 0.539578 0.329372 0.015831 0.084890
0 0.555409 0.341256 0.015831 0.081494
0 0.412929 0.313243 0.023747 0.066214
0 0.436016 0.323430 0.022427 0.062818
0 0.455805 0.334465 0.019789 0.061121
0 0.474934 0.348896 0.018470 0.056027
0 0.492744 0.362479 0.017150 0.062818
0 0.516491 0.376061 0.027704 0.066214
0 0.536939 0.392190 0.013193 0.054329
0 0.554090 0.400679 0.013193 0.054329
0 0.572559 0.353141 0.021108 0.084890
0 0.573879 0.413413 0.023747 0.059423
0 0.593008 0.370119 0.011873 0.078098
0 0.606860 0.378608 0.010554 0.071307
0 0.593668 0.427844 0.015831 0.047538
0 0.606860 0.436333 0.010554 0.044143
0 0.622691 0.392190 0.018470 0.078098
0 0.639182 0.404924 0.011873 0.073005
0 0.651055 0.412564 0.009235 0.067912
0 0.622032 0.446520 0.019789 0.050934
0 0.637863 0.460102 0.011873 0.047538
0 0.649077 0.466044 0.010554 0.045840
0 0.663588 0.423599 0.015831 0.073005
0 0.677441 0.435484 0.009235 0.066214
0 0.686675 0.442275 0.009235 0.062818
0 0.703166 0.451613 0.018470 0.067912
0 0.717018 0.460951 0.009235 0.059423
0 0.728892 0.465195 0.011873 0.061121
0 0.664908 0.475382 0.018470 0.047538
0 0.678100 0.485569 0.007916 0.040747
0 0.686675 0.492360 0.011873 0.040747
0 0.702507 0.500000 0.019789 0.045840
0 0.717018 0.508489 0.014512 0.042445
0 0.729551 0.513582 0.013193 0.045840
