0 0.084961 0.048828 0.060547 0.093750
0 0.158203 0.045898 0.085938 0.087891
0 0.250000 0.045898 0.097656 0.087891
0 0.336914 0.045898 0.091797 0.087891
0 0.434570 0.048828 0.099609 0.082031
0 0.533203 0.049805 0.097656 0.091797
0 0.615234 0.050781 0.066406 0.089844
0 0.732422 0.047852 0.089844 0.083984
0 0.821289 0.045898 0.087891 0.087891
0 0.911133 0.046875 0.091797 0.089844
0 0.978516 0.048828 0.042969 0.085938
0 0.083008 0.240234 0.052734 0.292969
0 0.153320 0.241211 0.087891 0.291016
0 0.244141 0.241211 0.093750 0.291016
0 0.337891 0.239258 0.093750 0.294922
0 0.432617 0.240234 0.095703 0.296875
0 0.531250 0.245117 0.101562 0.287109
0 0.617188 0.247070 0.070312 0.291016
0 0.733398 0.241211 0.091797 0.298828
0 0.823242 0.243164 0.087891 0.294922
0 0.912109 0.242188 0.089844 0.292969
0 0.978516 0.247070 0.042969 0.283203
0 0.083008 0.488281 0.060547 0.187500
0 0.156250 0.487305 0.085938 0.189453
0 0.249023 0.486328 0.099609 0.187500
0 0.339844 0.487305 0.097656 0.185547
0 0.436523 0.490234 0.095703 0.191406
0 0.534180 0.489258 0.099609 0.193359
0 0.618164 0.486328 0.068359 0.187500
0 0.735352 0.485352 0.091797 0.181641
0 0.826172 0.484375 0.089844 0.183594
0 0.915039 0.486328 0.087891 0.187500
0 0.979492 0.493164 0.041016 0.173828
0 0.083984 0.667969 0.054688 0.175781
0 0.155273 0.668945 0.087891 0.173828
0 0.247070 0.668945 0.095703 0.173828
0 0.341797 0.668945 0.093750 0.173828
0 0.434570 0.668945 0.091797 0.173828
0 0.531250 0.667969 0.101562 0.175781
0 0.615234 0.669922 0.066406 0.179688
0 0.737305 0.667969 0.091797 0.175781
0 0.827148 0.669922 0.087891 0.171875
0 0.914062 0.669922 0.085938 0.171875
0 0.974609 0.666992 0.035156 0.177734
0 0.083984 0.794922 0.050781 0.078125
0 0.156250 0.794922 0.093750 0.078125
0 0.250000 0.792969 0.093750 0.074219
0 0.340820 0.791016 0.087891 0.078125
0 0.432617 0.794922 0.095703 0.085938
0 0.529297 0.798828 0.097656 0.078125
0 0.612305 0.799805 0.068359 0.080078
0 0.732422 0.792969 0.089844 0.082031
0 0.822266 0.794922 0.089844 0.078125
0 0.910156 0.795898 0.085938 0.080078
0 0.976562 0.797852 0.046875 0.076172
0 0.083008 0.908203 0.044922 0.144531
0 0.155273 0.903320 0.099609 0.138672
0 0.248047 0.907227 0.085938 0.146484
0 0.335938 0.910156 0.089844 0.140625
0 0.429688 0.912109 0.097656 0.144531
0 0.528320 0.911133 0.099609 0.146484
0 0.610352 0.910156 0.064453 0.144531
0 0.733398 0.910156 0.087891 0.148438
0 0.821289 0.911133 0.087891 0.146484
0 0.909180 0.911133 0.087891 0.146484
0 0.974609 0.910156 0.042969 0.148438
