0 0.580919 0.404049 0.136863 0.251761
0 0.719780 0.404930 0.136863 0.257042
0 0.191808 0.407570 0.077922 0.332746
0 0.276224 0.324824 0.080919 0.170775
0 0.359141 0.410211 0.084915 0.341549
0 0.445554 0.332746 0.079920 0.165493
0 0.190809 0.747359 0.079920 0.343310
0 0.276723 0.578345 0.081918 0.336268
0 0.277223 0.830986 0.082917 0.179577
0 0.360140 0.743838 0.082917 0.329225
0 0.442058 0.581866 0.078921 0.325704
0 0.443556 0.830986 0.081918 0.176056
0 0.641858 0.782570 0.054945 0.188380
0 0.561439 0.778169 0.085914 0.190141
0 0.558442 0.463908 0.113886 0.135563
0 0.669830 0.463028 0.108891 0.137324
0 0.780719 0.463028 0.112887 0.137324
