0 0.263298 0.229290 0.267730 0.068047
0 0.259752 0.375000 0.281915 0.063609
0 0.250000 0.678994 0.283688 0.059172
0 0.412234 0.678994 0.040780 0.059172
0 0.195922 0.665680 0.054965 0.085799
0 0.252660 0.661982 0.058511 0.084320
0 0.304965 0.661243 0.046099 0.082840
0 0.419326 0.657544 0.026596 0.090237
0 0.508865 0.684911 0.039007 0.068047
0 0.578014 0.687870 0.035461 0.079882
0 0.614362 0.690089 0.044326 0.084320
0 0.252660 0.523669 0.278369 0.059172
0 0.577128 0.562130 0.040780 0.065089
0 0.616135 0.566568 0.040780 0.076923
0 0.574468 0.440828 0.035461 0.056213
0 0.611702 0.443787 0.035461 0.068047
0 0.576241 0.318047 0.031915 0.038462
0 0.610816 0.328402 0.037234 0.056213
0 0.645390 0.791420 0.070922 0.062130
0 0.712766 0.796598 0.060284 0.057692
5 0.869681 0.888314 0.253546 0.113905
