0 0.758789 0.156250 0.158203 0.308594
0 0.759766 0.494141 0.152344 0.484375
0 0.603516 0.193359 0.140625 0.382812
0 0.468750 0.254883 0.128906 0.369141
0 0.355469 0.333008 0.093750 0.294922
0 0.261719 0.383789 0.101562 0.271484
0 0.258789 0.635742 0.095703 0.306641
0 0.352539 0.608398 0.095703 0.345703
0 0.469727 0.578125 0.134766 0.382812
0 0.605469 0.536133 0.140625 0.439453
0 0.184570 0.652344 0.060547 0.273438
0 0.178711 0.891602 0.060547 0.216797
0 0.271484 0.891602 0.125000 0.216797
0 0.757812 0.862305 0.164062 0.275391
