0 0.897461 0.130859 0.107422 0.210938
0 0.896484 0.265625 0.109375 0.117188
0 0.900391 0.363281 0.113281 0.125000
0 0.901367 0.458984 0.115234 0.113281
0 0.900391 0.604492 0.117188 0.205078
0 0.905273 0.736328 0.115234 0.097656
0 0.904297 0.860352 0.121094 0.166016
0 0.799805 0.864258 0.087891 0.166016
0 0.716797 0.861328 0.082031 0.152344
0 0.647461 0.872070 0.068359 0.142578
0 0.563477 0.873047 0.099609 0.152344
0 0.760742 0.752930 0.169922 0.072266
0 0.796875 0.612305 0.082031 0.197266
0 0.716797 0.623047 0.082031 0.191406
0 0.646484 0.633789 0.070312 0.173828
0 0.586914 0.637695 0.052734 0.173828
0 0.541992 0.642578 0.037109 0.171875
0 0.600586 0.759766 0.154297 0.089844
0 0.797852 0.475586 0.080078 0.111328
0 0.719727 0.485352 0.083984 0.119141
0 0.646484 0.502930 0.066406 0.099609
0 0.588867 0.517578 0.056641 0.089844
0 0.540039 0.527344 0.037109 0.089844
0 0.540039 0.433594 0.033203 0.117188
0 0.588867 0.417969 0.056641 0.117188
0 0.642578 0.409180 0.070312 0.119141
0 0.720703 0.393555 0.085938 0.119141
0 0.796875 0.372070 0.066406 0.107422
0 0.794922 0.287109 0.070312 0.101562
0 0.719727 0.300781 0.083984 0.117188
0 0.646484 0.312500 0.058594 0.089844
0 0.589844 0.326172 0.054688 0.085938
0 0.541016 0.339844 0.039062 0.089844
0 0.546875 0.237305 0.042969 0.142578
0 0.590820 0.227539 0.048828 0.146484
0 0.644531 0.206055 0.054688 0.154297
0 0.716797 0.182617 0.078125 0.162109
0 0.797852 0.157227 0.076172 0.177734
0 0.488281 0.085938 0.042969 0.113281
0 0.531250 0.064453 0.039062 0.113281
0 0.573242 0.048828 0.041016 0.093750
0 0.633789 0.036133 0.076172 0.068359
0 0.435547 0.113281 0.039062 0.121094
0 0.439453 0.037109 0.046875 0.062500
0 0.399414 0.054688 0.033203 0.058594
0 0.399414 0.132812 0.041016 0.121094
0 0.357422 0.071289 0.031250 0.064453
0 0.317383 0.089844 0.048828 0.058594
0 0.276367 0.111328 0.029297 0.046875
0 0.335938 0.165039 0.031250 0.111328
0 0.305664 0.176758 0.029297 0.115234
0 0.277344 0.191406 0.035156 0.113281
0 0.234375 0.203125 0.035156 0.097656
0 0.235352 0.128906 0.029297 0.062500
0 0.206055 0.143555 0.033203 0.060547
0 0.190430 0.223633 0.064453 0.107422
0 0.477539 0.264648 0.052734 0.130859
0 0.432617 0.262695 0.033203 0.095703
0 0.387695 0.296875 0.041016 0.140625
0 0.349609 0.309570 0.042969 0.134766
0 0.309570 0.326172 0.037109 0.125000
0 0.272461 0.341797 0.044922 0.121094
0 0.232422 0.349609 0.050781 0.117188
0 0.473633 0.366211 0.048828 0.083984
0 0.428711 0.379883 0.037109 0.083984
0 0.390625 0.393555 0.039062 0.076172
0 0.349609 0.402344 0.042969 0.074219
0 0.309570 0.412109 0.033203 0.078125
0 0.272461 0.425781 0.037109 0.070312
0 0.234375 0.436523 0.039062 0.076172
0 0.475586 0.458984 0.052734 0.121094
0 0.428711 0.468750 0.041016 0.125000
0 0.390625 0.482422 0.035156 0.121094
0 0.349609 0.490234 0.046875 0.117188
0 0.308594 0.497070 0.039062 0.111328
0 0.269531 0.507812 0.046875 0.113281
0 0.232422 0.518555 0.042969 0.107422
0 0.475586 0.546875 0.052734 0.078125
0 0.430664 0.559570 0.037109 0.083984
0 0.393555 0.569336 0.033203 0.080078
0 0.351562 0.579102 0.050781 0.080078
0 0.305664 0.587891 0.044922 0.078125
0 0.267578 0.593750 0.039062 0.070312
0 0.231445 0.600586 0.041016 0.072266
0 0.476562 0.654297 0.054688 0.144531
0 0.428711 0.659180 0.044922 0.130859
0 0.390625 0.666992 0.035156 0.126953
0 0.352539 0.670898 0.048828 0.123047
0 0.310547 0.679688 0.042969 0.121094
0 0.266602 0.686523 0.041016 0.123047
0 0.229492 0.690430 0.044922 0.115234
0 0.472656 0.758789 0.050781 0.072266
0 0.426758 0.759766 0.037109 0.070312
0 0.390625 0.762695 0.035156 0.072266
0 0.352539 0.766602 0.037109 0.072266
0 0.313477 0.768555 0.041016 0.072266
0 0.269531 0.772461 0.042969 0.068359
0 0.228516 0.778320 0.039062 0.072266
0 0.476562 0.862305 0.058594 0.126953
0 0.424805 0.861328 0.044922 0.132812
0 0.385742 0.859375 0.044922 0.128906
0 0.347656 0.864258 0.035156 0.130859
0 0.308594 0.866211 0.042969 0.123047
0 0.271484 0.859375 0.039062 0.109375
0 0.229492 0.863281 0.048828 0.117188
0 0.177734 0.867188 0.039062 0.117188
0 0.138672 0.871094 0.039062 0.113281
0 0.108398 0.872070 0.029297 0.107422
0 0.082031 0.871094 0.031250 0.105469
0 0.057617 0.871094 0.021484 0.101562
0 0.039062 0.863281 0.023438 0.093750
0 0.013672 0.875000 0.023438 0.105469
0 0.170898 0.700195 0.037109 0.111328
0 0.137695 0.703125 0.037109 0.109375
0 0.109375 0.707031 0.027344 0.113281
0 0.083008 0.710938 0.025391 0.101562
0 0.056641 0.712891 0.023438 0.097656
0 0.034180 0.715820 0.025391 0.091797
0 0.010742 0.717773 0.017578 0.095703
0 0.170898 0.529297 0.037109 0.101562
0 0.137695 0.540039 0.029297 0.099609
0 0.108398 0.542969 0.029297 0.093750
0 0.083008 0.550781 0.025391 0.093750
0 0.058594 0.559570 0.027344 0.091797
0 0.035156 0.564453 0.027344 0.089844
0 0.013672 0.571289 0.023438 0.095703
0 0.012695 0.648438 0.021484 0.062500
0 0.037109 0.639648 0.027344 0.064453
0 0.059570 0.630859 0.021484 0.062500
0 0.083984 0.627930 0.031250 0.068359
0 0.109375 0.619141 0.031250 0.066406
0 0.140625 0.616211 0.035156 0.064453
0 0.172852 0.612305 0.041016 0.068359
0 0.174805 0.448242 0.037109 0.076172
0 0.138672 0.461914 0.027344 0.068359
0 0.108398 0.471680 0.029297 0.068359
0 0.082031 0.480469 0.023438 0.066406
0 0.062500 0.482422 0.019531 0.062500
0 0.036133 0.489258 0.029297 0.060547
0 0.014648 0.492188 0.025391 0.062500
0 0.181641 0.364258 0.023438 0.111328
0 0.162109 0.372070 0.015625 0.107422
0 0.145508 0.377930 0.017578 0.107422
0 0.127930 0.380859 0.029297 0.093750
0 0.106445 0.391602 0.025391 0.103516
0 0.083008 0.397461 0.025391 0.095703
0 0.047852 0.410156 0.044922 0.097656
0 0.139648 0.248047 0.037109 0.113281
0 0.139648 0.177734 0.037109 0.050781
0 0.090820 0.200195 0.060547 0.072266
0 0.091797 0.272461 0.058594 0.099609
0 0.047852 0.290039 0.037109 0.103516
0 0.019531 0.306641 0.027344 0.113281
0 0.045898 0.223633 0.033203 0.048828
0 0.018555 0.229492 0.021484 0.041016
