0 0.184570 0.121094 0.134766 0.238281
0 0.307617 0.176758 0.103516 0.349609
0 0.388672 0.247070 0.066406 0.330078
0 0.175781 0.383789 0.144531 0.529297
0 0.305664 0.480469 0.095703 0.433594
0 0.386719 0.535156 0.070312 0.359375
0 0.384766 0.834961 0.062500 0.294922
0 0.298828 0.821289 0.105469 0.357422
0 0.176758 0.798828 0.142578 0.402344
0 0.048828 0.349609 0.093750 0.515625
0 0.050781 0.068359 0.097656 0.113281
0 0.049805 0.793945 0.087891 0.412109
0 0.503906 0.372070 0.042969 0.232422
0 0.541992 0.395508 0.037109 0.220703
0 0.577148 0.419922 0.037109 0.207031
0 0.607422 0.445312 0.031250 0.195312
0 0.639648 0.471680 0.029297 0.189453
0 0.667969 0.489258 0.027344 0.177734
0 0.694336 0.506836 0.025391 0.169922
0 0.726562 0.528320 0.035156 0.162109
0 0.762695 0.578125 0.041016 0.105469
0 0.500977 0.597656 0.044922 0.234375
0 0.540039 0.538086 0.037109 0.080078
0 0.542969 0.641602 0.039062 0.158203
0 0.577148 0.556641 0.033203 0.074219
0 0.612305 0.575195 0.029297 0.072266
0 0.577148 0.655273 0.033203 0.154297
0 0.611328 0.661133 0.027344 0.142578
0 0.639648 0.645508 0.029297 0.173828
0 0.666016 0.655273 0.027344 0.173828
0 0.697266 0.666016 0.027344 0.167969
0 0.725586 0.683594 0.029297 0.160156
0 0.762695 0.676758 0.044922 0.115234
0 0.445312 0.840820 0.046875 0.263672
0 0.497070 0.835938 0.044922 0.218750
0 0.537109 0.833984 0.042969 0.199219
0 0.575195 0.822266 0.037109 0.187500
0 0.608398 0.819336 0.037109 0.169922
0 0.641602 0.823242 0.029297 0.158203
0 0.669922 0.819336 0.031250 0.134766
0 0.697266 0.820312 0.027344 0.125000
0 0.728516 0.823242 0.027344 0.115234
0 0.751953 0.818359 0.023438 0.105469
0 0.776367 0.817383 0.021484 0.095703
0 0.473633 0.296875 0.025391 0.308594
0 0.472656 0.589844 0.019531 0.269531
