0 0.554688 0.110352 0.093750 0.173828
0 0.558594 0.260742 0.085938 0.126953
0 0.560547 0.461914 0.093750 0.181641
0 0.560547 0.681641 0.089844 0.183594
0 0.558594 0.885742 0.089844 0.228516
0 0.767578 0.649414 0.148438 0.181641
0 0.917969 0.631836 0.148438 0.216797
0 0.920898 0.431641 0.138672 0.230469
0 0.769531 0.459961 0.148438 0.228516
0 0.763672 0.223633 0.156250 0.134766
0 0.920898 0.182617 0.158203 0.154297
0 0.760742 0.073242 0.154297 0.142578
0 0.917969 0.041016 0.144531 0.078125
0 0.769531 0.926758 0.148438 0.146484
0 0.914062 0.924805 0.144531 0.150391
0 0.132812 0.316406 0.046875 0.148438
0 0.181641 0.306641 0.054688 0.183594
0 0.240234 0.275391 0.050781 0.171875
0 0.296875 0.262695 0.062500 0.185547
0 0.348633 0.240234 0.052734 0.187500
0 0.416016 0.216797 0.082031 0.191406
0 0.135742 0.464844 0.044922 0.167969
0 0.181641 0.456055 0.050781 0.181641
0 0.238281 0.443359 0.058594 0.183594
0 0.297852 0.431641 0.064453 0.187500
0 0.349609 0.487305 0.046875 0.337891
0 0.417969 0.336914 0.078125 0.083984
0 0.417969 0.426758 0.089844 0.150391
0 0.416016 0.573242 0.101562 0.162109
0 0.131836 0.611328 0.041016 0.128906
0 0.181641 0.604492 0.054688 0.146484
0 0.237305 0.597656 0.056641 0.148438
0 0.297852 0.588867 0.056641 0.150391
0 0.137695 0.725586 0.041016 0.103516
0 0.184570 0.725586 0.048828 0.107422
0 0.241211 0.723633 0.056641 0.119141
0 0.299805 0.723633 0.052734 0.123047
0 0.350586 0.716797 0.052734 0.128906
0 0.419922 0.712891 0.089844 0.140625
0 0.135742 0.808594 0.048828 0.062500
0 0.185547 0.810547 0.054688 0.066406
0 0.240234 0.810547 0.062500 0.074219
0 0.300781 0.812500 0.054688 0.078125
0 0.350586 0.809570 0.044922 0.068359
0 0.419922 0.811523 0.085938 0.072266
0 0.133789 0.892578 0.044922 0.109375
0 0.182617 0.898438 0.056641 0.121094
0 0.242188 0.902344 0.058594 0.121094
0 0.299805 0.912109 0.060547 0.132812
0 0.350586 0.914062 0.048828 0.136719
0 0.420898 0.922852 0.087891 0.146484
