0 0.475586 0.090820 0.076172 0.138672
0 0.400391 0.137695 0.070312 0.130859
0 0.332031 0.177734 0.074219 0.125000
0 0.266602 0.212891 0.056641 0.117188
0 0.213867 0.246094 0.052734 0.113281
0 0.161133 0.271484 0.056641 0.109375
0 0.107422 0.301758 0.050781 0.107422
0 0.059570 0.328125 0.052734 0.097656
0 0.017578 0.347656 0.031250 0.082031
0 0.493164 0.207031 0.041016 0.082031
0 0.491211 0.261719 0.044922 0.085938
0 0.493164 0.325195 0.044922 0.083984
0 0.439453 0.235352 0.058594 0.091797
0 0.442383 0.292969 0.060547 0.093750
0 0.441406 0.351562 0.062500 0.082031
0 0.382812 0.262695 0.050781 0.083984
0 0.385742 0.325195 0.052734 0.087891
0 0.385742 0.382812 0.052734 0.082031
0 0.332031 0.290039 0.054688 0.083984
0 0.333984 0.348633 0.050781 0.083984
0 0.333984 0.406250 0.050781 0.082031
0 0.275391 0.321289 0.058594 0.083984
0 0.278320 0.372070 0.056641 0.095703
0 0.277344 0.428711 0.062500 0.080078
0 0.219727 0.347656 0.056641 0.074219
0 0.220703 0.400391 0.058594 0.074219
0 0.222656 0.454102 0.054688 0.068359
0 0.162109 0.426758 0.062500 0.181641
0 0.097656 0.409180 0.066406 0.068359
0 0.099609 0.458008 0.062500 0.072266
0 0.099609 0.505859 0.066406 0.066406
0 0.036133 0.438477 0.068359 0.080078
0 0.034180 0.486328 0.064453 0.078125
0 0.035156 0.533203 0.066406 0.066406
0 0.491211 0.448242 0.044922 0.068359
0 0.493164 0.501953 0.044922 0.078125
0 0.492188 0.568359 0.042969 0.074219
0 0.441406 0.473633 0.062500 0.087891
0 0.442383 0.529297 0.064453 0.085938
0 0.441406 0.587891 0.062500 0.085938
0 0.385742 0.496094 0.052734 0.082031
0 0.389648 0.553711 0.048828 0.076172
0 0.382812 0.609375 0.046875 0.070312
0 0.334961 0.514648 0.048828 0.076172
0 0.334961 0.571289 0.052734 0.072266
0 0.334961 0.622070 0.048828 0.072266
0 0.278320 0.535156 0.060547 0.074219
0 0.278320 0.585938 0.060547 0.074219
0 0.279297 0.642578 0.058594 0.070312
0 0.220703 0.558594 0.050781 0.070312
0 0.222656 0.608398 0.054688 0.072266
0 0.225586 0.652344 0.052734 0.070312
0 0.164062 0.573242 0.062500 0.072266
0 0.164062 0.627930 0.062500 0.068359
0 0.163086 0.676758 0.060547 0.064453
0 0.100586 0.597656 0.056641 0.062500
0 0.037109 0.622070 0.070312 0.064453
0 0.037109 0.665039 0.070312 0.064453
0 0.100586 0.648438 0.060547 0.062500
0 0.102539 0.692383 0.060547 0.060547
0 0.037109 0.712891 0.066406 0.062500
0 0.495117 0.689453 0.044922 0.070312
0 0.497070 0.748047 0.044922 0.066406
0 0.494141 0.802734 0.054688 0.070312
0 0.441406 0.702148 0.070312 0.072266
0 0.440430 0.758789 0.064453 0.072266
0 0.444336 0.813477 0.060547 0.064453
0 0.384766 0.722656 0.050781 0.074219
0 0.385742 0.776367 0.044922 0.064453
0 0.388672 0.829102 0.054688 0.060547
0 0.336914 0.732422 0.048828 0.066406
0 0.336914 0.789062 0.048828 0.058594
0 0.336914 0.838867 0.048828 0.056641
0 0.280273 0.746094 0.064453 0.066406
0 0.282227 0.795898 0.064453 0.060547
0 0.280273 0.849609 0.068359 0.058594
0 0.220703 0.761719 0.050781 0.054688
0 0.222656 0.811523 0.050781 0.060547
0 0.223633 0.857422 0.052734 0.054688
0 0.164062 0.776367 0.062500 0.052734
0 0.166016 0.818359 0.062500 0.062500
0 0.167969 0.868164 0.058594 0.052734
0 0.102539 0.789062 0.060547 0.058594
0 0.106445 0.831055 0.064453 0.056641
0 0.102539 0.877930 0.064453 0.052734
0 0.041016 0.804688 0.062500 0.054688
0 0.042969 0.844727 0.054688 0.056641
0 0.041992 0.889648 0.056641 0.052734
