0 0.071777 0.231332 0.034180 0.049780
0 0.108887 0.231332 0.040039 0.052709
0 0.149414 0.230600 0.041016 0.051245
0 0.186523 0.230600 0.033203 0.051245
0 0.070312 0.276720 0.035156 0.038067
0 0.108398 0.276720 0.041016 0.038067
0 0.149414 0.277452 0.041016 0.039531
0 0.187012 0.277452 0.034180 0.039531
0 0.070312 0.315520 0.035156 0.036603
0 0.108398 0.315520 0.041016 0.036603
0 0.149902 0.315520 0.041992 0.036603
0 0.187012 0.316252 0.032227 0.035139
0 0.069824 0.354319 0.036133 0.038067
0 0.107910 0.354319 0.040039 0.038067
0 0.148926 0.355051 0.041992 0.039531
0 0.186523 0.355783 0.033203 0.038067
0 0.089844 0.393119 0.076172 0.039531
0 0.165527 0.395315 0.075195 0.035139
0 0.041016 0.237921 0.011719 0.051245
0 0.041016 0.283309 0.011719 0.039531
0 0.040039 0.320644 0.011719 0.035139
0 0.038086 0.357247 0.011719 0.038067
0 0.038086 0.397511 0.011719 0.039531
0 0.037598 0.436310 0.010742 0.038067
0 0.037109 0.475842 0.011719 0.038067
0 0.037109 0.518302 0.011719 0.040996
0 0.079590 0.443631 0.026367 0.029283
0 0.116699 0.447291 0.024414 0.024890
0 0.155273 0.446559 0.027344 0.026354
0 0.190918 0.442899 0.022461 0.027818
0 0.078613 0.486823 0.020508 0.036603
0 0.079102 0.524158 0.019531 0.032211
0 0.116699 0.486091 0.020508 0.035139
0 0.117676 0.524158 0.020508 0.029283
0 0.155273 0.485359 0.021484 0.033675
0 0.155273 0.524890 0.021484 0.030747
0 0.193359 0.485359 0.017578 0.036603
0 0.193359 0.525622 0.017578 0.029283
0 0.234863 0.240117 0.024414 0.046852
0 0.234375 0.283309 0.025391 0.039531
0 0.234375 0.322108 0.025391 0.038067
0 0.234375 0.360176 0.025391 0.038067
0 0.233887 0.398975 0.024414 0.039531
0 0.233398 0.438507 0.025391 0.036603
0 0.233398 0.477306 0.025391 0.040996
0 0.233398 0.518302 0.025391 0.040996
0 0.282715 0.239385 0.020508 0.045388
0 0.282715 0.283309 0.020508 0.039531
0 0.282227 0.321376 0.021484 0.036603
0 0.281738 0.359444 0.020508 0.039531
0 0.281738 0.397511 0.020508 0.039531
0 0.281250 0.436310 0.019531 0.038067
0 0.281250 0.477306 0.019531 0.043924
0 0.281250 0.519034 0.019531 0.039531
0 0.318359 0.229868 0.033203 0.046852
0 0.355469 0.229868 0.041016 0.046852
0 0.395996 0.229868 0.040039 0.046852
0 0.433105 0.229868 0.034180 0.046852
0 0.317871 0.277452 0.032227 0.039531
0 0.354980 0.277452 0.041992 0.039531
0 0.395996 0.276720 0.040039 0.038067
0 0.432617 0.276720 0.033203 0.038067
0 0.317871 0.315520 0.034180 0.036603
0 0.355469 0.316252 0.041016 0.035139
0 0.395996 0.316984 0.040039 0.036603
0 0.433105 0.316252 0.034180 0.038067
0 0.316895 0.355051 0.032227 0.036603
0 0.354492 0.355051 0.042969 0.036603
0 0.395508 0.355783 0.039062 0.038067
0 0.432617 0.355783 0.035156 0.038067
0 0.337402 0.397511 0.073242 0.039531
0 0.394531 0.396779 0.041016 0.040996
0 0.433105 0.395315 0.036133 0.038067
0 0.337402 0.436310 0.073242 0.038067
0 0.394043 0.435578 0.040039 0.039531
0 0.431641 0.435578 0.035156 0.039531
0 0.316406 0.477306 0.033203 0.040996
0 0.353516 0.477306 0.041016 0.040996
0 0.394043 0.478038 0.040039 0.042460
0 0.432129 0.478038 0.036133 0.042460
0 0.316406 0.519034 0.035156 0.039531
0 0.354004 0.519766 0.040039 0.038067
0 0.395020 0.519766 0.041992 0.038067
0 0.433594 0.519766 0.035156 0.038067
0 0.473145 0.239385 0.024414 0.045388
0 0.472656 0.281113 0.025391 0.038067
0 0.472168 0.320644 0.024414 0.040996
0 0.471680 0.359444 0.025391 0.036603
0 0.472168 0.398243 0.026367 0.040996
0 0.471191 0.437042 0.028320 0.036603
0 0.471191 0.477306 0.028320 0.043924
0 0.470703 0.519766 0.029297 0.040996
0 0.523438 0.237189 0.025391 0.046852
0 0.523438 0.281113 0.025391 0.040996
0 0.522949 0.321376 0.024414 0.039531
0 0.522949 0.360176 0.026367 0.038067
0 0.522949 0.398975 0.026367 0.039531
0 0.522949 0.437042 0.026367 0.036603
0 0.522949 0.477306 0.026367 0.043924
0 0.522949 0.518302 0.026367 0.038067
0 0.563965 0.230600 0.034180 0.048316
0 0.601562 0.230600 0.041016 0.048316
0 0.642578 0.230600 0.041016 0.048316
0 0.680664 0.229868 0.035156 0.049780
0 0.563965 0.275256 0.034180 0.040996
0 0.601562 0.275256 0.041016 0.040996
0 0.642578 0.274524 0.041016 0.039531
0 0.680664 0.275256 0.035156 0.038067
0 0.563477 0.315520 0.035156 0.039531
0 0.601562 0.314788 0.041016 0.040996
0 0.642578 0.314056 0.041016 0.039531
0 0.680176 0.314788 0.034180 0.038067
0 0.716797 0.238653 0.021484 0.046852
0 0.717285 0.281113 0.020508 0.038067
0 0.717285 0.319912 0.020508 0.039531
0 0.716797 0.359444 0.021484 0.039531
0 0.716797 0.398975 0.021484 0.039531
0 0.717285 0.438507 0.020508 0.039531
0 0.717285 0.478770 0.020508 0.040996
0 0.716797 0.519034 0.021484 0.039531
0 0.563477 0.357247 0.033203 0.040996
0 0.601074 0.356515 0.041992 0.042460
0 0.642578 0.356515 0.041016 0.042460
0 0.680176 0.355783 0.034180 0.043924
0 0.563965 0.398243 0.032227 0.038067
0 0.601074 0.398243 0.041992 0.038067
0 0.643066 0.396779 0.041992 0.035139
0 0.681152 0.396047 0.034180 0.036603
0 0.564453 0.437042 0.031250 0.039531
0 0.601074 0.437042 0.041992 0.039531
0 0.642578 0.435578 0.041016 0.036603
0 0.680176 0.435578 0.034180 0.036603
0 0.563965 0.478770 0.030273 0.040996
0 0.600586 0.478770 0.042969 0.040996
0 0.642578 0.478770 0.041016 0.040996
0 0.680176 0.478770 0.034180 0.040996
0 0.564453 0.521230 0.031250 0.040996
0 0.601074 0.521962 0.041992 0.039531
0 0.642578 0.521230 0.041016 0.038067
0 0.681152 0.520498 0.036133 0.039531
0 0.767090 0.234993 0.026367 0.051245
0 0.766602 0.281113 0.025391 0.040996
0 0.766113 0.321376 0.024414 0.039531
0 0.766113 0.359444 0.026367 0.036603
0 0.766602 0.397511 0.025391 0.039531
0 0.766602 0.438507 0.025391 0.039531
0 0.766602 0.479502 0.027344 0.039531
0 0.767578 0.520498 0.027344 0.042460
0 0.813477 0.226208 0.031250 0.048316
0 0.847168 0.226208 0.036133 0.048316
0 0.885254 0.226940 0.040039 0.049780
0 0.920898 0.226208 0.031250 0.051245
0 0.812500 0.273060 0.031250 0.039531
0 0.847168 0.271596 0.038086 0.042460
0 0.885742 0.271596 0.039062 0.042460
0 0.921387 0.271596 0.032227 0.042460
0 0.812500 0.314788 0.031250 0.038067
0 0.847656 0.314056 0.039062 0.039531
0 0.886230 0.313324 0.038086 0.038067
0 0.921387 0.311859 0.032227 0.040996
0 0.813477 0.354319 0.029297 0.038067
0 0.847656 0.354319 0.039062 0.038067
0 0.886230 0.353587 0.038086 0.036603
0 0.921387 0.352855 0.032227 0.038067
0 0.813965 0.394583 0.030273 0.042460
0 0.848145 0.394583 0.038086 0.042460
0 0.886230 0.393119 0.038086 0.039531
0 0.921875 0.393851 0.033203 0.038067
0 0.814453 0.434114 0.029297 0.036603
0 0.848145 0.434114 0.038086 0.036603
0 0.886230 0.435578 0.038086 0.039531
0 0.922363 0.435578 0.034180 0.039531
0 0.833984 0.476574 0.068359 0.042460
0 0.903809 0.478038 0.071289 0.039531
0 0.833984 0.519766 0.070312 0.040996
0 0.904297 0.520498 0.070312 0.039531
0 0.953613 0.232796 0.012695 0.049780
0 0.953613 0.278184 0.012695 0.040996
0 0.953613 0.317716 0.012695 0.038067
0 0.953125 0.356515 0.013672 0.039531
0 0.953125 0.396047 0.013672 0.039531
0 0.953125 0.437042 0.013672 0.042460
0 0.954102 0.478770 0.015625 0.040996
0 0.954590 0.519766 0.014648 0.040996
