0 0.796387 0.052786 0.034180 0.102639
0 0.851562 0.051320 0.046875 0.099707
0 0.915039 0.048387 0.046875 0.093842
0 0.976074 0.049853 0.043945 0.096774
0 0.795410 0.187683 0.034180 0.167155
0 0.852539 0.185484 0.046875 0.165689
0 0.914551 0.179619 0.047852 0.165689
0 0.977539 0.181818 0.044922 0.167155
0 0.795898 0.353372 0.035156 0.170088
0 0.851562 0.351173 0.046875 0.165689
0 0.913574 0.352639 0.043945 0.168622
0 0.977539 0.348240 0.044922 0.165689
0 0.794922 0.523460 0.035156 0.167155
0 0.852051 0.520528 0.047852 0.167155
0 0.915527 0.519795 0.045898 0.168622
0 0.976562 0.519062 0.044922 0.170088
0 0.796387 0.689883 0.036133 0.168622
0 0.852051 0.688416 0.049805 0.165689
0 0.914551 0.690616 0.047852 0.167155
0 0.976562 0.687683 0.044922 0.167155
0 0.796875 0.860704 0.035156 0.167155
0 0.853027 0.857038 0.049805 0.171554
0 0.914551 0.857771 0.047852 0.164223
0 0.975586 0.857038 0.042969 0.168622
0 0.796387 0.971408 0.036133 0.057185
0 0.852051 0.971408 0.047852 0.057185
0 0.914551 0.972141 0.047852 0.055718
0 0.977051 0.971408 0.043945 0.057185
0 0.065918 0.046188 0.063477 0.089443
0 0.064453 0.190616 0.060547 0.214076
0 0.065918 0.398094 0.057617 0.209677
0 0.066406 0.604839 0.058594 0.206745
0 0.066406 0.807918 0.058594 0.202346
0 0.066406 0.953079 0.060547 0.093842
0 0.241211 0.093109 0.039062 0.148094
0 0.294922 0.093109 0.039062 0.148094
0 0.350098 0.093842 0.038086 0.143695
0 0.456543 0.090909 0.038086 0.146628
0 0.511230 0.090176 0.041992 0.145161
0 0.240723 0.240469 0.040039 0.146628
0 0.295410 0.241202 0.040039 0.145161
0 0.349609 0.239003 0.039062 0.143695
0 0.458008 0.237537 0.041016 0.143695
0 0.510742 0.235337 0.041016 0.145161
0 0.240234 0.386364 0.041016 0.142229
0 0.295898 0.386364 0.042969 0.142229
0 0.350098 0.384164 0.043945 0.146628
0 0.457031 0.383431 0.042969 0.142229
0 0.510742 0.384164 0.041016 0.143695
0 0.242188 0.532991 0.041016 0.151026
0 0.294922 0.532258 0.042969 0.143695
0 0.348633 0.530792 0.042969 0.146628
0 0.455566 0.529326 0.043945 0.143695
0 0.510742 0.527126 0.041016 0.145161
0 0.242188 0.680352 0.039062 0.146628
0 0.295410 0.681085 0.041992 0.148094
0 0.348145 0.676686 0.041992 0.145161
0 0.457031 0.677419 0.039062 0.140762
0 0.511719 0.673754 0.041016 0.148094
0 0.242188 0.824047 0.039062 0.146628
0 0.295410 0.824780 0.040039 0.142229
0 0.348145 0.822581 0.041992 0.149560
0 0.457520 0.821114 0.040039 0.146628
0 0.510742 0.821848 0.039062 0.145161
0 0.241699 0.950147 0.038086 0.099707
0 0.294434 0.949413 0.041992 0.101173
0 0.348633 0.948680 0.041016 0.102639
0 0.456055 0.947947 0.037109 0.104106
0 0.511719 0.947214 0.041016 0.105572
