0 0.019595 0.037525 0.036486 0.058824
0 0.057432 0.036511 0.058108 0.060852
0 0.107432 0.035497 0.052703 0.058824
0 0.158108 0.035497 0.051351 0.058824
0 0.206081 0.036511 0.050000 0.060852
0 0.254054 0.036511 0.051351 0.052738
0 0.300676 0.038540 0.050000 0.056795
0 0.349324 0.038540 0.047297 0.056795
0 0.395946 0.037525 0.045946 0.058824
0 0.441892 0.038540 0.045946 0.056795
0 0.488514 0.038540 0.047297 0.056795
0 0.535811 0.039554 0.047297 0.054767
0 0.583108 0.039554 0.047297 0.054767
0 0.629054 0.039554 0.044595 0.054767
0 0.677027 0.039554 0.051351 0.054767
0 0.722973 0.038540 0.051351 0.064909
0 0.771622 0.038540 0.051351 0.056795
0 0.816216 0.039554 0.054054 0.054767
0 0.864865 0.038540 0.054054 0.056795
0 0.908784 0.039554 0.055405 0.058824
0 0.957432 0.038540 0.058108 0.056795
0 0.016216 0.116633 0.029730 0.058824
0 0.054054 0.113590 0.054054 0.060852
0 0.105405 0.108519 0.051351 0.058824
0 0.154730 0.110548 0.050000 0.054767
0 0.204730 0.110548 0.047297 0.054767
0 0.252703 0.112576 0.048649 0.058824
0 0.300676 0.112576 0.047297 0.058824
0 0.349324 0.112576 0.050000 0.058824
0 0.397973 0.112576 0.047297 0.058824
0 0.445270 0.113590 0.047297 0.060852
0 0.491892 0.116633 0.045946 0.054767
0 0.539865 0.115619 0.050000 0.052738
0 0.587162 0.113590 0.044595 0.056795
0 0.634459 0.114604 0.050000 0.058824
0 0.682432 0.114604 0.045946 0.058824
0 0.727703 0.112576 0.052703 0.058824
0 0.775676 0.114604 0.051351 0.058824
0 0.823649 0.113590 0.052703 0.060852
0 0.869595 0.113590 0.052703 0.060852
0 0.919595 0.114604 0.055405 0.058824
0 0.966216 0.111562 0.051351 0.052738
0 0.014865 0.171400 0.027027 0.058824
0 0.052027 0.170385 0.058108 0.056795
0 0.102027 0.169371 0.052703 0.058824
0 0.152027 0.169371 0.052703 0.062880
0 0.203378 0.167343 0.050000 0.058824
0 0.253378 0.169371 0.050000 0.054767
0 0.301351 0.170385 0.045946 0.056795
0 0.349324 0.170385 0.050000 0.056795
0 0.397297 0.170385 0.045946 0.056795
0 0.443243 0.170385 0.045946 0.056795
0 0.491892 0.170385 0.051351 0.056795
0 0.541892 0.170385 0.048649 0.056795
0 0.589865 0.171400 0.047297 0.058824
0 0.637838 0.171400 0.048649 0.058824
0 0.684459 0.170385 0.050000 0.056795
0 0.733108 0.173428 0.055405 0.058824
0 0.782432 0.172414 0.051351 0.060852
0 0.831081 0.171400 0.054054 0.058824
0 0.877703 0.170385 0.058108 0.056795
0 0.927027 0.169371 0.056757 0.054767
0 0.972973 0.171400 0.054054 0.062880
0 0.012838 0.245436 0.022973 0.060852
0 0.045946 0.251521 0.056757 0.060852
0 0.096622 0.250507 0.055405 0.058824
0 0.147297 0.251521 0.051351 0.060852
0 0.199324 0.251521 0.052703 0.060852
0 0.250676 0.250507 0.050000 0.058824
0 0.299324 0.250507 0.050000 0.058824
0 0.348649 0.250507 0.048649 0.058824
0 0.396622 0.249493 0.050000 0.056795
0 0.445946 0.250507 0.048649 0.058824
0 0.495270 0.253550 0.050000 0.060852
0 0.544595 0.251521 0.051351 0.060852
0 0.593919 0.248479 0.047297 0.058824
0 0.643243 0.249493 0.051351 0.060852
0 0.689865 0.248479 0.052703 0.062880
0 0.739865 0.249493 0.055405 0.068966
0 0.790541 0.251521 0.054054 0.060852
0 0.837838 0.250507 0.054054 0.062880
0 0.885811 0.248479 0.060811 0.062880
0 0.935811 0.250507 0.055405 0.062880
0 0.977703 0.249493 0.044595 0.064909
0 0.011486 0.312373 0.020270 0.060852
0 0.041216 0.312373 0.055405 0.068966
0 0.093919 0.314402 0.058108 0.064909
0 0.146622 0.314402 0.052703 0.064909
0 0.199324 0.313387 0.052703 0.066937
0 0.248649 0.310345 0.051351 0.060852
0 0.300000 0.311359 0.051351 0.058824
0 0.350000 0.311359 0.048649 0.058824
0 0.399324 0.309331 0.050000 0.062880
0 0.448649 0.310345 0.051351 0.060852
0 0.495946 0.314402 0.054054 0.060852
0 0.547297 0.313387 0.048649 0.062880
0 0.596622 0.312373 0.050000 0.060852
0 0.645270 0.312373 0.047297 0.060852
0 0.695946 0.312373 0.056757 0.064909
0 0.745270 0.314402 0.055405 0.064909
0 0.794595 0.313387 0.056757 0.062880
0 0.843919 0.313387 0.055405 0.062880
0 0.893919 0.311359 0.060811 0.062880
0 0.943919 0.311359 0.055405 0.058824
0 0.981757 0.313387 0.036486 0.062880
0 0.035811 0.394523 0.060811 0.075051
0 0.090541 0.398580 0.059459 0.062880
0 0.141892 0.397566 0.054054 0.064909
0 0.194595 0.397566 0.054054 0.064909
0 0.247297 0.397566 0.051351 0.064909
0 0.297973 0.396552 0.050000 0.066937
0 0.349324 0.395538 0.052703 0.064909
0 0.401351 0.395538 0.051351 0.064909
0 0.451351 0.395538 0.054054 0.064909
0 0.501351 0.395538 0.051351 0.064909
0 0.551351 0.395538 0.054054 0.064909
0 0.602027 0.394523 0.047297 0.066937
0 0.652703 0.396552 0.054054 0.062880
0 0.703378 0.397566 0.052703 0.064909
0 0.752703 0.395538 0.056757 0.068966
0 0.802027 0.391481 0.058108 0.068966
0 0.853378 0.393509 0.058108 0.068966
0 0.902027 0.394523 0.060811 0.070994
0 0.954730 0.395538 0.060811 0.064909
0 0.032432 0.462475 0.059459 0.064909
0 0.087162 0.460446 0.055405 0.064909
0 0.141892 0.459432 0.056757 0.062880
0 0.193919 0.461460 0.052703 0.066937
0 0.245270 0.461460 0.052703 0.066937
0 0.297973 0.460446 0.052703 0.068966
0 0.348649 0.460446 0.048649 0.068966
0 0.400000 0.460446 0.054054 0.068966
0 0.452027 0.460446 0.052703 0.064909
0 0.503378 0.460446 0.050000 0.064909
0 0.552703 0.461460 0.051351 0.066937
0 0.604730 0.459432 0.052703 0.070994
0 0.656757 0.461460 0.056757 0.062880
0 0.707432 0.460446 0.052703 0.068966
0 0.756757 0.460446 0.056757 0.068966
0 0.808108 0.459432 0.056757 0.066937
0 0.860135 0.461460 0.058108 0.066937
0 0.912162 0.458418 0.062162 0.064909
0 0.964865 0.458418 0.062162 0.064909
0 0.028378 0.550710 0.054054 0.070994
0 0.081081 0.550710 0.059459 0.070994
0 0.134459 0.553753 0.055405 0.068966
0 0.189189 0.552738 0.059459 0.070994
0 0.241892 0.550710 0.059459 0.070994
0 0.293919 0.554767 0.055405 0.070994
0 0.349324 0.552738 0.055405 0.066937
0 0.400000 0.553753 0.054054 0.068966
0 0.453378 0.550710 0.050000 0.070994
0 0.505405 0.550710 0.051351 0.075051
0 0.558784 0.549696 0.050000 0.073022
0 0.608784 0.552738 0.052703 0.066937
0 0.664189 0.549696 0.055405 0.073022
0 0.714189 0.552738 0.058108 0.066937
0 0.766216 0.550710 0.059459 0.066937
0 0.818919 0.548682 0.059459 0.070994
0 0.870946 0.547667 0.060811 0.068966
0 0.922297 0.552738 0.058108 0.066937
0 0.970946 0.548682 0.058108 0.066937
0 0.025000 0.623732 0.047297 0.066937
0 0.076351 0.622718 0.058108 0.073022
0 0.130405 0.620690 0.055405 0.068966
0 0.187162 0.620690 0.058108 0.068966
0 0.241892 0.621704 0.051351 0.070994
0 0.294595 0.620690 0.056757 0.073022
0 0.350000 0.620690 0.051351 0.068966
0 0.403378 0.623732 0.055405 0.075051
0 0.454730 0.622718 0.055405 0.068966
0 0.508108 0.622718 0.054054 0.073022
0 0.561486 0.620690 0.052703 0.073022
0 0.612838 0.622718 0.055405 0.073022
0 0.666216 0.621704 0.056757 0.070994
0 0.719595 0.620690 0.060811 0.073022
0 0.770946 0.620690 0.060811 0.073022
0 0.826351 0.621704 0.058108 0.075051
0 0.879054 0.618661 0.060811 0.073022
0 0.930405 0.623732 0.066216 0.070994
0 0.975676 0.622718 0.048649 0.081136
0 0.024324 0.719067 0.045946 0.079108
0 0.070270 0.723124 0.062162 0.079108
0 0.129054 0.717039 0.060811 0.070994
0 0.182432 0.718053 0.059459 0.077079
0 0.238514 0.720081 0.058108 0.077079
0 0.295946 0.719067 0.056757 0.075051
0 0.350676 0.720081 0.052703 0.073022
0 0.404730 0.719067 0.055405 0.070994
0 0.458784 0.718053 0.052703 0.073022
0 0.513514 0.720081 0.056757 0.077079
0 0.564865 0.717039 0.054054 0.075051
0 0.620270 0.718053 0.059459 0.077079
0 0.674324 0.716024 0.056757 0.077079
0 0.727027 0.716024 0.059459 0.077079
0 0.779730 0.717039 0.062162 0.075051
0 0.835135 0.718053 0.062162 0.077079
0 0.888514 0.720081 0.063514 0.077079
0 0.942568 0.718053 0.066216 0.073022
0 0.981757 0.720081 0.036486 0.077079
0 0.020946 0.792089 0.039189 0.075051
0 0.067568 0.794118 0.062162 0.079108
0 0.123649 0.794118 0.058108 0.083164
0 0.181081 0.796146 0.056757 0.075051
0 0.237838 0.795132 0.059459 0.077079
0 0.293919 0.794118 0.058108 0.075051
0 0.350676 0.798174 0.058108 0.079108
0 0.404054 0.797160 0.056757 0.085193
0 0.458108 0.797160 0.056757 0.077079
0 0.514189 0.794118 0.055405 0.083164
0 0.569595 0.791075 0.055405 0.077079
0 0.625000 0.791075 0.055405 0.077079
0 0.679054 0.793103 0.063514 0.081136
0 0.734459 0.793103 0.060811 0.081136
0 0.789189 0.794118 0.064865 0.083164
0 0.842568 0.792089 0.063514 0.079108
0 0.897297 0.792089 0.064865 0.079108
0 0.952703 0.795132 0.064865 0.077079
0 0.017568 0.900609 0.032432 0.089249
0 0.057432 0.898580 0.071622 0.077079
0 0.118919 0.898580 0.059459 0.077079
0 0.177027 0.895538 0.062162 0.083164
0 0.233784 0.899594 0.059459 0.079108
0 0.291892 0.900609 0.059459 0.081136
0 0.350000 0.900609 0.056757 0.081136
0 0.406081 0.900609 0.055405 0.081136
0 0.462162 0.900609 0.056757 0.081136
0 0.516892 0.900609 0.052703 0.081136
0 0.572973 0.900609 0.059459 0.081136
0 0.632432 0.899594 0.059459 0.083164
0 0.685811 0.900609 0.063514 0.085193
0 0.741892 0.900609 0.062162 0.081136
0 0.798649 0.901623 0.067568 0.083164
0 0.854730 0.899594 0.066216 0.087221
0 0.910135 0.901623 0.066216 0.087221
0 0.966216 0.901623 0.064865 0.083164
0 0.014189 0.967546 0.025676 0.056795
0 0.054054 0.968560 0.064865 0.062880
0 0.115541 0.970588 0.060811 0.054767
0 0.175676 0.971602 0.062162 0.056795
0 0.232432 0.971602 0.056757 0.056795
0 0.291892 0.971602 0.056757 0.056795
0 0.350000 0.970588 0.054054 0.058824
0 0.407432 0.971602 0.058108 0.056795
0 0.462162 0.971602 0.059459 0.056795
0 0.520946 0.971602 0.058108 0.056795
0 0.577027 0.971602 0.062162 0.056795
0 0.635135 0.972617 0.064865 0.054767
0 0.691216 0.970588 0.063514 0.058824
0 0.747297 0.971602 0.059459 0.056795
0 0.804730 0.971602 0.063514 0.056795
0 0.860811 0.970588 0.067568 0.058824
0 0.920270 0.970588 0.070270 0.058824
0 0.970946 0.971602 0.052703 0.056795
