0 0.058594 0.108398 0.035156 0.029297
0 0.094727 0.107422 0.037109 0.031250
0 0.132812 0.107422 0.039062 0.031250
0 0.173828 0.109375 0.042969 0.027344
0 0.214844 0.110352 0.039062 0.029297
0 0.214844 0.142578 0.039062 0.035156
0 0.174805 0.142578 0.041016 0.035156
0 0.135742 0.142578 0.037109 0.035156
0 0.096680 0.141602 0.041016 0.037109
0 0.057617 0.141602 0.037109 0.037109
0 0.059570 0.180664 0.041016 0.041016
0 0.099609 0.179688 0.039062 0.042969
0 0.138672 0.180664 0.039062 0.044922
0 0.177734 0.180664 0.039062 0.044922
0 0.215820 0.178711 0.037109 0.041016
0 0.047852 0.042969 0.029297 0.023438
0 0.075195 0.042969 0.025391 0.023438
0 0.100586 0.042969 0.025391 0.023438
0 0.131836 0.044922 0.037109 0.019531
0 0.171875 0.044922 0.042969 0.019531
0 0.207031 0.043945 0.027344 0.021484
0 0.233398 0.042969 0.025391 0.019531
0 0.264648 0.041992 0.037109 0.021484
0 0.293945 0.042969 0.021484 0.023438
0 0.320312 0.043945 0.031250 0.021484
0 0.358398 0.042969 0.044922 0.019531
0 0.400391 0.042969 0.039062 0.019531
0 0.443359 0.042969 0.046875 0.019531
0 0.477539 0.042969 0.021484 0.019531
0 0.502930 0.041992 0.029297 0.017578
0 0.532227 0.041992 0.029297 0.017578
0 0.565430 0.042969 0.037109 0.019531
0 0.605469 0.042969 0.042969 0.019531
0 0.267578 0.080078 0.035156 0.027344
0 0.305664 0.082031 0.041016 0.023438
0 0.269531 0.108398 0.035156 0.029297
0 0.307617 0.108398 0.041016 0.029297
0 0.270508 0.141602 0.037109 0.033203
0 0.308594 0.140625 0.039062 0.035156
0 0.271484 0.178711 0.035156 0.041016
0 0.307617 0.179688 0.037109 0.039062
0 0.359375 0.079102 0.031250 0.029297
0 0.397461 0.080078 0.044922 0.035156
0 0.439453 0.080078 0.039062 0.035156
0 0.478516 0.080078 0.039062 0.035156
0 0.362305 0.108398 0.033203 0.029297
0 0.399414 0.109375 0.041016 0.027344
0 0.439453 0.109375 0.039062 0.027344
0 0.477539 0.110352 0.037109 0.025391
0 0.363281 0.140625 0.035156 0.039062
0 0.401367 0.141602 0.041016 0.037109
0 0.440430 0.141602 0.037109 0.037109
0 0.477539 0.141602 0.037109 0.037109
0 0.363281 0.180664 0.039062 0.041016
0 0.401367 0.181641 0.037109 0.039062
0 0.439453 0.180664 0.039062 0.037109
0 0.478516 0.179688 0.039062 0.039062
0 0.530273 0.077148 0.033203 0.021484
0 0.566406 0.078125 0.039062 0.019531
0 0.532227 0.106445 0.033203 0.033203
0 0.531250 0.142578 0.035156 0.039062
0 0.532227 0.180664 0.037109 0.037109
0 0.566406 0.180664 0.031250 0.037109
0 0.566406 0.141602 0.031250 0.041016
0 0.611328 0.076172 0.031250 0.023438
0 0.648438 0.077148 0.042969 0.021484
0 0.690430 0.076172 0.041016 0.019531
0 0.727539 0.075195 0.033203 0.021484
0 0.613281 0.103516 0.031250 0.035156
0 0.648438 0.105469 0.039062 0.031250
0 0.687500 0.105469 0.039062 0.031250
0 0.724609 0.107422 0.035156 0.027344
0 0.613281 0.139648 0.031250 0.037109
0 0.648438 0.139648 0.039062 0.037109
0 0.688477 0.139648 0.041016 0.037109
0 0.726562 0.139648 0.035156 0.037109
0 0.613281 0.178711 0.031250 0.041016
0 0.649414 0.178711 0.041016 0.041016
0 0.688477 0.177734 0.037109 0.039062
0 0.725586 0.178711 0.037109 0.037109
0 0.058594 0.241211 0.035156 0.033203
0 0.096680 0.242188 0.041016 0.031250
0 0.136719 0.240234 0.039062 0.027344
0 0.175781 0.238281 0.039062 0.031250
0 0.214844 0.237305 0.039062 0.029297
0 0.137695 0.262695 0.189453 0.013672
0 0.059570 0.288086 0.033203 0.037109
0 0.096680 0.289062 0.041016 0.035156
0 0.136719 0.289062 0.039062 0.035156
0 0.174805 0.287109 0.037109 0.039062
0 0.213867 0.285156 0.041016 0.035156
0 0.270508 0.234375 0.033203 0.031250
0 0.311523 0.234375 0.048828 0.031250
0 0.268555 0.258789 0.037109 0.017578
0 0.311523 0.258789 0.048828 0.017578
0 0.269531 0.285156 0.035156 0.035156
0 0.311523 0.286133 0.048828 0.033203
0 0.362305 0.232422 0.037109 0.031250
0 0.399414 0.235352 0.037109 0.025391
0 0.438477 0.235352 0.041016 0.025391
0 0.476562 0.234375 0.035156 0.027344
0 0.420898 0.255859 0.150391 0.019531
0 0.361328 0.283203 0.035156 0.039062
0 0.398438 0.285156 0.039062 0.035156
0 0.438477 0.284180 0.041016 0.033203
0 0.477539 0.284180 0.037109 0.033203
0 0.531250 0.233398 0.035156 0.033203
0 0.567383 0.234375 0.037109 0.031250
0 0.533203 0.256836 0.031250 0.013672
0 0.565430 0.256836 0.033203 0.013672
0 0.535156 0.283203 0.031250 0.039062
0 0.567383 0.283203 0.033203 0.039062
0 0.613281 0.233398 0.035156 0.033203
0 0.651367 0.234375 0.041016 0.031250
0 0.691406 0.235352 0.039062 0.033203
0 0.727539 0.235352 0.033203 0.033203
0 0.785156 0.236328 0.031250 0.027344
0 0.780273 0.140625 0.033203 0.042969
0 0.779297 0.181641 0.035156 0.039062
0 0.781250 0.108398 0.035156 0.021484
0 0.669922 0.255859 0.144531 0.015625
0 0.611328 0.284180 0.031250 0.041016
0 0.650391 0.286133 0.046875 0.037109
0 0.693359 0.286133 0.039062 0.037109
0 0.726562 0.285156 0.027344 0.039062
0 0.783203 0.285156 0.035156 0.039062
0 0.786133 0.257812 0.033203 0.019531
0 0.058594 0.351562 0.039062 0.054688
0 0.099609 0.352539 0.042969 0.052734
0 0.173828 0.353516 0.035156 0.046875
0 0.209961 0.352539 0.037109 0.048828
0 0.059570 0.392578 0.037109 0.023438
0 0.099609 0.391602 0.042969 0.025391
0 0.132812 0.391602 0.023438 0.025391
0 0.173828 0.392578 0.035156 0.027344
0 0.210938 0.392578 0.039062 0.027344
0 0.095703 0.427734 0.105469 0.046875
0 0.170898 0.429688 0.044922 0.042969
0 0.211914 0.430664 0.037109 0.044922
0 0.270508 0.351562 0.037109 0.054688
0 0.307617 0.350586 0.037109 0.056641
0 0.269531 0.391602 0.039062 0.025391
0 0.308594 0.390625 0.039062 0.027344
0 0.271484 0.426758 0.035156 0.048828
0 0.308594 0.428711 0.039062 0.044922
0 0.362305 0.353516 0.041016 0.054688
0 0.400391 0.354492 0.035156 0.052734
0 0.437500 0.352539 0.039062 0.048828
0 0.477539 0.350586 0.041016 0.052734
0 0.363281 0.391602 0.042969 0.025391
0 0.401367 0.391602 0.033203 0.025391
0 0.438477 0.390625 0.041016 0.027344
0 0.478516 0.391602 0.039062 0.025391
0 0.380859 0.429688 0.066406 0.046875
0 0.457031 0.429688 0.085938 0.046875
0 0.531250 0.348633 0.031250 0.052734
0 0.563477 0.349609 0.033203 0.050781
0 0.612305 0.348633 0.033203 0.052734
0 0.642578 0.348633 0.027344 0.052734
0 0.691406 0.352539 0.039062 0.052734
0 0.725586 0.351562 0.029297 0.054688
0 0.533203 0.388672 0.031250 0.023438
0 0.565430 0.387695 0.033203 0.025391
0 0.610352 0.388672 0.029297 0.027344
0 0.640625 0.387695 0.031250 0.029297
0 0.690430 0.389648 0.037109 0.021484
0 0.724609 0.389648 0.031250 0.021484
0 0.533203 0.426758 0.035156 0.048828
0 0.566406 0.425781 0.031250 0.050781
0 0.611328 0.427734 0.031250 0.050781
0 0.641602 0.427734 0.029297 0.050781
0 0.706055 0.425781 0.064453 0.046875
0 0.054688 0.532227 0.039062 0.044922
0 0.094727 0.532227 0.041016 0.044922
0 0.133789 0.533203 0.037109 0.046875
0 0.170898 0.533203 0.037109 0.046875
0 0.208984 0.532227 0.039062 0.044922
0 0.054688 0.583984 0.039062 0.035156
0 0.094727 0.583984 0.041016 0.035156
0 0.133789 0.583984 0.037109 0.035156
0 0.171875 0.583984 0.039062 0.035156
0 0.210938 0.584961 0.039062 0.037109
0 0.056641 0.640625 0.039062 0.042969
0 0.095703 0.640625 0.039062 0.042969
0 0.133789 0.640625 0.037109 0.042969
0 0.170898 0.641602 0.037109 0.041016
0 0.209961 0.641602 0.041016 0.041016
0 0.208984 0.679688 0.042969 0.035156
0 0.168945 0.680664 0.037109 0.033203
0 0.133789 0.680664 0.033203 0.033203
0 0.096680 0.679688 0.041016 0.035156
0 0.057617 0.678711 0.037109 0.033203
0 0.057617 0.712891 0.037109 0.035156
0 0.097656 0.714844 0.042969 0.031250
0 0.134766 0.715820 0.031250 0.033203
0 0.168945 0.713867 0.037109 0.037109
0 0.208008 0.714844 0.041016 0.039062
0 0.270508 0.537109 0.033203 0.050781
0 0.297852 0.536133 0.021484 0.052734
0 0.322266 0.534180 0.027344 0.048828
0 0.356445 0.535156 0.041016 0.046875
0 0.396484 0.533203 0.039062 0.042969
0 0.438477 0.532227 0.044922 0.044922
0 0.478516 0.533203 0.035156 0.046875
0 0.479492 0.579102 0.033203 0.044922
0 0.440430 0.579102 0.044922 0.044922
0 0.397461 0.577148 0.041016 0.041016
0 0.356445 0.579102 0.041016 0.037109
0 0.322266 0.581055 0.027344 0.041016
0 0.298828 0.582031 0.019531 0.039062
0 0.271484 0.582031 0.035156 0.039062
0 0.269531 0.640625 0.035156 0.046875
0 0.298828 0.641602 0.023438 0.044922
0 0.324219 0.641602 0.027344 0.044922
0 0.360352 0.641602 0.044922 0.044922
0 0.401367 0.641602 0.037109 0.044922
0 0.440430 0.641602 0.041016 0.044922
0 0.479492 0.640625 0.037109 0.042969
0 0.480469 0.680664 0.035156 0.037109
0 0.440430 0.680664 0.044922 0.037109
0 0.398438 0.681641 0.039062 0.039062
0 0.357422 0.682617 0.042969 0.037109
0 0.322266 0.682617 0.027344 0.037109
0 0.297852 0.682617 0.021484 0.037109
0 0.270508 0.681641 0.033203 0.035156
0 0.270508 0.716797 0.033203 0.035156
0 0.298828 0.715820 0.023438 0.037109
0 0.324219 0.714844 0.027344 0.035156
0 0.359375 0.714844 0.042969 0.035156
0 0.401367 0.714844 0.041016 0.035156
0 0.442383 0.714844 0.041016 0.035156
0 0.479492 0.714844 0.033203 0.035156
0 0.530273 0.529297 0.033203 0.058594
0 0.562500 0.530273 0.031250 0.056641
0 0.531250 0.579102 0.031250 0.041016
0 0.563477 0.579102 0.033203 0.041016
0 0.614258 0.530273 0.037109 0.056641
0 0.651367 0.533203 0.037109 0.050781
0 0.688477 0.531250 0.037109 0.046875
0 0.721680 0.531250 0.029297 0.046875
0 0.746094 0.533203 0.019531 0.050781
0 0.784180 0.533203 0.033203 0.054688
0 0.613281 0.578125 0.039062 0.042969
0 0.652344 0.578125 0.039062 0.042969
0 0.689453 0.577148 0.035156 0.041016
0 0.721680 0.577148 0.029297 0.041016
0 0.748047 0.576172 0.023438 0.039062
0 0.531250 0.641602 0.031250 0.044922
0 0.563477 0.640625 0.033203 0.046875
0 0.531250 0.679688 0.031250 0.035156
0 0.564453 0.680664 0.035156 0.033203
0 0.531250 0.713867 0.031250 0.033203
0 0.564453 0.713867 0.035156 0.033203
0 0.614258 0.640625 0.037109 0.046875
0 0.652344 0.640625 0.039062 0.046875
0 0.689453 0.640625 0.035156 0.046875
0 0.721680 0.640625 0.029297 0.046875
0 0.748047 0.639648 0.023438 0.044922
0 0.750977 0.696289 0.017578 0.068359
0 0.723633 0.696289 0.037109 0.068359
0 0.688477 0.678711 0.037109 0.033203
0 0.688477 0.713867 0.037109 0.037109
0 0.650391 0.680664 0.039062 0.033203
0 0.650391 0.713867 0.039062 0.033203
0 0.615234 0.713867 0.035156 0.037109
0 0.615234 0.678711 0.035156 0.033203
0 0.271484 0.858398 0.031250 0.087891
0 0.304688 0.858398 0.035156 0.087891
0 0.333008 0.858398 0.021484 0.087891
0 0.363281 0.883789 0.039062 0.037109
0 0.401367 0.881836 0.037109 0.033203
0 0.440430 0.882812 0.041016 0.031250
0 0.477539 0.883789 0.033203 0.033203
0 0.363281 0.836914 0.035156 0.044922
0 0.400391 0.837891 0.039062 0.042969
0 0.440430 0.837891 0.041016 0.042969
0 0.477539 0.836914 0.033203 0.044922
0 0.271484 0.926758 0.031250 0.048828
0 0.305664 0.929688 0.037109 0.042969
0 0.334961 0.927734 0.021484 0.039062
0 0.363281 0.928711 0.035156 0.037109
0 0.401367 0.928711 0.041016 0.037109
0 0.441406 0.929688 0.039062 0.035156
0 0.476562 0.927734 0.035156 0.042969
