0 0.151367 0.102539 0.080078 0.107422
0 0.219727 0.219727 0.056641 0.341797
0 0.151367 0.320312 0.083984 0.140625
0 0.022461 0.224609 0.041016 0.335938
0 0.355469 0.109375 0.085938 0.093750
0 0.359375 0.317383 0.078125 0.142578
0 0.498047 0.223633 0.078125 0.337891
0 0.621094 0.105469 0.085938 0.105469
0 0.784180 0.094727 0.080078 0.083984
0 0.784180 0.263672 0.087891 0.253906
0 0.952148 0.106445 0.080078 0.111328
0 0.881836 0.324219 0.072266 0.132812
0 0.952148 0.323242 0.068359 0.134766
0 0.020508 0.602539 0.029297 0.294922
0 0.152344 0.501953 0.078125 0.089844
0 0.220703 0.557617 0.062500 0.208984
0 0.359375 0.501953 0.082031 0.093750
0 0.499023 0.555664 0.072266 0.197266
0 0.625977 0.503906 0.087891 0.101562
0 0.774414 0.596680 0.076172 0.302734
0 0.958984 0.547852 0.082031 0.205078
0 0.948242 0.697266 0.076172 0.101562
0 0.152344 0.844727 0.097656 0.138672
0 0.358398 0.843750 0.072266 0.125000
0 0.428711 0.840820 0.068359 0.130859
0 0.497070 0.840820 0.068359 0.130859
0 0.627930 0.842773 0.072266 0.134766
0 0.697266 0.841797 0.066406 0.136719
0 0.022461 0.840820 0.041016 0.130859
0 0.152344 0.696289 0.078125 0.095703
