0 0.102539 0.414062 0.076172 0.210938
0 0.099609 0.574219 0.074219 0.199219
0 0.103516 0.727539 0.078125 0.166016
0 0.185547 0.697266 0.085938 0.183594
0 0.181641 0.536133 0.089844 0.220703
0 0.181641 0.349609 0.085938 0.246094
0 0.277344 0.285156 0.105469 0.285156
0 0.389648 0.200195 0.126953 0.322266
0 0.277344 0.483398 0.101562 0.244141
0 0.386719 0.419922 0.121094 0.265625
0 0.384766 0.613281 0.121094 0.214844
0 0.276367 0.659180 0.103516 0.197266
0 0.527344 0.344727 0.160156 0.685547
0 0.717773 0.311523 0.236328 0.619141
0 0.913086 0.271484 0.169922 0.539062
0 0.909180 0.731445 0.166016 0.529297
0 0.717773 0.766602 0.224609 0.466797
0 0.528320 0.810547 0.158203 0.378906
0 0.387695 0.839844 0.119141 0.320312
0 0.275391 0.861328 0.105469 0.277344
0 0.188477 0.878906 0.083984 0.242188
0 0.103516 0.892578 0.082031 0.214844
0 0.041992 0.900391 0.052734 0.199219
