0 0.120117 0.049837 0.167969 0.089869
0 0.293945 0.043301 0.179688 0.076797
0 0.498047 0.041667 0.228516 0.080065
0 0.698242 0.045752 0.166016 0.078431
0 0.877930 0.044935 0.162109 0.086601
0 0.121582 0.162582 0.159180 0.122549
0 0.123535 0.418301 0.157227 0.379085
0 0.302246 0.160131 0.163086 0.117647
0 0.498047 0.163399 0.228516 0.111111
0 0.694824 0.164216 0.165039 0.112745
0 0.878906 0.160948 0.160156 0.119281
0 0.302734 0.417484 0.164062 0.374183
0 0.498535 0.414216 0.227539 0.380719
0 0.696777 0.413399 0.168945 0.379085
0 0.876953 0.414216 0.154297 0.383987
0 0.953125 0.603758 0.000000 0.001634
