0 0.437500 0.040039 0.054688 0.076172
0 0.496094 0.047852 0.066406 0.091797
0 0.555664 0.052734 0.064453 0.101562
0 0.616211 0.055664 0.064453 0.107422
0 0.436523 0.107422 0.052734 0.082031
0 0.495117 0.116211 0.060547 0.072266
0 0.558594 0.125000 0.058594 0.066406
0 0.619141 0.141602 0.062500 0.072266
0 0.435547 0.180664 0.050781 0.099609
0 0.498047 0.193359 0.058594 0.109375
0 0.552734 0.205078 0.050781 0.105469
0 0.617188 0.212891 0.054688 0.101562
0 0.437500 0.266602 0.054688 0.080078
0 0.496094 0.276367 0.058594 0.083984
0 0.557617 0.285156 0.056641 0.078125
0 0.615234 0.294922 0.054688 0.082031
0 0.434570 0.335938 0.052734 0.070312
0 0.496094 0.341797 0.058594 0.066406
0 0.557617 0.349609 0.056641 0.066406
0 0.619141 0.355469 0.054688 0.058594
0 0.436523 0.396484 0.052734 0.074219
0 0.497070 0.404297 0.060547 0.074219
0 0.560547 0.410156 0.054688 0.066406
0 0.616211 0.414062 0.052734 0.066406
0 0.438477 0.466797 0.056641 0.070312
0 0.498047 0.466797 0.062500 0.070312
0 0.558594 0.475586 0.058594 0.068359
0 0.616211 0.476562 0.056641 0.066406
0 0.434570 0.543945 0.048828 0.060547
0 0.494141 0.541992 0.062500 0.056641
0 0.557617 0.544922 0.064453 0.058594
0 0.617188 0.547852 0.050781 0.052734
0 0.433594 0.632812 0.046875 0.125000
0 0.491211 0.629883 0.056641 0.115234
0 0.552734 0.627930 0.054688 0.115234
0 0.616211 0.626953 0.048828 0.109375
0 0.433594 0.714844 0.046875 0.046875
0 0.489258 0.710938 0.060547 0.046875
0 0.553711 0.708984 0.060547 0.046875
0 0.616211 0.704102 0.056641 0.048828
0 0.436523 0.773438 0.048828 0.070312
0 0.492188 0.770508 0.058594 0.064453
0 0.553711 0.768555 0.060547 0.064453
0 0.616211 0.764648 0.060547 0.072266
0 0.431641 0.891602 0.046875 0.166016
0 0.490234 0.889648 0.054688 0.162109
0 0.553711 0.883789 0.048828 0.158203
0 0.614258 0.878906 0.041016 0.156250
0 0.778320 0.074219 0.056641 0.078125
0 0.836914 0.086914 0.056641 0.076172
0 0.887695 0.097656 0.048828 0.074219
0 0.949219 0.109375 0.042969 0.078125
0 0.986328 0.114258 0.027344 0.068359
0 0.742188 0.071289 0.019531 0.076172
0 0.742188 0.017578 0.019531 0.031250
0 0.781250 0.026367 0.054688 0.048828
0 0.835938 0.031250 0.058594 0.058594
0 0.887695 0.037109 0.044922 0.070312
0 0.950195 0.041992 0.048828 0.080078
0 0.986328 0.041016 0.027344 0.078125
0 0.743164 0.193359 0.021484 0.179688
0 0.780273 0.200195 0.056641 0.177734
0 0.835938 0.212891 0.050781 0.171875
0 0.885742 0.218750 0.041016 0.164062
0 0.946289 0.231445 0.048828 0.166016
0 0.984375 0.236328 0.027344 0.164062
0 0.742188 0.295898 0.019531 0.029297
0 0.781250 0.300781 0.054688 0.039062
0 0.834961 0.310547 0.052734 0.042969
0 0.886719 0.316406 0.046875 0.035156
0 0.941406 0.323242 0.050781 0.037109
0 0.983398 0.332031 0.033203 0.027344
0 0.744141 0.383789 0.023438 0.146484
0 0.782227 0.385742 0.052734 0.142578
0 0.833008 0.391602 0.056641 0.134766
0 0.886719 0.394531 0.046875 0.132812
0 0.937500 0.402344 0.054688 0.128906
0 0.983398 0.409180 0.033203 0.134766
0 0.743164 0.480469 0.021484 0.054688
0 0.781250 0.482422 0.050781 0.054688
0 0.833008 0.484375 0.052734 0.054688
0 0.885742 0.487305 0.048828 0.052734
0 0.938477 0.494141 0.060547 0.054688
0 0.983398 0.492188 0.033203 0.046875
0 0.743164 0.605469 0.021484 0.160156
0 0.781250 0.607422 0.054688 0.156250
0 0.835938 0.606445 0.054688 0.154297
0 0.885742 0.608398 0.044922 0.150391
0 0.945312 0.612305 0.042969 0.150391
0 0.982422 0.612305 0.031250 0.150391
0 0.743164 0.714844 0.017578 0.054688
0 0.780273 0.712891 0.056641 0.058594
0 0.834961 0.711914 0.052734 0.056641
0 0.885742 0.710938 0.048828 0.058594
0 0.947266 0.712891 0.046875 0.046875
0 0.985352 0.711914 0.029297 0.048828
0 0.742188 0.811523 0.019531 0.142578
0 0.781250 0.811523 0.058594 0.142578
0 0.836914 0.807617 0.052734 0.134766
0 0.884766 0.807617 0.042969 0.134766
0 0.946289 0.801758 0.044922 0.126953
0 0.984375 0.803711 0.031250 0.123047
0 0.147461 0.107422 0.025391 0.167969
0 0.177734 0.091797 0.027344 0.179688
0 0.217773 0.083984 0.044922 0.164062
0 0.271484 0.065430 0.046875 0.126953
0 0.054688 0.157227 0.019531 0.119141
0 0.081055 0.140625 0.025391 0.128906
0 0.112305 0.123047 0.025391 0.136719
0 0.150391 0.250000 0.027344 0.121094
0 0.178711 0.240234 0.029297 0.136719
0 0.217773 0.220703 0.044922 0.140625
0 0.270508 0.199219 0.052734 0.152344
0 0.148438 0.341797 0.031250 0.070312
0 0.179688 0.328125 0.031250 0.070312
0 0.219727 0.312500 0.048828 0.078125
0 0.270508 0.290039 0.056641 0.083984
0 0.149414 0.421875 0.029297 0.117188
0 0.181641 0.415039 0.035156 0.123047
0 0.220703 0.400391 0.042969 0.125000
0 0.273438 0.384766 0.062500 0.140625
0 0.147461 0.506836 0.029297 0.060547
0 0.180664 0.500977 0.037109 0.080078
0 0.219727 0.488281 0.044922 0.074219
0 0.271484 0.478516 0.054688 0.082031
0 0.150391 0.618164 0.027344 0.134766
0 0.180664 0.617188 0.037109 0.136719
0 0.220703 0.617188 0.042969 0.140625
0 0.267578 0.614258 0.054688 0.146484
0 0.147461 0.757812 0.029297 0.046875
0 0.148438 0.710938 0.031250 0.054688
0 0.179688 0.713867 0.035156 0.056641
0 0.219727 0.713867 0.044922 0.056641
0 0.270508 0.717773 0.052734 0.056641
0 0.177734 0.762695 0.035156 0.048828
0 0.219727 0.766602 0.044922 0.056641
0 0.271484 0.770508 0.058594 0.056641
0 0.145508 0.823242 0.025391 0.095703
0 0.175781 0.829102 0.031250 0.099609
0 0.216797 0.837891 0.042969 0.101562
0 0.272461 0.847656 0.064453 0.117188
0 0.086914 0.798828 0.087891 0.132812
0 0.086914 0.709961 0.091797 0.056641
0 0.057617 0.626953 0.025391 0.113281
0 0.084961 0.625000 0.029297 0.121094
0 0.113281 0.624023 0.027344 0.126953
0 0.054688 0.489258 0.027344 0.169922
0 0.083008 0.478516 0.029297 0.167969
0 0.114258 0.473633 0.029297 0.177734
0 0.052734 0.375000 0.027344 0.070312
0 0.083984 0.366211 0.031250 0.072266
0 0.112305 0.354492 0.025391 0.072266
0 0.054688 0.292969 0.023438 0.117188
0 0.083008 0.282227 0.025391 0.119141
0 0.112305 0.265625 0.025391 0.128906
0 0.054688 0.055664 0.023438 0.103516
0 0.082031 0.046875 0.023438 0.089844
0 0.114258 0.035156 0.033203 0.066406
0 0.022461 0.097656 0.025391 0.128906
0 0.020508 0.197266 0.021484 0.097656
0 0.020508 0.251953 0.021484 0.031250
0 0.022461 0.337891 0.021484 0.152344
0 0.025391 0.497070 0.019531 0.173828
0 0.024414 0.630859 0.025391 0.109375
0 0.021484 0.712891 0.023438 0.058594
0 0.022461 0.790039 0.021484 0.099609
