0 0.565430 0.269531 0.107422 0.175781
0 0.668945 0.304688 0.099609 0.183594
0 0.465820 0.258789 0.025391 0.166016
0 0.499023 0.466797 0.033203 0.574219
0 0.468750 0.439453 0.023438 0.203125
0 0.564453 0.448242 0.101562 0.216797
0 0.666992 0.468750 0.099609 0.207031
0 0.733398 0.311523 0.029297 0.181641
0 0.793945 0.332031 0.095703 0.171875
0 0.861328 0.435547 0.031250 0.328125
0 0.916992 0.364258 0.087891 0.166016
0 0.979492 0.550781 0.037109 0.484375
0 0.918945 0.517578 0.087891 0.199219
0 0.918945 0.693359 0.091797 0.191406
0 0.798828 0.675781 0.101562 0.187500
0 0.566406 0.645508 0.105469 0.208984
0 0.666992 0.661133 0.107422 0.205078
0 0.564453 0.854492 0.105469 0.216797
0 0.669922 0.858398 0.105469 0.208984
0 0.799805 0.865234 0.099609 0.199219
0 0.922852 0.871094 0.095703 0.187500
