0 0.111328 0.107509 0.077344 0.119454
0 0.214453 0.109784 0.078906 0.121729
0 0.316406 0.111490 0.078125 0.116041
0 0.415625 0.113197 0.075000 0.124005
0 0.514062 0.114334 0.073438 0.105802
0 0.612891 0.116610 0.074219 0.119454
0 0.710156 0.111490 0.075000 0.116041
0 0.812500 0.112059 0.070312 0.117179
0 0.911719 0.110353 0.071875 0.113766
0 0.114453 0.287258 0.078906 0.121729
0 0.216406 0.286121 0.075000 0.114903
0 0.315625 0.285552 0.079687 0.113766
0 0.414453 0.283845 0.077344 0.110353
0 0.515234 0.283276 0.075781 0.118316
0 0.615234 0.282708 0.075781 0.112628
0 0.714453 0.281001 0.078906 0.122867
0 0.810937 0.287827 0.073438 0.122867
0 0.910156 0.282708 0.071875 0.114903
0 0.116797 0.454494 0.077344 0.121729
0 0.216797 0.450512 0.078906 0.113766
0 0.316406 0.452218 0.075000 0.117179
0 0.416016 0.454494 0.074219 0.114903
0 0.515234 0.452787 0.074219 0.120592
0 0.612891 0.455063 0.075781 0.106940
0 0.711328 0.451650 0.071094 0.118316
0 0.811328 0.452787 0.071094 0.111490
0 0.907031 0.449943 0.068750 0.114903
0 0.118750 0.626280 0.073438 0.114903
0 0.217188 0.623436 0.076563 0.106940
0 0.317578 0.624005 0.072656 0.112628
0 0.414844 0.624573 0.076563 0.113766
0 0.515234 0.624573 0.074219 0.111490
0 0.614062 0.620023 0.075000 0.113766
0 0.710156 0.617747 0.076563 0.111490
0 0.809375 0.620023 0.075000 0.116041
0 0.908203 0.618885 0.077344 0.111490
0 0.118750 0.795222 0.084375 0.122867
0 0.218359 0.788965 0.075781 0.117179
0 0.317969 0.794653 0.075000 0.119454
0 0.416406 0.788396 0.075000 0.116041
0 0.514844 0.790671 0.073438 0.113766
0 0.612109 0.784983 0.074219 0.109215
0 0.709375 0.790102 0.073438 0.112628
0 0.807422 0.791809 0.075781 0.116041
0 0.908594 0.788965 0.075000 0.117179
0 0.116797 0.951081 0.088281 0.097838
0 0.219141 0.954494 0.071094 0.091013
0 0.315625 0.949943 0.073438 0.097838
0 0.413672 0.949943 0.069531 0.100114
0 0.513281 0.949943 0.071875 0.095563
0 0.611328 0.951081 0.072656 0.097838
0 0.711719 0.950512 0.079687 0.096701
0 0.810937 0.949943 0.079687 0.095563
0 0.907031 0.949374 0.076563 0.101251
