0 0.054688 0.187500 0.062500 0.113281
0 0.116211 0.188477 0.060547 0.111328
0 0.183594 0.190430 0.074219 0.115234
0 0.260742 0.188477 0.080078 0.119141
0 0.326172 0.188477 0.050781 0.119141
0 0.381836 0.187500 0.060547 0.121094
0 0.451172 0.188477 0.078125 0.123047
0 0.522461 0.188477 0.064453 0.123047
0 0.584961 0.187500 0.060547 0.121094
0 0.639648 0.187500 0.048828 0.121094
0 0.705078 0.187500 0.082031 0.121094
0 0.782227 0.188477 0.072266 0.119141
0 0.850586 0.187500 0.064453 0.117188
0 0.920898 0.189453 0.076172 0.113281
0 0.978516 0.191406 0.039062 0.117188
0 0.977539 0.392578 0.041016 0.285156
0 0.918945 0.391602 0.076172 0.287109
0 0.849609 0.281250 0.062500 0.066406
0 0.780273 0.282227 0.076172 0.064453
0 0.702148 0.281250 0.080078 0.062500
0 0.638672 0.281250 0.046875 0.062500
0 0.586914 0.282227 0.056641 0.064453
0 0.523438 0.282227 0.070312 0.064453
0 0.449219 0.281250 0.078125 0.062500
0 0.381836 0.281250 0.056641 0.066406
0 0.329102 0.281250 0.048828 0.066406
0 0.264648 0.284180 0.080078 0.060547
0 0.185547 0.283203 0.078125 0.058594
0 0.116211 0.281250 0.060547 0.062500
0 0.056641 0.282227 0.058594 0.064453
0 0.055664 0.427734 0.056641 0.226562
0 0.116211 0.427734 0.064453 0.226562
0 0.186523 0.426758 0.076172 0.224609
0 0.263672 0.426758 0.078125 0.224609
0 0.328125 0.370117 0.050781 0.111328
0 0.383789 0.371094 0.060547 0.109375
0 0.452148 0.465820 0.076172 0.298828
0 0.524414 0.463867 0.068359 0.302734
0 0.585938 0.367188 0.054688 0.109375
0 0.636719 0.368164 0.046875 0.107422
0 0.701172 0.565430 0.082031 0.501953
0 0.779297 0.676758 0.074219 0.279297
0 0.779297 0.426758 0.074219 0.220703
0 0.848633 0.427734 0.060547 0.218750
0 0.916992 0.393555 0.076172 0.287109
0 0.846680 0.638672 0.064453 0.199219
0 0.848633 0.776367 0.060547 0.076172
0 0.917969 0.679688 0.082031 0.281250
0 0.978516 0.677734 0.039062 0.285156
0 0.612305 0.477539 0.103516 0.115234
0 0.612305 0.574219 0.103516 0.078125
0 0.585938 0.675781 0.050781 0.125000
0 0.636719 0.676758 0.050781 0.123047
0 0.586914 0.777344 0.048828 0.085938
0 0.636719 0.776367 0.050781 0.087891
0 0.327148 0.482422 0.052734 0.113281
0 0.384766 0.518555 0.062500 0.193359
0 0.055664 0.576172 0.056641 0.074219
0 0.117188 0.576172 0.066406 0.074219
0 0.186523 0.577148 0.072266 0.076172
0 0.182617 0.715820 0.080078 0.201172
0 0.260742 0.672852 0.076172 0.279297
0 0.328125 0.572266 0.050781 0.078125
0 0.326172 0.673828 0.054688 0.125000
0 0.329102 0.776367 0.060547 0.080078
0 0.388672 0.774414 0.058594 0.083984
0 0.384766 0.670898 0.066406 0.123047
0 0.449219 0.713867 0.074219 0.201172
0 0.045898 0.865234 0.037109 0.082031
0 0.102539 0.864258 0.076172 0.083984
0 0.181641 0.866211 0.082031 0.087891
0 0.261719 0.863281 0.078125 0.093750
0 0.329102 0.864258 0.056641 0.095703
0 0.386719 0.863281 0.058594 0.097656
0 0.453125 0.863281 0.074219 0.097656
0 0.525391 0.864258 0.070312 0.095703
0 0.586914 0.861328 0.052734 0.089844
0 0.639648 0.862305 0.052734 0.087891
0 0.704102 0.862305 0.076172 0.087891
0 0.781250 0.862305 0.078125 0.087891
0 0.850586 0.865234 0.060547 0.093750
0 0.921875 0.867188 0.082031 0.089844
