0 0.490723 0.374817 0.041992 0.055637
0 0.534180 0.368960 0.044922 0.055637
0 0.592773 0.366032 0.041016 0.061493
0 0.633301 0.363836 0.040039 0.062958
0 0.680664 0.359444 0.042969 0.065886
0 0.724609 0.355783 0.044922 0.070278
0 0.592773 0.552709 0.039062 0.297218
0 0.633789 0.550512 0.042969 0.301611
0 0.681641 0.554905 0.041016 0.310395
0 0.722656 0.555637 0.041016 0.314788
0 0.494141 0.557833 0.037109 0.272328
0 0.532715 0.557101 0.040039 0.273792
0 0.406250 0.535871 0.041016 0.445095
0 0.439941 0.535139 0.028320 0.379209
