0 0.482422 0.284180 0.105469 0.248047
0 0.409180 0.360352 0.056641 0.181641
0 0.364258 0.411133 0.037109 0.154297
0 0.328125 0.454102 0.039062 0.126953
0 0.481445 0.416016 0.095703 0.210938
0 0.481445 0.536133 0.095703 0.189453
0 0.483398 0.643555 0.095703 0.107422
0 0.409180 0.672852 0.048828 0.083984
0 0.407227 0.584961 0.052734 0.126953
0 0.406250 0.479492 0.050781 0.138672
0 0.363281 0.516602 0.035156 0.130859
0 0.361328 0.609375 0.035156 0.113281
0 0.364258 0.684570 0.041016 0.076172
0 0.326172 0.630859 0.031250 0.085938
0 0.299805 0.652344 0.025391 0.070312
0 0.327148 0.541992 0.029297 0.103516
0 0.325195 0.704102 0.037109 0.068359
0 0.296875 0.708008 0.023438 0.064453
0 0.297852 0.779297 0.029297 0.089844
0 0.329102 0.776367 0.033203 0.107422
0 0.365234 0.774414 0.039062 0.123047
0 0.401367 0.775391 0.033203 0.140625
0 0.444336 0.777344 0.037109 0.160156
0 0.587891 0.771484 0.105469 0.238281
0 0.498047 0.777344 0.058594 0.183594
