0 0.138672 0.524890 0.095703 0.355783
0 0.225098 0.532211 0.079102 0.326501
0 0.325684 0.353587 0.045898 0.086384
0 0.376465 0.366032 0.047852 0.067350
0 0.433105 0.377745 0.049805 0.067350
0 0.485840 0.379941 0.049805 0.062958
0 0.536621 0.385798 0.045898 0.057101
0 0.327637 0.530015 0.047852 0.281113
0 0.379395 0.533675 0.051758 0.267936
0 0.433105 0.532943 0.047852 0.254758
0 0.483887 0.539531 0.047852 0.244510
0 0.540039 0.532943 0.048828 0.243045
0 0.604980 0.540996 0.026367 0.232796
0 0.642090 0.538067 0.028320 0.215227
0 0.710938 0.530747 0.039062 0.235725
0 0.787598 0.521962 0.073242 0.224012
