0 0.026367 0.600586 0.037109 0.154297
0 0.071289 0.568359 0.048828 0.136719
0 0.148438 0.500000 0.046875 0.148438
0 0.197266 0.467773 0.054688 0.158203
0 0.239258 0.430664 0.037109 0.146484
0 0.353516 0.320312 0.074219 0.199219
0 0.416992 0.280273 0.060547 0.185547
0 0.486328 0.225586 0.078125 0.212891
0 0.600586 0.137695 0.052734 0.208984
0 0.675781 0.107422 0.085938 0.210938
0 0.756836 0.080078 0.076172 0.156250
0 0.029297 0.721680 0.039062 0.107422
0 0.076172 0.701172 0.054688 0.132812
0 0.149414 0.650391 0.052734 0.140625
0 0.196289 0.625000 0.048828 0.136719
0 0.243164 0.602539 0.044922 0.142578
0 0.346680 0.517578 0.064453 0.171875
0 0.417969 0.486328 0.058594 0.175781
0 0.487305 0.445312 0.076172 0.175781
0 0.596680 0.374023 0.072266 0.197266
0 0.673828 0.335938 0.082031 0.222656
0 0.759766 0.283203 0.082031 0.226562
0 0.932617 0.179688 0.091797 0.242188
0 0.351562 0.701172 0.070312 0.164062
0 0.416992 0.680664 0.068359 0.181641
0 0.490234 0.659180 0.078125 0.189453
0 0.600586 0.617188 0.072266 0.199219
0 0.676758 0.583008 0.083984 0.216797
0 0.757812 0.550781 0.082031 0.222656
0 0.933594 0.472656 0.089844 0.257812
0 0.352539 0.884766 0.068359 0.148438
0 0.420898 0.871094 0.068359 0.156250
0 0.484375 0.872070 0.078125 0.166016
0 0.603516 0.846680 0.070312 0.185547
0 0.679688 0.843750 0.085938 0.203125
0 0.761719 0.820312 0.085938 0.195312
0 0.935547 0.772461 0.074219 0.208984
