0 0.619141 0.421875 0.101562 0.300781
0 0.719727 0.452148 0.087891 0.275391
0 0.627930 0.040039 0.087891 0.076172
0 0.628906 0.105469 0.085938 0.105469
0 0.718750 0.067383 0.089844 0.130859
0 0.718750 0.143555 0.089844 0.111328
0 0.446289 0.091797 0.091797 0.175781
0 0.446289 0.198242 0.087891 0.103516
0 0.447266 0.317383 0.085938 0.181641
0 0.444336 0.435547 0.091797 0.101562
0 0.447266 0.551758 0.093750 0.177734
0 0.449219 0.670898 0.093750 0.095703
0 0.448242 0.813477 0.087891 0.169922
0 0.046875 0.193359 0.089844 0.222656
0 0.164062 0.229492 0.132812 0.228516
0 0.263672 0.264648 0.074219 0.193359
0 0.353516 0.284180 0.093750 0.193359
0 0.356445 0.162109 0.095703 0.113281
0 0.267578 0.130859 0.082031 0.117188
0 0.163086 0.090820 0.134766 0.146484
0 0.046875 0.059570 0.089844 0.099609
0 0.160156 0.036133 0.136719 0.068359
0 0.269531 0.053711 0.085938 0.103516
0 0.354492 0.072266 0.099609 0.140625
0 0.048828 0.327148 0.093750 0.107422
0 0.160156 0.357422 0.132812 0.125000
0 0.266602 0.392578 0.080078 0.105469
0 0.354492 0.416992 0.091797 0.103516
0 0.047852 0.468750 0.091797 0.207031
0 0.161133 0.495117 0.130859 0.205078
0 0.265625 0.516602 0.082031 0.193359
0 0.352539 0.538086 0.091797 0.181641
0 0.048828 0.611328 0.093750 0.109375
0 0.160156 0.630859 0.132812 0.117188
0 0.266602 0.645508 0.083984 0.095703
0 0.354492 0.656250 0.091797 0.093750
0 0.446289 0.670898 0.091797 0.099609
0 0.351562 0.803711 0.097656 0.177734
0 0.265625 0.798828 0.082031 0.179688
0 0.159180 0.787109 0.126953 0.195312
0 0.045898 0.780273 0.087891 0.201172
0 0.046875 0.918945 0.089844 0.095703
0 0.160156 0.917969 0.128906 0.097656
0 0.264648 0.924805 0.080078 0.087891
0 0.355469 0.927734 0.101562 0.082031
0 0.446289 0.924805 0.080078 0.076172
0 0.445312 0.981445 0.082031 0.037109
0 0.354492 0.981445 0.091797 0.037109
0 0.261719 0.983398 0.093750 0.025391
0 0.156250 0.983398 0.136719 0.033203
0 0.047852 0.984375 0.091797 0.023438
