0 0.328125 0.036133 0.046875 0.044922
0 0.379883 0.036133 0.056641 0.044922
0 0.432617 0.035156 0.048828 0.042969
0 0.431641 0.077148 0.050781 0.041016
0 0.379883 0.078125 0.052734 0.039062
0 0.329102 0.078125 0.048828 0.039062
0 0.273438 0.077148 0.062500 0.041016
0 0.274414 0.118164 0.064453 0.041016
0 0.330078 0.117188 0.046875 0.039062
0 0.380859 0.117188 0.054688 0.039062
0 0.432617 0.117188 0.048828 0.039062
0 0.538086 0.035156 0.033203 0.042969
0 0.581055 0.034180 0.052734 0.044922
0 0.633789 0.033203 0.052734 0.042969
0 0.634766 0.076172 0.050781 0.042969
0 0.582031 0.077148 0.054688 0.041016
0 0.537109 0.076172 0.035156 0.039062
0 0.537109 0.116211 0.035156 0.041016
0 0.582031 0.117188 0.054688 0.039062
0 0.634766 0.117188 0.050781 0.039062
0 0.633789 0.159180 0.052734 0.044922
0 0.581055 0.159180 0.052734 0.044922
0 0.536133 0.160156 0.037109 0.046875
0 0.271484 0.177734 0.066406 0.082031
0 0.329102 0.177734 0.048828 0.082031
0 0.379883 0.177734 0.052734 0.082031
0 0.431641 0.177734 0.050781 0.082031
0 0.536133 0.216797 0.037109 0.070312
0 0.580078 0.235352 0.050781 0.033203
0 0.631836 0.236328 0.052734 0.035156
0 0.606445 0.202148 0.103516 0.037109
0 0.272461 0.236328 0.064453 0.035156
0 0.330078 0.235352 0.046875 0.033203
0 0.379883 0.236328 0.052734 0.035156
0 0.431641 0.235352 0.050781 0.033203
0 0.271484 0.278320 0.062500 0.048828
0 0.328125 0.277344 0.050781 0.050781
0 0.380859 0.276367 0.054688 0.048828
0 0.432617 0.277344 0.048828 0.046875
0 0.537109 0.275391 0.039062 0.050781
0 0.582031 0.276367 0.050781 0.048828
0 0.632812 0.276367 0.050781 0.048828
0 0.631836 0.333008 0.052734 0.064453
0 0.631836 0.379883 0.052734 0.029297
0 0.632812 0.408203 0.050781 0.027344
0 0.633789 0.449219 0.052734 0.054688
0 0.273438 0.347656 0.066406 0.089844
0 0.331055 0.345703 0.048828 0.093750
0 0.380859 0.345703 0.050781 0.093750
0 0.431641 0.347656 0.050781 0.089844
0 0.487305 0.322266 0.056641 0.140625
0 0.535156 0.346680 0.039062 0.091797
0 0.579102 0.347656 0.052734 0.093750
0 0.272461 0.411133 0.064453 0.033203
0 0.272461 0.453125 0.064453 0.050781
0 0.330078 0.410156 0.046875 0.035156
0 0.329102 0.454102 0.048828 0.052734
0 0.382812 0.409180 0.054688 0.033203
0 0.381836 0.453125 0.056641 0.054688
0 0.433594 0.409180 0.046875 0.033203
0 0.432617 0.452148 0.048828 0.052734
0 0.488281 0.411133 0.062500 0.033203
0 0.489258 0.452148 0.060547 0.048828
0 0.536133 0.409180 0.033203 0.033203
0 0.536133 0.452148 0.033203 0.052734
0 0.582031 0.409180 0.054688 0.033203
0 0.582031 0.452148 0.054688 0.052734
0 0.272461 0.509766 0.064453 0.062500
0 0.329102 0.510742 0.048828 0.060547
0 0.380859 0.509766 0.050781 0.058594
0 0.432617 0.506836 0.052734 0.064453
0 0.489258 0.506836 0.060547 0.064453
0 0.538086 0.508789 0.037109 0.060547
0 0.581055 0.508789 0.048828 0.060547
0 0.633789 0.507812 0.056641 0.062500
0 0.250977 0.689453 0.037109 0.050781
0 0.250000 0.736328 0.039062 0.042969
0 0.288086 0.689453 0.029297 0.050781
0 0.323242 0.688477 0.041016 0.052734
0 0.360352 0.688477 0.033203 0.052734
0 0.360352 0.739258 0.033203 0.048828
0 0.323242 0.739258 0.041016 0.048828
0 0.287109 0.738281 0.031250 0.046875
0 0.577148 0.690430 0.064453 0.052734
0 0.634766 0.691406 0.050781 0.050781
0 0.632812 0.641602 0.054688 0.048828
0 0.576172 0.741211 0.062500 0.052734
0 0.631836 0.741211 0.048828 0.052734
0 0.271484 0.797852 0.066406 0.052734
0 0.325195 0.797852 0.041016 0.052734
0 0.368164 0.794922 0.044922 0.046875
0 0.367188 0.842773 0.046875 0.048828
0 0.324219 0.843750 0.039062 0.046875
0 0.271484 0.844727 0.066406 0.048828
0 0.271484 0.893555 0.066406 0.048828
0 0.325195 0.893555 0.041016 0.048828
0 0.367188 0.892578 0.042969 0.046875
0 0.575195 0.796875 0.060547 0.050781
0 0.630859 0.796875 0.050781 0.050781
0 0.574219 0.845703 0.058594 0.046875
0 0.630859 0.845703 0.054688 0.046875
0 0.574219 0.893555 0.058594 0.048828
0 0.629883 0.893555 0.052734 0.048828
