0 0.135742 0.169839 0.097656 0.149341
0 0.228516 0.168375 0.087891 0.146413
0 0.314453 0.166911 0.083984 0.149341
0 0.398438 0.165447 0.083984 0.146413
0 0.479492 0.164714 0.078125 0.147877
0 0.557617 0.163250 0.078125 0.144949
0 0.638672 0.163250 0.083984 0.144949
0 0.725098 0.166179 0.088867 0.150805
0 0.812012 0.167643 0.084961 0.147877
0 0.903320 0.164714 0.097656 0.142020
0 0.139648 0.410688 0.078125 0.250366
0 0.224609 0.408492 0.091797 0.254758
0 0.312012 0.408492 0.083008 0.254758
0 0.724609 0.409224 0.091797 0.253294
0 0.812988 0.410688 0.084961 0.250366
0 0.897461 0.409224 0.083984 0.247438
0 0.384277 0.407760 0.038086 0.241581
0 0.437500 0.408492 0.037109 0.237189
0 0.490723 0.409224 0.038086 0.241581
0 0.544922 0.407760 0.039062 0.241581
0 0.601074 0.409956 0.040039 0.240117
0 0.652344 0.409956 0.041016 0.243045
