5 0.079060 0.836988 0.098291 0.095329
5 0.658120 0.879886 0.271368 0.102955
0 0.305556 0.155386 0.053419 0.175405
0 0.363248 0.171592 0.059829 0.169685
0 0.447650 0.196854 0.051282 0.157293
0 0.497329 0.214013 0.048077 0.159199
0 0.545406 0.221640 0.045940 0.153480
0 0.614316 0.245472 0.044872 0.145853
0 0.657051 0.253575 0.044872 0.148713
0 0.699786 0.269781 0.040598 0.139180
0 0.759615 0.286463 0.034188 0.134414
0 0.740385 0.407054 0.038462 0.131554
0 0.700321 0.398475 0.041667 0.135367
0 0.657585 0.391325 0.041667 0.138227
0 0.591880 0.376072 0.044872 0.143947
0 0.545940 0.366540 0.049145 0.147760
0 0.497329 0.356530 0.050214 0.152526
0 0.309295 0.318398 0.050214 0.169685
0 0.361645 0.326978 0.060897 0.163966
0 0.309829 0.474261 0.053419 0.163012
0 0.364316 0.481888 0.055556 0.155386
0 0.447115 0.491897 0.052350 0.152526
0 0.497863 0.500477 0.053419 0.150620
0 0.546474 0.506673 0.045940 0.143947
0 0.614850 0.516206 0.045940 0.140133
0 0.730769 0.530982 0.019231 0.127741
0 0.795940 0.541468 0.034188 0.123928
0 0.309829 0.632507 0.059829 0.153480
0 0.366453 0.632507 0.057692 0.153480
0 0.406517 0.582459 0.026709 0.043851
0 0.408120 0.637274 0.027778 0.065777
0 0.409722 0.690658 0.028846 0.040991
0 0.434829 0.639180 0.025641 0.151573
0 0.547009 0.645377 0.047009 0.142993
0 0.594551 0.649190 0.045940 0.135367
0 0.625000 0.603432 0.021368 0.040038
0 0.626068 0.653480 0.025641 0.060057
0 0.626068 0.700667 0.027778 0.038132
0 0.659722 0.654433 0.041667 0.132507
0 0.701923 0.656816 0.040598 0.133460
0 0.739850 0.660153 0.039530 0.128694
0 0.768697 0.617255 0.018162 0.033365
0 0.768162 0.661106 0.021368 0.054337
0 0.768162 0.705434 0.019231 0.036225
0 0.646902 0.799809 0.030983 0.062917
0 0.752137 0.802193 0.025641 0.067684
0 0.780449 0.813155 0.026709 0.091516
0 0.430556 0.798856 0.042735 0.102955
0 0.473825 0.800286 0.043803 0.100095
0 0.516560 0.799333 0.041667 0.098189
0 0.557158 0.798379 0.039530 0.100095
0 0.405983 0.132984 0.032051 0.050524
0 0.404915 0.183985 0.032051 0.064824
0 0.407051 0.240229 0.029915 0.051478
0 0.580662 0.186368 0.026709 0.046711
0 0.580128 0.235939 0.023504 0.061964
0 0.581731 0.285033 0.024573 0.043851
0 0.730769 0.233556 0.023504 0.043851
0 0.730769 0.278837 0.023504 0.058151
0 0.730769 0.323165 0.023504 0.043851
0 0.625534 0.336511 0.024573 0.043851
0 0.626068 0.381792 0.021368 0.060057
0 0.627671 0.431840 0.020299 0.043851
0 0.728632 0.488084 0.017094 0.038132
0 0.730235 0.531459 0.016026 0.054337
0 0.729167 0.576740 0.018162 0.038132
0 0.580662 0.463775 0.024573 0.042898
0 0.580128 0.511916 0.023504 0.057197
0 0.580662 0.560534 0.026709 0.040038
0 0.405983 0.433270 0.027778 0.046711
0 0.405449 0.488561 0.028846 0.067684
0 0.406517 0.538608 0.028846 0.043851
2 0.813568 0.299333 0.073718 0.146806
2 0.434295 0.341277 0.075855 0.156339
2 0.784188 0.417541 0.055556 0.125834
2 0.838675 0.430410 0.017094 0.121068
2 0.680021 0.525739 0.080128 0.134414
2 0.830128 0.545281 0.038462 0.120114
2 0.483974 0.643947 0.083333 0.147760
2 0.813568 0.667302 0.069444 0.123928
2 0.332265 0.799333 0.096154 0.168732
