0 0.179688 0.117188 0.121094 0.230469
0 0.107422 0.102539 0.042969 0.201172
0 0.272461 0.128906 0.064453 0.253906
0 0.350586 0.143555 0.072266 0.255859
0 0.438477 0.176758 0.091797 0.259766
0 0.529297 0.215820 0.082031 0.244141
0 0.108398 0.348633 0.041016 0.314453
0 0.182617 0.358398 0.115234 0.322266
0 0.270508 0.382812 0.068359 0.289062
0 0.346680 0.395508 0.080078 0.279297
0 0.436523 0.414062 0.099609 0.273438
0 0.530273 0.437500 0.087891 0.250000
0 0.108398 0.686523 0.033203 0.365234
0 0.181641 0.685547 0.113281 0.355469
0 0.270508 0.688477 0.064453 0.337891
0 0.347656 0.686523 0.082031 0.318359
0 0.436523 0.692383 0.099609 0.291016
0 0.530273 0.693359 0.087891 0.281250
0 0.612305 0.243164 0.076172 0.236328
0 0.683594 0.276367 0.054688 0.208984
0 0.736328 0.291992 0.050781 0.208984
0 0.795898 0.315430 0.076172 0.197266
0 0.860352 0.338867 0.052734 0.169922
0 0.907227 0.358398 0.044922 0.169922
0 0.951172 0.373047 0.035156 0.156250
0 0.614258 0.457031 0.080078 0.246094
0 0.680664 0.473633 0.060547 0.224609
0 0.738281 0.484375 0.054688 0.210938
0 0.796875 0.497070 0.070312 0.208984
0 0.859375 0.508789 0.050781 0.193359
0 0.908203 0.518555 0.050781 0.185547
0 0.951172 0.524414 0.046875 0.177734
0 0.983398 0.532227 0.025391 0.173828
0 0.984375 0.381836 0.031250 0.146484
0 0.612305 0.692383 0.083984 0.244141
0 0.682617 0.694336 0.060547 0.220703
0 0.737305 0.695312 0.056641 0.214844
0 0.798828 0.694336 0.074219 0.201172
0 0.860352 0.693359 0.052734 0.187500
0 0.909180 0.690430 0.048828 0.173828
0 0.951172 0.690430 0.039062 0.162109
0 0.984375 0.691406 0.031250 0.156250
