0 0.083984 0.395508 0.101562 0.154297
0 0.016602 0.372070 0.029297 0.134766
0 0.177734 0.839844 0.070312 0.312500
0 0.260742 0.901367 0.091797 0.154297
0 0.184570 0.250977 0.056641 0.314453
0 0.260742 0.291016 0.087891 0.296875
0 0.470703 0.257812 0.066406 0.253906
0 0.530273 0.296875 0.048828 0.230469
0 0.577148 0.329102 0.044922 0.220703
0 0.618164 0.360352 0.037109 0.201172
0 0.437500 0.342773 0.000000 0.001953
0 0.679688 0.404297 0.042969 0.187500
0 0.717773 0.428711 0.033203 0.169922
0 0.749023 0.452148 0.025391 0.154297
0 0.783203 0.477539 0.039062 0.158203
0 0.815430 0.501953 0.025391 0.132812
0 0.470703 0.434570 0.066406 0.173828
0 0.528320 0.462891 0.044922 0.160156
0 0.576172 0.484375 0.042969 0.144531
0 0.617188 0.502930 0.035156 0.130859
0 0.679688 0.536133 0.042969 0.130859
0 0.719727 0.555664 0.029297 0.115234
0 0.748047 0.570312 0.023438 0.109375
0 0.782227 0.585938 0.044922 0.109375
0 0.813477 0.605469 0.017578 0.093750
0 0.467773 0.666016 0.072266 0.160156
0 0.528320 0.678711 0.048828 0.138672
0 0.577148 0.690430 0.044922 0.138672
0 0.616211 0.700195 0.041016 0.126953
0 0.469727 0.839844 0.072266 0.203125
0 0.530273 0.837891 0.052734 0.191406
0 0.577148 0.834961 0.044922 0.173828
0 0.620117 0.833984 0.041016 0.156250
0 0.680664 0.780273 0.041016 0.251953
0 0.791992 0.791992 0.064453 0.212891
0 0.853516 0.851562 0.054688 0.078125
0 0.888672 0.808594 0.027344 0.164062
0 0.892578 0.595703 0.027344 0.203125
0 0.183594 0.590820 0.066406 0.212891
0 0.257812 0.614258 0.085938 0.197266
