0 0.690430 0.364258 0.115234 0.134766
0 0.688477 0.499023 0.111328 0.189453
0 0.689453 0.628906 0.109375 0.117188
0 0.687500 0.784180 0.117188 0.205078
0 0.583984 0.785156 0.097656 0.183594
0 0.590820 0.642578 0.099609 0.109375
0 0.585938 0.522461 0.093750 0.181641
0 0.588867 0.396484 0.099609 0.117188
0 0.425781 0.784180 0.070312 0.154297
0 0.500000 0.783203 0.074219 0.164062
0 0.423828 0.664062 0.070312 0.093750
0 0.502930 0.658203 0.076172 0.101562
0 0.424805 0.558594 0.072266 0.140625
0 0.500000 0.547852 0.070312 0.150391
0 0.426758 0.454102 0.072266 0.099609
0 0.500977 0.428711 0.072266 0.119141
0 0.307617 0.487305 0.060547 0.095703
0 0.363281 0.470703 0.054688 0.105469
0 0.335938 0.577148 0.113281 0.142578
0 0.333984 0.675781 0.117188 0.089844
0 0.335938 0.785156 0.113281 0.144531
0 0.218750 0.749023 0.113281 0.193359
0 0.222656 0.562500 0.113281 0.207031
0 0.118164 0.591797 0.099609 0.171875
0 0.119141 0.697266 0.101562 0.062500
0 0.112305 0.783203 0.111328 0.117188
0 0.772461 0.357422 0.044922 0.093750
0 0.810547 0.363281 0.035156 0.097656
0 0.851562 0.377930 0.039062 0.095703
0 0.888672 0.386719 0.039062 0.085938
0 0.920898 0.399414 0.029297 0.076172
0 0.948242 0.409180 0.021484 0.076172
0 0.984375 0.422852 0.031250 0.083984
0 0.774414 0.482422 0.048828 0.179688
0 0.811523 0.489258 0.033203 0.177734
0 0.849609 0.495117 0.042969 0.169922
0 0.889648 0.504883 0.037109 0.158203
0 0.918945 0.509766 0.025391 0.152344
0 0.947266 0.517578 0.023438 0.156250
0 0.985352 0.529297 0.025391 0.148438
0 0.772461 0.629883 0.048828 0.115234
0 0.812500 0.629883 0.035156 0.115234
0 0.851562 0.633789 0.042969 0.119141
0 0.893555 0.631836 0.044922 0.111328
0 0.922852 0.639648 0.025391 0.115234
0 0.945312 0.645508 0.019531 0.103516
0 0.986328 0.646484 0.027344 0.109375
0 0.810547 0.789062 0.125000 0.210938
0 0.916016 0.785156 0.082031 0.191406
0 0.984375 0.782227 0.023438 0.173828
