0 0.519531 0.277344 0.246094 0.496094
0 0.520508 0.649414 0.220703 0.365234
0 0.517578 0.901367 0.222656 0.193359
0 0.375977 0.694336 0.068359 0.349609
0 0.379883 0.346680 0.052734 0.443359
0 0.326172 0.417969 0.058594 0.406250
0 0.279297 0.489258 0.035156 0.357422
0 0.244141 0.544922 0.039062 0.328125
0 0.215820 0.589844 0.044922 0.320312
0 0.176758 0.636719 0.037109 0.320312
0 0.320312 0.736328 0.058594 0.296875
0 0.278320 0.771484 0.041016 0.273438
0 0.243164 0.800781 0.044922 0.257812
0 0.208008 0.836914 0.048828 0.232422
0 0.177734 0.870117 0.046875 0.228516
0 0.375000 0.922852 0.054688 0.154297
0 0.317383 0.933594 0.044922 0.132812
0 0.276367 0.943359 0.033203 0.113281
0 0.250977 0.958008 0.033203 0.083984
0 0.209961 0.968750 0.044922 0.062500
0 0.183594 0.980469 0.023438 0.039062
0 0.078125 0.788086 0.062500 0.095703
