0 0.050293 0.039531 0.098633 0.076135
0 0.145020 0.057833 0.092773 0.109810
0 0.050781 0.142753 0.095703 0.165447
0 0.147461 0.162518 0.089844 0.146413
0 0.051270 0.295754 0.096680 0.149341
0 0.146973 0.303075 0.090820 0.149341
0 0.050781 0.437775 0.099609 0.146413
0 0.147949 0.440703 0.092773 0.140556
0 0.050781 0.572474 0.099609 0.122987
0 0.147949 0.566618 0.092773 0.117130
0 0.052246 0.671303 0.096680 0.071742
0 0.147461 0.662518 0.093750 0.083455
0 0.232422 0.653001 0.068359 0.081991
0 0.231445 0.562225 0.068359 0.111274
0 0.230469 0.447291 0.070312 0.121523
0 0.227051 0.319912 0.063477 0.133236
0 0.229980 0.191069 0.065430 0.133236
0 0.231445 0.082723 0.068359 0.115666
0 0.294434 0.653734 0.047852 0.103953
0 0.294922 0.558565 0.048828 0.103953
0 0.294922 0.449488 0.042969 0.111274
0 0.294434 0.327965 0.043945 0.128843
0 0.292969 0.215959 0.046875 0.115666
0 0.294922 0.118594 0.052734 0.102489
0 0.291992 0.041728 0.044922 0.080527
0 0.338379 0.062958 0.028320 0.120059
0 0.338379 0.152269 0.024414 0.087848
0 0.340332 0.294290 0.026367 0.219619
0 0.339844 0.453148 0.025391 0.109810
0 0.339355 0.550512 0.022461 0.084919
0 0.341309 0.644217 0.026367 0.093704
