0 0.629883 0.218750 0.076172 0.218750
0 0.629883 0.423828 0.076172 0.191406
0 0.630859 0.608398 0.078125 0.177734
0 0.625977 0.800781 0.083984 0.210938
0 0.626953 0.952148 0.085938 0.091797
0 0.552734 0.801758 0.070312 0.212891
0 0.551758 0.604492 0.072266 0.181641
0 0.551758 0.421875 0.072266 0.183594
0 0.554688 0.213867 0.074219 0.220703
0 0.476562 0.215820 0.078125 0.224609
0 0.397461 0.211914 0.080078 0.232422
0 0.317383 0.212891 0.080078 0.234375
0 0.246094 0.264648 0.062500 0.130859
0 0.199219 0.262695 0.031250 0.126953
0 0.201172 0.419922 0.035156 0.187500
0 0.248047 0.421875 0.058594 0.183594
0 0.315430 0.421875 0.076172 0.183594
0 0.394531 0.421875 0.082031 0.183594
0 0.477539 0.422852 0.083984 0.185547
0 0.199219 0.599609 0.035156 0.183594
0 0.248047 0.602539 0.062500 0.177734
0 0.319336 0.601562 0.080078 0.175781
0 0.396484 0.604492 0.074219 0.169922
0 0.474609 0.607422 0.082031 0.175781
0 0.816406 0.816406 0.097656 0.125000
0 0.818359 0.939453 0.093750 0.121094
0 0.201172 0.798828 0.042969 0.214844
0 0.250977 0.798828 0.056641 0.214844
0 0.323242 0.800781 0.087891 0.218750
0 0.399414 0.802734 0.064453 0.214844
0 0.476562 0.801758 0.089844 0.212891
0 0.201172 0.952148 0.046875 0.091797
0 0.254883 0.954102 0.060547 0.087891
0 0.325195 0.951172 0.080078 0.082031
0 0.400391 0.951172 0.070312 0.082031
0 0.475586 0.953125 0.080078 0.085938
0 0.554688 0.951172 0.074219 0.082031
