0 0.614258 0.261347 0.048828 0.250366
0 0.662109 0.263543 0.046875 0.245974
0 0.712891 0.265739 0.054688 0.250366
0 0.762207 0.268668 0.043945 0.244510
0 0.812500 0.277452 0.056641 0.262079
0 0.862793 0.281845 0.043945 0.253294
0 0.911621 0.281845 0.053711 0.253294
0 0.955078 0.286237 0.046875 0.244510
0 0.613770 0.521230 0.051758 0.266471
0 0.666016 0.520498 0.054688 0.265007
0 0.717773 0.524158 0.048828 0.257687
0 0.768555 0.526354 0.052734 0.262079
0 0.818359 0.528551 0.046875 0.257687
0 0.868652 0.530747 0.053711 0.262079
0 0.916504 0.532211 0.055664 0.256223
0 0.967773 0.533675 0.064453 0.256223
0 0.612305 0.743045 0.056641 0.185944
0 0.667480 0.743045 0.055664 0.174231
0 0.719727 0.742313 0.048828 0.175695
0 0.771973 0.743777 0.055664 0.178624
0 0.822266 0.745974 0.052734 0.177160
0 0.873047 0.746706 0.056641 0.172767
0 0.923340 0.741581 0.057617 0.168375
0 0.972656 0.742313 0.054688 0.166911
0 0.021484 0.331625 0.041016 0.218155
0 0.062012 0.338214 0.053711 0.222548
0 0.105957 0.341874 0.040039 0.224012
0 0.150391 0.349195 0.044922 0.218155
0 0.188477 0.355051 0.041016 0.212299
0 0.228516 0.363836 0.041016 0.209370
0 0.265625 0.371889 0.035156 0.204978
0 0.302246 0.377745 0.036133 0.204978
0 0.338867 0.381406 0.035156 0.200586
0 0.372070 0.385798 0.031250 0.194729
0 0.405273 0.390922 0.035156 0.184480
0 0.438477 0.394583 0.031250 0.191801
0 0.469727 0.402635 0.031250 0.190337
0 0.066406 0.561493 0.037109 0.224012
0 0.101074 0.558565 0.049805 0.226940
0 0.142578 0.562225 0.046875 0.216691
0 0.165039 0.461933 0.000000 0.001464
0 0.182617 0.565886 0.041016 0.215227
0 0.221191 0.568082 0.040039 0.210835
0 0.261230 0.575403 0.038086 0.210835
0 0.298828 0.577599 0.035156 0.206442
0 0.334961 0.579795 0.037109 0.207906
0 0.370117 0.581991 0.033203 0.203514
0 0.403809 0.587116 0.032227 0.199122
0 0.436523 0.589312 0.031250 0.197657
0 0.469727 0.590044 0.031250 0.193265
0 0.059082 0.747438 0.032227 0.144949
0 0.093750 0.740117 0.046875 0.147877
0 0.136230 0.745242 0.043945 0.143485
0 0.178711 0.747438 0.041016 0.139092
0 0.219727 0.745242 0.041016 0.137628
0 0.258301 0.746706 0.038086 0.134700
0 0.296387 0.747438 0.036133 0.133236
0 0.332520 0.748170 0.036133 0.131772
0 0.368164 0.747438 0.033203 0.133236
0 0.403809 0.748170 0.034180 0.125915
0 0.436523 0.750366 0.033203 0.121523
0 0.468750 0.748902 0.031250 0.121523
