0 0.143555 0.074219 0.048828 0.105469
0 0.221680 0.077148 0.060547 0.103516
0 0.294922 0.076172 0.046875 0.105469
0 0.361328 0.078125 0.054688 0.113281
0 0.440430 0.081055 0.056641 0.111328
0 0.529297 0.082031 0.078125 0.109375
0 0.622070 0.082031 0.060547 0.105469
0 0.706055 0.080078 0.064453 0.109375
0 0.796875 0.081055 0.050781 0.103516
0 0.143555 0.269531 0.044922 0.121094
0 0.221680 0.273438 0.056641 0.125000
0 0.291992 0.273438 0.044922 0.121094
0 0.363281 0.272461 0.050781 0.119141
0 0.438477 0.274414 0.056641 0.126953
0 0.525391 0.279297 0.078125 0.125000
0 0.622070 0.279297 0.064453 0.125000
0 0.706055 0.277344 0.072266 0.121094
0 0.795898 0.277344 0.060547 0.121094
0 0.149414 0.479492 0.060547 0.111328
0 0.218750 0.479492 0.058594 0.115234
0 0.289062 0.481445 0.042969 0.119141
0 0.362305 0.480469 0.052734 0.117188
0 0.437500 0.481445 0.058594 0.119141
0 0.524414 0.480469 0.076172 0.117188
0 0.620117 0.481445 0.068359 0.119141
0 0.708008 0.482422 0.072266 0.117188
0 0.798828 0.482422 0.054688 0.113281
0 0.142578 0.694336 0.054688 0.130859
0 0.220703 0.699219 0.062500 0.125000
0 0.293945 0.699219 0.044922 0.121094
0 0.363281 0.697266 0.050781 0.121094
0 0.437500 0.698242 0.054688 0.119141
0 0.522461 0.699219 0.072266 0.121094
0 0.621094 0.699219 0.070312 0.117188
0 0.709961 0.699219 0.072266 0.128906
0 0.796875 0.702148 0.050781 0.130859
0 0.147461 0.914062 0.060547 0.132812
0 0.213867 0.916016 0.072266 0.128906
0 0.706055 0.915039 0.083984 0.134766
0 0.795898 0.914062 0.064453 0.136719
0 0.619141 0.914062 0.066406 0.128906
0 0.523438 0.910156 0.078125 0.136719
0 0.434570 0.914062 0.068359 0.140625
0 0.295898 0.915039 0.044922 0.130859
