3 0.516602 0.612006 0.027344 0.073206
3 0.589355 0.612006 0.024414 0.064422
3 0.640137 0.609810 0.028320 0.065886
0 0.011719 0.032211 0.021484 0.061493
0 0.042480 0.032943 0.040039 0.062958
0 0.082520 0.031479 0.040039 0.060029
0 0.122559 0.032211 0.040039 0.058565
0 0.161621 0.031479 0.038086 0.057101
0 0.200195 0.031479 0.039062 0.057101
0 0.240234 0.032943 0.041016 0.060029
0 0.280273 0.032943 0.039062 0.060029
0 0.319824 0.032211 0.040039 0.058565
0 0.359863 0.031479 0.040039 0.060029
0 0.399414 0.030747 0.039062 0.058565
0 0.439453 0.031479 0.041016 0.057101
0 0.478516 0.032943 0.037109 0.060029
0 0.517578 0.032211 0.041016 0.061493
0 0.557617 0.030747 0.039062 0.058565
0 0.597656 0.030747 0.041016 0.058565
0 0.637207 0.030747 0.038086 0.058565
0 0.664551 0.030747 0.016602 0.058565
0 0.041992 0.073206 0.041016 0.020498
0 0.083008 0.071742 0.041016 0.023426
0 0.123047 0.070278 0.039062 0.020498
0 0.161621 0.069546 0.038086 0.021962
0 0.199707 0.070278 0.038086 0.023426
0 0.240234 0.071010 0.042969 0.021962
0 0.280273 0.071742 0.037109 0.023426
0 0.319336 0.071742 0.041016 0.023426
0 0.359375 0.071742 0.039062 0.023426
0 0.398926 0.071742 0.040039 0.023426
0 0.439453 0.071742 0.041016 0.023426
0 0.479004 0.072474 0.038086 0.021962
0 0.518555 0.073206 0.041016 0.023426
0 0.558105 0.073206 0.038086 0.023426
0 0.596680 0.073206 0.039062 0.023426
0 0.636719 0.072474 0.041016 0.024890
0 0.664551 0.072474 0.014648 0.024890
0 0.011719 0.170571 0.021484 0.068814
0 0.041016 0.171303 0.039062 0.067350
0 0.081055 0.171303 0.041016 0.067350
0 0.122070 0.172035 0.041016 0.068814
0 0.161621 0.171303 0.038086 0.070278
0 0.201172 0.169839 0.041016 0.067350
0 0.241699 0.169839 0.040039 0.067350
0 0.280762 0.170571 0.038086 0.068814
0 0.319336 0.171303 0.039062 0.067350
0 0.358398 0.169839 0.039062 0.064422
0 0.398438 0.170571 0.041016 0.062958
0 0.439453 0.171303 0.041016 0.064422
0 0.480957 0.171303 0.041992 0.064422
0 0.520996 0.171303 0.038086 0.064422
0 0.559082 0.171303 0.038086 0.064422
0 0.597168 0.170571 0.038086 0.062958
0 0.637207 0.169839 0.041992 0.064422
0 0.665039 0.172035 0.013672 0.068814
0 0.664551 0.215227 0.014648 0.017570
0 0.636719 0.213763 0.041016 0.020498
0 0.597168 0.213763 0.038086 0.020498
0 0.559082 0.212299 0.038086 0.023426
0 0.520020 0.214495 0.040039 0.027818
0 0.480469 0.214495 0.039062 0.027818
0 0.439941 0.212299 0.041992 0.023426
0 0.397949 0.214495 0.041992 0.019034
0 0.359863 0.213763 0.034180 0.017570
0 0.321289 0.214495 0.042969 0.016105
0 0.280762 0.214495 0.038086 0.016105
0 0.241699 0.213031 0.040039 0.019034
0 0.201172 0.213763 0.041016 0.020498
0 0.161621 0.213031 0.038086 0.021962
0 0.121582 0.213763 0.041992 0.023426
0 0.081055 0.215959 0.039062 0.019034
0 0.010742 0.309663 0.019531 0.065886
0 0.041504 0.310395 0.041992 0.064422
0 0.082031 0.311127 0.039062 0.065886
0 0.122559 0.311859 0.041992 0.064422
0 0.162598 0.309663 0.038086 0.060029
0 0.199707 0.310395 0.036133 0.058565
0 0.238770 0.311127 0.041992 0.060029
0 0.280762 0.308931 0.041992 0.064422
0 0.320801 0.309663 0.038086 0.065886
0 0.359863 0.308931 0.040039 0.067350
0 0.399902 0.308199 0.040039 0.065886
0 0.438965 0.309663 0.038086 0.062958
0 0.479980 0.308931 0.043945 0.061493
0 0.520508 0.309663 0.037109 0.060029
0 0.558105 0.310395 0.038086 0.061493
0 0.597168 0.309663 0.040039 0.062958
0 0.637207 0.311127 0.040039 0.065886
0 0.664551 0.311127 0.014648 0.065886
0 0.663086 0.354319 0.011719 0.020498
0 0.636230 0.355783 0.041992 0.023426
0 0.596680 0.355783 0.037109 0.023426
0 0.557617 0.355051 0.041016 0.021962
0 0.519043 0.354319 0.036133 0.023426
0 0.480469 0.352855 0.041016 0.020498
0 0.124512 0.353587 0.041992 0.024890
0 0.164062 0.353587 0.037109 0.024890
0 0.201660 0.353587 0.038086 0.024890
0 0.240723 0.353587 0.040039 0.024890
0 0.281738 0.352855 0.041992 0.023426
0 0.321289 0.352855 0.037109 0.023426
0 0.360840 0.354319 0.041992 0.026354
0 0.401367 0.352855 0.039062 0.029283
0 0.439941 0.351391 0.038086 0.026354
0 0.011719 0.446559 0.021484 0.064422
0 0.041992 0.446559 0.039062 0.064422
0 0.082031 0.448023 0.041016 0.067350
0 0.122070 0.448755 0.039062 0.065886
0 0.161133 0.446559 0.039062 0.061493
0 0.200684 0.446559 0.040039 0.061493
0 0.241211 0.447291 0.041016 0.062958
0 0.280762 0.446559 0.038086 0.064422
0 0.320312 0.447291 0.041016 0.065886
0 0.360352 0.448023 0.039062 0.064422
0 0.399902 0.448023 0.040039 0.064422
0 0.438965 0.447291 0.038086 0.065886
0 0.478027 0.447291 0.040039 0.065886
0 0.518066 0.448023 0.040039 0.064422
0 0.558105 0.447291 0.040039 0.062958
0 0.597656 0.448023 0.039062 0.061493
0 0.636719 0.448023 0.039062 0.061493
0 0.664062 0.448023 0.015625 0.061493
0 0.161621 0.491947 0.040039 0.023426
0 0.201660 0.491947 0.040039 0.023426
0 0.240723 0.492679 0.038086 0.024890
0 0.279785 0.491947 0.040039 0.026354
0 0.319824 0.492679 0.040039 0.027818
0 0.359863 0.493411 0.040039 0.026354
0 0.399414 0.492679 0.039062 0.024890
0 0.438965 0.491947 0.040039 0.026354
0 0.478516 0.491947 0.039062 0.026354
0 0.518066 0.491947 0.040039 0.026354
0 0.558105 0.491947 0.040039 0.026354
0 0.597656 0.491947 0.039062 0.026354
0 0.636230 0.491947 0.038086 0.026354
0 0.664062 0.492679 0.017578 0.024890
0 0.012207 0.587116 0.022461 0.064422
0 0.042969 0.587116 0.039062 0.064422
0 0.081543 0.586384 0.038086 0.062958
0 0.121094 0.588580 0.041016 0.058565
0 0.161133 0.588580 0.039062 0.058565
0 0.200684 0.587848 0.040039 0.060029
0 0.240723 0.588580 0.040039 0.061493
0 0.280273 0.588580 0.039062 0.061493
0 0.319336 0.588580 0.039062 0.061493
0 0.359375 0.588580 0.041016 0.061493
0 0.399414 0.587848 0.039062 0.060029
0 0.438965 0.587848 0.040039 0.060029
0 0.478516 0.588580 0.039062 0.061493
0 0.558105 0.590776 0.040039 0.057101
0 0.201172 0.631772 0.041016 0.030747
0 0.241699 0.633236 0.040039 0.027818
0 0.281250 0.632504 0.039062 0.026354
0 0.319336 0.631772 0.037109 0.027818
0 0.358887 0.632504 0.041992 0.029283
0 0.399414 0.632504 0.039062 0.029283
0 0.438477 0.632504 0.039062 0.029283
0 0.478516 0.633236 0.041016 0.027818
0 0.558105 0.633236 0.038086 0.027818
0 0.011230 0.724744 0.020508 0.067350
0 0.041504 0.726208 0.040039 0.064422
0 0.081055 0.722548 0.039062 0.057101
0 0.122559 0.725476 0.038086 0.065886
0 0.161133 0.727672 0.039062 0.061493
0 0.200195 0.729136 0.039062 0.064422
0 0.239746 0.728404 0.040039 0.065886
0 0.279785 0.727672 0.040039 0.064422
0 0.319336 0.728404 0.039062 0.062958
0 0.358887 0.728404 0.040039 0.062958
0 0.399414 0.728404 0.041016 0.062958
0 0.439453 0.727672 0.039062 0.061493
0 0.478516 0.729136 0.039062 0.061493
0 0.518066 0.728404 0.040039 0.062958
0 0.557129 0.728404 0.038086 0.062958
0 0.595703 0.728404 0.039062 0.062958
0 0.636230 0.728404 0.041992 0.062958
0 0.663086 0.727672 0.011719 0.064422
0 0.201172 0.773792 0.039062 0.024890
0 0.240723 0.772328 0.040039 0.027818
0 0.279785 0.772328 0.038086 0.027818
0 0.319336 0.772328 0.041016 0.027818
0 0.359375 0.771596 0.039062 0.026354
0 0.399414 0.771596 0.041016 0.026354
0 0.438965 0.772328 0.038086 0.027818
0 0.478027 0.772328 0.040039 0.027818
0 0.517578 0.772328 0.039062 0.027818
0 0.556641 0.773060 0.039062 0.026354
0 0.596191 0.773792 0.041992 0.030747
0 0.637207 0.773792 0.040039 0.030747
0 0.664062 0.772328 0.013672 0.027818
0 0.011719 0.866764 0.021484 0.061493
0 0.042480 0.865300 0.040039 0.064422
0 0.082520 0.865300 0.040039 0.064422
0 0.122559 0.866032 0.040039 0.062958
0 0.161133 0.867496 0.037109 0.065886
0 0.199219 0.868228 0.039062 0.064422
0 0.239746 0.868228 0.041992 0.064422
0 0.280762 0.867496 0.040039 0.065886
0 0.319824 0.866764 0.038086 0.064422
0 0.358887 0.868228 0.040039 0.061493
0 0.398438 0.868960 0.039062 0.062958
0 0.437500 0.868960 0.039062 0.062958
0 0.478027 0.868960 0.041992 0.062958
0 0.518066 0.868960 0.040039 0.062958
0 0.557129 0.868960 0.038086 0.062958
0 0.596191 0.866032 0.040039 0.060029
0 0.637207 0.868960 0.041992 0.065886
0 0.665527 0.868960 0.014648 0.065886
0 0.199707 0.912884 0.040039 0.030747
0 0.240234 0.912884 0.041016 0.030747
0 0.281250 0.912152 0.041016 0.029283
0 0.321289 0.912884 0.039062 0.027818
0 0.359863 0.912884 0.038086 0.027818
0 0.398926 0.913616 0.040039 0.026354
0 0.438477 0.913616 0.039062 0.026354
0 0.478516 0.914348 0.041016 0.024890
0 0.518555 0.914348 0.039062 0.024890
0 0.557617 0.912152 0.039062 0.029283
0 0.597656 0.912884 0.041016 0.033675
0 0.637207 0.914348 0.038086 0.030747
0 0.664062 0.914348 0.015625 0.030747
