0 0.057031 0.040107 0.087500 0.077540
0 0.142578 0.037433 0.086719 0.072193
0 0.228516 0.037433 0.088281 0.072193
0 0.317969 0.036096 0.089063 0.069519
0 0.406250 0.034091 0.090625 0.065508
0 0.497656 0.034091 0.090625 0.065508
0 0.589844 0.036096 0.090625 0.069519
0 0.679297 0.034091 0.089844 0.065508
0 0.768750 0.036765 0.089063 0.070856
0 0.856250 0.037433 0.085938 0.072193
0 0.942578 0.037433 0.085156 0.072193
0 0.055859 0.133690 0.085156 0.120321
0 0.142187 0.132353 0.087500 0.122995
0 0.229297 0.131684 0.086719 0.121658
0 0.317969 0.131016 0.090625 0.122995
0 0.408203 0.129011 0.089844 0.118984
0 0.498828 0.127674 0.091406 0.121658
0 0.589844 0.127674 0.090625 0.121658
0 0.680469 0.129679 0.090625 0.117647
0 0.770312 0.131016 0.089063 0.120321
0 0.858203 0.133690 0.086719 0.114973
0 0.944922 0.135695 0.086719 0.118984
0 0.945703 0.257353 0.085156 0.124332
0 0.859766 0.257353 0.086719 0.124332
0 0.771484 0.255348 0.089844 0.120321
0 0.680469 0.251337 0.092188 0.128342
0 0.589453 0.248663 0.089844 0.122995
0 0.498828 0.248663 0.091406 0.122995
0 0.406641 0.250668 0.092969 0.127005
0 0.316406 0.252674 0.087500 0.122995
0 0.226953 0.252674 0.091406 0.122995
0 0.139844 0.254679 0.082812 0.118984
0 0.055469 0.254011 0.085938 0.117647
0 0.053906 0.373663 0.082812 0.121658
0 0.137891 0.373663 0.085156 0.121658
0 0.224609 0.375000 0.088281 0.124332
0 0.314844 0.375668 0.092188 0.122995
0 0.405859 0.376337 0.089844 0.124332
0 0.497656 0.374332 0.093750 0.128342
0 0.589453 0.373663 0.089844 0.127005
0 0.680859 0.376337 0.092969 0.121658
0 0.771875 0.378342 0.089063 0.125668
0 0.860156 0.380348 0.087500 0.121658
0 0.946875 0.377674 0.085938 0.116310
0 0.946875 0.498663 0.085938 0.125668
0 0.859766 0.502005 0.088281 0.118984
0 0.771094 0.502674 0.089063 0.120321
0 0.680859 0.500000 0.091406 0.125668
0 0.589844 0.481952 0.090625 0.089572
0 0.498437 0.482620 0.092188 0.088235
0 0.406250 0.483289 0.092188 0.089572
0 0.313672 0.500000 0.089844 0.125668
0 0.052734 0.495989 0.086719 0.122995
0 0.138672 0.496658 0.085156 0.121658
0 0.225000 0.498663 0.087500 0.125668
0 0.304688 0.622995 0.071875 0.122995
0 0.305078 0.745321 0.071094 0.121658
0 0.226172 0.744652 0.086719 0.122995
0 0.226172 0.622995 0.086719 0.120321
0 0.051953 0.618984 0.085156 0.122995
0 0.138672 0.618984 0.088281 0.122995
0 0.053125 0.739973 0.085938 0.118984
0 0.138672 0.741310 0.085156 0.116310
0 0.052344 0.862968 0.090625 0.132353
0 0.140234 0.865642 0.085156 0.127005
0 0.227344 0.867647 0.089063 0.131016
0 0.306250 0.870321 0.068750 0.125668
0 0.688672 0.620989 0.071094 0.127005
0 0.769922 0.622995 0.091406 0.122995
0 0.859375 0.622995 0.087500 0.122995
0 0.946094 0.623663 0.085938 0.121658
0 0.688672 0.749332 0.071094 0.124332
0 0.770312 0.747995 0.092188 0.127005
0 0.858984 0.744652 0.085156 0.120321
0 0.944922 0.744652 0.086719 0.120321
0 0.687500 0.857620 0.070312 0.097594
0 0.767969 0.854947 0.087500 0.086898
0 0.856641 0.851604 0.089844 0.093583
0 0.944922 0.858289 0.086719 0.106952
0 0.382031 0.744652 0.048438 0.387701
0 0.451562 0.745321 0.090625 0.386364
0 0.543359 0.745321 0.092969 0.386364
0 0.613672 0.745989 0.047656 0.385027
