0 0.490723 0.064516 0.030273 0.126100
0 0.546875 0.063783 0.048828 0.124633
0 0.606934 0.061584 0.043945 0.120235
0 0.668945 0.063050 0.046875 0.123167
0 0.731445 0.062317 0.046875 0.121701
0 0.792969 0.060850 0.046875 0.118768
0 0.857422 0.063783 0.046875 0.124633
0 0.916992 0.063050 0.046875 0.123167
0 0.977539 0.061584 0.042969 0.120235
0 0.490723 0.208944 0.036133 0.165689
0 0.547363 0.209677 0.047852 0.167155
0 0.608398 0.206745 0.044922 0.170088
0 0.668945 0.207478 0.046875 0.165689
0 0.731445 0.205279 0.046875 0.167155
0 0.793457 0.204545 0.047852 0.165689
0 0.857422 0.207478 0.046875 0.165689
0 0.919922 0.207478 0.050781 0.165689
0 0.979004 0.207478 0.041992 0.168622
0 0.490723 0.376833 0.036133 0.167155
0 0.545410 0.378299 0.045898 0.164223
0 0.608887 0.374633 0.047852 0.165689
0 0.669922 0.373167 0.050781 0.162757
0 0.731445 0.373167 0.046875 0.162757
0 0.795898 0.371701 0.046875 0.165689
0 0.856934 0.372434 0.049805 0.161290
0 0.919434 0.374633 0.049805 0.159824
0 0.979004 0.371701 0.041992 0.159824
0 0.490723 0.541056 0.036133 0.170088
0 0.547363 0.541056 0.049805 0.164223
0 0.608398 0.542522 0.046875 0.170088
0 0.671387 0.541789 0.047852 0.168622
0 0.731934 0.539589 0.047852 0.170088
0 0.795898 0.539589 0.044922 0.164223
0 0.857422 0.540323 0.050781 0.165689
0 0.919434 0.541056 0.051758 0.167155
0 0.977539 0.542522 0.041016 0.170088
0 0.492188 0.707478 0.037109 0.165689
0 0.548340 0.707478 0.047852 0.165689
0 0.491699 0.876100 0.034180 0.171554
0 0.548828 0.878299 0.046875 0.170088
0 0.610352 0.874633 0.044922 0.168622
0 0.673828 0.876833 0.046875 0.167155
0 0.735352 0.876100 0.046875 0.165689
0 0.797363 0.874633 0.043945 0.165689
0 0.859375 0.873900 0.048828 0.161290
0 0.919922 0.876833 0.042969 0.161290
0 0.043457 0.113636 0.043945 0.148094
0 0.151367 0.112170 0.041016 0.145161
0 0.207520 0.109971 0.043945 0.143695
0 0.044434 0.258798 0.043945 0.145161
0 0.153320 0.255132 0.042969 0.146628
0 0.206055 0.256598 0.041016 0.149560
0 0.043945 0.401760 0.041016 0.149560
0 0.152832 0.400293 0.040039 0.140762
0 0.207520 0.400293 0.041992 0.137830
0 0.044434 0.546188 0.040039 0.142229
0 0.151367 0.547654 0.041016 0.148094
0 0.207031 0.546188 0.042969 0.148094
0 0.045410 0.692082 0.038086 0.146628
0 0.152344 0.693548 0.039062 0.134897
0 0.206543 0.692082 0.041992 0.140762
0 0.044922 0.838710 0.041016 0.140762
0 0.153320 0.837243 0.041016 0.143695
0 0.208496 0.837977 0.041992 0.142229
0 0.044434 0.955279 0.041992 0.089443
0 0.155762 0.956012 0.038086 0.087977
0 0.208008 0.958211 0.039062 0.083578
