0 0.204102 0.193359 0.228516 0.261719
0 0.412109 0.193359 0.187500 0.261719
0 0.605469 0.192383 0.199219 0.259766
0 0.802734 0.190430 0.195312 0.263672
0 0.950195 0.190430 0.099609 0.263672
0 0.047852 0.189453 0.083984 0.269531
0 0.051758 0.441406 0.087891 0.238281
0 0.204102 0.443359 0.216797 0.234375
0 0.410156 0.439453 0.195312 0.226562
0 0.606445 0.435547 0.197266 0.234375
0 0.794922 0.435547 0.179688 0.234375
0 0.939453 0.441406 0.109375 0.222656
0 0.051758 0.677734 0.087891 0.242188
0 0.204102 0.682617 0.216797 0.232422
0 0.407227 0.678711 0.189453 0.224609
0 0.602539 0.672852 0.197266 0.240234
0 0.798828 0.677734 0.195312 0.250000
0 0.941406 0.678711 0.089844 0.248047
0 0.049805 0.896484 0.091797 0.199219
0 0.204102 0.898438 0.216797 0.195312
0 0.409180 0.898438 0.193359 0.195312
0 0.607422 0.896484 0.203125 0.199219
0 0.799805 0.894531 0.181641 0.195312
0 0.941406 0.901367 0.101562 0.181641
