0 0.261719 0.153320 0.085938 0.302734
0 0.377930 0.205078 0.056641 0.273438
0 0.474609 0.245117 0.066406 0.267578
0 0.585938 0.298828 0.058594 0.238281
0 0.680664 0.335938 0.060547 0.230469
0 0.774414 0.371094 0.044922 0.222656
0 0.849609 0.408203 0.039062 0.214844
0 0.920898 0.444336 0.037109 0.197266
0 0.984375 0.479492 0.027344 0.181641
0 0.381836 0.022461 0.052734 0.041016
0 0.476562 0.053711 0.062500 0.103516
0 0.584961 0.077148 0.064453 0.150391
0 0.684570 0.125977 0.056641 0.181641
0 0.773438 0.171875 0.050781 0.175781
0 0.847656 0.216797 0.042969 0.164062
0 0.919922 0.259766 0.039062 0.164062
0 0.982422 0.303711 0.035156 0.158203
0 0.262695 0.446289 0.083984 0.353516
0 0.378906 0.482422 0.050781 0.324219
0 0.478516 0.510742 0.058594 0.310547
0 0.586914 0.550781 0.056641 0.289062
0 0.683594 0.579102 0.054688 0.271484
0 0.846680 0.632812 0.029297 0.226562
0 0.921875 0.663086 0.042969 0.232422
0 0.985352 0.686523 0.029297 0.216797
0 0.261719 0.750977 0.082031 0.267578
0 0.380859 0.766602 0.054688 0.251953
0 0.479492 0.784180 0.072266 0.248047
0 0.588867 0.800781 0.060547 0.222656
0 0.684570 0.820312 0.048828 0.210938
0 0.769531 0.831055 0.042969 0.197266
0 0.851562 0.844727 0.039062 0.193359
0 0.923828 0.855469 0.042969 0.171875
0 0.988281 0.863281 0.023438 0.167969
