0 0.163574 0.339678 0.129883 0.530015
0 0.041504 0.341874 0.079102 0.557833
0 0.339844 0.152269 0.189453 0.131772
0 0.534180 0.165447 0.173828 0.128843
0 0.686035 0.359444 0.100586 0.484627
0 0.822754 0.358712 0.149414 0.462665
0 0.040039 0.025622 0.078125 0.048316
0 0.160645 0.028551 0.139648 0.054173
0 0.340332 0.035871 0.196289 0.068814
0 0.535156 0.046852 0.171875 0.090776
0 0.686523 0.053441 0.103516 0.103953
0 0.824707 0.065886 0.149414 0.122987
0 0.295410 0.425329 0.065430 0.344070
0 0.394531 0.428258 0.064453 0.332357
0 0.487305 0.430454 0.062500 0.327965
0 0.574707 0.430454 0.055664 0.319180
4 0.296875 0.425329 0.101562 0.390922
4 0.438965 0.425329 0.188477 0.382138
4 0.576172 0.428258 0.087891 0.364568
