0 0.156463 0.332653 0.054422 0.183673
0 0.210884 0.329592 0.054422 0.177551
0 0.264626 0.328571 0.053061 0.179592
0 0.317687 0.329592 0.053061 0.181633
0 0.370748 0.329592 0.053061 0.181633
0 0.423129 0.329592 0.051701 0.181633
0 0.476871 0.328571 0.055782 0.183673
0 0.529932 0.326531 0.050340 0.179592
0 0.155102 0.571429 0.057143 0.179592
0 0.211565 0.570408 0.055782 0.177551
0 0.265986 0.569388 0.053061 0.179592
0 0.318367 0.569388 0.051701 0.179592
0 0.370748 0.569388 0.053061 0.179592
0 0.424490 0.571429 0.054422 0.183673
0 0.477551 0.571429 0.051701 0.183673
0 0.531293 0.570408 0.055782 0.181633
0 0.157143 0.806122 0.053061 0.183673
0 0.210204 0.806122 0.053061 0.183673
0 0.263265 0.807143 0.053061 0.181633
0 0.317007 0.806122 0.054422 0.179592
0 0.370068 0.807143 0.051701 0.177551
0 0.422449 0.809184 0.053061 0.177551
0 0.475510 0.808163 0.053061 0.179592
0 0.529932 0.807143 0.055782 0.173469
0 0.576871 0.396939 0.019048 0.026531
0 0.605442 0.395918 0.038095 0.024490
0 0.642857 0.396939 0.036735 0.026531
0 0.680272 0.396939 0.038095 0.026531
0 0.576871 0.473469 0.019048 0.130612
0 0.605442 0.474490 0.038095 0.128571
0 0.642857 0.474490 0.036735 0.128571
0 0.680952 0.475510 0.039456 0.126531
0 0.576190 0.569388 0.017687 0.028571
0 0.604082 0.569388 0.038095 0.028571
0 0.642177 0.567347 0.038095 0.024490
0 0.680952 0.567347 0.039456 0.024490
0 0.574830 0.634694 0.017687 0.106122
0 0.603401 0.633673 0.039456 0.108163
0 0.643537 0.633673 0.040816 0.108163
0 0.681633 0.634694 0.035374 0.106122
0 0.575510 0.701020 0.019048 0.022449
0 0.604082 0.700000 0.038095 0.024490
0 0.642857 0.701020 0.039456 0.026531
0 0.681633 0.703061 0.038095 0.022449
0 0.679592 0.745918 0.042177 0.038776
0 0.680952 0.823469 0.034014 0.116327
0 0.575510 0.798980 0.021769 0.161224
