0 0.194336 0.276367 0.037109 0.095703
0 0.240234 0.264648 0.039062 0.099609
0 0.305664 0.169922 0.068359 0.054688
0 0.304688 0.253906 0.074219 0.121094
0 0.385742 0.228516 0.076172 0.121094
0 0.462891 0.227539 0.078125 0.119141
0 0.464844 0.152344 0.070312 0.062500
0 0.527344 0.261719 0.035156 0.078125
0 0.659180 0.285156 0.029297 0.097656
0 0.691406 0.294922 0.023438 0.093750
0 0.729492 0.303711 0.048828 0.099609
0 0.769531 0.320312 0.031250 0.085938
0 0.799805 0.326172 0.025391 0.089844
0 0.830078 0.338867 0.031250 0.087891
0 0.857422 0.347656 0.019531 0.074219
0 0.659180 0.500000 0.033203 0.199219
0 0.690430 0.502930 0.029297 0.193359
0 0.743164 0.513672 0.033203 0.187500
0 0.771484 0.519531 0.023438 0.175781
0 0.797852 0.521484 0.029297 0.179688
0 0.826172 0.526367 0.027344 0.169922
0 0.856445 0.531250 0.033203 0.179688
0 0.248047 0.491211 0.039062 0.205078
0 0.306641 0.478516 0.070312 0.226562
0 0.384766 0.463867 0.082031 0.228516
0 0.461914 0.464844 0.072266 0.222656
0 0.531250 0.422852 0.050781 0.103516
0 0.232422 0.689453 0.054688 0.039062
0 0.232422 0.741211 0.058594 0.064453
0 0.305664 0.738281 0.087891 0.070312
0 0.305664 0.685547 0.087891 0.035156
0 0.388672 0.679688 0.082031 0.035156
0 0.465820 0.677734 0.072266 0.042969
0 0.464844 0.733398 0.074219 0.068359
0 0.389648 0.734375 0.076172 0.066406
0 0.231445 0.801758 0.052734 0.064453
0 0.231445 0.858398 0.052734 0.048828
0 0.304688 0.801758 0.089844 0.060547
0 0.304688 0.857422 0.089844 0.050781
0 0.389648 0.801758 0.080078 0.064453
0 0.388672 0.860352 0.082031 0.052734
0 0.465820 0.798828 0.072266 0.066406
0 0.464844 0.859375 0.074219 0.054688
0 0.532227 0.799805 0.056641 0.064453
0 0.531250 0.860352 0.058594 0.052734
0 0.702148 0.697266 0.033203 0.035156
0 0.731445 0.700195 0.025391 0.029297
0 0.754883 0.699219 0.021484 0.027344
0 0.779297 0.701172 0.023438 0.031250
0 0.779297 0.743164 0.023438 0.052734
0 0.780273 0.792969 0.025391 0.046875
0 0.781250 0.833984 0.023438 0.035156
0 0.757812 0.835938 0.023438 0.031250
0 0.756836 0.795898 0.021484 0.048828
0 0.756836 0.743164 0.021484 0.056641
0 0.733398 0.742188 0.025391 0.054688
0 0.732422 0.793945 0.023438 0.048828
0 0.732422 0.837891 0.023438 0.039062
0 0.708984 0.837891 0.023438 0.039062
0 0.709961 0.794922 0.025391 0.046875
0 0.704102 0.743164 0.037109 0.056641
