0 0.126103 0.402778 0.085750 0.143333
0 0.216898 0.402222 0.095839 0.142222
0 0.311475 0.402222 0.093317 0.142222
0 0.404161 0.403889 0.092055 0.145556
0 0.497478 0.405000 0.094578 0.143333
0 0.590794 0.405000 0.092055 0.143333
0 0.685372 0.404444 0.094578 0.144444
0 0.779319 0.406111 0.093317 0.147778
0 0.871375 0.405000 0.090794 0.150000
0 0.121690 0.555556 0.094578 0.148889
0 0.216898 0.555000 0.095839 0.150000
0 0.312106 0.555556 0.094578 0.151111
0 0.404161 0.556111 0.089533 0.150000
0 0.496847 0.558889 0.095839 0.155556
