0 0.762695 0.291016 0.123047 0.203125
0 0.878906 0.186523 0.078125 0.123047
0 0.952148 0.214844 0.068359 0.117188
0 0.874023 0.395508 0.072266 0.302734
0 0.954102 0.427734 0.076172 0.292969
0 0.869141 0.712891 0.062500 0.222656
0 0.955078 0.704102 0.070312 0.212891
0 0.630859 0.709961 0.097656 0.314453
0 0.250977 0.195312 0.037109 0.347656
0 0.291016 0.169922 0.039062 0.332031
0 0.314453 0.299805 0.000000 0.001953
0 0.328125 0.153320 0.042969 0.302734
0 0.375000 0.130859 0.046875 0.253906
0 0.425781 0.103516 0.054688 0.195312
0 0.482422 0.089844 0.066406 0.125000
