0 0.151367 0.486328 0.064453 0.585938
0 0.227539 0.203125 0.060547 0.183594
0 0.227539 0.071289 0.060547 0.123047
0 0.153320 0.161133 0.044922 0.126953
0 0.304688 0.026367 0.066406 0.048828
0 0.226562 0.368164 0.050781 0.181641
0 0.226562 0.604492 0.050781 0.353516
0 0.306641 0.122070 0.070312 0.205078
0 0.303711 0.295898 0.056641 0.185547
0 0.301758 0.580078 0.060547 0.390625
0 0.400391 0.097656 0.074219 0.191406
0 0.400391 0.243164 0.078125 0.224609
0 0.400391 0.423828 0.078125 0.187500
0 0.403320 0.648438 0.060547 0.253906
0 0.520508 0.132812 0.095703 0.261719
0 0.521484 0.513672 0.093750 0.546875
0 0.674805 0.601562 0.134766 0.371094
0 0.676758 0.218750 0.146484 0.433594
0 0.934570 0.230469 0.052734 0.117188
0 0.936523 0.090820 0.056641 0.169922
0 0.936523 0.371094 0.052734 0.203125
0 0.940430 0.518555 0.048828 0.103516
0 0.942383 0.674805 0.060547 0.205078
