0 0.315430 0.324219 0.087891 0.308594
0 0.375977 0.322266 0.033203 0.312500
0 0.430664 0.321289 0.076172 0.310547
0 0.488281 0.323242 0.039062 0.306641
0 0.552734 0.328125 0.089844 0.316406
0 0.617188 0.328125 0.035156 0.316406
0 0.677734 0.333984 0.093750 0.300781
0 0.742188 0.332031 0.035156 0.296875
0 0.795898 0.332031 0.072266 0.296875
0 0.311523 0.659180 0.080078 0.197266
0 0.368164 0.661133 0.033203 0.193359
0 0.429688 0.662109 0.089844 0.195312
0 0.494141 0.662109 0.039062 0.195312
0 0.550781 0.659180 0.074219 0.189453
0 0.607422 0.663086 0.039062 0.181641
0 0.674805 0.664062 0.095703 0.195312
0 0.736328 0.665039 0.027344 0.193359
0 0.791016 0.661133 0.082031 0.185547
0 0.308594 0.920898 0.085938 0.158203
0 0.371094 0.919922 0.039062 0.156250
0 0.448242 0.920898 0.115234 0.158203
0 0.547852 0.918945 0.087891 0.158203
0 0.797852 0.921875 0.068359 0.156250
0 0.733398 0.920898 0.037109 0.158203
