0 0.049805 0.180664 0.095703 0.216797
0 0.049805 0.303711 0.095703 0.029297
0 0.046875 0.443359 0.089844 0.253906
0 0.048828 0.588867 0.093750 0.037109
0 0.048828 0.695312 0.093750 0.175781
0 0.049805 0.800781 0.095703 0.035156
0 0.049805 0.892578 0.095703 0.148438
0 0.049805 0.056641 0.095703 0.031250
0 0.047852 0.020508 0.091797 0.037109
0 0.212891 0.017578 0.140625 0.031250
0 0.170898 0.043945 0.060547 0.037109
0 0.235352 0.045898 0.068359 0.033203
0 0.166992 0.074219 0.060547 0.027344
0 0.234375 0.075195 0.074219 0.025391
0 0.202148 0.182617 0.126953 0.193359
0 0.369141 0.179688 0.148438 0.195312
0 0.537109 0.179688 0.136719 0.195312
0 0.704102 0.178711 0.146484 0.193359
0 0.872070 0.173828 0.154297 0.195312
0 0.205078 0.437500 0.125000 0.191406
0 0.370117 0.437500 0.150391 0.191406
0 0.539062 0.437500 0.132812 0.183594
0 0.697266 0.434570 0.144531 0.189453
0 0.873047 0.435547 0.156250 0.195312
0 0.206055 0.686523 0.134766 0.193359
0 0.373047 0.687500 0.148438 0.191406
0 0.538086 0.683594 0.134766 0.195312
0 0.700195 0.684570 0.142578 0.193359
0 0.870117 0.688477 0.158203 0.193359
0 0.208984 0.907227 0.128906 0.185547
0 0.373047 0.906250 0.148438 0.187500
0 0.538086 0.906250 0.134766 0.187500
0 0.697266 0.906250 0.152344 0.187500
0 0.871094 0.906250 0.152344 0.187500
0 0.375977 0.015625 0.154297 0.027344
0 0.539062 0.013672 0.140625 0.023438
0 0.700195 0.013672 0.142578 0.023438
0 0.869141 0.013672 0.152344 0.023438
0 0.333984 0.041992 0.074219 0.029297
0 0.333984 0.069336 0.070312 0.025391
0 0.410156 0.041992 0.078125 0.033203
0 0.408203 0.070312 0.082031 0.023438
0 0.503906 0.041992 0.066406 0.025391
0 0.502930 0.066406 0.068359 0.023438
0 0.575195 0.043945 0.072266 0.033203
0 0.574219 0.072266 0.074219 0.023438
0 0.665039 0.041016 0.068359 0.031250
0 0.664062 0.072266 0.070312 0.031250
0 0.738281 0.041992 0.074219 0.029297
0 0.738281 0.071289 0.074219 0.029297
0 0.830078 0.041016 0.074219 0.027344
0 0.908203 0.041016 0.082031 0.027344
0 0.832031 0.067383 0.074219 0.017578
0 0.909180 0.066406 0.080078 0.019531
0 0.169922 0.293945 0.058594 0.033203
0 0.234375 0.294922 0.070312 0.031250
0 0.170898 0.328125 0.060547 0.031250
0 0.234375 0.328125 0.066406 0.031250
0 0.331055 0.293945 0.076172 0.037109
0 0.408203 0.294922 0.078125 0.035156
0 0.332031 0.328125 0.078125 0.027344
0 0.407227 0.328125 0.076172 0.027344
0 0.501953 0.293945 0.062500 0.037109
0 0.570312 0.295898 0.074219 0.033203
0 0.570312 0.327148 0.074219 0.029297
0 0.500977 0.330078 0.064453 0.031250
0 0.666016 0.296875 0.070312 0.035156
0 0.738281 0.296875 0.074219 0.035156
0 0.663086 0.330078 0.076172 0.027344
0 0.737305 0.329102 0.072266 0.029297
0 0.830078 0.292969 0.070312 0.035156
0 0.908203 0.294922 0.085938 0.031250
0 0.830078 0.327148 0.074219 0.033203
0 0.907227 0.329102 0.083984 0.029297
0 0.173828 0.543945 0.062500 0.029297
0 0.238281 0.545898 0.066406 0.025391
0 0.173828 0.575195 0.066406 0.029297
0 0.239258 0.576172 0.064453 0.027344
0 0.330078 0.545898 0.074219 0.029297
0 0.407227 0.546875 0.080078 0.027344
0 0.332031 0.577148 0.070312 0.029297
0 0.406250 0.578125 0.078125 0.027344
0 0.501953 0.544922 0.070312 0.035156
0 0.573242 0.547852 0.072266 0.029297
0 0.500977 0.578125 0.068359 0.027344
0 0.570312 0.580078 0.070312 0.023438
0 0.662109 0.543945 0.074219 0.033203
0 0.735352 0.546875 0.072266 0.027344
0 0.663086 0.577148 0.072266 0.033203
0 0.735352 0.577148 0.072266 0.033203
0 0.829102 0.541016 0.072266 0.027344
0 0.907227 0.544922 0.087891 0.027344
0 0.830078 0.579102 0.074219 0.033203
0 0.909180 0.580078 0.083984 0.031250
0 0.175781 0.799805 0.066406 0.037109
0 0.242188 0.800781 0.066406 0.035156
0 0.332031 0.796875 0.070312 0.031250
0 0.407227 0.798828 0.080078 0.027344
0 0.500977 0.798828 0.064453 0.031250
0 0.570312 0.798828 0.074219 0.031250
0 0.662109 0.796875 0.074219 0.031250
0 0.736328 0.797852 0.074219 0.029297
0 0.905273 0.799805 0.087891 0.029297
0 0.825195 0.797852 0.072266 0.033203
