0 0.358398 0.065430 0.208984 0.068359
0 0.543945 0.063477 0.162109 0.072266
0 0.726562 0.063477 0.203125 0.072266
0 0.359375 0.218750 0.195312 0.203125
0 0.541016 0.222656 0.167969 0.195312
0 0.717773 0.223633 0.185547 0.197266
0 0.309570 0.406250 0.072266 0.152344
0 0.403320 0.406250 0.115234 0.152344
0 0.541992 0.405273 0.162109 0.150391
0 0.681641 0.403320 0.117188 0.154297
0 0.775391 0.406250 0.070312 0.160156
0 0.307617 0.589844 0.064453 0.160156
0 0.398438 0.589844 0.117188 0.160156
0 0.540039 0.587891 0.166016 0.156250
0 0.682617 0.589844 0.119141 0.152344
0 0.777344 0.591797 0.070312 0.156250
0 0.308594 0.756836 0.058594 0.130859
0 0.541992 0.772461 0.166016 0.158203
0 0.782227 0.776367 0.064453 0.177734
