0 0.413086 0.029283 0.054688 0.055637
0 0.468750 0.030015 0.056641 0.057101
0 0.525879 0.030015 0.057617 0.057101
0 0.584473 0.030747 0.055664 0.055637
0 0.641113 0.030747 0.057617 0.055637
0 0.701660 0.030015 0.063477 0.057101
0 0.764648 0.027818 0.062500 0.052709
0 0.826660 0.027818 0.061523 0.052709
0 0.888184 0.030015 0.059570 0.057101
0 0.950195 0.028551 0.064453 0.054173
0 0.413574 0.139824 0.055664 0.048316
0 0.469727 0.139092 0.056641 0.049780
0 0.527832 0.139824 0.059570 0.051245
0 0.584961 0.138360 0.054688 0.054173
0 0.641602 0.136896 0.058594 0.051245
0 0.700195 0.136164 0.058594 0.052709
0 0.761719 0.136164 0.064453 0.052709
0 0.825684 0.137628 0.063477 0.049780
0 0.889160 0.138360 0.063477 0.051245
0 0.951172 0.136896 0.060547 0.054173
0 0.413574 0.239385 0.057617 0.150805
0 0.470215 0.240117 0.055664 0.149341
0 0.526855 0.238653 0.057617 0.146413
0 0.584473 0.237189 0.057617 0.149341
0 0.643066 0.237189 0.059570 0.149341
0 0.701172 0.235725 0.056641 0.152269
0 0.762695 0.236457 0.066406 0.153734
0 0.827637 0.237189 0.063477 0.152269
0 0.889648 0.237921 0.060547 0.153734
0 0.951660 0.237921 0.063477 0.153734
0 0.416016 0.395315 0.050781 0.052709
0 0.470215 0.393119 0.057617 0.057101
0 0.530273 0.392387 0.062500 0.055637
0 0.586914 0.393119 0.050781 0.054173
0 0.641113 0.392387 0.057617 0.052709
0 0.700195 0.390922 0.060547 0.055637
0 0.763672 0.390922 0.066406 0.055637
0 0.827148 0.393119 0.060547 0.051245
0 0.888672 0.394583 0.062500 0.054173
0 0.951172 0.393119 0.062500 0.057101
0 0.414551 0.500000 0.055664 0.159590
0 0.470215 0.498536 0.055664 0.162518
0 0.527832 0.498536 0.059570 0.162518
0 0.585938 0.496340 0.056641 0.166911
0 0.643066 0.497072 0.057617 0.168375
0 0.702148 0.498536 0.060547 0.165447
0 0.765137 0.500000 0.065430 0.168375
0 0.827148 0.500000 0.058594 0.168375
0 0.888184 0.500000 0.063477 0.168375
0 0.951660 0.502196 0.063477 0.163982
