0 0.044922 0.120117 0.085938 0.236328
0 0.166992 0.224609 0.162109 0.296875
0 0.312500 0.351562 0.125000 0.238281
0 0.422852 0.445312 0.087891 0.175781
0 0.042969 0.590820 0.082031 0.814453
0 0.164062 0.624023 0.156250 0.751953
0 0.311523 0.684570 0.123047 0.611328
0 0.420898 0.740234 0.091797 0.519531
0 0.495117 0.774414 0.056641 0.451172
0 0.549805 0.805664 0.060547 0.388672
0 0.604492 0.821289 0.052734 0.357422
0 0.644531 0.842773 0.035156 0.314453
0 0.676758 0.890625 0.033203 0.199219
0 0.704102 0.893555 0.029297 0.193359
0 0.731445 0.900391 0.029297 0.171875
0 0.757812 0.908203 0.027344 0.156250
