0 0.356445 0.600690 0.033203 0.106207
0 0.418945 0.601379 0.033203 0.110345
0 0.480957 0.602069 0.030273 0.106207
0 0.635254 0.600000 0.032227 0.110345
0 0.698242 0.602069 0.035156 0.111724
0 0.689453 0.368276 0.041016 0.030345
0 0.689941 0.408966 0.041992 0.053793
0 0.361816 0.364828 0.040039 0.034483
0 0.402344 0.365517 0.041016 0.033103
0 0.442383 0.366207 0.039062 0.034483
0 0.481445 0.366207 0.039062 0.034483
0 0.522461 0.364828 0.042969 0.031724
0 0.565430 0.365517 0.042969 0.030345
0 0.606445 0.364828 0.039062 0.028966
0 0.647461 0.364828 0.042969 0.028966
0 0.361328 0.409655 0.041016 0.055172
0 0.402832 0.409655 0.041992 0.055172
0 0.442871 0.408276 0.038086 0.052414
0 0.481445 0.407586 0.039062 0.053793
0 0.522461 0.408966 0.042969 0.056552
0 0.565430 0.408276 0.042969 0.057931
0 0.606445 0.408276 0.039062 0.057931
0 0.646973 0.408276 0.041992 0.057931
0 0.180664 0.566207 0.029297 0.031724
0 0.229492 0.566897 0.064453 0.035862
0 0.278320 0.566897 0.031250 0.035862
0 0.181152 0.642759 0.032227 0.121379
0 0.213867 0.644828 0.031250 0.120000
0 0.246094 0.644828 0.031250 0.120000
0 0.278320 0.637931 0.031250 0.106207
