0 0.280273 0.152344 0.072266 0.234375
0 0.381836 0.181641 0.044922 0.214844
0 0.459961 0.212891 0.068359 0.210938
0 0.271484 0.345703 0.074219 0.199219
0 0.268555 0.512695 0.076172 0.181641
0 0.266602 0.693359 0.083984 0.226562
0 0.264648 0.898438 0.080078 0.203125
0 0.466797 0.739258 0.070312 0.193359
0 0.458984 0.912109 0.058594 0.175781
0 0.542969 0.919922 0.066406 0.160156
0 0.541992 0.751953 0.076172 0.191406
0 0.466797 0.562500 0.078125 0.199219
0 0.543945 0.583984 0.080078 0.183594
0 0.466797 0.391602 0.074219 0.201172
0 0.543945 0.416992 0.072266 0.189453
0 0.460938 0.213867 0.070312 0.216797
0 0.461914 0.089844 0.080078 0.113281
0 0.548828 0.140625 0.054688 0.078125
0 0.551758 0.250977 0.056641 0.193359
0 0.628906 0.185547 0.042969 0.058594
0 0.627930 0.282227 0.041016 0.189453
0 0.625000 0.439453 0.042969 0.175781
0 0.546875 0.060547 0.085938 0.113281
0 0.625000 0.113281 0.070312 0.105469
0 0.699219 0.162109 0.074219 0.109375
0 0.685547 0.295898 0.070312 0.212891
0 0.686523 0.464844 0.076172 0.175781
