0 0.568243 0.017241 0.033784 0.030426
0 0.568919 0.074037 0.032432 0.083164
0 0.569595 0.157201 0.033784 0.083164
0 0.569595 0.231237 0.031081 0.064909
0 0.570270 0.307302 0.032432 0.087221
0 0.569595 0.384381 0.033784 0.066937
0 0.569595 0.458418 0.031081 0.081136
0 0.570270 0.533469 0.029730 0.068966
0 0.570270 0.609533 0.029730 0.083164
0 0.569595 0.683570 0.031081 0.064909
0 0.570270 0.761663 0.032432 0.091278
0 0.570946 0.840771 0.031081 0.066937
0 0.570946 0.915822 0.031081 0.083164
0 0.570946 0.976673 0.031081 0.038540
0 0.650000 0.019270 0.032432 0.034483
0 0.650676 0.078093 0.031081 0.083164
0 0.650676 0.160243 0.031081 0.081136
0 0.650676 0.235294 0.031081 0.068966
0 0.651351 0.309331 0.029730 0.079108
0 0.651351 0.385396 0.029730 0.073022
0 0.650676 0.463489 0.031081 0.083164
0 0.650676 0.539554 0.031081 0.068966
0 0.650000 0.615619 0.032432 0.083164
0 0.649324 0.690669 0.031081 0.066937
0 0.651351 0.761663 0.027027 0.079108
0 0.652027 0.837728 0.028378 0.073022
0 0.651351 0.915822 0.029730 0.083164
0 0.652027 0.976673 0.031081 0.038540
0 0.733784 0.024341 0.029730 0.044625
0 0.734459 0.085193 0.028378 0.077079
0 0.734459 0.167343 0.028378 0.087221
0 0.734459 0.241379 0.028378 0.060852
0 0.735135 0.314402 0.029730 0.085193
0 0.735811 0.389452 0.028378 0.064909
0 0.736486 0.464503 0.029730 0.085193
0 0.735811 0.541582 0.031081 0.068966
0 0.735135 0.614604 0.029730 0.077079
0 0.735811 0.686613 0.028378 0.066937
0 0.735811 0.762677 0.028378 0.085193
0 0.735135 0.839757 0.029730 0.068966
0 0.735811 0.913793 0.031081 0.079108
0 0.735811 0.974645 0.031081 0.042596
0 0.817568 0.027383 0.029730 0.050710
0 0.817568 0.092292 0.029730 0.079108
0 0.816892 0.171400 0.028378 0.079108
0 0.817568 0.242394 0.027027 0.062880
0 0.818243 0.316430 0.028378 0.085193
0 0.818919 0.390467 0.027027 0.062880
0 0.819595 0.464503 0.028378 0.085193
0 0.818919 0.541582 0.029730 0.068966
0 0.820270 0.615619 0.032432 0.079108
0 0.820946 0.688641 0.031081 0.066937
0 0.820946 0.762677 0.031081 0.081136
0 0.820946 0.835700 0.031081 0.064909
0 0.820946 0.910751 0.031081 0.085193
0 0.820270 0.974645 0.032432 0.042596
0 0.899324 0.030426 0.031081 0.056795
0 0.900000 0.098377 0.029730 0.079108
0 0.899324 0.178499 0.028378 0.081136
0 0.899324 0.250507 0.028378 0.062880
0 0.899324 0.325558 0.028378 0.083164
0 0.900676 0.397566 0.025676 0.060852
0 0.902027 0.469574 0.028378 0.083164
0 0.900676 0.544625 0.031081 0.066937
0 0.900676 0.616633 0.031081 0.077079
0 0.902027 0.690669 0.028378 0.070994
0 0.903378 0.765720 0.031081 0.079108
0 0.904054 0.837728 0.029730 0.064909
0 0.904054 0.910751 0.029730 0.077079
0 0.904054 0.972617 0.029730 0.046653
0 0.981081 0.033469 0.029730 0.062880
0 0.981081 0.103448 0.029730 0.077079
0 0.980405 0.182556 0.028378 0.081136
0 0.981081 0.253550 0.027027 0.060852
0 0.981757 0.326572 0.028378 0.085193
0 0.981081 0.400609 0.029730 0.062880
0 0.981757 0.471602 0.028378 0.079108
0 0.981757 0.543611 0.028378 0.064909
0 0.981757 0.616633 0.028378 0.081136
0 0.981757 0.690669 0.028378 0.066937
0 0.980405 0.763692 0.025676 0.079108
0 0.981081 0.835700 0.024324 0.064909
0 0.981757 0.907708 0.025676 0.079108
0 0.981757 0.971602 0.025676 0.048682
0 0.077027 0.032454 0.032432 0.060852
0 0.077703 0.104462 0.031081 0.083164
0 0.076351 0.184584 0.028378 0.077079
0 0.077703 0.255578 0.025676 0.064909
0 0.079054 0.327586 0.028378 0.079108
0 0.078378 0.403651 0.029730 0.073022
0 0.079730 0.476673 0.029730 0.073022
0 0.080405 0.548682 0.028378 0.066937
0 0.079730 0.623732 0.027027 0.079108
0 0.079730 0.695740 0.027027 0.064909
0 0.081757 0.768763 0.031081 0.081136
0 0.081757 0.841785 0.031081 0.064909
0 0.080405 0.916836 0.028378 0.085193
0 0.081081 0.975659 0.027027 0.032454
0 0.153378 0.029412 0.031081 0.054767
0 0.152027 0.097363 0.033784 0.081136
0 0.152703 0.178499 0.035135 0.081136
0 0.154054 0.251521 0.032432 0.064909
0 0.154054 0.325558 0.032432 0.083164
0 0.156081 0.399594 0.028378 0.064909
0 0.155405 0.471602 0.027027 0.079108
0 0.156081 0.543611 0.025676 0.064909
0 0.156757 0.617647 0.027027 0.083164
0 0.156081 0.692698 0.028378 0.066937
0 0.156757 0.767748 0.029730 0.083164
0 0.157432 0.844828 0.028378 0.070994
0 0.158784 0.918864 0.031081 0.077079
0 0.159459 0.975659 0.029730 0.036511
0 0.231081 0.024341 0.029730 0.044625
0 0.232432 0.090264 0.032432 0.083164
0 0.233108 0.170385 0.031081 0.077079
0 0.233108 0.243408 0.031081 0.068966
0 0.232432 0.320487 0.032432 0.085193
0 0.233108 0.395538 0.033784 0.064909
0 0.233784 0.466531 0.032432 0.077079
0 0.233108 0.540568 0.031081 0.070994
0 0.233784 0.617647 0.029730 0.083164
0 0.233784 0.692698 0.029730 0.066937
0 0.233784 0.766734 0.029730 0.081136
0 0.234459 0.842799 0.031081 0.070994
0 0.234459 0.918864 0.031081 0.081136
0 0.234459 0.978702 0.031081 0.038540
0 0.311486 0.023327 0.033784 0.042596
0 0.311486 0.083164 0.031081 0.077079
0 0.311486 0.165314 0.031081 0.087221
0 0.312162 0.243408 0.032432 0.068966
0 0.312838 0.316430 0.031081 0.077079
0 0.312838 0.391481 0.031081 0.073022
0 0.312838 0.466531 0.031081 0.077079
0 0.313514 0.541582 0.032432 0.068966
0 0.314865 0.615619 0.029730 0.079108
0 0.314865 0.690669 0.029730 0.070994
0 0.314189 0.766734 0.031081 0.081136
0 0.315541 0.840771 0.033784 0.066937
0 0.316892 0.916836 0.031081 0.085193
0 0.316892 0.977688 0.031081 0.036511
0 0.391216 0.018256 0.033784 0.032454
0 0.391216 0.078093 0.033784 0.083164
0 0.391892 0.160243 0.032432 0.081136
0 0.393243 0.236308 0.035135 0.070994
0 0.393243 0.311359 0.035135 0.079108
0 0.392568 0.384381 0.033784 0.066937
0 0.393919 0.461460 0.031081 0.087221
0 0.394595 0.537525 0.032432 0.064909
0 0.394595 0.611562 0.032432 0.083164
0 0.394595 0.687627 0.032432 0.068966
0 0.393919 0.764706 0.033784 0.085193
0 0.394595 0.841785 0.035135 0.068966
0 0.395270 0.914807 0.033784 0.077079
0 0.395946 0.973631 0.035135 0.040568
