0 0.901367 0.535156 0.193359 0.449219
0 0.906250 0.291016 0.187500 0.191406
0 0.708008 0.603516 0.158203 0.390625
0 0.708984 0.390625 0.160156 0.160156
0 0.555664 0.556641 0.107422 0.277344
0 0.551758 0.741211 0.111328 0.130859
0 0.708008 0.880859 0.162109 0.238281
0 0.895508 0.863281 0.193359 0.273438
0 0.553711 0.900391 0.126953 0.199219
0 0.263672 0.702148 0.105469 0.314453
0 0.346680 0.575195 0.052734 0.111328
0 0.393555 0.556641 0.044922 0.105469
0 0.443359 0.535156 0.054688 0.113281
0 0.444336 0.649414 0.048828 0.142578
0 0.398438 0.666016 0.050781 0.144531
0 0.346680 0.678711 0.060547 0.138672
0 0.346680 0.789062 0.052734 0.089844
0 0.398438 0.774414 0.050781 0.103516
0 0.446289 0.772461 0.052734 0.095703
0 0.419922 0.908203 0.109375 0.183594
0 0.343750 0.915039 0.050781 0.169922
0 0.291016 0.916992 0.062500 0.166016
0 0.235352 0.918945 0.052734 0.138672
0 0.197266 0.891602 0.050781 0.080078
0 0.163086 0.900391 0.037109 0.074219
0 0.126953 0.906250 0.039062 0.070312
0 0.179688 0.964844 0.070312 0.070312
0 0.131836 0.966797 0.037109 0.066406
0 0.130859 0.831055 0.031250 0.072266
0 0.127930 0.742188 0.037109 0.109375
0 0.125000 0.653320 0.035156 0.091797
0 0.159180 0.639648 0.033203 0.087891
0 0.192383 0.631836 0.041016 0.099609
0 0.266602 0.695312 0.115234 0.312500
0 0.178711 0.767578 0.068359 0.191406
0 0.133789 0.439453 0.044922 0.089844
0 0.177734 0.415039 0.039062 0.095703
0 0.249023 0.369141 0.072266 0.113281
0 0.342773 0.306641 0.056641 0.109375
0 0.393555 0.268555 0.044922 0.107422
0 0.442383 0.235352 0.052734 0.123047
0 0.518555 0.176758 0.048828 0.126953
0 0.571289 0.139648 0.048828 0.130859
0 0.657227 0.080078 0.052734 0.148438
