0 0.339355 0.280435 0.057617 0.114493
0 0.401855 0.281884 0.067383 0.111594
0 0.468750 0.281159 0.066406 0.110145
0 0.535156 0.281159 0.066406 0.110145
0 0.601074 0.282609 0.065430 0.113043
0 0.665039 0.283333 0.062500 0.111594
0 0.339355 0.452899 0.059570 0.230435
0 0.400879 0.452174 0.063477 0.231884
0 0.467773 0.452174 0.070312 0.231884
0 0.536133 0.452899 0.066406 0.230435
0 0.601562 0.454348 0.064453 0.233333
0 0.665039 0.455072 0.062500 0.231884
0 0.018555 0.270290 0.035156 0.088406
0 0.067383 0.269565 0.068359 0.084058
0 0.135254 0.268116 0.067383 0.086957
0 0.025391 0.468841 0.041016 0.207246
0 0.075684 0.478261 0.049805 0.231884
0 0.132812 0.479710 0.044922 0.234783
0 0.170898 0.479710 0.013672 0.234783
