0 0.262695 0.104492 0.119141 0.111328
0 0.378906 0.104492 0.113281 0.111328
0 0.492188 0.104492 0.113281 0.111328
0 0.604492 0.104492 0.111328 0.111328
0 0.709961 0.106445 0.099609 0.115234
0 0.708984 0.217773 0.101562 0.107422
0 0.602539 0.216797 0.111328 0.109375
0 0.489258 0.212891 0.115234 0.101562
0 0.376953 0.210938 0.109375 0.105469
0 0.260742 0.212891 0.123047 0.109375
0 0.260742 0.327148 0.123047 0.119141
0 0.375977 0.327148 0.107422 0.119141
0 0.488281 0.325195 0.117188 0.115234
0 0.602539 0.325195 0.111328 0.115234
0 0.709961 0.326172 0.103516 0.117188
0 0.721680 0.413086 0.080078 0.056641
0 0.720703 0.497070 0.078125 0.111328
0 0.723633 0.607422 0.072266 0.109375
0 0.724609 0.719727 0.074219 0.115234
0 0.724609 0.836914 0.074219 0.119141
0 0.261719 0.410156 0.117188 0.050781
0 0.375977 0.409180 0.111328 0.052734
0 0.488281 0.409180 0.113281 0.052734
0 0.599609 0.410156 0.109375 0.050781
0 0.261719 0.490234 0.117188 0.109375
0 0.375977 0.490234 0.111328 0.109375
0 0.487305 0.490234 0.111328 0.109375
0 0.598633 0.489258 0.111328 0.111328
0 0.258789 0.599609 0.119141 0.117188
0 0.374023 0.602539 0.111328 0.111328
0 0.486328 0.601562 0.113281 0.109375
0 0.600586 0.600586 0.115234 0.111328
0 0.260742 0.715820 0.123047 0.115234
0 0.376953 0.716797 0.109375 0.113281
0 0.487305 0.717773 0.111328 0.115234
0 0.600586 0.715820 0.115234 0.119141
0 0.257812 0.830078 0.117188 0.125000
0 0.374023 0.832031 0.115234 0.121094
0 0.488281 0.831055 0.113281 0.119141
0 0.598633 0.834961 0.107422 0.111328
0 0.260742 0.944336 0.119141 0.103516
0 0.375000 0.943359 0.109375 0.105469
0 0.487305 0.944336 0.115234 0.107422
0 0.600586 0.945312 0.111328 0.105469
