3 0.514160 0.729868 0.026367 0.092240
3 0.560059 0.729136 0.032227 0.111274
0 0.176758 0.340410 0.013672 0.045388
0 0.190918 0.338946 0.014648 0.048316
0 0.206055 0.336018 0.013672 0.048316
0 0.220215 0.336018 0.014648 0.048316
0 0.176270 0.387994 0.014648 0.049780
0 0.191895 0.387994 0.014648 0.046852
0 0.205566 0.385066 0.014648 0.046852
0 0.220703 0.385066 0.015625 0.046852
0 0.175781 0.434846 0.015625 0.046852
0 0.190918 0.433382 0.012695 0.046852
0 0.205566 0.431918 0.014648 0.049780
0 0.221191 0.431918 0.016602 0.046852
0 0.177246 0.481698 0.014648 0.046852
0 0.190918 0.481698 0.014648 0.046852
0 0.205078 0.479502 0.013672 0.048316
0 0.220703 0.479502 0.015625 0.045388
0 0.177246 0.530015 0.014648 0.049780
0 0.191406 0.530015 0.013672 0.049780
0 0.205566 0.529283 0.014648 0.051245
0 0.221191 0.528551 0.014648 0.049780
0 0.176758 0.578331 0.015625 0.043924
0 0.191406 0.578331 0.013672 0.046852
0 0.206055 0.577599 0.015625 0.048316
0 0.221191 0.577599 0.014648 0.048316
0 0.177734 0.625915 0.015625 0.048316
0 0.192383 0.626647 0.013672 0.046852
0 0.206543 0.625915 0.014648 0.048316
0 0.220703 0.626647 0.013672 0.046852
0 0.177734 0.674963 0.015625 0.049780
0 0.192383 0.675695 0.013672 0.051245
0 0.207031 0.674963 0.013672 0.049780
0 0.220703 0.675695 0.013672 0.048316
0 0.422852 0.479502 0.017578 0.048316
0 0.441895 0.477306 0.018555 0.052709
0 0.461426 0.476574 0.018555 0.054173
0 0.480957 0.474378 0.018555 0.052709
0 0.500977 0.473646 0.019531 0.054173
0 0.520020 0.473646 0.020508 0.054173
0 0.423340 0.532211 0.016602 0.054173
0 0.441895 0.529283 0.020508 0.048316
0 0.461914 0.528551 0.019531 0.049780
0 0.481445 0.528551 0.019531 0.049780
0 0.500488 0.527086 0.018555 0.052709
0 0.520020 0.527086 0.020508 0.052709
0 0.423340 0.587848 0.018555 0.054173
0 0.441895 0.584187 0.018555 0.055637
0 0.460938 0.584187 0.019531 0.055637
0 0.481445 0.582723 0.019531 0.055637
0 0.500488 0.583455 0.018555 0.054173
0 0.521484 0.583455 0.019531 0.057101
0 0.799805 0.549048 0.015625 0.061493
0 0.544922 0.471449 0.021484 0.055637
0 0.565430 0.471449 0.019531 0.058565
0 0.585938 0.468521 0.021484 0.055637
0 0.607422 0.467057 0.021484 0.058565
0 0.629883 0.464861 0.021484 0.060029
0 0.650391 0.464129 0.019531 0.058565
0 0.544434 0.526354 0.022461 0.054173
0 0.565918 0.526354 0.018555 0.057101
0 0.586426 0.523426 0.020508 0.054173
0 0.607910 0.521962 0.022461 0.054173
0 0.629883 0.521230 0.021484 0.055637
0 0.650879 0.521230 0.018555 0.055637
0 0.545410 0.582723 0.022461 0.058565
0 0.566406 0.581991 0.019531 0.057101
0 0.586426 0.580527 0.020508 0.060029
0 0.608398 0.580527 0.021484 0.060029
0 0.630371 0.579063 0.022461 0.060029
0 0.651855 0.579063 0.020508 0.060029
0 0.375488 0.532211 0.012695 0.071742
0 0.402344 0.545388 0.005859 0.060029
0 0.376953 0.683016 0.013672 0.065886
