0 0.195312 0.414223 0.138672 0.403226
0 0.322754 0.417889 0.120117 0.387097
0 0.441406 0.423021 0.115234 0.365103
0 0.194336 0.111437 0.138672 0.219941
0 0.322754 0.117302 0.122070 0.231672
0 0.420410 0.123167 0.073242 0.243402
0 0.477051 0.125367 0.043945 0.247801
0 0.555664 0.128299 0.115234 0.253666
0 0.633789 0.129765 0.035156 0.256598
0 0.680176 0.137097 0.049805 0.271261
0 0.750000 0.139296 0.083984 0.275660
0 0.833496 0.142229 0.079102 0.281525
0 0.547852 0.431818 0.113281 0.341642
0 0.632812 0.431818 0.042969 0.335777
0 0.680176 0.434751 0.055664 0.332845
0 0.750000 0.430352 0.085938 0.321114
0 0.836914 0.440616 0.085938 0.315249
0 0.924805 0.141496 0.083984 0.280059
0 0.925293 0.441349 0.088867 0.316716
3 0.457520 0.586510 0.106445 0.193548
