0 0.169922 0.292480 0.097656 0.208008
0 0.272949 0.294434 0.108398 0.204102
0 0.381348 0.293945 0.108398 0.203125
0 0.493652 0.291992 0.116211 0.207031
0 0.604004 0.292969 0.104492 0.208984
0 0.710938 0.292969 0.109375 0.208984
0 0.812500 0.294434 0.093750 0.211914
0 0.811523 0.494141 0.095703 0.185547
0 0.709473 0.493164 0.108398 0.187500
0 0.603027 0.492676 0.104492 0.186523
0 0.492188 0.492188 0.117188 0.187500
0 0.379883 0.493652 0.107422 0.190430
0 0.271973 0.494141 0.108398 0.189453
0 0.169434 0.493652 0.096680 0.188477
0 0.477539 0.710938 0.041016 0.134766
0 0.519531 0.710449 0.042969 0.135742
0 0.236328 0.710938 0.062500 0.134766
