0 0.018555 0.436523 0.033203 0.044922
0 0.063477 0.417969 0.048828 0.050781
0 0.113281 0.398438 0.050781 0.058594
0 0.166016 0.369141 0.058594 0.058594
0 0.230469 0.340820 0.066406 0.064453
0 0.293945 0.313477 0.068359 0.072266
0 0.343750 0.288086 0.031250 0.056641
0 0.022461 0.466797 0.041016 0.066406
0 0.062500 0.455078 0.046875 0.062500
0 0.113281 0.430664 0.050781 0.064453
0 0.166992 0.407227 0.060547 0.072266
0 0.226562 0.381836 0.062500 0.068359
0 0.292969 0.353516 0.066406 0.078125
0 0.343750 0.332031 0.035156 0.074219
0 0.020508 0.563477 0.037109 0.154297
0 0.063477 0.546875 0.048828 0.164062
0 0.113281 0.502930 0.050781 0.111328
0 0.164062 0.482422 0.066406 0.125000
0 0.226562 0.458008 0.066406 0.126953
0 0.110352 0.574219 0.056641 0.070312
0 0.166016 0.558594 0.058594 0.074219
0 0.232422 0.536133 0.070312 0.080078
0 0.293945 0.460938 0.072266 0.191406
0 0.345703 0.441406 0.039062 0.179688
0 0.020508 0.658203 0.033203 0.058594
0 0.063477 0.644531 0.052734 0.066406
0 0.109375 0.629883 0.054688 0.068359
0 0.168945 0.608398 0.056641 0.064453
0 0.230469 0.592773 0.066406 0.068359
0 0.292969 0.571289 0.066406 0.060547
0 0.345703 0.562500 0.039062 0.070312
0 0.018555 0.702148 0.033203 0.052734
0 0.062500 0.690430 0.050781 0.064453
0 0.109375 0.678711 0.046875 0.064453
0 0.167969 0.665039 0.058594 0.072266
0 0.230469 0.645508 0.066406 0.072266
0 0.295898 0.627930 0.064453 0.076172
0 0.345703 0.612305 0.039062 0.068359
0 0.017578 0.750000 0.031250 0.054688
0 0.060547 0.738281 0.050781 0.058594
0 0.112305 0.725586 0.048828 0.060547
0 0.166016 0.711914 0.062500 0.060547
0 0.227539 0.700195 0.060547 0.060547
0 0.291016 0.681641 0.070312 0.058594
0 0.349609 0.673828 0.035156 0.058594
0 0.019531 0.867188 0.035156 0.085938
0 0.063477 0.860352 0.041016 0.087891
0 0.111328 0.855469 0.054688 0.089844
0 0.166016 0.843750 0.054688 0.093750
0 0.227539 0.836914 0.064453 0.099609
0 0.290039 0.829102 0.076172 0.103516
0 0.342773 0.820312 0.044922 0.105469
0 0.010742 0.930664 0.017578 0.048828
0 0.034180 0.926758 0.029297 0.056641
0 0.065430 0.925781 0.044922 0.058594
0 0.111328 0.919922 0.050781 0.058594
0 0.165039 0.917969 0.056641 0.062500
0 0.226562 0.907227 0.066406 0.060547
0 0.292969 0.902344 0.066406 0.062500
0 0.346680 0.896484 0.044922 0.062500
0 0.342773 0.960938 0.044922 0.078125
0 0.292969 0.958008 0.070312 0.068359
0 0.225586 0.967773 0.068359 0.064453
0 0.164062 0.969727 0.066406 0.060547
0 0.112305 0.973633 0.052734 0.052734
0 0.065430 0.974609 0.048828 0.050781
0 0.031250 0.976562 0.023438 0.035156
0 0.010742 0.976562 0.017578 0.039062
