0 0.231445 0.045898 0.072266 0.087891
0 0.232422 0.132812 0.070312 0.093750
0 0.305664 0.140625 0.076172 0.078125
0 0.305664 0.052734 0.076172 0.097656
0 0.365234 0.089844 0.042969 0.175781
0 0.422852 0.133789 0.072266 0.087891
0 0.421875 0.045898 0.074219 0.087891
0 0.491211 0.088867 0.068359 0.173828
0 0.565430 0.129883 0.080078 0.091797
0 0.565430 0.042969 0.080078 0.082031
0 0.639648 0.044922 0.064453 0.082031
0 0.639648 0.130859 0.064453 0.089844
0 0.709961 0.089844 0.072266 0.175781
0 0.785156 0.089844 0.078125 0.175781
0 0.860352 0.088867 0.072266 0.173828
0 0.918945 0.088867 0.044922 0.173828
0 0.234375 0.257812 0.074219 0.160156
0 0.307617 0.257812 0.072266 0.160156
0 0.362305 0.256836 0.037109 0.158203
0 0.418945 0.256836 0.076172 0.158203
0 0.493164 0.255859 0.072266 0.156250
0 0.567383 0.254883 0.076172 0.158203
0 0.638672 0.255859 0.066406 0.160156
0 0.708008 0.256836 0.072266 0.158203
0 0.785156 0.254883 0.082031 0.154297
0 0.958984 0.091797 0.027344 0.179688
0 0.986328 0.088867 0.027344 0.173828
0 0.862305 0.253906 0.076172 0.156250
0 0.921875 0.252930 0.042969 0.158203
0 0.958008 0.253906 0.029297 0.160156
0 0.984375 0.254883 0.023438 0.158203
0 0.234375 0.424805 0.078125 0.177734
0 0.307617 0.474609 0.068359 0.078125
0 0.306641 0.386719 0.070312 0.097656
0 0.362305 0.424805 0.041016 0.173828
0 0.419922 0.422852 0.074219 0.177734
0 0.493164 0.422852 0.072266 0.177734
0 0.566406 0.423828 0.074219 0.175781
0 0.637695 0.422852 0.068359 0.173828
0 0.708984 0.421875 0.074219 0.175781
0 0.785156 0.422852 0.078125 0.177734
0 0.863281 0.421875 0.078125 0.179688
0 0.921875 0.423828 0.039062 0.183594
0 0.958008 0.423828 0.033203 0.183594
0 0.985352 0.422852 0.021484 0.181641
0 0.233398 0.590820 0.076172 0.162109
0 0.305664 0.589844 0.076172 0.160156
0 0.362305 0.590820 0.041016 0.162109
0 0.420898 0.591797 0.076172 0.160156
0 0.491211 0.556641 0.072266 0.089844
0 0.566406 0.589844 0.074219 0.160156
0 0.637695 0.552734 0.068359 0.085938
0 0.708008 0.556641 0.068359 0.089844
0 0.783203 0.591797 0.082031 0.160156
0 0.864258 0.591797 0.068359 0.156250
0 0.920898 0.592773 0.044922 0.158203
0 0.957031 0.590820 0.035156 0.158203
0 0.986328 0.591797 0.027344 0.156250
0 0.233398 0.723633 0.072266 0.095703
0 0.306641 0.723633 0.074219 0.103516
0 0.364258 0.762695 0.041016 0.181641
0 0.422852 0.762695 0.076172 0.181641
0 0.494141 0.762695 0.066406 0.181641
0 0.566406 0.761719 0.078125 0.183594
0 0.638672 0.760742 0.066406 0.181641
0 0.708008 0.761719 0.072266 0.179688
0 0.784180 0.760742 0.080078 0.177734
0 0.860352 0.760742 0.072266 0.177734
0 0.918945 0.708984 0.044922 0.074219
0 0.920898 0.799805 0.041016 0.107422
0 0.957031 0.761719 0.031250 0.183594
0 0.985352 0.759766 0.025391 0.179688
0 0.983398 0.896484 0.029297 0.093750
0 0.983398 0.970703 0.029297 0.054688
0 0.917969 0.923828 0.042969 0.148438
0 0.956055 0.924805 0.033203 0.146484
0 0.233398 0.813477 0.076172 0.087891
0 0.307617 0.814453 0.072266 0.085938
0 0.364258 0.925781 0.044922 0.144531
0 0.423828 0.963867 0.074219 0.068359
0 0.423828 0.892578 0.074219 0.074219
0 0.494141 0.892578 0.066406 0.074219
0 0.493164 0.963867 0.068359 0.068359
0 0.567383 0.924805 0.080078 0.142578
0 0.639648 0.924805 0.064453 0.142578
0 0.709961 0.891602 0.076172 0.076172
0 0.709961 0.962891 0.076172 0.066406
0 0.786133 0.889648 0.076172 0.076172
0 0.787109 0.960938 0.074219 0.066406
0 0.859375 0.921875 0.070312 0.148438
