0 0.754883 0.149414 0.072266 0.224609
0 0.680664 0.180664 0.072266 0.224609
0 0.616211 0.215820 0.056641 0.205078
0 0.556641 0.245117 0.062500 0.197266
0 0.496094 0.273438 0.058594 0.187500
0 0.433594 0.307617 0.070312 0.185547
0 0.379883 0.331055 0.041016 0.154297
0 0.341797 0.350586 0.031250 0.142578
0 0.308594 0.369141 0.039062 0.144531
0 0.308594 0.460938 0.042969 0.074219
0 0.343750 0.447266 0.035156 0.070312
0 0.381836 0.433594 0.041016 0.082031
0 0.431641 0.413086 0.066406 0.091797
0 0.492188 0.388672 0.054688 0.093750
0 0.553711 0.367188 0.068359 0.101562
0 0.617188 0.343750 0.058594 0.105469
0 0.683594 0.317383 0.070312 0.107422
0 0.755859 0.290039 0.074219 0.115234
0 0.687500 0.617188 0.070312 0.546875
0 0.556641 0.639648 0.066406 0.490234
0 0.433594 0.656250 0.066406 0.445312
0 0.307617 0.677734 0.041016 0.375000
