0 0.282227 0.804688 0.115234 0.285156
0 0.393555 0.807617 0.107422 0.279297
0 0.534180 0.805664 0.173828 0.275391
0 0.680664 0.807617 0.119141 0.271484
0 0.796875 0.808594 0.113281 0.273438
0 0.337891 0.472656 0.218750 0.351562
0 0.533203 0.475586 0.171875 0.345703
0 0.736328 0.477539 0.234375 0.349609
0 0.283203 0.212891 0.101562 0.136719
0 0.390625 0.215820 0.113281 0.130859
0 0.534180 0.214844 0.173828 0.128906
0 0.681641 0.218750 0.121094 0.132812
0 0.796875 0.218750 0.109375 0.132812
0 0.220703 0.061523 0.132812 0.119141
0 0.362305 0.058594 0.154297 0.113281
0 0.521484 0.058594 0.164062 0.113281
0 0.664062 0.060547 0.121094 0.117188
0 0.764648 0.060547 0.080078 0.117188
0 0.826172 0.062500 0.050781 0.121094
