0 0.219727 0.050781 0.177734 0.082031
0 0.403320 0.050781 0.189453 0.082031
0 0.589844 0.050781 0.183594 0.082031
0 0.588867 0.125977 0.185547 0.068359
0 0.587891 0.217773 0.183594 0.115234
0 0.587891 0.325195 0.183594 0.099609
0 0.586914 0.416016 0.181641 0.082031
0 0.585938 0.506836 0.183594 0.099609
0 0.222656 0.125977 0.179688 0.072266
0 0.405273 0.129883 0.185547 0.064453
0 0.223633 0.211914 0.173828 0.111328
0 0.402344 0.211914 0.183594 0.111328
0 0.223633 0.323242 0.173828 0.107422
0 0.403320 0.323242 0.185547 0.107422
0 0.223633 0.416016 0.173828 0.078125
0 0.402344 0.415039 0.183594 0.080078
0 0.225586 0.500977 0.177734 0.103516
0 0.403320 0.503906 0.177734 0.097656
0 0.222656 0.625977 0.179688 0.146484
0 0.404297 0.627930 0.183594 0.142578
0 0.225586 0.777344 0.177734 0.140625
0 0.405273 0.776367 0.181641 0.142578
0 0.587891 0.777344 0.183594 0.144531
0 0.585938 0.630859 0.187500 0.152344
0 0.219727 0.919922 0.177734 0.148438
0 0.404297 0.920898 0.187500 0.146484
0 0.587891 0.922852 0.179688 0.150391
