0 0.759766 0.329102 0.144531 0.400391
0 0.912109 0.380859 0.175781 0.378906
0 0.913086 0.601562 0.173828 0.140625
0 0.758789 0.568359 0.146484 0.140625
0 0.769531 0.787109 0.140625 0.343750
0 0.917969 0.793945 0.164062 0.318359
0 0.624023 0.337891 0.130859 0.402344
0 0.617188 0.111328 0.140625 0.183594
0 0.652344 0.723633 0.082031 0.455078
0 0.582031 0.734375 0.062500 0.433594
0 0.488281 0.204102 0.117188 0.169922
0 0.493164 0.397461 0.115234 0.349609
0 0.499023 0.742188 0.111328 0.402344
0 0.416016 0.749023 0.046875 0.345703
0 0.385742 0.447266 0.087891 0.308594
0 0.383789 0.278320 0.099609 0.142578
0 0.301758 0.334961 0.072266 0.119141
0 0.306641 0.490234 0.070312 0.269531
0 0.310547 0.668945 0.070312 0.126953
0 0.235352 0.521484 0.068359 0.246094
0 0.239258 0.383789 0.072266 0.107422
0 0.189453 0.417969 0.027344 0.078125
0 0.192383 0.546875 0.021484 0.207031
0 0.199219 0.696289 0.039062 0.099609
