0 0.323242 0.238281 0.048828 0.058594
0 0.372070 0.250000 0.048828 0.058594
0 0.416992 0.257812 0.048828 0.050781
0 0.460938 0.269531 0.042969 0.050781
0 0.503906 0.279297 0.046875 0.058594
0 0.546875 0.294922 0.039062 0.050781
0 0.587891 0.306641 0.042969 0.050781
0 0.631836 0.317383 0.041016 0.048828
0 0.672852 0.327148 0.041016 0.048828
0 0.712891 0.340820 0.039062 0.044922
0 0.754883 0.348633 0.041016 0.048828
0 0.792969 0.357422 0.039062 0.042969
0 0.831055 0.368164 0.037109 0.044922
0 0.870117 0.376953 0.037109 0.042969
0 0.319336 0.387695 0.048828 0.271484
0 0.371094 0.399414 0.050781 0.275391
0 0.418945 0.410156 0.044922 0.273438
0 0.461914 0.417969 0.044922 0.269531
0 0.503906 0.428711 0.042969 0.267578
0 0.548828 0.439453 0.042969 0.261719
0 0.587891 0.449219 0.042969 0.261719
0 0.632812 0.458008 0.042969 0.259766
0 0.671875 0.467773 0.042969 0.255859
0 0.711914 0.476562 0.041016 0.257812
0 0.752930 0.484375 0.041016 0.257812
0 0.791016 0.494141 0.039062 0.250000
0 0.831055 0.503906 0.041016 0.250000
0 0.868164 0.511719 0.037109 0.246094
0 0.323242 0.541016 0.044922 0.058594
0 0.370117 0.551758 0.048828 0.056641
0 0.418945 0.563477 0.041016 0.056641
0 0.459961 0.570312 0.041016 0.054688
0 0.503906 0.581055 0.042969 0.056641
0 0.548828 0.586914 0.039062 0.052734
0 0.588867 0.596680 0.041016 0.056641
0 0.628906 0.606445 0.039062 0.056641
0 0.670898 0.617188 0.041016 0.058594
0 0.710938 0.622070 0.042969 0.060547
0 0.750000 0.633789 0.039062 0.060547
0 0.789062 0.648438 0.039062 0.070312
0 0.829102 0.650391 0.037109 0.070312
0 0.869141 0.655273 0.035156 0.056641
0 0.324219 0.675781 0.050781 0.238281
0 0.371094 0.685547 0.050781 0.230469
0 0.419922 0.695312 0.046875 0.222656
0 0.461914 0.702148 0.052734 0.220703
0 0.504883 0.708984 0.044922 0.222656
0 0.547852 0.714844 0.041016 0.218750
0 0.588867 0.721680 0.044922 0.220703
0 0.631836 0.725586 0.044922 0.212891
0 0.673828 0.736328 0.042969 0.203125
0 0.713867 0.743164 0.044922 0.201172
0 0.754883 0.751953 0.041016 0.183594
0 0.791016 0.764648 0.035156 0.166016
0 0.828125 0.766602 0.042969 0.166016
0 0.870117 0.767578 0.044922 0.164062
0 0.323242 0.894531 0.052734 0.210938
0 0.370117 0.897461 0.048828 0.205078
0 0.420898 0.901367 0.048828 0.197266
0 0.464844 0.903320 0.042969 0.193359
0 0.505859 0.906250 0.042969 0.187500
0 0.550781 0.910156 0.046875 0.179688
0 0.592773 0.912109 0.048828 0.175781
0 0.633789 0.916016 0.041016 0.167969
0 0.674805 0.893555 0.044922 0.119141
0 0.713867 0.895508 0.044922 0.123047
0 0.755859 0.898438 0.046875 0.125000
0 0.793945 0.921875 0.041016 0.156250
0 0.832031 0.923828 0.042969 0.152344
0 0.871094 0.924805 0.042969 0.150391
