0 0.660317 0.398568 0.069841 0.133652
0 0.789683 0.338902 0.030159 0.171838
0 0.845238 0.374702 0.046032 0.133652
0 0.896032 0.332936 0.058730 0.150358
0 0.962698 0.348449 0.074603 0.052506
0 0.101587 0.420048 0.050794 0.190931
0 0.180159 0.381862 0.109524 0.233890
0 0.265873 0.373508 0.065079 0.212411
0 0.802381 0.639618 0.061905 0.262530
0 0.865873 0.622912 0.061905 0.300716
0 0.473810 0.644391 0.061905 0.114558
0 0.259524 0.653938 0.055556 0.252983
0 0.338889 0.399761 0.046032 0.159905
0 0.383333 0.403341 0.046032 0.119332
0 0.150794 0.651551 0.161905 0.238663
1 0.425397 0.632458 0.038095 0.305489
1 0.042857 0.674224 0.028571 0.164678
0 0.983333 0.619332 0.033333 0.307876
0 0.696032 0.657518 0.026984 0.088305
0 0.733333 0.657518 0.038095 0.088305
0 0.696825 0.725537 0.022222 0.028640
0 0.734921 0.725537 0.038095 0.033413
