0 0.327778 0.087800 0.061111 0.035120
0 0.387500 0.088725 0.052778 0.033272
0 0.469444 0.092421 0.111111 0.040665
0 0.580556 0.102588 0.111111 0.042514
0 0.681944 0.107209 0.091667 0.036969
0 0.329167 0.136784 0.058333 0.066543
0 0.386111 0.138632 0.055556 0.062847
0 0.469444 0.141405 0.111111 0.068392
0 0.580556 0.147874 0.111111 0.055453
0 0.680556 0.154344 0.088889 0.068392
0 0.326389 0.218115 0.058333 0.099815
0 0.384722 0.219963 0.058333 0.107209
0 0.469444 0.222736 0.111111 0.109057
0 0.580556 0.230129 0.111111 0.109057
0 0.681944 0.237523 0.097222 0.101664
0 0.330556 0.286506 0.061111 0.036969
0 0.384722 0.288355 0.058333 0.036969
0 0.468056 0.292052 0.113889 0.040665
0 0.580556 0.299445 0.111111 0.040665
0 0.681944 0.305915 0.097222 0.038817
0 0.327778 0.334566 0.055556 0.062847
0 0.383333 0.337338 0.055556 0.064695
0 0.469444 0.341035 0.116667 0.064695
0 0.583333 0.345656 0.111111 0.066543
0 0.683333 0.352126 0.094444 0.068392
0 0.330556 0.416821 0.055556 0.105360
0 0.383333 0.418669 0.055556 0.109057
0 0.469444 0.423290 0.111111 0.107209
0 0.584722 0.426987 0.113889 0.107209
0 0.686111 0.434381 0.088889 0.107209
0 0.326389 0.487061 0.052778 0.038817
0 0.381944 0.487061 0.058333 0.038817
0 0.468056 0.490758 0.119444 0.038817
0 0.583333 0.495379 0.116667 0.040665
0 0.684722 0.500924 0.080556 0.036969
0 0.327778 0.534196 0.055556 0.062847
0 0.381944 0.534196 0.058333 0.066543
0 0.468056 0.539741 0.119444 0.066543
0 0.581944 0.543438 0.113889 0.066543
0 0.681944 0.547135 0.086111 0.062847
0 0.326389 0.616451 0.052778 0.105360
0 0.386111 0.618299 0.061111 0.109057
0 0.466667 0.621072 0.111111 0.107209
0 0.579167 0.626617 0.119444 0.110906
0 0.681944 0.629390 0.091667 0.105360
0 0.326389 0.686691 0.058333 0.035120
0 0.383333 0.689464 0.055556 0.036969
0 0.466667 0.690388 0.116667 0.038817
0 0.579167 0.695009 0.119444 0.036969
0 0.683333 0.696858 0.088889 0.036969
0 0.322222 0.734750 0.055556 0.060998
0 0.380556 0.735675 0.055556 0.062847
0 0.465278 0.737523 0.113889 0.062847
0 0.579167 0.741220 0.113889 0.066543
0 0.681944 0.744917 0.091667 0.066543
0 0.323611 0.817930 0.052778 0.105360
0 0.380556 0.818854 0.061111 0.107209
0 0.468056 0.817930 0.113889 0.109057
0 0.581944 0.821627 0.113889 0.109057
0 0.680556 0.823475 0.088889 0.105360
0 0.326389 0.887246 0.058333 0.036969
0 0.381944 0.889094 0.052778 0.033272
0 0.466667 0.889094 0.116667 0.033272
0 0.581944 0.890018 0.113889 0.031423
0 0.681944 0.892791 0.086111 0.036969
0 0.327778 0.935305 0.061111 0.059150
0 0.381944 0.936229 0.047222 0.057301
0 0.465278 0.937153 0.119444 0.059150
0 0.581944 0.938078 0.113889 0.057301
0 0.683333 0.940850 0.088889 0.062847
0 0.327778 0.983364 0.061111 0.033272
0 0.384722 0.983364 0.052778 0.033272
0 0.465278 0.983364 0.113889 0.033272
0 0.577778 0.984288 0.111111 0.031423
0 0.681944 0.985213 0.097222 0.029575
0 0.756944 0.312384 0.047222 0.236599
0 0.809722 0.279113 0.052778 0.247689
0 0.875000 0.240296 0.061111 0.255083
0 0.931944 0.205176 0.058333 0.262477
0 0.980556 0.178373 0.033333 0.249538
0 0.761111 0.624769 0.055556 0.269871
0 0.815278 0.599815 0.069444 0.293900
0 0.879167 0.571165 0.063889 0.295749
0 0.936111 0.545287 0.055556 0.303142
0 0.976389 0.524954 0.030556 0.303142
0 0.756944 0.911275 0.058333 0.177449
0 0.813889 0.900185 0.050000 0.199630
0 0.869444 0.889094 0.050000 0.221811
0 0.934722 0.874307 0.063889 0.251386
0 0.980556 0.873383 0.038889 0.253235
