0 0.259766 0.286237 0.013672 0.042460
0 0.273926 0.286237 0.014648 0.042460
0 0.288574 0.286237 0.014648 0.042460
0 0.302246 0.286969 0.012695 0.040996
0 0.314453 0.287701 0.011719 0.042460
0 0.354004 0.286237 0.008789 0.042460
0 0.364746 0.286237 0.012695 0.042460
0 0.377441 0.286237 0.012695 0.042460
0 0.389648 0.286969 0.011719 0.040996
0 0.401855 0.286969 0.012695 0.040996
0 0.414551 0.286969 0.012695 0.040996
0 0.424316 0.286969 0.006836 0.040996
0 0.353516 0.328697 0.007812 0.042460
0 0.364258 0.329429 0.013672 0.040996
0 0.377441 0.329429 0.012695 0.040996
0 0.389648 0.329429 0.011719 0.040996
0 0.401855 0.329429 0.012695 0.040996
0 0.414551 0.329429 0.012695 0.040996
0 0.424316 0.329429 0.006836 0.040996
0 0.423828 0.370425 0.007812 0.040996
0 0.415039 0.370425 0.011719 0.040996
0 0.402832 0.371157 0.012695 0.042460
0 0.390137 0.371157 0.012695 0.042460
0 0.377930 0.371889 0.011719 0.043924
0 0.365234 0.371889 0.013672 0.043924
0 0.353027 0.372621 0.010742 0.045388
0 0.456543 0.286237 0.004883 0.039531
0 0.465332 0.285505 0.012695 0.040996
0 0.478516 0.285505 0.013672 0.040996
0 0.491211 0.285505 0.011719 0.040996
0 0.502930 0.286237 0.011719 0.042460
0 0.515625 0.286969 0.013672 0.040996
0 0.528809 0.286969 0.012695 0.040996
0 0.456543 0.328697 0.006836 0.042460
0 0.466309 0.327965 0.012695 0.043924
0 0.479004 0.327233 0.012695 0.042460
0 0.491211 0.327965 0.011719 0.040996
0 0.503906 0.328697 0.013672 0.042460
0 0.516602 0.328697 0.011719 0.042460
0 0.528809 0.328697 0.012695 0.042460
0 0.528809 0.371157 0.012695 0.042460
0 0.516602 0.371157 0.011719 0.042460
0 0.503906 0.371157 0.013672 0.042460
0 0.491211 0.370425 0.011719 0.043924
0 0.479004 0.371157 0.012695 0.045388
0 0.466309 0.371889 0.012695 0.043924
0 0.456543 0.371889 0.006836 0.043924
0 0.567871 0.286969 0.012695 0.043924
0 0.581055 0.286969 0.013672 0.043924
0 0.594238 0.286969 0.012695 0.043924
0 0.606445 0.287701 0.011719 0.042460
0 0.619141 0.287701 0.013672 0.042460
0 0.631348 0.287701 0.010742 0.042460
0 0.567871 0.330161 0.012695 0.039531
0 0.581055 0.330161 0.013672 0.039531
0 0.593750 0.330161 0.011719 0.039531
0 0.606445 0.330161 0.013672 0.039531
0 0.619629 0.330893 0.012695 0.040996
0 0.631836 0.330161 0.011719 0.042460
0 0.567871 0.371157 0.012695 0.042460
0 0.580566 0.370425 0.012695 0.043924
0 0.593750 0.371889 0.011719 0.046852
0 0.606445 0.372621 0.013672 0.045388
0 0.619629 0.371889 0.012695 0.043924
0 0.631348 0.372621 0.010742 0.042460
0 0.672363 0.286969 0.012695 0.043924
0 0.685059 0.286969 0.012695 0.043924
0 0.698242 0.286969 0.013672 0.043924
0 0.712891 0.286969 0.015625 0.043924
0 0.727539 0.286969 0.013672 0.043924
0 0.727539 0.330161 0.013672 0.042460
0 0.712891 0.330893 0.015625 0.040996
0 0.697754 0.331625 0.014648 0.042460
0 0.684570 0.331625 0.011719 0.042460
0 0.672363 0.332357 0.012695 0.043924
0 0.671875 0.374085 0.011719 0.039531
0 0.684570 0.373353 0.013672 0.040996
0 0.697266 0.373353 0.011719 0.040996
0 0.711914 0.373353 0.017578 0.040996
0 0.727051 0.373353 0.012695 0.040996
0 0.727051 0.413616 0.012695 0.039531
0 0.712402 0.414348 0.016602 0.038067
0 0.697754 0.415081 0.012695 0.039531
0 0.685059 0.415081 0.012695 0.039531
0 0.672363 0.415813 0.012695 0.040996
0 0.567383 0.416545 0.013672 0.039531
0 0.581055 0.415813 0.013672 0.040996
0 0.593750 0.416545 0.011719 0.042460
0 0.606445 0.417277 0.013672 0.040996
0 0.619141 0.418009 0.011719 0.042460
0 0.631348 0.418009 0.012695 0.042460
1 0.068359 0.270132 0.035156 0.218155
1 0.140137 0.303807 0.040039 0.306003
1 0.233398 0.300146 0.035156 0.313324
1 0.335449 0.303807 0.028320 0.320644
1 0.440918 0.297218 0.024414 0.327965
1 0.547852 0.301611 0.025391 0.325037
1 0.649902 0.307467 0.026367 0.316252
1 0.748535 0.312592 0.028320 0.303075
