0 0.041016 0.173828 0.078125 0.113281
0 0.135742 0.174805 0.111328 0.111328
0 0.250000 0.174805 0.117188 0.111328
0 0.367188 0.173828 0.117188 0.113281
0 0.480469 0.175781 0.109375 0.117188
0 0.567383 0.173828 0.064453 0.121094
0 0.625977 0.171875 0.052734 0.117188
0 0.687500 0.172852 0.070312 0.115234
0 0.783203 0.173828 0.121094 0.117188
0 0.897461 0.174805 0.107422 0.115234
0 0.973633 0.176758 0.044922 0.119141
0 0.977539 0.304688 0.037109 0.136719
0 0.978516 0.441406 0.039062 0.136719
0 0.980469 0.574219 0.035156 0.128906
0 0.902344 0.569336 0.121094 0.138672
0 0.894531 0.437500 0.105469 0.125000
0 0.895508 0.300781 0.103516 0.148438
0 0.787109 0.302734 0.113281 0.152344
0 0.784180 0.442383 0.107422 0.126953
0 0.784180 0.573242 0.107422 0.134766
0 0.784180 0.701172 0.107422 0.121094
0 0.868164 0.702148 0.060547 0.119141
0 0.898438 0.641602 0.000000 0.001953
0 0.048828 0.305664 0.062500 0.150391
0 0.133789 0.307617 0.107422 0.146484
0 0.248047 0.307617 0.121094 0.146484
0 0.365234 0.306641 0.113281 0.148438
0 0.478516 0.304688 0.113281 0.144531
0 0.561523 0.305664 0.052734 0.142578
0 0.657227 0.308594 0.138672 0.148438
0 0.684570 0.441406 0.083984 0.117188
0 0.682617 0.574219 0.080078 0.148438
0 0.685547 0.699219 0.074219 0.101562
0 0.591797 0.699219 0.113281 0.101562
0 0.589844 0.574219 0.109375 0.148438
0 0.590820 0.436523 0.107422 0.126953
0 0.478516 0.437500 0.117188 0.128906
0 0.476562 0.571289 0.113281 0.138672
0 0.478516 0.694336 0.109375 0.107422
0 0.367188 0.696289 0.113281 0.103516
0 0.366211 0.572266 0.111328 0.144531
0 0.363281 0.439453 0.117188 0.121094
0 0.248047 0.443359 0.113281 0.128906
0 0.135742 0.446289 0.111328 0.123047
0 0.047852 0.445312 0.064453 0.121094
0 0.048828 0.577148 0.066406 0.142578
0 0.138672 0.577148 0.109375 0.142578
0 0.251953 0.577148 0.117188 0.142578
0 0.255859 0.701172 0.109375 0.105469
0 0.140625 0.700195 0.121094 0.107422
0 0.041016 0.704102 0.078125 0.115234
0 0.042969 0.931641 0.082031 0.132812
0 0.143555 0.929688 0.119141 0.136719
0 0.256836 0.927734 0.107422 0.132812
0 0.370117 0.927734 0.119141 0.132812
0 0.480469 0.927734 0.101562 0.132812
0 0.707031 0.929688 0.058594 0.132812
0 0.770508 0.928711 0.068359 0.134766
0 0.858398 0.925781 0.107422 0.128906
