0 0.239189 0.478378 0.097297 0.145946
0 0.332432 0.481982 0.100000 0.149550
0 0.427703 0.481081 0.098649 0.154955
0 0.595946 0.480180 0.048649 0.145946
0 0.640541 0.481982 0.054054 0.149550
0 0.499324 0.481081 0.047297 0.151351
0 0.546622 0.482883 0.047297 0.154955
0 0.691892 0.479279 0.045946 0.147748
0 0.200000 0.667568 0.059459 0.160360
0 0.247297 0.665766 0.062162 0.156757
0 0.297297 0.667568 0.062162 0.163964
0 0.347297 0.666667 0.054054 0.151351
0 0.399324 0.669369 0.055405 0.156757
0 0.447297 0.668468 0.051351 0.162162
0 0.499324 0.669369 0.052703 0.163964
0 0.547973 0.669369 0.052703 0.156757
0 0.602027 0.666667 0.050000 0.169369
0 0.650676 0.672072 0.052703 0.162162
0 0.702703 0.672072 0.062162 0.162162
