0 0.188965 0.235337 0.026367 0.030792
0 0.229004 0.235337 0.053711 0.030792
0 0.282227 0.235337 0.052734 0.030792
0 0.325195 0.236070 0.033203 0.029326
0 0.369141 0.235337 0.054688 0.027859
0 0.422852 0.235337 0.052734 0.027859
0 0.466309 0.236070 0.034180 0.029326
0 0.510742 0.237537 0.054688 0.026393
0 0.564941 0.239003 0.053711 0.029326
0 0.609375 0.237537 0.035156 0.032258
0 0.653809 0.236804 0.053711 0.030792
0 0.653809 0.284457 0.053711 0.064516
0 0.609863 0.285191 0.034180 0.063050
0 0.565430 0.286657 0.054688 0.065982
0 0.510742 0.284457 0.054688 0.070381
0 0.467285 0.282991 0.032227 0.067449
0 0.423828 0.283724 0.054688 0.065982
0 0.369141 0.282991 0.054688 0.064516
0 0.325195 0.282991 0.033203 0.064516
0 0.282227 0.282258 0.052734 0.063050
0 0.229004 0.282258 0.053711 0.063050
0 0.188965 0.282258 0.026367 0.063050
0 0.281738 0.368035 0.053711 0.108504
0 0.325684 0.455279 0.034180 0.065982
0 0.188965 0.368768 0.026367 0.109971
0 0.228516 0.369501 0.052734 0.108504
0 0.325195 0.370235 0.033203 0.109971
0 0.369141 0.371701 0.054688 0.107038
0 0.422852 0.373900 0.052734 0.111437
0 0.466309 0.373167 0.034180 0.112903
0 0.511230 0.373167 0.055664 0.112903
0 0.565918 0.373900 0.053711 0.111437
0 0.609375 0.374633 0.033203 0.112903
0 0.653320 0.375367 0.054688 0.111437
0 0.188477 0.458211 0.027344 0.063050
0 0.229004 0.456745 0.053711 0.065982
0 0.282227 0.456745 0.052734 0.065982
0 0.369629 0.458944 0.055664 0.070381
0 0.423340 0.461877 0.051758 0.064516
0 0.465820 0.461877 0.033203 0.064516
0 0.510742 0.462610 0.056641 0.063050
0 0.565918 0.462610 0.053711 0.063050
0 0.609863 0.462610 0.034180 0.063050
0 0.653809 0.463343 0.053711 0.064516
0 0.653809 0.540323 0.053711 0.089443
0 0.610352 0.540323 0.033203 0.089443
0 0.565918 0.540323 0.055664 0.089443
0 0.511230 0.540323 0.053711 0.089443
0 0.467773 0.539589 0.033203 0.087977
0 0.424316 0.538123 0.053711 0.090909
0 0.370117 0.536657 0.054688 0.087977
0 0.325195 0.534457 0.035156 0.092375
0 0.281738 0.532991 0.051758 0.089443
0 0.229492 0.533724 0.052734 0.087977
0 0.189453 0.532991 0.027344 0.086510
0 0.708008 0.238270 0.054688 0.027859
0 0.750488 0.238270 0.032227 0.027859
0 0.791016 0.238270 0.048828 0.027859
0 0.791992 0.285924 0.046875 0.067449
0 0.751953 0.286657 0.033203 0.065982
0 0.708008 0.285191 0.054688 0.063050
0 0.707520 0.374633 0.053711 0.115836
0 0.751953 0.376833 0.035156 0.111437
0 0.791992 0.375367 0.044922 0.108504
0 0.791992 0.464076 0.044922 0.068915
0 0.752930 0.465543 0.033203 0.065982
0 0.708008 0.465543 0.056641 0.065982
0 0.707520 0.541789 0.055664 0.086510
0 0.751953 0.541789 0.033203 0.086510
0 0.792480 0.543255 0.047852 0.089443
0 0.116211 0.317449 0.048828 0.065982
0 0.151855 0.317449 0.022461 0.065982
0 0.084961 0.372434 0.015625 0.043988
0 0.116699 0.372434 0.047852 0.043988
0 0.152344 0.372434 0.023438 0.043988
0 0.116211 0.241202 0.046875 0.086510
0 0.150391 0.241202 0.021484 0.086510
0 0.115723 0.179619 0.047852 0.039589
0 0.150879 0.179619 0.022461 0.039589
0 0.072266 0.180352 0.039062 0.043988
0 0.080566 0.260997 0.022461 0.052786
1 0.280762 0.639296 0.018555 0.120235
1 0.325684 0.616569 0.014648 0.071848
1 0.405762 0.641496 0.018555 0.118768
1 0.427734 0.618035 0.015625 0.068915
1 0.533691 0.645161 0.016602 0.120235
1 0.660645 0.645894 0.018555 0.118768
1 0.736816 0.623900 0.016602 0.071848
3 0.144531 0.524194 0.021484 0.080645
3 0.121582 0.518328 0.014648 0.071848
