0 0.012695 0.027344 0.021484 0.042969
0 0.046875 0.026367 0.050781 0.044922
0 0.119141 0.025391 0.093750 0.042969
0 0.229492 0.028320 0.091797 0.041016
0 0.299805 0.026367 0.048828 0.037109
0 0.347656 0.027344 0.046875 0.035156
0 0.404297 0.025391 0.058594 0.039062
0 0.456055 0.026367 0.044922 0.037109
0 0.524414 0.027344 0.091797 0.039062
0 0.596680 0.026367 0.052734 0.041016
0 0.647461 0.027344 0.048828 0.042969
0 0.688477 0.025391 0.033203 0.046875
0 0.721680 0.025391 0.033203 0.046875
0 0.721680 0.097656 0.033203 0.097656
0 0.688477 0.097656 0.033203 0.097656
0 0.648438 0.099609 0.046875 0.101562
0 0.597656 0.097656 0.054688 0.105469
0 0.525391 0.095703 0.089844 0.101562
0 0.456055 0.095703 0.048828 0.101562
0 0.402344 0.097656 0.058594 0.105469
0 0.348633 0.096680 0.048828 0.107422
0 0.299805 0.096680 0.048828 0.107422
0 0.229492 0.097656 0.091797 0.105469
0 0.120117 0.097656 0.091797 0.101562
0 0.048828 0.097656 0.050781 0.101562
0 0.012695 0.099609 0.021484 0.105469
0 0.013672 0.181641 0.023438 0.058594
0 0.047852 0.179688 0.044922 0.062500
0 0.099609 0.178711 0.058594 0.060547
0 0.148438 0.177734 0.039062 0.062500
0 0.205078 0.178711 0.042969 0.060547
0 0.251953 0.178711 0.050781 0.060547
0 0.300781 0.178711 0.046875 0.060547
0 0.348633 0.179688 0.048828 0.058594
0 0.402344 0.179688 0.058594 0.058594
0 0.456055 0.179688 0.048828 0.058594
0 0.523438 0.180664 0.085938 0.060547
0 0.594727 0.178711 0.056641 0.064453
0 0.646484 0.178711 0.046875 0.064453
0 0.687500 0.179688 0.035156 0.062500
0 0.721680 0.180664 0.033203 0.064453
0 0.722656 0.244141 0.031250 0.062500
0 0.689453 0.244141 0.035156 0.062500
0 0.621094 0.244141 0.101562 0.062500
0 0.525391 0.241211 0.089844 0.068359
0 0.456055 0.241211 0.048828 0.068359
0 0.403320 0.242188 0.056641 0.066406
0 0.350586 0.242188 0.048828 0.066406
0 0.300781 0.244141 0.050781 0.062500
0 0.229492 0.244141 0.091797 0.062500
0 0.119141 0.243164 0.093750 0.064453
0 0.048828 0.243164 0.050781 0.064453
0 0.012695 0.244141 0.021484 0.066406
0 0.012695 0.317383 0.021484 0.080078
0 0.048828 0.317383 0.050781 0.080078
0 0.121094 0.316406 0.093750 0.078125
0 0.231445 0.315430 0.087891 0.080078
0 0.300781 0.316406 0.050781 0.082031
0 0.351562 0.316406 0.050781 0.085938
0 0.404297 0.315430 0.054688 0.083984
0 0.455078 0.316406 0.046875 0.082031
0 0.524414 0.316406 0.091797 0.082031
0 0.621094 0.315430 0.101562 0.083984
0 0.687500 0.313477 0.031250 0.080078
0 0.718750 0.316406 0.031250 0.074219
0 0.014648 0.376953 0.021484 0.050781
0 0.048828 0.376953 0.046875 0.050781
0 0.120117 0.375977 0.095703 0.048828
0 0.229492 0.378906 0.087891 0.046875
0 0.298828 0.377930 0.050781 0.048828
0 0.349609 0.377930 0.050781 0.048828
0 0.404297 0.377930 0.058594 0.048828
0 0.457031 0.376953 0.046875 0.046875
0 0.525391 0.378906 0.089844 0.042969
0 0.622070 0.376953 0.103516 0.039062
0 0.689453 0.375000 0.031250 0.042969
0 0.719727 0.376953 0.029297 0.046875
0 0.011719 0.468750 0.019531 0.066406
0 0.045898 0.469727 0.048828 0.064453
0 0.117188 0.469727 0.093750 0.064453
0 0.118164 0.535156 0.091797 0.066406
0 0.048828 0.537109 0.046875 0.062500
0 0.013672 0.537109 0.023438 0.062500
0 0.012695 0.601562 0.021484 0.066406
0 0.047852 0.599609 0.048828 0.070312
0 0.119141 0.599609 0.093750 0.070312
0 0.120117 0.655273 0.091797 0.041016
0 0.049805 0.656250 0.048828 0.039062
0 0.013672 0.656250 0.023438 0.039062
0 0.206055 0.472656 0.041016 0.070312
0 0.251953 0.474609 0.050781 0.066406
0 0.300781 0.472656 0.042969 0.062500
0 0.331055 0.471680 0.017578 0.064453
0 0.354492 0.450195 0.029297 0.021484
0 0.356445 0.483398 0.025391 0.044922
0 0.356445 0.538086 0.029297 0.064453
0 0.357422 0.602539 0.027344 0.064453
0 0.357422 0.654297 0.027344 0.039062
0 0.203125 0.538086 0.042969 0.064453
0 0.250977 0.535156 0.052734 0.066406
0 0.298828 0.535156 0.042969 0.066406
0 0.332031 0.535156 0.023438 0.066406
0 0.204102 0.602539 0.044922 0.068359
0 0.251953 0.603516 0.050781 0.066406
0 0.299805 0.602539 0.044922 0.064453
0 0.333008 0.599609 0.021484 0.070312
0 0.202148 0.657227 0.048828 0.041016
0 0.251953 0.656250 0.050781 0.042969
0 0.300781 0.655273 0.046875 0.041016
0 0.333984 0.656250 0.019531 0.039062
0 0.429688 0.447266 0.121094 0.023438
0 0.532227 0.449219 0.083984 0.019531
0 0.640625 0.450195 0.132812 0.021484
0 0.722656 0.474609 0.031250 0.062500
0 0.428711 0.480469 0.119141 0.046875
0 0.532227 0.482422 0.087891 0.042969
0 0.627930 0.481445 0.103516 0.041016
0 0.693359 0.480469 0.027344 0.042969
0 0.427734 0.535156 0.121094 0.066406
0 0.533203 0.536133 0.089844 0.064453
0 0.627930 0.535156 0.099609 0.062500
0 0.694336 0.535156 0.033203 0.062500
0 0.724609 0.535156 0.027344 0.062500
0 0.723633 0.600586 0.029297 0.068359
0 0.722656 0.656250 0.027344 0.042969
0 0.428711 0.602539 0.119141 0.072266
0 0.533203 0.601562 0.089844 0.074219
0 0.627930 0.599609 0.099609 0.070312
0 0.692383 0.599609 0.029297 0.070312
0 0.428711 0.658203 0.119141 0.039062
0 0.532227 0.655273 0.087891 0.044922
0 0.625977 0.655273 0.099609 0.044922
0 0.691406 0.656250 0.031250 0.042969
0 0.012695 0.720703 0.021484 0.027344
0 0.048828 0.720703 0.050781 0.027344
0 0.099609 0.718750 0.050781 0.027344
0 0.143555 0.719727 0.037109 0.025391
0 0.012695 0.761719 0.021484 0.058594
0 0.047852 0.760742 0.048828 0.060547
0 0.117188 0.761719 0.089844 0.062500
0 0.118164 0.828125 0.087891 0.070312
0 0.049805 0.827148 0.048828 0.072266
0 0.013672 0.829102 0.023438 0.076172
0 0.011719 0.884766 0.019531 0.035156
0 0.047852 0.881836 0.052734 0.041016
0 0.118164 0.882812 0.087891 0.042969
0 0.208008 0.719727 0.041016 0.025391
0 0.252930 0.720703 0.048828 0.023438
0 0.300781 0.719727 0.046875 0.021484
0 0.333984 0.722656 0.019531 0.015625
0 0.356445 0.723633 0.025391 0.017578
0 0.429688 0.722656 0.121094 0.019531
0 0.532227 0.721680 0.083984 0.017578
0 0.596680 0.720703 0.044922 0.019531
0 0.644531 0.720703 0.050781 0.019531
0 0.686523 0.720703 0.033203 0.019531
0 0.717773 0.719727 0.029297 0.017578
0 0.718750 0.758789 0.027344 0.060547
0 0.689453 0.761719 0.031250 0.054688
0 0.647461 0.761719 0.052734 0.058594
0 0.597656 0.761719 0.046875 0.058594
0 0.533203 0.762695 0.082031 0.060547
0 0.430664 0.763672 0.123047 0.058594
0 0.356445 0.763672 0.025391 0.058594
0 0.334961 0.762695 0.017578 0.060547
0 0.302734 0.760742 0.046875 0.056641
0 0.253906 0.760742 0.050781 0.056641
0 0.208984 0.761719 0.039062 0.058594
0 0.208984 0.828125 0.039062 0.074219
0 0.252930 0.828125 0.048828 0.074219
0 0.301758 0.828125 0.048828 0.074219
0 0.334961 0.829102 0.017578 0.072266
0 0.357422 0.831055 0.027344 0.076172
0 0.431641 0.830078 0.121094 0.078125
0 0.534180 0.829102 0.080078 0.076172
0 0.598633 0.830078 0.048828 0.074219
0 0.647461 0.831055 0.048828 0.076172
0 0.689453 0.829102 0.035156 0.080078
0 0.722656 0.830078 0.031250 0.082031
0 0.722656 0.884766 0.031250 0.035156
0 0.690430 0.885742 0.033203 0.033203
0 0.647461 0.888672 0.052734 0.039062
0 0.597656 0.889648 0.046875 0.037109
0 0.532227 0.887695 0.083984 0.033203
0 0.431641 0.886719 0.117188 0.035156
0 0.359375 0.885742 0.027344 0.033203
0 0.334961 0.884766 0.021484 0.035156
0 0.301758 0.883789 0.044922 0.033203
0 0.254883 0.883789 0.048828 0.033203
0 0.208984 0.887695 0.042969 0.041016
0 0.011719 0.943359 0.019531 0.050781
0 0.047852 0.945312 0.048828 0.046875
0 0.100586 0.943359 0.056641 0.042969
0 0.146484 0.941406 0.035156 0.046875
0 0.012695 0.981445 0.021484 0.037109
0 0.048828 0.980469 0.050781 0.035156
0 0.121094 0.980469 0.093750 0.035156
0 0.206055 0.942383 0.037109 0.048828
0 0.251953 0.942383 0.054688 0.048828
0 0.300781 0.941406 0.042969 0.046875
0 0.334961 0.940430 0.025391 0.048828
0 0.359375 0.942383 0.023438 0.052734
0 0.430664 0.943359 0.119141 0.050781
0 0.534180 0.941406 0.087891 0.046875
0 0.599609 0.940430 0.042969 0.048828
0 0.647461 0.939453 0.052734 0.046875
0 0.689453 0.938477 0.031250 0.048828
0 0.722656 0.938477 0.035156 0.048828
0 0.206055 0.981445 0.041016 0.037109
0 0.250977 0.981445 0.052734 0.033203
0 0.297852 0.980469 0.041016 0.031250
0 0.332031 0.979492 0.027344 0.033203
0 0.358398 0.978516 0.025391 0.031250
0 0.431641 0.979492 0.121094 0.029297
0 0.534180 0.982422 0.083984 0.035156
0 0.600586 0.979492 0.041016 0.033203
0 0.647461 0.979492 0.052734 0.033203
0 0.689453 0.980469 0.031250 0.031250
0 0.720703 0.982422 0.031250 0.035156
