0 0.176758 0.062500 0.060547 0.082031
0 0.236328 0.063477 0.058594 0.080078
0 0.293945 0.059570 0.056641 0.072266
0 0.352539 0.059570 0.060547 0.072266
0 0.417969 0.060547 0.070312 0.074219
0 0.484375 0.060547 0.062500 0.074219
0 0.542969 0.060547 0.054688 0.074219
0 0.600586 0.060547 0.060547 0.074219
0 0.657227 0.060547 0.052734 0.074219
0 0.712891 0.061523 0.058594 0.072266
0 0.766602 0.062500 0.048828 0.074219
0 0.821289 0.062500 0.060547 0.074219
0 0.878906 0.061523 0.054688 0.072266
0 0.934570 0.063477 0.056641 0.068359
0 0.979492 0.063477 0.033203 0.068359
0 0.176758 0.148438 0.056641 0.070312
0 0.235352 0.145508 0.060547 0.076172
0 0.293945 0.147461 0.056641 0.080078
0 0.353516 0.150391 0.062500 0.074219
0 0.416016 0.150391 0.062500 0.074219
0 0.480469 0.150391 0.066406 0.074219
0 0.542969 0.148438 0.058594 0.070312
0 0.601562 0.149414 0.058594 0.068359
0 0.657227 0.151367 0.052734 0.072266
0 0.710938 0.151367 0.054688 0.072266
0 0.765625 0.151367 0.054688 0.072266
0 0.823242 0.151367 0.060547 0.072266
0 0.880859 0.151367 0.054688 0.072266
0 0.936523 0.150391 0.056641 0.074219
0 0.980469 0.151367 0.031250 0.076172
0 0.978516 0.228516 0.035156 0.078125
0 0.933594 0.225586 0.054688 0.083984
0 0.176758 0.225586 0.052734 0.083984
0 0.233398 0.225586 0.060547 0.083984
0 0.291992 0.225586 0.056641 0.083984
0 0.351562 0.225586 0.062500 0.083984
0 0.414062 0.225586 0.062500 0.083984
0 0.479492 0.225586 0.068359 0.083984
0 0.541992 0.223633 0.056641 0.080078
0 0.597656 0.224609 0.054688 0.078125
0 0.654297 0.226562 0.058594 0.082031
0 0.710938 0.224609 0.054688 0.085938
0 0.765625 0.224609 0.054688 0.085938
0 0.822266 0.228516 0.058594 0.078125
0 0.879883 0.229492 0.056641 0.080078
0 0.178711 0.289062 0.056641 0.046875
0 0.235352 0.290039 0.056641 0.044922
0 0.293945 0.290039 0.060547 0.044922
0 0.353516 0.291992 0.058594 0.041016
0 0.416016 0.291016 0.066406 0.039062
0 0.482422 0.289062 0.066406 0.042969
0 0.541992 0.290039 0.056641 0.048828
0 0.598633 0.290039 0.056641 0.048828
0 0.653320 0.289062 0.052734 0.046875
0 0.708984 0.290039 0.058594 0.044922
0 0.764648 0.290039 0.052734 0.044922
0 0.822266 0.291992 0.062500 0.041016
0 0.880859 0.291016 0.054688 0.039062
0 0.933594 0.289062 0.050781 0.042969
0 0.977539 0.291016 0.037109 0.046875
0 0.174805 0.379883 0.056641 0.080078
0 0.234375 0.379883 0.062500 0.080078
0 0.294922 0.381836 0.058594 0.083984
0 0.354492 0.382812 0.060547 0.082031
0 0.414062 0.381836 0.058594 0.080078
0 0.479492 0.379883 0.072266 0.083984
0 0.542969 0.379883 0.054688 0.083984
0 0.599609 0.381836 0.058594 0.080078
0 0.657227 0.381836 0.056641 0.080078
0 0.711914 0.381836 0.052734 0.080078
0 0.766602 0.381836 0.056641 0.080078
0 0.822266 0.380859 0.054688 0.082031
0 0.876953 0.381836 0.054688 0.083984
0 0.931641 0.380859 0.054688 0.085938
0 0.977539 0.380859 0.037109 0.085938
0 0.977539 0.467773 0.037109 0.087891
0 0.930664 0.467773 0.056641 0.087891
0 0.876953 0.466797 0.050781 0.085938
0 0.824219 0.465820 0.054688 0.087891
0 0.769531 0.464844 0.054688 0.085938
0 0.713867 0.465820 0.056641 0.083984
0 0.659180 0.464844 0.052734 0.082031
0 0.600586 0.464844 0.064453 0.082031
0 0.541992 0.466797 0.052734 0.085938
0 0.480469 0.466797 0.070312 0.085938
0 0.415039 0.465820 0.060547 0.083984
0 0.354492 0.464844 0.060547 0.085938
0 0.291992 0.465820 0.064453 0.087891
0 0.231445 0.464844 0.056641 0.089844
0 0.175781 0.464844 0.054688 0.089844
0 0.173828 0.535156 0.050781 0.050781
0 0.229492 0.535156 0.060547 0.050781
0 0.291992 0.533203 0.064453 0.046875
0 0.353516 0.531250 0.058594 0.050781
0 0.413086 0.533203 0.060547 0.054688
0 0.480469 0.535156 0.074219 0.050781
0 0.544922 0.536133 0.054688 0.052734
0 0.603516 0.534180 0.062500 0.056641
0 0.658203 0.533203 0.046875 0.054688
0 0.712891 0.534180 0.062500 0.052734
0 0.768555 0.534180 0.048828 0.052734
0 0.824219 0.532227 0.062500 0.056641
0 0.879883 0.530273 0.048828 0.052734
0 0.932617 0.531250 0.056641 0.050781
0 0.978516 0.534180 0.035156 0.056641
0 0.176758 0.617188 0.052734 0.078125
0 0.233398 0.617188 0.060547 0.078125
0 0.293945 0.616211 0.060547 0.076172
0 0.354492 0.614258 0.060547 0.080078
0 0.416992 0.615234 0.064453 0.082031
0 0.483398 0.617188 0.068359 0.078125
0 0.544922 0.617188 0.054688 0.078125
0 0.601562 0.618164 0.058594 0.076172
0 0.657227 0.622070 0.052734 0.083984
0 0.713867 0.621094 0.060547 0.085938
0 0.767578 0.615234 0.046875 0.074219
0 0.819336 0.616211 0.056641 0.072266
0 0.877930 0.617188 0.060547 0.074219
0 0.934570 0.616211 0.052734 0.076172
0 0.979492 0.616211 0.037109 0.076172
0 0.978516 0.694336 0.039062 0.080078
0 0.933594 0.695312 0.050781 0.078125
0 0.879883 0.696289 0.056641 0.080078
0 0.822266 0.695312 0.058594 0.082031
0 0.768555 0.696289 0.048828 0.083984
0 0.714844 0.697266 0.058594 0.082031
0 0.658203 0.695312 0.054688 0.078125
0 0.602539 0.694336 0.056641 0.080078
0 0.544922 0.694336 0.058594 0.080078
0 0.483398 0.693359 0.064453 0.082031
0 0.417969 0.695312 0.066406 0.085938
0 0.353516 0.695312 0.062500 0.085938
0 0.291992 0.696289 0.060547 0.087891
0 0.232422 0.696289 0.058594 0.087891
0 0.174805 0.695312 0.056641 0.085938
0 0.169922 0.850586 0.058594 0.080078
0 0.227539 0.851562 0.056641 0.078125
0 0.290039 0.852539 0.068359 0.080078
0 0.351562 0.850586 0.054688 0.083984
0 0.410156 0.848633 0.062500 0.080078
0 0.475586 0.849609 0.068359 0.078125
0 0.541016 0.849609 0.062500 0.078125
0 0.603516 0.849609 0.062500 0.078125
0 0.688477 0.849609 0.107422 0.078125
0 0.765625 0.850586 0.046875 0.076172
0 0.820312 0.851562 0.062500 0.078125
0 0.910156 0.849609 0.113281 0.082031
0 0.982422 0.848633 0.031250 0.080078
0 0.979492 0.935547 0.037109 0.093750
0 0.906250 0.936523 0.109375 0.091797
0 0.823242 0.936523 0.056641 0.091797
0 0.757812 0.936523 0.074219 0.091797
0 0.676758 0.936523 0.087891 0.091797
0 0.602539 0.934570 0.060547 0.095703
0 0.541016 0.931641 0.062500 0.089844
0 0.473633 0.933594 0.072266 0.085938
0 0.409180 0.936523 0.056641 0.091797
0 0.351562 0.935547 0.058594 0.093750
0 0.290039 0.936523 0.064453 0.095703
0 0.229492 0.935547 0.056641 0.097656
0 0.168945 0.937500 0.064453 0.101562
