0 0.323242 0.201172 0.166016 0.183594
0 0.540039 0.199219 0.166016 0.179688
0 0.768555 0.199219 0.150391 0.179688
0 0.322266 0.552734 0.167969 0.175781
0 0.536133 0.555664 0.169922 0.173828
0 0.769531 0.551758 0.152344 0.173828
0 0.282227 0.867188 0.080078 0.089844
0 0.362305 0.867188 0.080078 0.089844
0 0.491211 0.865234 0.083984 0.093750
0 0.578125 0.867188 0.089844 0.089844
0 0.280273 0.957031 0.080078 0.085938
0 0.364258 0.956055 0.083984 0.080078
0 0.492188 0.954102 0.085938 0.087891
0 0.577148 0.958008 0.083984 0.080078
