0 0.368652 0.428258 0.338867 0.628111
0 0.708984 0.437775 0.347656 0.629575
0 0.919434 0.439971 0.161133 0.622255
0 0.112305 0.431186 0.222656 0.633968
0 0.101074 0.799414 0.194336 0.120059
0 0.371094 0.792826 0.345703 0.106881
0 0.714844 0.797950 0.341797 0.096633
0 0.941406 0.803807 0.117188 0.111274
0 0.381348 0.079063 0.305664 0.073206
0 0.685059 0.087116 0.301758 0.089312
0 0.917969 0.086384 0.164062 0.079063
0 0.385254 0.022694 0.303711 0.042460
0 0.683594 0.021962 0.296875 0.040996
0 0.916016 0.021962 0.167969 0.040996
3 0.665527 0.567350 0.098633 0.344070
