0 0.293945 0.077148 0.123047 0.150391
0 0.400391 0.094727 0.093750 0.185547
0 0.476562 0.103516 0.054688 0.203125
0 0.547852 0.119141 0.068359 0.234375
0 0.631836 0.167969 0.083984 0.183594
0 0.714844 0.170898 0.074219 0.228516
0 0.784180 0.203125 0.068359 0.226562
0 0.856445 0.232422 0.064453 0.210938
0 0.926758 0.270508 0.072266 0.216797
0 0.978516 0.284180 0.042969 0.208984
0 0.292969 0.316406 0.128906 0.394531
0 0.400391 0.304688 0.093750 0.289062
0 0.478516 0.326172 0.062500 0.265625
0 0.549805 0.349609 0.080078 0.265625
0 0.632812 0.369141 0.085938 0.261719
0 0.710938 0.394531 0.074219 0.250000
0 0.786133 0.417969 0.072266 0.242188
0 0.858398 0.437500 0.072266 0.242188
0 0.929688 0.472656 0.070312 0.214844
0 0.979492 0.482422 0.029297 0.195312
0 0.291992 0.634766 0.123047 0.308594
0 0.400391 0.581055 0.093750 0.310547
0 0.482422 0.597656 0.062500 0.289062
0 0.547852 0.602539 0.080078 0.291016
0 0.627930 0.515625 0.087891 0.070312
0 0.628906 0.689453 0.085938 0.316406
0 0.711914 0.627930 0.083984 0.271484
0 0.789062 0.651367 0.082031 0.248047
0 0.859375 0.665039 0.066406 0.248047
0 0.930664 0.681641 0.068359 0.230469
0 0.978516 0.686523 0.039062 0.240234
0 0.292969 0.886719 0.125000 0.226562
0 0.401367 0.862305 0.083984 0.271484
0 0.481445 0.871094 0.068359 0.257812
0 0.549805 0.869141 0.076172 0.261719
0 0.625977 0.914062 0.087891 0.171875
0 0.711914 0.789062 0.080078 0.074219
0 0.710938 0.909180 0.082031 0.181641
0 0.785156 0.881836 0.070312 0.236328
0 0.859375 0.887695 0.070312 0.224609
0 0.927734 0.894531 0.058594 0.210938
0 0.979492 0.899414 0.033203 0.201172
