0 0.601010 0.151572 0.121212 0.200000
0 0.726641 0.112579 0.132576 0.217610
0 0.597854 0.315723 0.127525 0.188679
0 0.725379 0.281761 0.137626 0.196226
0 0.597854 0.459119 0.122475 0.153459
0 0.726641 0.434591 0.135101 0.167296
0 0.591540 0.594340 0.127525 0.162264
0 0.722854 0.580503 0.135101 0.162264
0 0.590909 0.744025 0.126263 0.177358
0 0.723485 0.740252 0.138889 0.182390
0 0.587121 0.905031 0.136364 0.152201
0 0.724116 0.908805 0.140152 0.154717
0 0.066919 0.250314 0.047980 0.095597
0 0.109217 0.233962 0.044192 0.093082
0 0.159091 0.216981 0.065657 0.104403
0 0.221591 0.191195 0.071970 0.108176
0 0.287879 0.165409 0.075758 0.109434
0 0.356692 0.138994 0.079545 0.109434
0 0.436869 0.111321 0.088384 0.116981
0 0.081439 0.347799 0.084596 0.167296
0 0.154040 0.327673 0.075758 0.172327
0 0.214015 0.307547 0.077020 0.174843
0 0.280303 0.282390 0.080808 0.184906
0 0.353535 0.262264 0.083333 0.187421
0 0.431818 0.234591 0.090909 0.200000
0 0.071970 0.477987 0.090909 0.140881
0 0.143939 0.462893 0.068182 0.135849
0 0.205808 0.447170 0.070707 0.144654
0 0.273359 0.428931 0.077020 0.148428
0 0.345328 0.412579 0.082071 0.150943
0 0.425505 0.390566 0.093434 0.157233
0 0.063763 0.582390 0.087121 0.110692
0 0.135732 0.569811 0.066919 0.108176
0 0.198864 0.558491 0.074495 0.115723
0 0.267045 0.547799 0.079545 0.124528
0 0.339646 0.530189 0.083333 0.119497
0 0.423611 0.517610 0.087121 0.127044
0 0.058712 0.678616 0.089646 0.109434
0 0.125631 0.671069 0.069444 0.106918
0 0.194444 0.664780 0.070707 0.116981
0 0.262626 0.652830 0.075758 0.120755
0 0.333965 0.644025 0.082071 0.123270
0 0.418561 0.635220 0.092172 0.130818
0 0.049874 0.786792 0.089646 0.122013
0 0.123737 0.783019 0.070707 0.127044
0 0.183081 0.782390 0.078283 0.138365
0 0.255682 0.776730 0.084596 0.142138
0 0.331439 0.772956 0.082071 0.144654
0 0.414773 0.767296 0.094697 0.148428
0 0.043561 0.900629 0.084596 0.103145
0 0.116793 0.902516 0.064394 0.111950
0 0.179293 0.901887 0.068182 0.105660
0 0.250631 0.901258 0.069444 0.114465
0 0.325126 0.902516 0.084596 0.116981
0 0.407828 0.905031 0.083333 0.124528
