0 0.312988 0.513672 0.012695 0.017578
0 0.327148 0.514160 0.015625 0.016602
0 0.341309 0.514160 0.012695 0.016602
0 0.354492 0.514160 0.013672 0.016602
0 0.312988 0.530762 0.012695 0.016602
0 0.327148 0.530762 0.015625 0.016602
0 0.341309 0.530762 0.012695 0.016602
0 0.354492 0.530762 0.013672 0.016602
0 0.312988 0.547852 0.012695 0.017578
0 0.326660 0.548340 0.014648 0.016602
0 0.340820 0.548828 0.013672 0.017578
0 0.354004 0.548828 0.012695 0.017578
0 0.312988 0.565918 0.012695 0.018555
0 0.326660 0.565918 0.014648 0.018555
0 0.340820 0.565918 0.013672 0.018555
0 0.354004 0.566406 0.012695 0.017578
0 0.312988 0.583984 0.012695 0.017578
0 0.326660 0.583984 0.014648 0.017578
0 0.340332 0.583496 0.012695 0.016602
0 0.353516 0.583496 0.013672 0.016602
0 0.312988 0.600586 0.012695 0.015625
0 0.326660 0.600586 0.014648 0.015625
0 0.340332 0.601074 0.012695 0.016602
0 0.354004 0.600586 0.014648 0.017578
0 0.479492 0.515137 0.013672 0.018555
0 0.493164 0.515625 0.013672 0.017578
0 0.506836 0.516113 0.013672 0.018555
0 0.520996 0.516113 0.014648 0.018555
0 0.479492 0.532227 0.013672 0.015625
0 0.493652 0.532715 0.014648 0.014648
0 0.507324 0.532715 0.012695 0.014648
0 0.520508 0.533203 0.013672 0.013672
0 0.479980 0.548828 0.012695 0.017578
0 0.493652 0.549316 0.014648 0.016602
0 0.507324 0.549316 0.012695 0.016602
0 0.520508 0.549316 0.013672 0.016602
0 0.479980 0.566895 0.012695 0.018555
0 0.494141 0.566895 0.015625 0.018555
0 0.507812 0.566895 0.011719 0.018555
0 0.520508 0.567383 0.013672 0.017578
0 0.479980 0.584473 0.012695 0.016602
0 0.493652 0.584961 0.014648 0.015625
0 0.507812 0.584961 0.013672 0.015625
0 0.520996 0.584961 0.012695 0.015625
0 0.479492 0.601074 0.013672 0.016602
0 0.493652 0.601074 0.014648 0.016602
0 0.507812 0.601562 0.013672 0.017578
0 0.520996 0.602051 0.012695 0.016602
0 0.646484 0.515137 0.013672 0.016602
0 0.659668 0.515137 0.012695 0.016602
0 0.673340 0.515137 0.014648 0.016602
0 0.687500 0.515137 0.013672 0.016602
0 0.646484 0.532227 0.013672 0.017578
0 0.660156 0.531738 0.013672 0.018555
0 0.673828 0.531250 0.013672 0.017578
0 0.687988 0.531738 0.014648 0.016602
0 0.646973 0.548828 0.014648 0.017578
0 0.660645 0.548828 0.012695 0.017578
0 0.673828 0.549316 0.013672 0.018555
0 0.687988 0.549316 0.014648 0.018555
0 0.646973 0.566406 0.014648 0.017578
0 0.660645 0.566406 0.012695 0.017578
0 0.674316 0.566406 0.014648 0.017578
0 0.688477 0.566406 0.013672 0.017578
0 0.646973 0.584473 0.014648 0.016602
0 0.661133 0.583984 0.013672 0.017578
0 0.674316 0.583984 0.012695 0.017578
0 0.688477 0.583984 0.015625 0.017578
0 0.646484 0.601562 0.015625 0.017578
0 0.661133 0.601074 0.013672 0.016602
0 0.674316 0.601074 0.012695 0.016602
0 0.688477 0.601562 0.015625 0.017578
0 0.311035 0.719727 0.012695 0.017578
0 0.324707 0.719727 0.014648 0.017578
0 0.338379 0.719238 0.012695 0.016602
0 0.351562 0.718750 0.013672 0.017578
0 0.310547 0.737305 0.011719 0.017578
0 0.324219 0.737305 0.015625 0.017578
0 0.338379 0.737305 0.012695 0.017578
0 0.351562 0.737305 0.013672 0.017578
0 0.310547 0.755859 0.011719 0.019531
0 0.324219 0.755859 0.015625 0.019531
0 0.338379 0.755859 0.012695 0.019531
0 0.351074 0.756348 0.012695 0.018555
0 0.311035 0.774902 0.012695 0.018555
0 0.324707 0.774902 0.014648 0.018555
0 0.338379 0.774902 0.012695 0.018555
0 0.351562 0.774902 0.013672 0.018555
0 0.310059 0.793457 0.012695 0.018555
0 0.323242 0.793457 0.013672 0.018555
0 0.337402 0.792969 0.014648 0.017578
0 0.351074 0.792969 0.012695 0.017578
0 0.310059 0.811523 0.012695 0.017578
0 0.323242 0.811523 0.013672 0.017578
0 0.337402 0.811523 0.014648 0.017578
0 0.351074 0.811523 0.012695 0.017578
0 0.648926 0.717773 0.014648 0.019531
0 0.663086 0.717773 0.013672 0.019531
0 0.676758 0.717285 0.013672 0.018555
0 0.690430 0.717773 0.013672 0.017578
0 0.648926 0.736816 0.014648 0.016602
0 0.663574 0.736328 0.014648 0.017578
0 0.677734 0.736816 0.013672 0.018555
0 0.690918 0.736816 0.012695 0.018555
0 0.649414 0.754395 0.013672 0.018555
0 0.663574 0.754395 0.014648 0.018555
0 0.677734 0.754883 0.013672 0.017578
0 0.691406 0.755371 0.013672 0.018555
0 0.649414 0.773926 0.013672 0.018555
0 0.663086 0.773438 0.013672 0.019531
0 0.677246 0.773438 0.014648 0.019531
0 0.691406 0.773438 0.013672 0.019531
0 0.650391 0.791504 0.013672 0.016602
0 0.664062 0.791992 0.011719 0.017578
0 0.677246 0.791992 0.014648 0.017578
0 0.691406 0.791504 0.013672 0.018555
0 0.650391 0.810059 0.013672 0.018555
0 0.663574 0.810059 0.012695 0.018555
0 0.677734 0.809570 0.015625 0.017578
0 0.691406 0.810059 0.011719 0.016602
0 0.480957 0.787109 0.038086 0.148438
0 0.519043 0.787598 0.038086 0.147461
