0 0.032227 0.236804 0.062500 0.180352
0 0.096191 0.236070 0.067383 0.181818
0 0.162109 0.234604 0.064453 0.178886
0 0.228027 0.235337 0.067383 0.177419
0 0.293945 0.234604 0.064453 0.175953
0 0.357910 0.235337 0.063477 0.174487
0 0.422363 0.236804 0.065430 0.177419
0 0.486816 0.236070 0.063477 0.178886
0 0.551270 0.234604 0.065430 0.175953
0 0.616211 0.233871 0.064453 0.177419
0 0.679199 0.233871 0.061523 0.177419
0 0.741699 0.234604 0.063477 0.175953
0 0.805664 0.234604 0.064453 0.175953
0 0.032715 0.046188 0.063477 0.089443
0 0.097656 0.046921 0.066406 0.090909
0 0.164551 0.045455 0.065430 0.087977
0 0.229492 0.046188 0.064453 0.089443
0 0.293457 0.046921 0.067383 0.090909
0 0.357422 0.045455 0.064453 0.087977
0 0.421387 0.046921 0.063477 0.090909
0 0.485840 0.048387 0.065430 0.093842
0 0.550293 0.049120 0.063477 0.095308
0 0.612305 0.046188 0.062500 0.089443
0 0.677246 0.045455 0.065430 0.087977
0 0.740723 0.047654 0.063477 0.089443
0 0.804688 0.046921 0.064453 0.090909
