0 0.109375 0.372070 0.027344 0.126953
0 0.132812 0.350586 0.023438 0.119141
0 0.167969 0.323242 0.046875 0.142578
0 0.218750 0.279297 0.062500 0.171875
0 0.281250 0.234375 0.066406 0.203125
0 0.342773 0.175781 0.056641 0.207031
0 0.380859 0.145508 0.015625 0.166016
0 0.415039 0.109375 0.048828 0.214844
0 0.473633 0.089844 0.068359 0.175781
0 0.524414 0.088867 0.048828 0.173828
0 0.561523 0.097656 0.021484 0.191406
0 0.592773 0.118164 0.037109 0.220703
0 0.652344 0.166016 0.082031 0.230469
0 0.717773 0.225586 0.056641 0.185547
0 0.756836 0.259766 0.025391 0.148438
0 0.555664 0.221680 0.111328 0.162109
0 0.432617 0.216797 0.130859 0.160156
0 0.444336 0.333984 0.107422 0.218750
0 0.554688 0.327148 0.105469 0.208984
0 0.655273 0.371094 0.099609 0.199219
0 0.730469 0.423828 0.050781 0.156250
0 0.775391 0.456055 0.039062 0.142578
0 0.107422 0.533203 0.027344 0.113281
0 0.160156 0.500977 0.074219 0.166016
0 0.228516 0.450195 0.062500 0.162109
0 0.289062 0.402344 0.062500 0.171875
0 0.652344 0.518555 0.093750 0.119141
0 0.727539 0.567383 0.056641 0.107422
0 0.774414 0.641602 0.037109 0.173828
0 0.553711 0.576172 0.111328 0.187500
0 0.440430 0.575195 0.115234 0.193359
0 0.325195 0.530273 0.103516 0.126953
0 0.233398 0.576172 0.087891 0.093750
0 0.157227 0.660156 0.072266 0.167969
0 0.107422 0.679688 0.031250 0.132812
0 0.551758 0.889648 0.103516 0.181641
0 0.684570 0.898438 0.134766 0.160156
0 0.772461 0.915039 0.044922 0.138672
0 0.437500 0.892578 0.117188 0.187500
