0 0.448242 0.084961 0.052734 0.115234
0 0.449219 0.196289 0.050781 0.103516
0 0.447266 0.301758 0.050781 0.099609
0 0.448242 0.404297 0.048828 0.105469
0 0.449219 0.511719 0.050781 0.113281
0 0.450195 0.621094 0.048828 0.105469
0 0.451172 0.727539 0.050781 0.107422
0 0.450195 0.835938 0.052734 0.109375
0 0.450195 0.925781 0.052734 0.070312
0 0.541992 0.086914 0.052734 0.111328
0 0.541992 0.195312 0.052734 0.105469
0 0.541016 0.298828 0.050781 0.101562
0 0.542969 0.405273 0.046875 0.111328
0 0.541016 0.518555 0.050781 0.103516
0 0.541992 0.623047 0.048828 0.105469
0 0.541016 0.731445 0.046875 0.111328
0 0.540039 0.839844 0.048828 0.105469
0 0.541016 0.925781 0.050781 0.066406
0 0.655273 0.095703 0.037109 0.085938
0 0.654297 0.202148 0.035156 0.083984
0 0.655273 0.309570 0.037109 0.080078
0 0.655273 0.417969 0.041016 0.085938
0 0.655273 0.528320 0.044922 0.083984
0 0.653320 0.633789 0.044922 0.080078
0 0.654297 0.742188 0.039062 0.082031
0 0.656250 0.858398 0.035156 0.060547
0 0.654297 0.934570 0.035156 0.048828
