0 0.397461 0.697266 0.130859 0.257812
0 0.492188 0.700195 0.066406 0.236328
0 0.564453 0.699219 0.082031 0.238281
0 0.646484 0.703125 0.082031 0.222656
0 0.717773 0.707031 0.076172 0.203125
0 0.359375 0.475586 0.046875 0.201172
0 0.421875 0.482422 0.085938 0.207031
0 0.492188 0.491211 0.066406 0.205078
0 0.566406 0.498047 0.082031 0.191406
0 0.644531 0.511719 0.078125 0.187500
0 0.721680 0.515625 0.087891 0.187500
0 0.419922 0.283203 0.078125 0.218750
0 0.494141 0.297852 0.074219 0.216797
0 0.572266 0.315430 0.082031 0.212891
0 0.649414 0.331055 0.072266 0.208984
0 0.724609 0.340820 0.078125 0.193359
0 0.420898 0.099609 0.072266 0.195312
0 0.495117 0.122070 0.072266 0.177734
0 0.573242 0.140625 0.076172 0.175781
0 0.649414 0.160156 0.076172 0.171875
0 0.725586 0.175781 0.083984 0.175781
0 0.495117 0.029297 0.080078 0.054688
0 0.575195 0.039062 0.076172 0.074219
0 0.652344 0.049805 0.074219 0.095703
0 0.730469 0.054688 0.078125 0.105469
