0 0.209961 0.091797 0.056641 0.070312
0 0.266602 0.091797 0.056641 0.070312
0 0.322266 0.092773 0.054688 0.072266
0 0.208984 0.181641 0.058594 0.062500
0 0.265625 0.183594 0.054688 0.058594
0 0.321289 0.182617 0.056641 0.056641
0 0.209961 0.275391 0.060547 0.054688
0 0.265625 0.275391 0.050781 0.054688
0 0.320312 0.276367 0.058594 0.056641
0 0.213867 0.376953 0.056641 0.062500
0 0.267578 0.376953 0.050781 0.062500
0 0.319336 0.378906 0.052734 0.066406
0 0.212891 0.458008 0.054688 0.060547
0 0.265625 0.460938 0.050781 0.054688
0 0.319336 0.463867 0.056641 0.060547
0 0.371094 0.463867 0.046875 0.060547
0 0.176758 0.573242 0.029297 0.083984
0 0.213867 0.574219 0.044922 0.082031
0 0.263672 0.566406 0.050781 0.066406
0 0.314453 0.566406 0.050781 0.066406
0 0.368164 0.572266 0.052734 0.078125
0 0.178711 0.666992 0.037109 0.068359
0 0.218750 0.667969 0.042969 0.066406
0 0.263672 0.666016 0.046875 0.062500
0 0.315430 0.666016 0.056641 0.062500
0 0.369141 0.668945 0.054688 0.064453
0 0.470703 0.087891 0.054688 0.078125
0 0.527344 0.089844 0.058594 0.074219
0 0.583008 0.086914 0.052734 0.068359
0 0.736328 0.083984 0.058594 0.062500
0 0.791016 0.083984 0.050781 0.062500
0 0.847656 0.083984 0.062500 0.062500
0 0.470703 0.180664 0.054688 0.060547
0 0.525391 0.183594 0.054688 0.054688
0 0.580078 0.185547 0.054688 0.058594
0 0.734375 0.182617 0.062500 0.052734
0 0.791016 0.180664 0.050781 0.056641
0 0.845703 0.181641 0.058594 0.058594
0 0.468750 0.280273 0.058594 0.060547
0 0.525391 0.280273 0.054688 0.060547
0 0.581055 0.278320 0.056641 0.056641
0 0.735352 0.275391 0.056641 0.050781
0 0.791016 0.274414 0.054688 0.052734
0 0.846680 0.277344 0.056641 0.058594
0 0.470703 0.373047 0.050781 0.062500
0 0.524414 0.375000 0.056641 0.058594
0 0.581055 0.379883 0.056641 0.068359
0 0.732422 0.375000 0.058594 0.066406
0 0.789062 0.366211 0.054688 0.048828
0 0.845703 0.367188 0.058594 0.050781
0 0.466797 0.458008 0.058594 0.052734
0 0.522461 0.458008 0.052734 0.052734
0 0.581055 0.457031 0.064453 0.050781
0 0.732422 0.458984 0.058594 0.054688
0 0.788086 0.458008 0.052734 0.056641
0 0.844727 0.454102 0.060547 0.048828
0 0.468750 0.566406 0.054688 0.070312
0 0.523438 0.567383 0.054688 0.068359
0 0.578125 0.568359 0.054688 0.070312
0 0.690430 0.565430 0.033203 0.068359
0 0.734375 0.566406 0.054688 0.066406
0 0.789062 0.565430 0.054688 0.064453
0 0.845703 0.564453 0.058594 0.066406
0 0.465820 0.664062 0.052734 0.066406
0 0.521484 0.666992 0.058594 0.060547
0 0.578125 0.666992 0.054688 0.060547
0 0.465820 0.762695 0.048828 0.064453
0 0.520508 0.763672 0.060547 0.062500
0 0.582031 0.764648 0.062500 0.064453
