0 0.273438 0.547654 0.019531 0.077713
0 0.302734 0.546921 0.039062 0.079179
0 0.342285 0.546188 0.040039 0.077713
0 0.382812 0.546188 0.041016 0.077713
0 0.422363 0.545455 0.038086 0.076246
0 0.460938 0.546188 0.039062 0.074780
0 0.499512 0.545455 0.038086 0.073314
0 0.538574 0.545455 0.040039 0.073314
0 0.578125 0.546921 0.039062 0.076246
0 0.616699 0.548387 0.038086 0.073314
0 0.655273 0.549853 0.039062 0.076246
0 0.694336 0.549120 0.039062 0.077713
0 0.733398 0.547654 0.039062 0.074780
0 0.772461 0.546921 0.039062 0.076246
0 0.811523 0.548387 0.039062 0.079179
0 0.850586 0.549120 0.039062 0.077713
0 0.889160 0.549120 0.038086 0.077713
0 0.927734 0.549853 0.039062 0.076246
0 0.967285 0.550587 0.040039 0.077713
0 0.992676 0.550587 0.010742 0.077713
0 0.274902 0.619501 0.020508 0.042522
0 0.304688 0.618035 0.039062 0.045455
0 0.343750 0.616569 0.039062 0.042522
0 0.382812 0.617302 0.039062 0.041056
0 0.421875 0.618768 0.039062 0.043988
0 0.460938 0.618768 0.039062 0.043988
0 0.499512 0.618035 0.038086 0.042522
0 0.538574 0.618768 0.040039 0.041056
0 0.577637 0.619501 0.038086 0.042522
0 0.273926 0.678152 0.018555 0.074780
0 0.303711 0.676686 0.041016 0.077713
0 0.343750 0.675953 0.039062 0.076246
0 0.383301 0.676686 0.040039 0.074780
0 0.422852 0.676686 0.039062 0.074780
0 0.461914 0.677419 0.039062 0.073314
0 0.499512 0.677419 0.036133 0.073314
0 0.539062 0.677419 0.042969 0.073314
0 0.579102 0.675953 0.037109 0.070381
0 0.274902 0.736070 0.018555 0.043988
0 0.304199 0.736804 0.040039 0.042522
0 0.342773 0.735337 0.037109 0.039589
0 0.382324 0.734604 0.041992 0.041056
0 0.422363 0.733138 0.038086 0.038123
0 0.461426 0.733138 0.040039 0.038123
0 0.500000 0.735337 0.037109 0.042522
0 0.539551 0.734604 0.041992 0.043988
0 0.578125 0.734604 0.035156 0.043988
0 0.616211 0.733871 0.041016 0.045455
0 0.655762 0.733138 0.038086 0.043988
0 0.694824 0.734604 0.040039 0.041056
0 0.733887 0.735337 0.038086 0.042522
0 0.771973 0.736804 0.038086 0.039589
0 0.811035 0.738270 0.040039 0.042522
0 0.848633 0.736804 0.035156 0.045455
0 0.888184 0.739003 0.043945 0.049853
0 0.927734 0.738270 0.035156 0.051320
0 0.965820 0.739003 0.041016 0.052786
0 0.991211 0.739003 0.009766 0.052786
0 0.274414 0.849707 0.023438 0.071848
0 0.305664 0.849707 0.039062 0.071848
0 0.344238 0.851173 0.038086 0.074780
0 0.383301 0.851173 0.040039 0.074780
0 0.422363 0.850440 0.038086 0.073314
0 0.460449 0.849707 0.038086 0.074780
0 0.499023 0.850440 0.039062 0.076246
0 0.538574 0.851173 0.040039 0.074780
0 0.578613 0.848974 0.040039 0.070381
0 0.618652 0.848974 0.040039 0.070381
0 0.657715 0.851173 0.038086 0.074780
0 0.696289 0.851173 0.039062 0.074780
0 0.735352 0.849707 0.039062 0.071848
0 0.773926 0.848974 0.038086 0.073314
0 0.812012 0.849707 0.038086 0.074780
0 0.851074 0.850440 0.040039 0.073314
0 0.891113 0.850440 0.040039 0.073314
0 0.929199 0.849707 0.036133 0.074780
0 0.967773 0.851906 0.041016 0.079179
0 0.993164 0.851906 0.009766 0.079179
0 0.381836 0.791789 0.041016 0.043988
0 0.421875 0.910557 0.039062 0.043988
0 0.422363 0.962610 0.038086 0.042522
0 0.460938 0.963343 0.039062 0.041056
0 0.383301 0.962610 0.040039 0.042522
