0 0.039062 0.199219 0.074219 0.195312
0 0.285156 0.196289 0.417969 0.201172
0 0.653320 0.196289 0.318359 0.201172
0 0.916016 0.186523 0.164062 0.201172
0 0.920898 0.511719 0.158203 0.246094
0 0.917969 0.733398 0.164062 0.189453
0 0.037109 0.541016 0.070312 0.199219
0 0.282227 0.536133 0.419922 0.208984
0 0.649414 0.538086 0.314453 0.212891
0 0.649414 0.751953 0.314453 0.214844
0 0.283203 0.752930 0.417969 0.212891
0 0.038086 0.750000 0.072266 0.207031
0 0.039062 0.895508 0.074219 0.083984
0 0.283203 0.895508 0.414062 0.083984
0 0.649414 0.897461 0.318359 0.087891
0 0.650391 0.969727 0.316406 0.056641
0 0.284180 0.968750 0.416016 0.058594
0 0.039062 0.968750 0.074219 0.058594
