0 0.095703 0.026367 0.039062 0.048828
0 0.139648 0.026367 0.048828 0.048828
0 0.184570 0.022461 0.041016 0.041016
0 0.222656 0.022461 0.035156 0.041016
0 0.260742 0.024414 0.033203 0.044922
0 0.297852 0.024414 0.041016 0.044922
0 0.336914 0.022461 0.037109 0.041016
0 0.371094 0.022461 0.031250 0.041016
0 0.407227 0.022461 0.041016 0.041016
0 0.448242 0.022461 0.041016 0.041016
0 0.487305 0.022461 0.037109 0.041016
0 0.525391 0.022461 0.039062 0.041016
0 0.564453 0.022461 0.039062 0.041016
0 0.602539 0.022461 0.037109 0.041016
0 0.645508 0.022461 0.044922 0.041016
0 0.686523 0.022461 0.037109 0.041016
0 0.727539 0.023438 0.044922 0.042969
0 0.770508 0.023438 0.041016 0.042969
0 0.811523 0.123047 0.033203 0.242188
0 0.850586 0.022461 0.041016 0.041016
0 0.894531 0.022461 0.042969 0.041016
0 0.944336 0.022461 0.056641 0.041016
0 0.986328 0.022461 0.023438 0.041016
0 0.089844 0.090820 0.042969 0.087891
0 0.137695 0.091797 0.052734 0.085938
0 0.186523 0.062500 0.041016 0.039062
0 0.224609 0.063477 0.035156 0.037109
0 0.259766 0.065430 0.035156 0.041016
0 0.299805 0.064453 0.044922 0.042969
0 0.337891 0.062500 0.031250 0.039062
0 0.372070 0.063477 0.037109 0.037109
0 0.409180 0.064453 0.037109 0.039062
0 0.449219 0.063477 0.042969 0.041016
0 0.486328 0.062500 0.031250 0.039062
0 0.522461 0.063477 0.041016 0.037109
0 0.561523 0.065430 0.037109 0.041016
0 0.601562 0.065430 0.042969 0.041016
0 0.642578 0.066406 0.039062 0.042969
0 0.683594 0.064453 0.042969 0.046875
0 0.724609 0.062500 0.039062 0.042969
0 0.768555 0.063477 0.048828 0.041016
0 0.186523 0.164062 0.037109 0.156250
0 0.223633 0.162109 0.037109 0.160156
0 0.257812 0.163086 0.031250 0.162109
0 0.296875 0.164062 0.046875 0.160156
0 0.335938 0.163086 0.031250 0.158203
0 0.370117 0.163086 0.037109 0.158203
0 0.406250 0.164062 0.035156 0.160156
0 0.447266 0.165039 0.046875 0.158203
0 0.486328 0.164062 0.031250 0.156250
0 0.522461 0.163086 0.041016 0.158203
0 0.563477 0.162109 0.041016 0.156250
0 0.604492 0.163086 0.041016 0.154297
0 0.642578 0.163086 0.035156 0.154297
0 0.680664 0.162109 0.041016 0.156250
0 0.723633 0.163086 0.044922 0.158203
0 0.769531 0.164062 0.046875 0.156250
0 0.851562 0.073242 0.039062 0.060547
0 0.894531 0.070312 0.046875 0.066406
0 0.943359 0.072266 0.050781 0.070312
0 0.983398 0.074219 0.029297 0.066406
0 0.854492 0.170898 0.041016 0.142578
0 0.896484 0.169922 0.046875 0.144531
0 0.944336 0.170898 0.048828 0.146484
0 0.983398 0.171875 0.029297 0.144531
0 0.183594 0.261719 0.031250 0.039062
0 0.218750 0.262695 0.039062 0.037109
0 0.255859 0.263672 0.035156 0.039062
0 0.291992 0.262695 0.037109 0.041016
0 0.327148 0.264648 0.033203 0.044922
0 0.364258 0.264648 0.041016 0.044922
0 0.405273 0.265625 0.041016 0.046875
0 0.447266 0.264648 0.042969 0.048828
0 0.485352 0.262695 0.033203 0.044922
0 0.521484 0.264648 0.039062 0.041016
0 0.561523 0.265625 0.041016 0.042969
0 0.604492 0.264648 0.044922 0.044922
0 0.643555 0.264648 0.033203 0.044922
0 0.680664 0.263672 0.041016 0.046875
0 0.721680 0.262695 0.041016 0.044922
0 0.766602 0.262695 0.048828 0.044922
0 0.855469 0.264648 0.039062 0.041016
0 0.897461 0.262695 0.044922 0.044922
0 0.943359 0.263672 0.046875 0.046875
0 0.982422 0.263672 0.031250 0.046875
0 0.813477 0.266602 0.033203 0.044922
0 0.813477 0.382812 0.033203 0.187500
0 0.093750 0.184570 0.035156 0.111328
0 0.135742 0.190430 0.044922 0.111328
0 0.134766 0.263672 0.046875 0.035156
0 0.093750 0.262695 0.035156 0.037109
0 0.093750 0.318359 0.035156 0.070312
0 0.132812 0.318359 0.042969 0.070312
0 0.094727 0.410156 0.037109 0.125000
0 0.134766 0.411133 0.042969 0.123047
0 0.179688 0.378906 0.035156 0.187500
0 0.213867 0.436523 0.033203 0.072266
0 0.214844 0.373047 0.031250 0.054688
0 0.218750 0.315430 0.039062 0.060547
0 0.255859 0.315430 0.035156 0.060547
0 0.253906 0.373047 0.039062 0.054688
0 0.250000 0.434570 0.031250 0.068359
0 0.285156 0.433594 0.039062 0.070312
0 0.287109 0.372070 0.035156 0.052734
0 0.290039 0.314453 0.041016 0.062500
0 0.329102 0.313477 0.037109 0.060547
0 0.327148 0.372070 0.041016 0.056641
0 0.325195 0.435547 0.037109 0.070312
0 0.359375 0.436523 0.031250 0.068359
0 0.363281 0.373047 0.023438 0.058594
0 0.367188 0.314453 0.031250 0.058594
0 0.405273 0.316406 0.044922 0.062500
0 0.445312 0.316406 0.035156 0.062500
0 0.483398 0.315430 0.041016 0.060547
0 0.521484 0.314453 0.035156 0.062500
0 0.560547 0.315430 0.042969 0.064453
0 0.604492 0.380859 0.044922 0.187500
0 0.405273 0.409180 0.041016 0.126953
0 0.444336 0.409180 0.037109 0.126953
0 0.481445 0.408203 0.037109 0.128906
0 0.519531 0.410156 0.039062 0.132812
0 0.558594 0.411133 0.042969 0.126953
0 0.642578 0.343750 0.035156 0.117188
0 0.644531 0.439453 0.031250 0.074219
0 0.681641 0.379883 0.039062 0.193359
0 0.724609 0.379883 0.046875 0.193359
0 0.769531 0.381836 0.042969 0.189453
0 0.850586 0.380859 0.041016 0.191406
0 0.894531 0.381836 0.046875 0.189453
0 0.944336 0.380859 0.052734 0.187500
0 0.984375 0.380859 0.027344 0.187500
0 0.091797 0.492188 0.039062 0.039062
0 0.133789 0.491211 0.044922 0.041016
0 0.091797 0.549805 0.042969 0.072266
0 0.133789 0.548828 0.041016 0.074219
0 0.091797 0.635742 0.039062 0.099609
0 0.131836 0.635742 0.041016 0.099609
0 0.180664 0.511719 0.037109 0.074219
0 0.217773 0.510742 0.037109 0.076172
0 0.255859 0.511719 0.039062 0.078125
0 0.291992 0.509766 0.033203 0.082031
0 0.329102 0.508789 0.041016 0.080078
0 0.366211 0.510742 0.033203 0.076172
0 0.406250 0.509766 0.042969 0.070312
0 0.443359 0.509766 0.035156 0.070312
0 0.480469 0.508789 0.039062 0.068359
0 0.515625 0.507812 0.031250 0.070312
0 0.555664 0.509766 0.048828 0.074219
0 0.183594 0.566406 0.039062 0.039062
0 0.220703 0.566406 0.035156 0.039062
0 0.256836 0.566406 0.037109 0.039062
0 0.292969 0.566406 0.035156 0.039062
0 0.330078 0.565430 0.039062 0.037109
0 0.366211 0.564453 0.033203 0.039062
0 0.404297 0.563477 0.042969 0.037109
0 0.442383 0.561523 0.033203 0.041016
0 0.479492 0.562500 0.041016 0.042969
0 0.516602 0.563477 0.033203 0.041016
0 0.556641 0.561523 0.046875 0.037109
0 0.599609 0.557617 0.042969 0.166016
0 0.601562 0.667969 0.039062 0.054688
0 0.179688 0.615234 0.035156 0.058594
0 0.218750 0.613281 0.042969 0.062500
0 0.256836 0.611328 0.033203 0.058594
0 0.291992 0.611328 0.037109 0.058594
0 0.328125 0.612305 0.035156 0.060547
0 0.365234 0.614258 0.039062 0.056641
0 0.403320 0.614258 0.037109 0.056641
0 0.440430 0.612305 0.037109 0.060547
0 0.478516 0.613281 0.039062 0.062500
0 0.517578 0.614258 0.039062 0.060547
0 0.559570 0.614258 0.044922 0.060547
0 0.183594 0.666016 0.035156 0.050781
0 0.219727 0.666992 0.037109 0.048828
0 0.256836 0.666016 0.037109 0.046875
0 0.292969 0.666992 0.035156 0.044922
0 0.329102 0.666992 0.037109 0.044922
0 0.369141 0.663086 0.042969 0.052734
0 0.405273 0.665039 0.037109 0.048828
0 0.441406 0.665039 0.035156 0.048828
0 0.479492 0.666016 0.041016 0.050781
0 0.519531 0.667969 0.039062 0.046875
0 0.558594 0.667969 0.039062 0.046875
0 0.647461 0.527344 0.033203 0.109375
0 0.679688 0.531250 0.039062 0.101562
0 0.723633 0.529297 0.048828 0.105469
0 0.770508 0.529297 0.044922 0.105469
0 0.644531 0.634766 0.035156 0.105469
0 0.681641 0.670898 0.039062 0.033203
0 0.682617 0.616211 0.037109 0.076172
0 0.722656 0.620117 0.046875 0.080078
0 0.769531 0.621094 0.046875 0.078125
0 0.719727 0.674805 0.044922 0.033203
0 0.765625 0.674805 0.042969 0.033203
0 0.811523 0.586914 0.033203 0.220703
0 0.850586 0.585938 0.044922 0.222656
0 0.894531 0.585938 0.042969 0.222656
0 0.942383 0.586914 0.052734 0.220703
0 0.984375 0.584961 0.031250 0.216797
0 0.088867 0.782227 0.041016 0.205078
0 0.132812 0.785156 0.046875 0.199219
0 0.177734 0.804688 0.035156 0.148438
0 0.213867 0.803711 0.037109 0.150391
0 0.250977 0.803711 0.037109 0.150391
0 0.288086 0.806641 0.037109 0.144531
0 0.324219 0.810547 0.035156 0.152344
0 0.361328 0.809570 0.039062 0.154297
0 0.403320 0.809570 0.044922 0.154297
0 0.445312 0.807617 0.039062 0.158203
0 0.482422 0.804688 0.035156 0.152344
0 0.519531 0.806641 0.039062 0.148438
0 0.556641 0.808594 0.035156 0.152344
0 0.593750 0.810547 0.039062 0.148438
0 0.640625 0.743164 0.039062 0.107422
0 0.679688 0.743164 0.039062 0.107422
0 0.720703 0.742188 0.042969 0.105469
0 0.768555 0.743164 0.052734 0.103516
0 0.846680 0.748047 0.037109 0.097656
0 0.890625 0.740234 0.046875 0.085938
0 0.936523 0.746094 0.044922 0.097656
