0 0.328613 0.047089 0.038086 0.090753
0 0.367188 0.047945 0.037109 0.092466
0 0.408203 0.047945 0.044922 0.092466
0 0.448730 0.050514 0.036133 0.097603
0 0.487305 0.050514 0.041016 0.097603
0 0.529297 0.050514 0.042969 0.097603
0 0.570801 0.050514 0.040039 0.097603
0 0.610840 0.051370 0.040039 0.099315
0 0.651367 0.052226 0.041016 0.097603
0 0.693359 0.053938 0.042969 0.101027
0 0.692383 0.214897 0.044922 0.220890
0 0.650391 0.214897 0.039062 0.220890
0 0.610352 0.216610 0.041016 0.224315
0 0.571777 0.214041 0.036133 0.229452
0 0.531738 0.212329 0.043945 0.226027
0 0.489746 0.212329 0.040039 0.226027
0 0.449707 0.212329 0.040039 0.226027
0 0.408691 0.212329 0.041992 0.226027
0 0.367676 0.211473 0.040039 0.224315
0 0.327148 0.215753 0.041016 0.215753
0 0.287598 0.214897 0.038086 0.214041
0 0.246582 0.213185 0.043945 0.217466
0 0.204102 0.214041 0.041016 0.219178
0 0.163574 0.212329 0.040039 0.222603
0 0.041504 0.213185 0.041992 0.227740
0 0.083496 0.214041 0.041992 0.226027
0 0.124023 0.212329 0.039062 0.222603
0 0.011230 0.213185 0.016602 0.227740
0 0.010254 0.048801 0.018555 0.094178
0 0.040039 0.050514 0.039062 0.097603
0 0.082031 0.052226 0.041016 0.101027
0 0.121582 0.053082 0.038086 0.102740
0 0.160645 0.053082 0.040039 0.102740
0 0.201172 0.052226 0.035156 0.101027
0 0.242676 0.050514 0.041992 0.097603
0 0.287109 0.053938 0.042969 0.104452
1 0.279297 0.505993 0.023438 0.125000
1 0.338867 0.502568 0.015625 0.131849
1 0.402344 0.502568 0.013672 0.135274
1 0.464355 0.501712 0.010742 0.136986
1 0.526367 0.505137 0.013672 0.133562
1 0.591309 0.502568 0.014648 0.128425
