0 0.559570 0.444336 0.076172 0.482422
0 0.643555 0.494141 0.056641 0.433594
0 0.709961 0.529297 0.060547 0.406250
0 0.774414 0.562500 0.056641 0.375000
0 0.825195 0.597656 0.041016 0.347656
0 0.864258 0.622070 0.033203 0.330078
0 0.898438 0.641602 0.031250 0.314453
0 0.934570 0.663086 0.037109 0.306641
0 0.974609 0.687500 0.046875 0.304688
0 0.563477 0.840820 0.072266 0.318359
0 0.639648 0.853516 0.064453 0.292969
0 0.702148 0.867188 0.056641 0.265625
0 0.752930 0.877930 0.033203 0.244141
0 0.784180 0.882812 0.033203 0.234375
0 0.826172 0.891602 0.042969 0.216797
0 0.866211 0.897461 0.033203 0.205078
0 0.902344 0.907227 0.035156 0.185547
0 0.934570 0.910156 0.033203 0.179688
0 0.967773 0.915039 0.033203 0.169922
