0 0.092773 0.111328 0.134766 0.218750
0 0.263672 0.173828 0.125000 0.250000
0 0.177734 0.080078 0.039062 0.117188
0 0.177734 0.187500 0.039062 0.113281
0 0.341797 0.170898 0.031250 0.111328
0 0.342773 0.267578 0.033203 0.093750
0 0.402344 0.247070 0.093750 0.208984
0 0.471680 0.280273 0.044922 0.181641
0 0.528320 0.304688 0.076172 0.191406
0 0.598633 0.339844 0.060547 0.183594
0 0.667969 0.369141 0.082031 0.183594
0 0.753906 0.407227 0.085938 0.177734
0 0.807617 0.435547 0.033203 0.156250
0 0.088867 0.337891 0.130859 0.246094
0 0.180664 0.373047 0.048828 0.207031
0 0.266602 0.407227 0.111328 0.220703
0 0.336914 0.433594 0.033203 0.187500
0 0.401367 0.453125 0.099609 0.203125
0 0.469727 0.471680 0.044922 0.185547
0 0.533203 0.497070 0.078125 0.189453
0 0.594727 0.520508 0.052734 0.173828
0 0.650391 0.539062 0.058594 0.183594
0 0.699219 0.557617 0.035156 0.177734
0 0.752930 0.571289 0.080078 0.173828
0 0.812500 0.593750 0.035156 0.148438
0 0.087891 0.620117 0.121094 0.310547
0 0.174805 0.549805 0.044922 0.099609
0 0.174805 0.682617 0.041016 0.177734
0 0.259766 0.652344 0.132812 0.277344
0 0.341797 0.595703 0.031250 0.093750
0 0.343750 0.716797 0.023438 0.164062
0 0.404297 0.683594 0.101562 0.257812
0 0.474609 0.702148 0.046875 0.240234
0 0.540039 0.712891 0.087891 0.234375
0 0.630859 0.731445 0.097656 0.220703
0 0.702148 0.747070 0.044922 0.197266
0 0.761719 0.756836 0.082031 0.181641
0 0.814453 0.762695 0.019531 0.169922
0 0.827148 0.771484 0.025391 0.164062
0 0.088867 0.901367 0.126953 0.197266
0 0.175781 0.860352 0.042969 0.095703
0 0.179688 0.952148 0.054688 0.091797
0 0.263672 0.908203 0.121094 0.183594
0 0.341797 0.869141 0.031250 0.074219
0 0.339844 0.953125 0.031250 0.093750
0 0.402344 0.915039 0.097656 0.169922
0 0.476562 0.922852 0.039062 0.154297
0 0.500000 0.847656 0.000000 0.003906
0 0.537109 0.922852 0.082031 0.154297
0 0.598633 0.928711 0.041016 0.142578
0 0.723633 0.936523 0.041016 0.126953
0 0.768555 0.936523 0.048828 0.126953
0 0.804688 0.946289 0.019531 0.107422
