0 0.587891 0.365836 0.033203 0.156891
0 0.642578 0.368035 0.046875 0.155425
0 0.701660 0.365103 0.043945 0.155425
0 0.762207 0.365836 0.047852 0.156891
0 0.822266 0.365103 0.046875 0.155425
0 0.883301 0.364370 0.043945 0.153959
0 0.943359 0.364370 0.048828 0.156891
0 0.588379 0.511730 0.034180 0.137830
0 0.642090 0.511730 0.047852 0.131965
0 0.702148 0.511730 0.044922 0.137830
0 0.762695 0.513196 0.048828 0.134897
0 0.824219 0.511730 0.046875 0.137830
0 0.882812 0.511730 0.044922 0.137830
0 0.942871 0.512463 0.049805 0.139296
0 0.590332 0.784457 0.034180 0.137830
0 0.643555 0.786657 0.044922 0.136364
0 0.704590 0.785191 0.045898 0.136364
0 0.764648 0.786657 0.046875 0.133431
0 0.823730 0.787390 0.049805 0.131965
0 0.885742 0.786657 0.046875 0.133431
0 0.945312 0.786657 0.044922 0.133431
0 0.590332 0.923021 0.034180 0.142229
0 0.643066 0.924487 0.043945 0.139296
0 0.703613 0.924487 0.047852 0.139296
0 0.765137 0.925220 0.045898 0.137830
0 0.824219 0.922287 0.048828 0.137830
0 0.885742 0.923021 0.044922 0.136364
0 0.944824 0.922287 0.045898 0.137830
0 0.047852 0.675220 0.041016 0.139296
0 0.102051 0.675220 0.040039 0.139296
0 0.154785 0.675220 0.040039 0.136364
0 0.259766 0.671554 0.039062 0.137830
0 0.313965 0.670821 0.040039 0.142229
0 0.049316 0.803519 0.041992 0.114370
0 0.102051 0.802053 0.038086 0.117302
0 0.155273 0.802786 0.042969 0.118768
0 0.260254 0.799853 0.041992 0.121701
0 0.313477 0.802053 0.039062 0.120235
0 0.050293 0.923021 0.041992 0.118768
0 0.103027 0.923021 0.041992 0.118768
0 0.154297 0.922287 0.042969 0.120235
0 0.260742 0.920088 0.041016 0.118768
0 0.314453 0.920088 0.039062 0.115836
