0 0.016892 0.045639 0.031081 0.083164
0 0.017568 0.128803 0.029730 0.083164
0 0.016892 0.209939 0.028378 0.079108
0 0.016892 0.281947 0.028378 0.064909
0 0.017568 0.354970 0.029730 0.081136
0 0.017568 0.427992 0.029730 0.064909
0 0.016892 0.500000 0.028378 0.079108
0 0.016892 0.573022 0.028378 0.066937
0 0.017568 0.648073 0.029730 0.083164
0 0.017568 0.723124 0.029730 0.066937
0 0.016892 0.795132 0.028378 0.077079
0 0.016892 0.868154 0.028378 0.068966
0 0.016892 0.944219 0.028378 0.083164
0 0.093243 0.040568 0.032432 0.077079
0 0.093919 0.119675 0.031081 0.081136
0 0.093243 0.201826 0.029730 0.083164
0 0.093243 0.274848 0.029730 0.062880
0 0.093919 0.349899 0.031081 0.087221
0 0.093243 0.424949 0.032432 0.062880
0 0.093243 0.498986 0.032432 0.085193
0 0.093243 0.573022 0.032432 0.062880
0 0.091892 0.647059 0.029730 0.085193
0 0.091892 0.722110 0.029730 0.064909
0 0.091216 0.795132 0.031081 0.081136
0 0.091216 0.869168 0.031081 0.066937
0 0.091216 0.944219 0.031081 0.083164
0 0.170270 0.040568 0.037838 0.077079
0 0.172297 0.118661 0.033784 0.079108
0 0.171622 0.197769 0.032432 0.079108
0 0.172973 0.269777 0.029730 0.064909
0 0.172973 0.343813 0.029730 0.083164
0 0.170946 0.418864 0.031081 0.066937
0 0.171622 0.495943 0.032432 0.087221
0 0.172973 0.569980 0.029730 0.060852
0 0.172973 0.643002 0.029730 0.085193
0 0.172297 0.718053 0.031081 0.064909
0 0.171622 0.794118 0.029730 0.087221
0 0.169595 0.871197 0.033784 0.066937
0 0.170946 0.945233 0.036486 0.081136
0 0.188514 0.984787 0.001351 0.002028
0 0.252703 0.035497 0.032432 0.066937
0 0.253378 0.109533 0.031081 0.081136
0 0.252703 0.190669 0.029730 0.081136
0 0.252027 0.264706 0.031081 0.066937
0 0.252027 0.341785 0.031081 0.087221
0 0.252027 0.418864 0.031081 0.066937
0 0.252703 0.493915 0.032432 0.083164
0 0.252703 0.568966 0.032432 0.066937
0 0.251351 0.643002 0.029730 0.081136
0 0.251351 0.718053 0.029730 0.068966
0 0.250676 0.795132 0.028378 0.085193
0 0.250000 0.871197 0.029730 0.066937
0 0.250000 0.948276 0.029730 0.087221
0 0.335135 0.033469 0.032432 0.062880
0 0.335135 0.105477 0.032432 0.081136
0 0.333784 0.188641 0.029730 0.085193
0 0.332432 0.263692 0.032432 0.064909
0 0.332432 0.336714 0.032432 0.081136
0 0.333108 0.411765 0.031081 0.068966
0 0.333108 0.489858 0.031081 0.087221
0 0.332432 0.566937 0.032432 0.066937
0 0.331757 0.641988 0.031081 0.083164
0 0.331757 0.717039 0.031081 0.066937
0 0.332432 0.794118 0.032432 0.087221
0 0.332432 0.871197 0.032432 0.066937
0 0.332432 0.946247 0.032432 0.083164
0 0.413514 0.029412 0.032432 0.054767
0 0.412838 0.099391 0.033784 0.085193
0 0.412838 0.184584 0.033784 0.085193
0 0.412838 0.261663 0.033784 0.068966
0 0.411486 0.336714 0.031081 0.081136
0 0.411486 0.411765 0.031081 0.068966
0 0.411486 0.487830 0.031081 0.083164
0 0.411486 0.561866 0.031081 0.064909
0 0.409459 0.638945 0.027027 0.089249
0 0.410135 0.723124 0.028378 0.075051
0 0.410135 0.799189 0.028378 0.077079
0 0.411486 0.871197 0.025676 0.066937
0 0.413514 0.950304 0.029730 0.091278
0 0.435811 0.950304 0.014865 0.095335
0 0.434459 0.870183 0.017568 0.064909
0 0.434459 0.796146 0.017568 0.083164
0 0.435135 0.718053 0.016216 0.073022
0 0.435135 0.640974 0.016216 0.081136
0 0.434459 0.564909 0.017568 0.070994
0 0.435135 0.488844 0.018919 0.081136
0 0.435135 0.411765 0.018919 0.073022
0 0.434459 0.333671 0.017568 0.083164
0 0.435811 0.258621 0.014865 0.066937
0 0.436486 0.182556 0.016216 0.085193
0 0.437838 0.097363 0.013514 0.085193
0 0.438514 0.028398 0.014865 0.052738
0 0.390541 0.031440 0.016216 0.058824
0 0.390541 0.102434 0.016216 0.083164
0 0.389865 0.184584 0.014865 0.081136
0 0.390541 0.259635 0.013514 0.068966
0 0.389189 0.337728 0.010811 0.087221
0 0.389189 0.416836 0.010811 0.070994
0 0.389865 0.492901 0.012162 0.081136
0 0.389189 0.565923 0.013514 0.064909
0 0.389189 0.643002 0.013514 0.089249
0 0.389189 0.722110 0.013514 0.068966
0 0.387838 0.797160 0.010811 0.081136
0 0.386486 0.872211 0.013514 0.068966
0 0.387162 0.951318 0.014865 0.089249
0 0.070946 0.041582 0.014865 0.079108
0 0.070270 0.120690 0.016216 0.079108
0 0.070270 0.203854 0.016216 0.087221
0 0.069595 0.277890 0.017568 0.060852
0 0.068919 0.349899 0.016216 0.083164
0 0.068919 0.422921 0.016216 0.062880
0 0.068919 0.496957 0.016216 0.085193
0 0.113514 0.043611 0.010811 0.079108
0 0.114189 0.121704 0.009459 0.077079
0 0.112838 0.200811 0.006757 0.081136
0 0.111486 0.273834 0.009459 0.064909
0 0.112162 0.348884 0.010811 0.081136
0 0.112162 0.423935 0.010811 0.068966
0 0.112162 0.500000 0.008108 0.083164
0 0.147973 0.039554 0.014865 0.075051
0 0.146622 0.118661 0.017568 0.083164
0 0.147297 0.199797 0.018919 0.079108
0 0.147973 0.273834 0.017568 0.068966
0 0.148649 0.349899 0.018919 0.083164
0 0.147973 0.421907 0.020270 0.060852
0 0.148649 0.494929 0.021622 0.085193
0 0.159459 0.536511 0.000000 0.002028
0 0.228378 0.036511 0.016216 0.068966
0 0.229054 0.111562 0.014865 0.081136
0 0.229054 0.193712 0.014865 0.083164
0 0.227027 0.268763 0.018919 0.066937
0 0.227027 0.343813 0.018919 0.083164
0 0.227703 0.418864 0.017568 0.066937
0 0.227703 0.493915 0.017568 0.083164
0 0.310135 0.032454 0.020270 0.060852
0 0.310811 0.105477 0.018919 0.085193
0 0.310135 0.188641 0.017568 0.081136
0 0.308108 0.263692 0.021622 0.068966
0 0.307432 0.338742 0.020270 0.081136
0 0.308784 0.413793 0.017568 0.068966
0 0.308784 0.488844 0.017568 0.081136
0 0.070270 0.573022 0.016216 0.070994
0 0.069595 0.649087 0.017568 0.081136
0 0.068919 0.722110 0.016216 0.064909
0 0.068919 0.795132 0.016216 0.081136
0 0.068919 0.870183 0.016216 0.068966
0 0.068243 0.942191 0.017568 0.075051
0 0.149324 0.570994 0.017568 0.066937
0 0.148649 0.645030 0.018919 0.081136
0 0.147297 0.718053 0.016216 0.064909
0 0.147297 0.793103 0.016216 0.085193
0 0.146622 0.870183 0.014865 0.068966
0 0.145270 0.945233 0.017568 0.081136
0 0.228378 0.567951 0.016216 0.064909
0 0.227027 0.641988 0.018919 0.083164
0 0.227027 0.718053 0.018919 0.068966
0 0.226351 0.795132 0.020270 0.085193
0 0.226351 0.871197 0.020270 0.066937
0 0.226351 0.947262 0.020270 0.085193
0 0.511486 0.033469 0.031081 0.062880
0 0.510811 0.105477 0.032432 0.081136
0 0.510811 0.186613 0.032432 0.089249
0 0.510135 0.263692 0.033784 0.073022
0 0.510135 0.338742 0.033784 0.085193
0 0.510135 0.413793 0.031081 0.068966
0 0.509459 0.490872 0.032432 0.089249
0 0.591892 0.035497 0.032432 0.066937
0 0.616216 0.035497 0.016216 0.066937
0 0.571622 0.035497 0.013514 0.066937
0 0.570270 0.108519 0.013514 0.087221
0 0.589865 0.110548 0.025676 0.083164
0 0.614189 0.111562 0.022973 0.085193
0 0.616216 0.195740 0.018919 0.083164
0 0.591216 0.194726 0.031081 0.085193
0 0.570270 0.191684 0.010811 0.079108
0 0.570946 0.266734 0.012162 0.070994
0 0.591216 0.269777 0.028378 0.064909
0 0.615541 0.269777 0.020270 0.064909
0 0.616216 0.343813 0.018919 0.083164
0 0.592568 0.344828 0.028378 0.085193
0 0.570946 0.341785 0.014865 0.079108
0 0.570270 0.416836 0.013514 0.070994
0 0.591216 0.418864 0.028378 0.066937
0 0.615541 0.417850 0.020270 0.064909
0 0.568919 0.494929 0.010811 0.085193
0 0.589189 0.493915 0.029730 0.087221
0 0.614865 0.492901 0.021622 0.085193
0 0.656757 0.039554 0.010811 0.075051
0 0.675676 0.039554 0.027027 0.075051
0 0.700676 0.039554 0.022973 0.075051
0 0.655405 0.115619 0.010811 0.081136
0 0.675000 0.115619 0.028378 0.081136
0 0.699324 0.117647 0.020270 0.085193
0 0.700000 0.201826 0.018919 0.083164
0 0.677027 0.200811 0.027027 0.085193
0 0.655405 0.197769 0.013514 0.079108
0 0.654730 0.271805 0.012162 0.068966
0 0.675000 0.274848 0.028378 0.062880
0 0.699324 0.275862 0.020270 0.064909
0 0.699324 0.347870 0.020270 0.079108
0 0.655405 0.349899 0.010811 0.083164
0 0.674324 0.348884 0.027027 0.085193
0 0.653378 0.423935 0.009459 0.064909
0 0.673649 0.423935 0.031081 0.064909
0 0.698649 0.424949 0.018919 0.066937
0 0.698649 0.500000 0.018919 0.083164
0 0.674324 0.498986 0.029730 0.085193
0 0.654730 0.498986 0.009459 0.085193
0 0.758784 0.043611 0.028378 0.083164
0 0.781081 0.045639 0.016216 0.079108
0 0.739189 0.043611 0.010811 0.083164
0 0.739189 0.122718 0.010811 0.079108
0 0.758108 0.122718 0.027027 0.079108
0 0.781081 0.123732 0.018919 0.081136
0 0.782432 0.205882 0.016216 0.083164
0 0.760135 0.205882 0.028378 0.083164
0 0.739189 0.202840 0.013514 0.077079
0 0.739189 0.275862 0.013514 0.068966
0 0.759459 0.278905 0.027027 0.062880
0 0.783108 0.280933 0.020270 0.066937
0 0.783108 0.354970 0.020270 0.085193
0 0.759459 0.355984 0.027027 0.083164
0 0.739189 0.351927 0.013514 0.083164
0 0.739189 0.429006 0.010811 0.066937
0 0.758108 0.430020 0.027027 0.064909
0 0.782432 0.430020 0.021622 0.064909
0 0.783784 0.504057 0.018919 0.083164
0 0.759459 0.505071 0.029730 0.081136
0 0.739189 0.505071 0.010811 0.081136
0 0.839189 0.049696 0.032432 0.083164
0 0.840541 0.130832 0.029730 0.079108
0 0.840541 0.209939 0.029730 0.079108
0 0.839865 0.281947 0.031081 0.064909
0 0.841216 0.358012 0.033784 0.087221
0 0.840541 0.426978 0.032432 0.066937
0 0.840541 0.504057 0.032432 0.087221
0 0.820270 0.050710 0.010811 0.081136
0 0.866216 0.056795 0.016216 0.085193
0 0.822297 0.130832 0.009459 0.079108
0 0.820946 0.210953 0.012162 0.081136
0 0.819595 0.282961 0.009459 0.062880
0 0.818919 0.355984 0.010811 0.083164
0 0.819595 0.431034 0.012162 0.066937
0 0.820270 0.505071 0.010811 0.081136
0 0.866216 0.136917 0.016216 0.079108
0 0.866216 0.213996 0.016216 0.075051
0 0.866892 0.286004 0.017568 0.068966
0 0.866216 0.361055 0.018919 0.081136
0 0.865541 0.436105 0.017568 0.068966
0 0.865541 0.509128 0.017568 0.077079
0 0.921622 0.057809 0.029730 0.083164
0 0.921622 0.138945 0.029730 0.079108
0 0.902703 0.138945 0.008108 0.079108
0 0.904054 0.056795 0.010811 0.085193
0 0.921622 0.219067 0.029730 0.081136
0 0.921622 0.293103 0.029730 0.066937
0 0.921622 0.366126 0.029730 0.079108
0 0.921622 0.437120 0.029730 0.062880
0 0.921622 0.508114 0.029730 0.079108
0 0.508108 0.568966 0.032432 0.062880
0 0.509459 0.641988 0.029730 0.083164
0 0.509459 0.719067 0.029730 0.070994
0 0.508784 0.795132 0.031081 0.081136
0 0.508108 0.869168 0.029730 0.066937
0 0.506757 0.948276 0.032432 0.091278
0 0.589865 0.569980 0.028378 0.064909
0 0.589865 0.645030 0.028378 0.085193
0 0.590541 0.720081 0.029730 0.064909
0 0.589189 0.794118 0.032432 0.083164
0 0.588514 0.870183 0.031081 0.068966
0 0.588514 0.947262 0.031081 0.085193
0 0.675000 0.573022 0.028378 0.062880
0 0.674324 0.647059 0.029730 0.085193
0 0.675000 0.723124 0.028378 0.066937
0 0.672973 0.796146 0.032432 0.079108
0 0.672297 0.872211 0.031081 0.073022
0 0.671622 0.948276 0.032432 0.079108
0 0.655405 0.986815 0.000000 0.002028
0 0.652027 0.945233 0.006757 0.081136
0 0.697297 0.948276 0.016216 0.083164
0 0.697973 0.873225 0.017568 0.066937
0 0.698649 0.798174 0.018919 0.083164
0 0.700000 0.723124 0.016216 0.066937
0 0.699324 0.649087 0.014865 0.081136
0 0.699324 0.575051 0.014865 0.066937
0 0.614865 0.573022 0.018919 0.066937
0 0.614865 0.648073 0.018919 0.083164
0 0.614865 0.721095 0.018919 0.062880
0 0.614865 0.793103 0.018919 0.081136
0 0.614189 0.869168 0.017568 0.070994
0 0.613514 0.946247 0.018919 0.083164
0 0.758784 0.580122 0.028378 0.064909
0 0.757432 0.651116 0.031081 0.077079
0 0.756757 0.724138 0.029730 0.068966
0 0.756081 0.800203 0.031081 0.083164
0 0.755405 0.874239 0.029730 0.064909
0 0.756081 0.944219 0.028378 0.075051
0 0.783108 0.579108 0.017568 0.066937
0 0.782432 0.653144 0.018919 0.081136
0 0.781081 0.726166 0.016216 0.064909
0 0.781081 0.800203 0.016216 0.083164
0 0.781081 0.875254 0.016216 0.066937
0 0.780405 0.946247 0.017568 0.075051
0 0.839865 0.581136 0.028378 0.066937
0 0.839865 0.655172 0.028378 0.081136
0 0.839865 0.730223 0.028378 0.068966
0 0.838514 0.801217 0.031081 0.073022
0 0.837838 0.871197 0.029730 0.066937
0 0.837162 0.944219 0.031081 0.079108
0 0.864865 0.579108 0.016216 0.062880
0 0.863514 0.651116 0.018919 0.081136
0 0.863514 0.727181 0.018919 0.070994
0 0.864189 0.800203 0.017568 0.075051
0 0.864189 0.870183 0.017568 0.064909
0 0.863514 0.945233 0.018919 0.085193
0 0.920270 0.581136 0.029730 0.066937
0 0.920270 0.655172 0.029730 0.081136
0 0.919595 0.728195 0.028378 0.064909
0 0.919595 0.799189 0.028378 0.077079
0 0.919595 0.871197 0.028378 0.066937
0 0.919595 0.945233 0.028378 0.081136
