0 0.183594 0.132812 0.066406 0.207031
0 0.284180 0.173828 0.107422 0.210938
0 0.384766 0.218750 0.054688 0.179688
0 0.483398 0.254883 0.044922 0.177734
0 0.540039 0.281250 0.048828 0.167969
0 0.601562 0.292969 0.042969 0.183594
0 0.655273 0.323242 0.041016 0.166016
0 0.742188 0.346680 0.058594 0.162109
0 0.738281 0.117188 0.058594 0.187500
0 0.790039 0.146484 0.041016 0.167969
0 0.660156 0.079102 0.046875 0.154297
0 0.614258 0.067383 0.056641 0.130859
0 0.566406 0.061523 0.027344 0.119141
0 0.490234 0.047852 0.042969 0.091797
0 0.386719 0.026367 0.070312 0.048828
0 0.188477 0.444336 0.087891 0.255859
0 0.288086 0.460938 0.107422 0.238281
0 0.384766 0.487305 0.082031 0.240234
0 0.486328 0.514648 0.042969 0.212891
0 0.551758 0.535156 0.033203 0.199219
0 0.602539 0.553711 0.052734 0.201172
0 0.653320 0.560547 0.037109 0.175781
0 0.736328 0.570312 0.050781 0.167969
0 0.186523 0.766602 0.048828 0.220703
0 0.278320 0.763672 0.123047 0.203125
0 0.381836 0.776367 0.076172 0.189453
0 0.488281 0.782227 0.046875 0.177734
0 0.538086 0.788086 0.056641 0.166016
0 0.598633 0.790039 0.060547 0.162109
0 0.652344 0.794922 0.046875 0.156250
0 0.736328 0.800781 0.050781 0.152344
