0 0.157227 0.153320 0.064453 0.115234
0 0.229492 0.153320 0.080078 0.115234
0 0.305664 0.149414 0.072266 0.107422
0 0.383789 0.149414 0.083984 0.107422
0 0.462891 0.152344 0.074219 0.113281
0 0.543945 0.153320 0.087891 0.111328
0 0.626953 0.150391 0.078125 0.105469
0 0.703125 0.149414 0.074219 0.107422
0 0.778320 0.149414 0.076172 0.107422
0 0.852539 0.148438 0.072266 0.109375
0 0.155273 0.260742 0.072266 0.048828
0 0.229492 0.260742 0.076172 0.048828
0 0.307617 0.260742 0.080078 0.048828
0 0.387695 0.260742 0.080078 0.048828
0 0.465820 0.259766 0.076172 0.046875
0 0.545898 0.262695 0.083984 0.041016
0 0.703125 0.253906 0.074219 0.035156
0 0.781250 0.250977 0.082031 0.041016
0 0.858398 0.246094 0.072266 0.031250
0 0.856445 0.317383 0.076172 0.111328
0 0.778320 0.318359 0.080078 0.109375
0 0.701172 0.318359 0.074219 0.109375
0 0.625977 0.313477 0.076172 0.119141
0 0.155273 0.329102 0.064453 0.099609
0 0.226562 0.326172 0.078125 0.093750
0 0.305664 0.325195 0.080078 0.095703
0 0.385742 0.326172 0.080078 0.097656
0 0.464844 0.328125 0.078125 0.093750
0 0.544922 0.324219 0.082031 0.085938
0 0.152344 0.471680 0.062500 0.130859
0 0.224609 0.471680 0.082031 0.130859
0 0.302734 0.471680 0.074219 0.130859
0 0.382812 0.471680 0.085938 0.130859
0 0.462891 0.469727 0.074219 0.126953
0 0.543945 0.468750 0.087891 0.128906
0 0.619141 0.467773 0.062500 0.126953
0 0.693359 0.467773 0.085938 0.126953
0 0.771484 0.468750 0.070312 0.128906
0 0.850586 0.468750 0.087891 0.128906
0 0.152344 0.550781 0.070312 0.035156
0 0.226562 0.550781 0.078125 0.035156
0 0.304688 0.549805 0.078125 0.033203
0 0.385742 0.549805 0.083984 0.033203
0 0.466797 0.549805 0.078125 0.033203
0 0.545898 0.549805 0.080078 0.033203
0 0.619141 0.549805 0.066406 0.033203
0 0.695312 0.547852 0.085938 0.037109
0 0.774414 0.546875 0.072266 0.035156
0 0.852539 0.545898 0.083984 0.037109
0 0.150391 0.623047 0.066406 0.117188
0 0.221680 0.624023 0.076172 0.115234
0 0.302734 0.623047 0.085938 0.113281
0 0.385742 0.622070 0.080078 0.115234
0 0.461914 0.625000 0.072266 0.121094
0 0.541992 0.625000 0.087891 0.121094
0 0.618164 0.625977 0.064453 0.123047
0 0.696289 0.625977 0.091797 0.123047
0 0.780273 0.624023 0.076172 0.119141
0 0.858398 0.625000 0.080078 0.117188
0 0.154297 0.702148 0.062500 0.041016
0 0.221680 0.705078 0.072266 0.035156
0 0.298828 0.705078 0.082031 0.035156
0 0.382812 0.703125 0.085938 0.039062
0 0.463867 0.699219 0.076172 0.031250
0 0.542969 0.701172 0.082031 0.027344
0 0.619141 0.703125 0.070312 0.031250
0 0.699219 0.702148 0.089844 0.033203
0 0.780273 0.700195 0.072266 0.029297
0 0.855469 0.699219 0.078125 0.031250
0 0.146484 0.780273 0.058594 0.126953
0 0.216797 0.782227 0.082031 0.123047
0 0.298828 0.781250 0.082031 0.121094
0 0.383789 0.780273 0.087891 0.123047
0 0.464844 0.781250 0.074219 0.125000
0 0.544922 0.781250 0.085938 0.125000
0 0.622070 0.781250 0.068359 0.125000
0 0.699219 0.781250 0.085938 0.125000
0 0.782227 0.777344 0.080078 0.117188
0 0.858398 0.775391 0.072266 0.121094
0 0.150391 0.851562 0.066406 0.031250
0 0.220703 0.853516 0.074219 0.027344
0 0.299805 0.855469 0.083984 0.031250
0 0.383789 0.856445 0.083984 0.029297
0 0.465820 0.856445 0.080078 0.033203
0 0.547852 0.857422 0.083984 0.031250
0 0.623047 0.855469 0.066406 0.027344
0 0.697266 0.855469 0.082031 0.027344
0 0.777344 0.854492 0.078125 0.025391
0 0.854492 0.849609 0.076172 0.035156
0 0.145508 0.926758 0.060547 0.115234
0 0.217773 0.928711 0.083984 0.111328
0 0.296875 0.927734 0.074219 0.109375
0 0.378906 0.927734 0.089844 0.109375
0 0.467773 0.928711 0.087891 0.111328
0 0.551758 0.924805 0.080078 0.119141
0 0.626953 0.919922 0.070312 0.109375
0 0.701172 0.918945 0.078125 0.111328
0 0.782227 0.919922 0.083984 0.113281
0 0.857422 0.921875 0.066406 0.109375
