0 0.968750 0.309570 0.058594 0.615234
0 0.972656 0.808594 0.050781 0.382812
0 0.902344 0.606445 0.074219 0.779297
0 0.820312 0.618164 0.078125 0.763672
0 0.743164 0.524414 0.068359 0.537109
0 0.677734 0.467773 0.050781 0.673828
0 0.617188 0.542969 0.054688 0.535156
0 0.556641 0.506836 0.054688 0.619141
0 0.501953 0.416992 0.054688 0.814453
0 0.453125 0.598633 0.054688 0.466797
0 0.453125 0.291992 0.042969 0.173828
0 0.398438 0.632812 0.054688 0.734375
0 0.353516 0.769531 0.042969 0.460938
0 0.310547 0.772461 0.042969 0.455078
0 0.268555 0.733398 0.048828 0.533203
0 0.232422 0.600586 0.042969 0.798828
0 0.276367 0.338867 0.044922 0.294922
0 0.355469 0.329102 0.046875 0.443359
0 0.320312 0.281250 0.050781 0.558594
0 0.272461 0.106445 0.048828 0.208984
0 0.235352 0.111328 0.033203 0.218750
0 0.359375 0.056641 0.039062 0.109375
0 0.403320 0.054688 0.052734 0.105469
0 0.455078 0.047852 0.062500 0.091797
0 0.747070 0.898438 0.068359 0.203125
0 0.675781 0.899414 0.054688 0.201172
0 0.615234 0.901367 0.062500 0.197266
0 0.556641 0.902344 0.062500 0.183594
0 0.500000 0.911133 0.054688 0.177734
0 0.455078 0.912109 0.050781 0.175781
