0 0.658203 0.086914 0.066406 0.169922
0 0.735352 0.125000 0.087891 0.246094
0 0.656250 0.359375 0.070312 0.472656
0 0.732422 0.395508 0.082031 0.447266
0 0.809570 0.439453 0.072266 0.390625
0 0.877930 0.480469 0.064453 0.343750
0 0.937500 0.510742 0.058594 0.310547
0 0.982422 0.482422 0.035156 0.171875
0 0.982422 0.613281 0.035156 0.125000
0 0.654297 0.694336 0.074219 0.228516
0 0.732422 0.699219 0.082031 0.207031
0 0.809570 0.708984 0.072266 0.187500
0 0.875000 0.713867 0.066406 0.169922
0 0.937500 0.723633 0.054688 0.146484
0 0.982422 0.727539 0.035156 0.130859
0 0.658203 0.871094 0.066406 0.132812
0 0.734375 0.861328 0.085938 0.121094
0 0.810547 0.850586 0.070312 0.103516
0 0.883789 0.843750 0.076172 0.093750
0 0.943359 0.833008 0.042969 0.080078
0 0.981445 0.828125 0.037109 0.070312
0 0.570312 0.778320 0.042969 0.318359
0 0.508789 0.780273 0.087891 0.294922
0 0.435547 0.778320 0.066406 0.255859
0 0.572266 0.498047 0.042969 0.261719
0 0.507812 0.520508 0.082031 0.251953
0 0.508789 0.275391 0.076172 0.316406
0 0.570312 0.236328 0.042969 0.316406
0 0.432617 0.331055 0.072266 0.287109
0 0.434570 0.547852 0.076172 0.228516
0 0.371094 0.372070 0.054688 0.255859
0 0.371094 0.575195 0.054688 0.197266
0 0.328125 0.591797 0.031250 0.171875
0 0.328125 0.404297 0.035156 0.230469
0 0.291992 0.437500 0.041016 0.214844
0 0.291016 0.603516 0.039062 0.160156
0 0.372070 0.782227 0.056641 0.236328
0 0.324219 0.777344 0.042969 0.214844
0 0.289062 0.776367 0.042969 0.197266
0 0.253906 0.458984 0.031250 0.203125
0 0.254883 0.621094 0.033203 0.144531
0 0.228516 0.630859 0.023438 0.136719
0 0.205078 0.636719 0.023438 0.128906
0 0.177734 0.645508 0.035156 0.123047
0 0.228516 0.481445 0.023438 0.185547
0 0.203125 0.497070 0.027344 0.177734
0 0.173828 0.514648 0.027344 0.162109
0 0.255859 0.717773 0.035156 0.068359
0 0.256836 0.783203 0.037109 0.062500
0 0.228516 0.724609 0.023438 0.062500
0 0.205078 0.725586 0.023438 0.060547
0 0.178711 0.730469 0.037109 0.054688
0 0.168945 0.780273 0.017578 0.048828
0 0.188477 0.780273 0.017578 0.052734
0 0.208984 0.781250 0.015625 0.054688
0 0.228516 0.783203 0.019531 0.058594
0 0.254883 0.843750 0.033203 0.066406
0 0.225586 0.839844 0.029297 0.058594
0 0.204102 0.838867 0.013672 0.056641
0 0.187500 0.835938 0.019531 0.050781
0 0.167969 0.833984 0.019531 0.054688
