0 0.590820 0.136719 0.107422 0.269531
0 0.480469 0.201172 0.093750 0.398438
0 0.384766 0.286133 0.097656 0.466797
0 0.305664 0.400391 0.068359 0.386719
0 0.242188 0.483398 0.062500 0.322266
0 0.241211 0.688477 0.064453 0.201172
0 0.306641 0.645508 0.062500 0.236328
0 0.379883 0.583008 0.091797 0.302734
0 0.481445 0.575195 0.103516 0.576172
0 0.593750 0.509766 0.105469 0.679688
0 0.243164 0.829102 0.064453 0.126953
0 0.304688 0.817383 0.058594 0.150391
0 0.378906 0.796875 0.093750 0.195312
0 0.589844 0.921875 0.089844 0.156250
0 0.478516 0.927734 0.105469 0.144531
0 0.379883 0.941406 0.087891 0.117188
0 0.303711 0.942383 0.064453 0.103516
0 0.245117 0.946289 0.068359 0.107422
0 0.251953 0.155273 0.042969 0.224609
0 0.306641 0.092773 0.066406 0.181641
0 0.924805 0.361328 0.150391 0.656250
0 0.928711 0.780273 0.142578 0.232422
0 0.926758 0.942383 0.134766 0.115234
