0 0.035156 0.171875 0.062500 0.199219
0 0.119141 0.139648 0.101562 0.208984
0 0.221680 0.109375 0.115234 0.214844
0 0.346680 0.082031 0.111328 0.160156
0 0.529297 0.070312 0.250000 0.136719
0 0.030273 0.435547 0.056641 0.214844
0 0.113281 0.411133 0.101562 0.228516
0 0.222656 0.380859 0.113281 0.238281
0 0.349609 0.346680 0.136719 0.263672
0 0.532227 0.296875 0.228516 0.296875
0 0.680664 0.307617 0.064453 0.314453
0 0.781250 0.378906 0.128906 0.203125
0 0.922852 0.351562 0.154297 0.207031
0 0.784180 0.114258 0.134766 0.103516
0 0.926758 0.075195 0.146484 0.080078
0 0.682617 0.762695 0.072266 0.474609
0 0.531250 0.759766 0.234375 0.480469
0 0.341797 0.776367 0.125000 0.447266
0 0.221680 0.788086 0.111328 0.423828
0 0.117188 0.797852 0.093750 0.404297
0 0.032227 0.801758 0.060547 0.392578
