0 0.253906 0.515373 0.296875 0.939971
0 0.492188 0.332357 0.250000 0.579795
0 0.717773 0.373353 0.261719 0.670571
3 0.094238 0.869693 0.081055 0.213763
3 0.026855 0.829429 0.022461 0.068814
3 0.398438 0.893119 0.062500 0.210835
3 0.477051 0.874817 0.083008 0.250366
3 0.540527 0.846266 0.067383 0.257687
3 0.586426 0.759883 0.032227 0.128843
3 0.603516 0.750366 0.027344 0.065886
3 0.636719 0.751830 0.050781 0.127379
3 0.705078 0.762079 0.058594 0.115666
3 0.771484 0.755490 0.082031 0.146413
3 0.877930 0.882870 0.085938 0.234261
