0 0.260742 0.514648 0.154297 0.568359
0 0.390625 0.480469 0.101562 0.605469
0 0.260742 0.197266 0.158203 0.234375
0 0.399414 0.113281 0.119141 0.222656
0 0.134766 0.268555 0.101562 0.181641
0 0.138672 0.564453 0.085938 0.500000
0 0.295898 0.891602 0.291016 0.216797
0 0.125977 0.904297 0.060547 0.191406
0 0.509766 0.478516 0.097656 0.609375
0 0.631836 0.578125 0.087891 0.511719
0 0.713867 0.640625 0.072266 0.429688
0 0.782227 0.693359 0.068359 0.375000
0 0.853516 0.747070 0.074219 0.310547
0 0.518555 0.135742 0.115234 0.259766
0 0.624023 0.258789 0.099609 0.240234
0 0.711914 0.374023 0.080078 0.208984
0 0.775391 0.465820 0.054688 0.154297
0 0.812500 0.516602 0.023438 0.111328
0 0.842773 0.559570 0.033203 0.130859
0 0.866211 0.591797 0.021484 0.089844
0 0.888672 0.615234 0.027344 0.089844
