0 0.145946 0.139205 0.070270 0.077652
0 0.216216 0.138258 0.070270 0.075758
0 0.287162 0.138258 0.071622 0.075758
0 0.358108 0.139205 0.070270 0.077652
0 0.429054 0.139205 0.071622 0.077652
0 0.500000 0.138258 0.070270 0.075758
0 0.569595 0.140152 0.068919 0.071970
0 0.145270 0.212121 0.068919 0.068182
0 0.215541 0.213068 0.071622 0.066288
0 0.286486 0.214015 0.070270 0.068182
0 0.357432 0.213068 0.071622 0.070076
0 0.429054 0.213068 0.071622 0.070076
0 0.500676 0.213068 0.071622 0.070076
0 0.570946 0.212121 0.068919 0.068182
0 0.139189 0.409091 0.078378 0.321970
0 0.215541 0.297348 0.071622 0.098485
0 0.212838 0.419508 0.068919 0.142045
0 0.210811 0.532197 0.072973 0.079545
0 0.286486 0.410038 0.070270 0.320076
0 0.358108 0.409091 0.072973 0.321970
0 0.430405 0.409091 0.071622 0.321970
0 0.502027 0.529356 0.071622 0.081439
0 0.502703 0.419508 0.070270 0.138258
0 0.502027 0.298295 0.068919 0.104167
0 0.574324 0.408144 0.075676 0.323864
0 0.135811 0.604167 0.074324 0.068182
0 0.208784 0.603220 0.071622 0.066288
0 0.282432 0.605114 0.075676 0.062500
0 0.356081 0.604167 0.071622 0.060606
0 0.428378 0.603220 0.072973 0.062500
0 0.501351 0.602273 0.072973 0.060606
0 0.575000 0.602273 0.074324 0.060606
0 0.131081 0.805871 0.086486 0.339015
0 0.207432 0.689394 0.074324 0.102273
0 0.204054 0.814394 0.075676 0.147727
0 0.201351 0.931818 0.075676 0.083333
0 0.279730 0.804924 0.072973 0.329545
0 0.354730 0.802083 0.077027 0.335227
0 0.429054 0.803977 0.071622 0.339015
0 0.502027 0.928977 0.074324 0.089015
0 0.503378 0.812500 0.071622 0.143939
0 0.503378 0.686553 0.071622 0.107955
0 0.577027 0.801136 0.075676 0.337121
0 0.124324 0.989583 0.078378 0.020833
0 0.201351 0.987689 0.075676 0.024621
0 0.276351 0.986742 0.077027 0.022727
0 0.352703 0.986742 0.075676 0.026515
0 0.427027 0.986742 0.072973 0.026515
0 0.502703 0.987689 0.075676 0.024621
0 0.577027 0.986742 0.075676 0.026515
0 0.084459 0.133523 0.036486 0.077652
0 0.083108 0.212121 0.039189 0.071970
0 0.078378 0.409091 0.051351 0.325758
0 0.070946 0.605114 0.039189 0.070076
0 0.066216 0.804924 0.051351 0.340909
