0 0.120946 0.141988 0.055405 0.113590
0 0.170946 0.141988 0.044595 0.113590
0 0.215541 0.140974 0.047297 0.107505
0 0.264189 0.141988 0.047297 0.113590
0 0.311486 0.144016 0.050000 0.105477
0 0.359459 0.140974 0.045946 0.107505
0 0.406081 0.138945 0.050000 0.103448
0 0.453378 0.138945 0.050000 0.103448
0 0.501351 0.136917 0.048649 0.107505
0 0.550676 0.139959 0.052703 0.109533
0 0.597297 0.138945 0.045946 0.107505
0 0.647297 0.136917 0.054054 0.111562
0 0.695946 0.137931 0.043243 0.109533
0 0.742568 0.135903 0.052703 0.109533
0 0.790541 0.136917 0.056757 0.107505
0 0.839189 0.139959 0.059459 0.109533
0 0.885811 0.136917 0.055405 0.111562
0 0.935135 0.138945 0.059459 0.107505
0 0.031081 0.148073 0.054054 0.113590
0 0.074324 0.146045 0.048649 0.125761
0 0.025000 0.212982 0.039189 0.032454
0 0.068919 0.212982 0.048649 0.032454
0 0.117568 0.212982 0.048649 0.040568
0 0.165541 0.209939 0.047297 0.038540
0 0.212838 0.211968 0.047297 0.030426
0 0.259459 0.210953 0.048649 0.032454
0 0.308784 0.208925 0.050000 0.032454
0 0.358108 0.207911 0.048649 0.034483
0 0.406081 0.207911 0.050000 0.034483
0 0.453378 0.209939 0.050000 0.034483
0 0.503378 0.209939 0.050000 0.034483
0 0.022973 0.242394 0.040541 0.030426
0 0.066892 0.242394 0.052703 0.030426
0 0.115541 0.242394 0.050000 0.026369
0 0.162838 0.242394 0.050000 0.026369
0 0.211486 0.242394 0.047297 0.030426
0 0.258784 0.239351 0.050000 0.028398
0 0.308108 0.239351 0.048649 0.028398
0 0.357432 0.239351 0.047297 0.032454
0 0.404730 0.237323 0.050000 0.028398
0 0.454730 0.236308 0.050000 0.030426
0 0.503378 0.236308 0.050000 0.022312
0 0.020946 0.313387 0.039189 0.107505
0 0.062162 0.314402 0.051351 0.109533
0 0.108784 0.312373 0.055405 0.113590
0 0.158784 0.312373 0.052703 0.113590
0 0.206757 0.312373 0.056757 0.109533
0 0.256081 0.311359 0.050000 0.111562
0 0.304054 0.311359 0.051351 0.115619
0 0.354730 0.310345 0.047297 0.113590
0 0.405405 0.309331 0.051351 0.119675
0 0.452703 0.310345 0.045946 0.113590
0 0.503378 0.307302 0.050000 0.115619
0 0.014865 0.385396 0.027027 0.036511
0 0.052703 0.387424 0.048649 0.036511
0 0.101351 0.386410 0.051351 0.034483
0 0.152703 0.385396 0.051351 0.032454
0 0.201351 0.386410 0.051351 0.034483
0 0.252027 0.385396 0.050000 0.036511
0 0.302027 0.385396 0.050000 0.032454
0 0.353378 0.383367 0.050000 0.032454
0 0.403378 0.386410 0.050000 0.034483
0 0.452703 0.385396 0.048649 0.032454
0 0.502703 0.382353 0.051351 0.030426
0 0.013514 0.417850 0.024324 0.028398
0 0.050000 0.416836 0.051351 0.030426
0 0.100000 0.417850 0.051351 0.032454
0 0.150000 0.416836 0.051351 0.034483
0 0.201351 0.416836 0.048649 0.034483
0 0.250000 0.415822 0.051351 0.028398
0 0.300676 0.415822 0.050000 0.032454
0 0.351351 0.413793 0.048649 0.028398
0 0.402027 0.413793 0.052703 0.028398
0 0.453378 0.413793 0.050000 0.028398
0 0.502703 0.414807 0.051351 0.026369
0 0.012838 0.494929 0.022973 0.125761
0 0.043243 0.494929 0.048649 0.125761
0 0.094595 0.493915 0.051351 0.123732
0 0.145946 0.493915 0.054054 0.123732
0 0.193243 0.492901 0.054054 0.125761
0 0.244595 0.492901 0.054054 0.125761
0 0.295946 0.492901 0.054054 0.125761
0 0.350000 0.491886 0.051351 0.123732
0 0.400000 0.490872 0.054054 0.125761
0 0.452703 0.489858 0.054054 0.127789
0 0.502027 0.489858 0.055405 0.127789
0 0.007432 0.573022 0.012162 0.038540
0 0.036486 0.574037 0.051351 0.040568
0 0.086486 0.574037 0.056757 0.044625
0 0.138514 0.574037 0.052703 0.040568
0 0.189189 0.573022 0.054054 0.042596
0 0.242568 0.573022 0.052703 0.038540
0 0.293919 0.573022 0.055405 0.038540
0 0.347973 0.573022 0.055405 0.034483
0 0.400676 0.573022 0.050000 0.038540
0 0.451351 0.572008 0.054054 0.036511
0 0.504054 0.570994 0.054054 0.034483
0 0.033784 0.607505 0.051351 0.034483
0 0.085135 0.606491 0.054054 0.032454
0 0.135135 0.608519 0.051351 0.032454
0 0.187838 0.607505 0.054054 0.030426
0 0.240541 0.608519 0.051351 0.032454
0 0.292568 0.608519 0.052703 0.032454
0 0.345946 0.606491 0.054054 0.032454
0 0.399324 0.605477 0.052703 0.030426
0 0.451351 0.606491 0.051351 0.028398
0 0.504730 0.606491 0.052703 0.032454
0 0.032432 0.689655 0.054054 0.133874
0 0.079054 0.687627 0.063514 0.133874
0 0.129730 0.687627 0.056757 0.133874
0 0.184459 0.687627 0.060811 0.133874
0 0.237162 0.688641 0.055405 0.131846
0 0.287838 0.688641 0.056757 0.131846
0 0.343243 0.689655 0.054054 0.133874
0 0.396622 0.688641 0.052703 0.131846
0 0.451351 0.689655 0.054054 0.133874
0 0.505405 0.688641 0.054054 0.135903
0 0.022973 0.772819 0.043243 0.036511
0 0.072297 0.774848 0.055405 0.040568
0 0.124324 0.773834 0.054054 0.042596
0 0.179054 0.773834 0.055405 0.042596
0 0.232432 0.775862 0.054054 0.042596
0 0.287162 0.773834 0.058108 0.038540
0 0.341216 0.777890 0.055405 0.042596
0 0.395946 0.776876 0.054054 0.040568
0 0.450676 0.776876 0.055405 0.036511
0 0.506081 0.775862 0.055405 0.038540
0 0.022973 0.812373 0.043243 0.034483
0 0.069595 0.810345 0.052703 0.034483
0 0.122973 0.812373 0.054054 0.034483
0 0.176351 0.812373 0.055405 0.038540
0 0.231081 0.812373 0.054054 0.038540
0 0.285135 0.812373 0.056757 0.034483
0 0.340541 0.813387 0.054054 0.036511
0 0.395270 0.814402 0.055405 0.034483
0 0.450676 0.811359 0.055405 0.032454
0 0.505405 0.813387 0.054054 0.036511
0 0.020946 0.901623 0.039189 0.148073
0 0.063514 0.899594 0.059459 0.144016
0 0.119595 0.900609 0.052703 0.141988
0 0.170946 0.898580 0.058108 0.146045
0 0.225676 0.900609 0.054054 0.146045
0 0.281081 0.901623 0.054054 0.148073
0 0.337838 0.902637 0.054054 0.146045
0 0.393243 0.903651 0.056757 0.144016
0 0.449324 0.902637 0.052703 0.141988
0 0.505405 0.902637 0.056757 0.146045
0 0.016892 0.985801 0.028378 0.028398
0 0.060135 0.984787 0.055405 0.030426
0 0.115541 0.984787 0.055405 0.030426
0 0.168243 0.985801 0.055405 0.028398
0 0.226351 0.985801 0.058108 0.028398
0 0.281081 0.985801 0.056757 0.028398
0 0.337162 0.986815 0.060811 0.026369
0 0.394595 0.986815 0.062162 0.026369
0 0.450000 0.985801 0.062162 0.028398
0 0.504730 0.984787 0.058108 0.022312
0 0.554054 0.239351 0.048649 0.032454
0 0.603378 0.235294 0.047297 0.032454
0 0.651351 0.235294 0.048649 0.032454
0 0.700000 0.235294 0.051351 0.032454
0 0.747973 0.237323 0.050000 0.032454
0 0.795946 0.235294 0.051351 0.028398
0 0.846622 0.234280 0.050000 0.030426
0 0.894595 0.237323 0.048649 0.028398
0 0.939189 0.237323 0.043243 0.036511
0 0.554730 0.309331 0.050000 0.119675
0 0.604054 0.309331 0.051351 0.115619
0 0.652703 0.309331 0.054054 0.115619
0 0.702703 0.309331 0.056757 0.115619
0 0.753378 0.310345 0.055405 0.117647
0 0.802027 0.308316 0.058108 0.113590
0 0.851351 0.309331 0.059459 0.115619
0 0.900000 0.305274 0.056757 0.111562
0 0.939865 0.309331 0.044595 0.111562
0 0.553378 0.383367 0.050000 0.032454
0 0.604054 0.382353 0.051351 0.034483
0 0.655405 0.384381 0.051351 0.034483
0 0.704730 0.383367 0.052703 0.036511
0 0.755405 0.383367 0.054054 0.036511
0 0.806081 0.381339 0.052703 0.036511
0 0.856081 0.380325 0.055405 0.034483
0 0.906081 0.382353 0.055405 0.038540
0 0.943919 0.382353 0.031081 0.038540
0 0.556081 0.416836 0.052703 0.030426
0 0.606757 0.414807 0.054054 0.030426
0 0.656081 0.414807 0.052703 0.034483
0 0.706757 0.412779 0.054054 0.030426
0 0.757432 0.413793 0.050000 0.032454
0 0.808108 0.413793 0.051351 0.032454
0 0.858108 0.415822 0.054054 0.032454
0 0.908784 0.412779 0.052703 0.030426
0 0.556081 0.493915 0.055405 0.127789
0 0.608108 0.493915 0.054054 0.123732
0 0.658784 0.492901 0.055405 0.121704
0 0.710811 0.490872 0.056757 0.121704
0 0.762162 0.490872 0.059459 0.121704
0 0.812838 0.489858 0.060811 0.119675
0 0.866216 0.492901 0.059459 0.125761
0 0.918243 0.490872 0.060811 0.121704
0 0.556081 0.570994 0.055405 0.038540
0 0.608108 0.572008 0.054054 0.036511
0 0.660135 0.570994 0.055405 0.038540
0 0.712838 0.570994 0.055405 0.034483
0 0.765541 0.568966 0.055405 0.034483
0 0.818919 0.570994 0.054054 0.038540
0 0.870946 0.567951 0.050000 0.036511
0 0.922973 0.568966 0.054054 0.034483
0 0.556757 0.608519 0.054054 0.032454
0 0.610811 0.605477 0.054054 0.034483
0 0.661486 0.604462 0.055405 0.036511
0 0.714865 0.606491 0.054054 0.036511
0 0.768243 0.604462 0.055405 0.036511
0 0.820946 0.605477 0.055405 0.034483
0 0.872973 0.604462 0.054054 0.032454
0 0.927027 0.603448 0.054054 0.034483
0 0.557432 0.688641 0.055405 0.135903
0 0.612162 0.690669 0.056757 0.131846
0 0.664865 0.688641 0.056757 0.135903
0 0.718919 0.688641 0.059459 0.127789
0 0.770946 0.688641 0.060811 0.131846
0 0.826351 0.687627 0.060811 0.137931
0 0.879730 0.688641 0.062162 0.127789
0 0.926351 0.686613 0.052703 0.131846
0 0.559459 0.776876 0.054054 0.036511
0 0.612838 0.774848 0.055405 0.036511
0 0.666892 0.774848 0.058108 0.040568
0 0.722297 0.774848 0.055405 0.040568
0 0.777027 0.774848 0.054054 0.040568
0 0.831081 0.775862 0.056757 0.042596
0 0.884459 0.771805 0.058108 0.038540
0 0.936486 0.773834 0.051351 0.042596
0 0.559459 0.812373 0.056757 0.034483
0 0.613514 0.815416 0.054054 0.040568
0 0.668243 0.813387 0.058108 0.040568
0 0.725000 0.813387 0.055405 0.036511
0 0.779054 0.812373 0.058108 0.034483
0 0.831757 0.813387 0.055405 0.032454
0 0.886486 0.810345 0.056757 0.034483
0 0.934459 0.811359 0.041892 0.032454
0 0.615541 0.902637 0.052703 0.141988
0 0.562838 0.987830 0.055405 0.020284
0 0.614865 0.986815 0.054054 0.022312
0 0.672297 0.902637 0.060811 0.141988
0 0.727703 0.901623 0.060811 0.139959
0 0.784459 0.901623 0.060811 0.139959
0 0.838514 0.900609 0.060811 0.141988
0 0.895270 0.900609 0.066216 0.141988
0 0.935135 0.899594 0.040541 0.144016
0 0.731757 0.986815 0.055405 0.026369
0 0.787838 0.984787 0.059459 0.026369
0 0.840541 0.985801 0.054054 0.028398
0 0.894595 0.985801 0.056757 0.028398
0 0.940541 0.985801 0.032432 0.028398
0 0.034459 0.078093 0.047297 0.026369
0 0.079054 0.077079 0.044595 0.024341
0 0.125676 0.077079 0.045946 0.024341
0 0.175000 0.078093 0.044595 0.026369
0 0.218919 0.075051 0.045946 0.028398
0 0.039189 0.051724 0.045946 0.022312
0 0.083784 0.054767 0.045946 0.028398
0 0.130405 0.049696 0.044595 0.030426
0 0.176351 0.048682 0.047297 0.028398
0 0.221622 0.049696 0.045946 0.026369
0 0.266216 0.074037 0.045946 0.026369
0 0.268243 0.049696 0.050000 0.026369
0 0.315541 0.047667 0.047297 0.026369
0 0.314865 0.073022 0.048649 0.028398
0 0.362162 0.046653 0.045946 0.028398
0 0.361486 0.073022 0.047297 0.024341
0 0.043919 0.021298 0.050000 0.038540
0 0.089865 0.021298 0.052703 0.038540
0 0.131757 0.020284 0.047297 0.036511
0 0.177703 0.020284 0.050000 0.036511
0 0.222973 0.020284 0.048649 0.036511
0 0.269595 0.019270 0.050000 0.034483
0 0.318919 0.019270 0.048649 0.034483
0 0.364189 0.017241 0.047297 0.030426
0 0.408108 0.073022 0.045946 0.024341
0 0.455405 0.073022 0.048649 0.028398
0 0.503378 0.070994 0.047297 0.028398
0 0.550676 0.070994 0.047297 0.028398
0 0.597973 0.072008 0.047297 0.026369
0 0.645946 0.070994 0.048649 0.024341
0 0.692568 0.070994 0.044595 0.024341
0 0.739189 0.070994 0.048649 0.024341
0 0.785811 0.069980 0.044595 0.026369
0 0.410135 0.044625 0.044595 0.028398
0 0.456081 0.042596 0.047297 0.024341
0 0.503378 0.043611 0.047297 0.022312
0 0.550000 0.044625 0.045946 0.024341
0 0.596622 0.043611 0.047297 0.026369
0 0.643919 0.043611 0.047297 0.026369
0 0.690541 0.043611 0.045946 0.026369
0 0.737162 0.043611 0.047297 0.026369
0 0.783784 0.041582 0.045946 0.030426
0 0.456757 0.016227 0.048649 0.028398
0 0.504730 0.017241 0.047297 0.030426
0 0.551351 0.016227 0.048649 0.028398
0 0.596622 0.016227 0.047297 0.028398
0 0.644595 0.014199 0.051351 0.024341
0 0.690541 0.015213 0.045946 0.026369
0 0.737838 0.017241 0.048649 0.030426
0 0.783108 0.014199 0.044595 0.024341
0 0.832432 0.072008 0.048649 0.030426
0 0.879054 0.073022 0.050000 0.024341
0 0.925676 0.074037 0.045946 0.026369
0 0.970270 0.072008 0.045946 0.026369
0 0.831757 0.046653 0.047297 0.032454
0 0.829730 0.016227 0.045946 0.028398
0 0.877703 0.044625 0.050000 0.032454
0 0.875676 0.017241 0.043243 0.030426
0 0.922973 0.046653 0.048649 0.028398
0 0.968919 0.046653 0.048649 0.032454
0 0.924324 0.018256 0.048649 0.032454
0 0.970946 0.017241 0.052703 0.030426
