0 0.789062 0.048828 0.078125 0.093750
0 0.865234 0.047852 0.070312 0.083984
0 0.934570 0.045898 0.068359 0.087891
0 0.787109 0.160156 0.074219 0.128906
0 0.863281 0.154297 0.078125 0.140625
0 0.940430 0.151367 0.076172 0.134766
0 0.941406 0.278320 0.074219 0.119141
0 0.866211 0.281250 0.076172 0.113281
0 0.785156 0.285156 0.085938 0.121094
0 0.789062 0.398438 0.093750 0.105469
0 0.869141 0.394531 0.066406 0.113281
0 0.942383 0.394531 0.080078 0.113281
0 0.942383 0.567383 0.080078 0.232422
0 0.868164 0.561523 0.068359 0.244141
0 0.793945 0.563477 0.080078 0.248047
0 0.794922 0.815430 0.082031 0.255859
0 0.870117 0.815430 0.068359 0.259766
0 0.940430 0.816406 0.072266 0.250000
0 0.068359 0.182617 0.132812 0.310547
0 0.229492 0.185547 0.193359 0.304688
0 0.403320 0.183594 0.154297 0.308594
0 0.609375 0.188477 0.257812 0.318359
0 0.613281 0.495117 0.250000 0.294922
0 0.407227 0.494141 0.162109 0.296875
0 0.231445 0.491211 0.189453 0.291016
0 0.069336 0.488281 0.134766 0.296875
0 0.070312 0.732422 0.132812 0.179688
0 0.231445 0.729492 0.189453 0.185547
0 0.407227 0.727539 0.162109 0.181641
0 0.612305 0.729492 0.248047 0.177734
0 0.072266 0.876953 0.140625 0.109375
0 0.235352 0.874023 0.185547 0.111328
0 0.411133 0.877930 0.166016 0.119141
0 0.617188 0.876953 0.246094 0.121094
