0 0.139648 0.584961 0.150391 0.455078
0 0.290039 0.520508 0.169922 0.517578
0 0.481445 0.443359 0.205078 0.589844
0 0.650391 0.375977 0.125000 0.623047
0 0.793945 0.480469 0.119141 0.367188
0 0.925781 0.430664 0.144531 0.388672
0 0.800781 0.175781 0.128906 0.347656
0 0.931641 0.160156 0.136719 0.304688
0 0.134766 0.882812 0.140625 0.222656
0 0.288086 0.872070 0.158203 0.251953
0 0.475586 0.845703 0.228516 0.300781
0 0.658203 0.830078 0.128906 0.328125
0 0.791016 0.815430 0.136719 0.349609
0 0.928711 0.794922 0.134766 0.402344
