0 0.095703 0.056641 0.042969 0.109375
0 0.140625 0.051758 0.062500 0.099609
0 0.201172 0.049805 0.062500 0.095703
0 0.093750 0.236328 0.035156 0.183594
0 0.140625 0.236328 0.062500 0.183594
0 0.201172 0.234375 0.058594 0.179688
0 0.268555 0.232422 0.076172 0.183594
0 0.199219 0.465820 0.062500 0.177734
0 0.139648 0.470703 0.056641 0.167969
0 0.096680 0.470703 0.029297 0.167969
0 0.094727 0.670898 0.033203 0.134766
0 0.140625 0.669922 0.058594 0.136719
0 0.198242 0.666992 0.056641 0.130859
0 0.199219 0.854492 0.054688 0.134766
0 0.142578 0.856445 0.058594 0.130859
0 0.098633 0.852539 0.029297 0.123047
0 0.352539 0.050781 0.068359 0.097656
0 0.409180 0.047852 0.056641 0.091797
0 0.475586 0.047852 0.068359 0.091797
0 0.479492 0.219727 0.060547 0.201172
0 0.416992 0.222656 0.064453 0.195312
0 0.349609 0.223633 0.070312 0.197266
0 0.347656 0.446289 0.074219 0.185547
0 0.417969 0.440430 0.070312 0.193359
0 0.483398 0.437500 0.060547 0.187500
0 0.481445 0.657227 0.064453 0.142578
0 0.419922 0.659180 0.058594 0.138672
0 0.350586 0.659180 0.080078 0.138672
0 0.481445 0.846680 0.072266 0.138672
0 0.414062 0.849609 0.062500 0.132812
0 0.350586 0.847656 0.064453 0.128906
0 0.807617 0.845703 0.080078 0.148438
0 0.730469 0.846680 0.074219 0.146484
0 0.659180 0.846680 0.068359 0.146484
0 0.660156 0.644531 0.074219 0.160156
0 0.731445 0.645508 0.072266 0.158203
0 0.809570 0.643555 0.083984 0.154297
0 0.807617 0.428711 0.091797 0.169922
0 0.727539 0.428711 0.068359 0.169922
0 0.659180 0.428711 0.068359 0.169922
0 0.656250 0.202148 0.070312 0.177734
0 0.729492 0.198242 0.076172 0.169922
0 0.809570 0.193359 0.083984 0.179688
0 0.657227 0.034180 0.072266 0.064453
0 0.727539 0.030273 0.068359 0.056641
0 0.801758 0.030273 0.080078 0.056641
