0 0.737302 0.455471 0.046032 0.167939
0 0.399206 0.270992 0.084127 0.185751
0 0.453968 0.286260 0.028571 0.145038
0 0.482540 0.283715 0.028571 0.119593
0 0.321429 0.465649 0.077778 0.173028
0 0.397619 0.472010 0.074603 0.170483
0 0.267460 0.472010 0.026984 0.180662
0 0.270635 0.362595 0.014286 0.073791
0 0.287302 0.337150 0.015873 0.089059
0 0.303175 0.323155 0.015873 0.101781
0 0.319841 0.309160 0.017460 0.139949
0 0.341270 0.283715 0.025397 0.185751
0 0.587302 0.250636 0.019048 0.058524
0 0.615873 0.256997 0.038095 0.066158
0 0.643651 0.270992 0.020635 0.058524
0 0.669048 0.276081 0.023810 0.053435
0 0.698413 0.281170 0.034921 0.063613
0 0.725397 0.288804 0.015873 0.053435
0 0.572222 0.645038 0.061905 0.145038
