0 0.426758 0.133789 0.076172 0.115234
0 0.518555 0.133789 0.107422 0.115234
0 0.625000 0.133789 0.105469 0.115234
0 0.731445 0.134766 0.107422 0.113281
0 0.624023 0.311523 0.099609 0.095703
0 0.725586 0.312500 0.103516 0.093750
0 0.425781 0.492188 0.070312 0.109375
0 0.515625 0.494141 0.109375 0.105469
0 0.623047 0.496094 0.105469 0.109375
0 0.726562 0.499023 0.101562 0.103516
0 0.422852 0.687500 0.076172 0.109375
0 0.516602 0.688477 0.111328 0.107422
0 0.624023 0.688477 0.103516 0.107422
0 0.725586 0.690430 0.099609 0.103516
0 0.424805 0.885742 0.072266 0.107422
0 0.514648 0.886719 0.107422 0.105469
0 0.620117 0.886719 0.103516 0.105469
0 0.725586 0.885742 0.107422 0.107422
