0 0.106445 0.070312 0.166016 0.101562
0 0.293945 0.069336 0.169922 0.083984
0 0.477539 0.067383 0.181641 0.083984
0 0.666992 0.066406 0.197266 0.085938
0 0.865234 0.072266 0.199219 0.097656
0 0.109375 0.229492 0.171875 0.111328
0 0.290039 0.234375 0.189453 0.101562
0 0.477539 0.235352 0.185547 0.103516
0 0.666016 0.238281 0.191406 0.097656
0 0.865234 0.243164 0.207031 0.107422
0 0.104492 0.395508 0.185547 0.103516
0 0.286133 0.397461 0.177734 0.099609
0 0.473633 0.396484 0.197266 0.097656
0 0.667969 0.396484 0.191406 0.097656
0 0.865234 0.396484 0.203125 0.097656
0 0.102539 0.571289 0.177734 0.103516
0 0.285156 0.574219 0.187500 0.097656
0 0.475586 0.570312 0.193359 0.089844
0 0.664062 0.571289 0.183594 0.087891
0 0.860352 0.574219 0.208984 0.093750
0 0.106445 0.735352 0.185547 0.115234
0 0.289062 0.743164 0.175781 0.103516
0 0.472656 0.741211 0.191406 0.107422
0 0.666016 0.742188 0.195312 0.109375
0 0.864258 0.740234 0.201172 0.113281
0 0.100586 0.881836 0.181641 0.111328
0 0.284180 0.883789 0.185547 0.107422
0 0.472656 0.881836 0.191406 0.103516
0 0.664062 0.884766 0.191406 0.097656
0 0.864258 0.884766 0.208984 0.097656
