1 0.084473 0.431186 0.083008 0.273792
0 0.024414 0.365300 0.044922 0.089312
0 0.023926 0.454612 0.045898 0.089312
0 0.024414 0.522694 0.044922 0.046852
0 0.134277 0.367496 0.022461 0.090776
0 0.134277 0.453880 0.022461 0.081991
0 0.133789 0.521230 0.021484 0.052709
0 0.221680 0.366032 0.146484 0.090776
0 0.221680 0.451684 0.146484 0.080527
0 0.221680 0.519766 0.146484 0.055637
0 0.368164 0.364568 0.140625 0.090776
0 0.367676 0.453880 0.141602 0.087848
0 0.368652 0.523426 0.143555 0.051245
0 0.512695 0.523426 0.144531 0.051245
0 0.512207 0.453880 0.145508 0.087848
0 0.511719 0.363104 0.144531 0.093704
0 0.654297 0.363836 0.140625 0.095168
0 0.654297 0.454612 0.140625 0.086384
0 0.654785 0.523426 0.141602 0.051245
0 0.795410 0.367496 0.139648 0.087848
0 0.932129 0.367496 0.133789 0.087848
0 0.796387 0.452416 0.137695 0.084919
0 0.932617 0.453880 0.134766 0.081991
0 0.795410 0.522694 0.139648 0.055637
0 0.932129 0.522694 0.131836 0.052709
