0 0.188514 0.321501 0.104054 0.204868
0 0.291892 0.325558 0.102703 0.212982
0 0.389865 0.335700 0.095946 0.200811
0 0.479730 0.345842 0.081081 0.192698
0 0.188514 0.163286 0.104054 0.115619
0 0.292568 0.177485 0.101351 0.115619
0 0.391216 0.186613 0.095946 0.121704
0 0.479730 0.197769 0.081081 0.111562
0 0.188514 0.076065 0.104054 0.070994
0 0.190541 0.031440 0.105405 0.058824
0 0.291892 0.039554 0.100000 0.075051
0 0.294595 0.090264 0.100000 0.070994
0 0.389865 0.106491 0.095946 0.066937
0 0.389865 0.045639 0.093243 0.087221
0 0.481757 0.116633 0.085135 0.054767
0 0.479730 0.051724 0.086486 0.099391
0 0.188514 0.452333 0.106757 0.077079
0 0.291216 0.459432 0.104054 0.075051
0 0.388514 0.467546 0.101351 0.066937
0 0.479730 0.469574 0.086486 0.062880
0 0.188514 0.543611 0.104054 0.109533
0 0.289865 0.534483 0.101351 0.083164
0 0.389865 0.545639 0.093243 0.109533
0 0.480405 0.553753 0.085135 0.105477
0 0.387838 0.697769 0.083784 0.190669
0 0.188514 0.697769 0.101351 0.202840
0 0.263514 0.687627 0.018919 0.198783
0 0.306757 0.692698 0.045946 0.196755
0 0.554730 0.544625 0.050000 0.123732
0 0.558108 0.697769 0.045946 0.219067
0 0.610811 0.515213 0.062162 0.162272
0 0.608784 0.702840 0.066216 0.245436
0 0.685135 0.487830 0.086486 0.184584
0 0.683108 0.698783 0.087838 0.290061
0 0.786486 0.443205 0.118919 0.225152
0 0.883784 0.402637 0.070270 0.229209
0 0.787838 0.688641 0.118919 0.346856
0 0.882432 0.692698 0.064865 0.383367
4 0.291892 0.688641 0.108108 0.229209
3 0.425000 0.603448 0.039189 0.087221
3 0.476351 0.606491 0.071622 0.133874
