0 0.027344 0.028320 0.050781 0.048828
0 0.091797 0.031250 0.082031 0.046875
0 0.204102 0.028320 0.142578 0.052734
0 0.346680 0.021484 0.142578 0.039062
0 0.487305 0.021484 0.138672 0.039062
0 0.632812 0.025391 0.152344 0.046875
0 0.747070 0.025391 0.076172 0.046875
0 0.025391 0.126953 0.046875 0.136719
0 0.089844 0.125000 0.082031 0.140625
0 0.199219 0.125977 0.136719 0.142578
0 0.340820 0.124023 0.146484 0.146484
0 0.484375 0.123047 0.140625 0.144531
0 0.630859 0.125000 0.152344 0.140625
0 0.745117 0.125000 0.076172 0.140625
0 0.026367 0.318359 0.048828 0.148438
0 0.093750 0.322266 0.085938 0.140625
0 0.202148 0.322266 0.130859 0.140625
0 0.342773 0.318359 0.150391 0.148438
0 0.489258 0.315430 0.142578 0.142578
0 0.636719 0.318359 0.152344 0.136719
0 0.750977 0.323242 0.076172 0.146484
0 0.025391 0.520508 0.046875 0.158203
0 0.091797 0.517578 0.078125 0.152344
0 0.202148 0.516602 0.142578 0.154297
0 0.344727 0.516602 0.142578 0.154297
0 0.488281 0.515625 0.144531 0.156250
0 0.634766 0.515625 0.148438 0.156250
0 0.748047 0.519531 0.078125 0.148438
0 0.025391 0.725586 0.046875 0.158203
0 0.091797 0.725586 0.078125 0.162109
0 0.201172 0.723633 0.140625 0.158203
0 0.343750 0.723633 0.144531 0.158203
0 0.490234 0.727539 0.148438 0.166016
0 0.640625 0.726562 0.152344 0.167969
0 0.751953 0.724609 0.070312 0.164062
0 0.027344 0.927734 0.050781 0.140625
0 0.093750 0.927734 0.082031 0.140625
0 0.204102 0.925781 0.138672 0.136719
0 0.345703 0.925781 0.144531 0.136719
0 0.490234 0.921875 0.144531 0.128906
0 0.637695 0.921875 0.150391 0.128906
0 0.753906 0.925781 0.082031 0.136719
2 0.894531 0.500977 0.207031 0.998047
