0 0.073242 0.638672 0.119141 0.238281
0 0.067383 0.851562 0.130859 0.234375
0 0.192383 0.631836 0.111328 0.220703
0 0.184570 0.837891 0.126953 0.238281
0 0.076172 0.206055 0.125000 0.259766
0 0.073242 0.420898 0.126953 0.208984
0 0.195312 0.252930 0.101562 0.216797
0 0.191406 0.432617 0.109375 0.181641
0 0.299805 0.365234 0.095703 0.351562
0 0.388672 0.394531 0.082031 0.300781
0 0.457031 0.416016 0.062500 0.250000
0 0.296875 0.625000 0.097656 0.195312
0 0.298828 0.797852 0.093750 0.205078
0 0.388672 0.771484 0.085938 0.175781
0 0.387695 0.616211 0.083984 0.158203
0 0.456055 0.614258 0.072266 0.146484
0 0.461914 0.755859 0.060547 0.160156
0 0.071289 0.063477 0.119141 0.123047
0 0.188477 0.099609 0.111328 0.195312
0 0.295898 0.129883 0.099609 0.236328
0 0.393555 0.192383 0.080078 0.208984
0 0.463867 0.239258 0.060547 0.162109
0 0.298828 0.047852 0.109375 0.091797
0 0.393555 0.081055 0.080078 0.158203
0 0.465820 0.114258 0.060547 0.166016
0 0.507812 0.178711 0.039062 0.087891
0 0.541016 0.213867 0.027344 0.060547
0 0.506836 0.270508 0.029297 0.138672
0 0.541016 0.292969 0.027344 0.128906
0 0.508789 0.432617 0.033203 0.220703
0 0.539062 0.442383 0.027344 0.197266
0 0.507812 0.604492 0.035156 0.130859
0 0.538086 0.601562 0.029297 0.121094
0 0.507812 0.738281 0.035156 0.136719
0 0.539062 0.726562 0.023438 0.136719
0 0.563477 0.722656 0.029297 0.125000
0 0.564453 0.597656 0.023438 0.121094
0 0.568359 0.449219 0.019531 0.179688
0 0.568359 0.302734 0.019531 0.140625
