0 0.134766 0.257812 0.105469 0.187500
0 0.134766 0.068359 0.066406 0.132812
0 0.222656 0.060547 0.117188 0.117188
0 0.334961 0.035156 0.111328 0.066406
0 0.232422 0.232422 0.097656 0.207031
0 0.333008 0.200195 0.123047 0.216797
0 0.471680 0.165039 0.150391 0.255859
0 0.646484 0.128906 0.187500 0.253906
0 0.869141 0.110352 0.257812 0.216797
0 0.127930 0.471680 0.115234 0.169922
0 0.225586 0.461914 0.099609 0.177734
0 0.331055 0.452148 0.123047 0.193359
0 0.461914 0.431641 0.146484 0.210938
0 0.869141 0.517578 0.257812 0.531250
0 0.117188 0.672852 0.121094 0.162109
0 0.212891 0.674805 0.113281 0.158203
0 0.324219 0.673828 0.132812 0.167969
0 0.461914 0.673828 0.162109 0.175781
