0 0.286348 0.267831 0.069149 0.026201
0 0.284574 0.346434 0.065603 0.125182
0 0.389184 0.302766 0.129433 0.136827
0 0.494681 0.297671 0.078014 0.138282
0 0.389184 0.389374 0.125887 0.042213
0 0.492908 0.385735 0.081560 0.034934
0 0.287234 0.459971 0.070922 0.032023
0 0.388298 0.508734 0.131206 0.129549
0 0.493794 0.507278 0.079787 0.132460
0 0.285461 0.534934 0.067376 0.117904
0 0.388298 0.588792 0.131206 0.033479
0 0.493794 0.588064 0.079787 0.034934
0 0.276596 0.729258 0.031915 0.142649
0 0.318262 0.729258 0.040780 0.145560
0 0.353723 0.731441 0.015957 0.147016
0 0.522163 0.732897 0.019504 0.149927
0 0.679078 0.698690 0.024823 0.090247
0 0.748227 0.697234 0.039007 0.093159
0 0.806738 0.698690 0.063830 0.093159
0 0.703901 0.701601 0.024823 0.096070
0 0.849291 0.326783 0.120567 0.085881
0 0.756206 0.343523 0.058511 0.069869
0 0.610816 0.538574 0.026596 0.131004
0 0.745567 0.532023 0.037234 0.144105
0 0.781915 0.526929 0.024823 0.157205
0 0.822695 0.522562 0.028369 0.151383
