0 0.546875 0.257812 0.121094 0.257812
0 0.663086 0.296875 0.107422 0.246094
0 0.767578 0.339844 0.101562 0.238281
0 0.546875 0.505859 0.121094 0.285156
0 0.664062 0.535156 0.113281 0.277344
0 0.773438 0.560547 0.101562 0.269531
0 0.545898 0.770508 0.119141 0.259766
0 0.665039 0.781250 0.111328 0.242188
0 0.770508 0.786133 0.107422 0.240234
0 0.542969 0.948242 0.113281 0.103516
0 0.663086 0.942383 0.115234 0.095703
0 0.770508 0.946289 0.107422 0.091797
0 0.162109 0.589844 0.054688 0.332031
0 0.221680 0.442383 0.056641 0.220703
0 0.221680 0.616211 0.064453 0.216797
0 0.286133 0.578125 0.056641 0.242188
0 0.319336 0.280273 0.138672 0.451172
0 0.354492 0.525391 0.064453 0.281250
0 0.241211 0.796875 0.044922 0.214844
0 0.292969 0.781250 0.062500 0.238281
0 0.353516 0.760742 0.070312 0.271484
0 0.666992 0.137695 0.115234 0.166016
0 0.772461 0.174805 0.107422 0.134766
0 0.156250 0.957031 0.046875 0.085938
0 0.197266 0.951172 0.039062 0.097656
0 0.244141 0.951172 0.042969 0.097656
0 0.289062 0.948242 0.042969 0.103516
0 0.334961 0.946289 0.044922 0.107422
0 0.378906 0.947266 0.039062 0.105469
