0 0.670000 0.328750 0.100000 0.037500
0 0.771667 0.332500 0.096667 0.040000
0 0.668333 0.372500 0.103333 0.050000
0 0.769167 0.375000 0.098333 0.050000
0 0.668333 0.413750 0.103333 0.037500
0 0.769167 0.413750 0.098333 0.032500
0 0.459167 0.401250 0.081667 0.087500
0 0.534167 0.401250 0.068333 0.087500
0 0.295000 0.415000 0.036667 0.065000
0 0.330833 0.415000 0.031667 0.065000
0 0.242500 0.397500 0.028333 0.030000
0 0.172500 0.397500 0.035000 0.035000
0 0.120000 0.655000 0.033333 0.110000
0 0.152500 0.655000 0.031667 0.110000
0 0.119167 0.581250 0.035000 0.032500
0 0.152500 0.581250 0.031667 0.032500
0 0.365000 0.643750 0.033333 0.137500
0 0.426667 0.640000 0.063333 0.040000
0 0.426667 0.680000 0.063333 0.035000
0 0.481667 0.636250 0.016667 0.042500
0 0.483333 0.676250 0.016667 0.037500
0 0.770833 0.527500 0.095000 0.050000
0 0.771667 0.575000 0.096667 0.045000
0 0.771667 0.623750 0.096667 0.047500
0 0.770833 0.672500 0.098333 0.050000
0 0.669167 0.673750 0.098333 0.047500
0 0.670000 0.623750 0.096667 0.047500
0 0.612500 0.625000 0.018333 0.045000
0 0.611667 0.672500 0.016667 0.045000
1 0.288333 0.636250 0.030000 0.212500
