0 0.029785 0.101757 0.053711 0.200586
0 0.096191 0.101025 0.079102 0.199122
0 0.174805 0.103221 0.080078 0.194729
0 0.255859 0.101025 0.082031 0.199122
0 0.331543 0.101025 0.081055 0.199122
0 0.409668 0.103953 0.075195 0.199122
0 0.485352 0.103953 0.078125 0.204978
0 0.563965 0.105417 0.077148 0.202050
0 0.641602 0.103221 0.076172 0.200586
0 0.716797 0.101757 0.072266 0.200586
0 0.791504 0.102489 0.079102 0.202050
0 0.866699 0.104685 0.073242 0.206442
0 0.945312 0.104685 0.072266 0.206442
0 0.028809 0.413616 0.053711 0.355783
0 0.095215 0.417277 0.077148 0.357247
0 0.173340 0.420205 0.079102 0.351391
0 0.253418 0.418009 0.081055 0.346999
0 0.332520 0.418741 0.077148 0.345534
0 0.410156 0.422401 0.078125 0.352855
0 0.487305 0.423133 0.076172 0.351391
0 0.564941 0.419473 0.079102 0.344070
0 0.642090 0.420937 0.075195 0.341142
0 0.719727 0.423133 0.080078 0.345534
0 0.796875 0.423865 0.074219 0.344070
0 0.873047 0.423133 0.078125 0.342606
0 0.950195 0.420937 0.076172 0.346999
0 0.027832 0.767936 0.053711 0.265007
0 0.096191 0.770132 0.081055 0.260615
0 0.174316 0.767936 0.075195 0.256223
0 0.253418 0.768668 0.083008 0.254758
0 0.334473 0.767936 0.079102 0.253294
0 0.414062 0.767936 0.080078 0.253294
0 0.491211 0.766471 0.074219 0.250366
0 0.565918 0.766471 0.075195 0.250366
0 0.025879 0.969253 0.047852 0.061493
0 0.095703 0.967057 0.085938 0.065886
0 0.175293 0.968521 0.079102 0.062958
0 0.253418 0.967057 0.079102 0.065886
0 0.333984 0.967789 0.080078 0.064422
0 0.412598 0.967789 0.079102 0.064422
0 0.492188 0.964861 0.080078 0.070278
0 0.569336 0.961933 0.078125 0.076135
0 0.649902 0.967057 0.079102 0.065886
0 0.729980 0.967057 0.084961 0.065886
0 0.806641 0.967789 0.083984 0.064422
0 0.884766 0.967789 0.080078 0.064422
0 0.959961 0.961201 0.080078 0.062958
