0 0.176758 0.712891 0.072266 0.066406
0 0.177734 0.775391 0.070312 0.058594
0 0.285156 0.712891 0.066406 0.058594
0 0.285156 0.772461 0.066406 0.060547
0 0.511719 0.715820 0.078125 0.052734
0 0.512695 0.774414 0.076172 0.064453
0 0.609375 0.713867 0.070312 0.064453
0 0.608398 0.776367 0.072266 0.060547
0 0.718750 0.715820 0.070312 0.060547
0 0.717773 0.776367 0.072266 0.060547
0 0.509766 0.535156 0.085938 0.058594
0 0.509766 0.597656 0.085938 0.066406
0 0.614258 0.541016 0.072266 0.054688
0 0.620117 0.602539 0.060547 0.068359
0 0.715820 0.542969 0.076172 0.054688
0 0.713867 0.599609 0.080078 0.058594
0 0.832031 0.537109 0.062500 0.054688
0 0.832031 0.597656 0.062500 0.066406
0 0.509766 0.421875 0.082031 0.074219
0 0.509766 0.352539 0.082031 0.056641
