0 0.115234 0.099609 0.140625 0.195312
0 0.120117 0.238281 0.146484 0.234375
0 0.118164 0.390625 0.146484 0.238281
0 0.117188 0.545898 0.148438 0.220703
0 0.123047 0.699219 0.164062 0.203125
0 0.129883 0.847656 0.169922 0.175781
0 0.127930 0.954102 0.158203 0.091797
0 0.508789 0.046875 0.080078 0.089844
0 0.575195 0.073242 0.068359 0.142578
0 0.640625 0.092773 0.058594 0.181641
0 0.699219 0.129883 0.058594 0.197266
0 0.754883 0.174805 0.052734 0.185547
0 0.797852 0.218750 0.037109 0.160156
0 0.836914 0.242188 0.041016 0.164062
0 0.875000 0.278320 0.031250 0.142578
0 0.897461 0.294922 0.029297 0.140625
0 0.344727 0.062500 0.083984 0.121094
0 0.268555 0.030273 0.076172 0.056641
0 0.429688 0.092773 0.085938 0.181641
0 0.507812 0.129883 0.085938 0.201172
0 0.579102 0.178711 0.064453 0.181641
0 0.640625 0.224609 0.062500 0.160156
0 0.701172 0.266602 0.058594 0.158203
0 0.750977 0.304688 0.044922 0.148438
0 0.802734 0.336914 0.027344 0.126953
0 0.834961 0.361328 0.037109 0.125000
0 0.869141 0.382812 0.031250 0.113281
0 0.904297 0.412109 0.027344 0.128906
0 0.341797 0.460938 0.093750 0.691406
0 0.427734 0.490234 0.082031 0.652344
0 0.504883 0.518555 0.076172 0.607422
0 0.575195 0.541992 0.068359 0.560547
0 0.640625 0.568359 0.058594 0.527344
0 0.696289 0.536133 0.052734 0.388672
0 0.745117 0.559570 0.044922 0.376953
0 0.693359 0.779297 0.046875 0.113281
0 0.742188 0.787109 0.039062 0.117188
0 0.339844 0.863281 0.085938 0.148438
0 0.344727 0.968750 0.076172 0.062500
0 0.422852 0.868164 0.087891 0.150391
0 0.422852 0.968750 0.087891 0.062500
0 0.504883 0.874023 0.072266 0.130859
0 0.503906 0.967773 0.070312 0.064453
0 0.576172 0.878906 0.066406 0.140625
0 0.576172 0.971680 0.066406 0.056641
0 0.639648 0.886719 0.060547 0.128906
0 0.642578 0.972656 0.062500 0.054688
0 0.692383 0.890625 0.044922 0.121094
0 0.695312 0.973633 0.050781 0.048828
0 0.744141 0.919922 0.050781 0.160156
0 0.789062 0.533203 0.042969 0.269531
0 0.831055 0.555664 0.041016 0.244141
0 0.860352 0.565430 0.033203 0.224609
0 0.883789 0.576172 0.017578 0.218750
0 0.906250 0.586914 0.039062 0.212891
0 0.786133 0.926758 0.037109 0.146484
0 0.827148 0.931641 0.037109 0.136719
0 0.867188 0.935547 0.035156 0.128906
0 0.897461 0.934570 0.025391 0.130859
0 0.787109 0.755859 0.035156 0.199219
0 0.821289 0.764648 0.029297 0.197266
0 0.844727 0.769531 0.029297 0.187500
0 0.873047 0.776367 0.031250 0.189453
0 0.904297 0.780273 0.039062 0.185547
