0 0.808594 0.195312 0.125000 0.140625
0 0.933594 0.162109 0.132812 0.136719
0 0.727539 0.219727 0.037109 0.115234
0 0.659180 0.229492 0.099609 0.130859
0 0.595703 0.247070 0.027344 0.107422
0 0.526367 0.262695 0.103516 0.119141
0 0.438477 0.285156 0.080078 0.105469
0 0.344727 0.305664 0.111328 0.111328
0 0.256836 0.326172 0.064453 0.097656
0 0.198242 0.336914 0.048828 0.091797
0 0.139648 0.348633 0.076172 0.091797
0 0.944336 0.282227 0.064453 0.130859
0 0.984375 0.273438 0.023438 0.125000
0 0.976562 0.435547 0.035156 0.210938
0 0.936523 0.442383 0.044922 0.197266
0 0.895508 0.387695 0.033203 0.322266
0 0.838867 0.398438 0.091797 0.324219
0 0.770508 0.409180 0.048828 0.302734
0 0.730469 0.415039 0.039062 0.291016
0 0.689453 0.420898 0.050781 0.294922
0 0.641602 0.430664 0.044922 0.287109
0 0.606445 0.436523 0.033203 0.283203
0 0.564453 0.441406 0.050781 0.285156
0 0.518555 0.447266 0.044922 0.273438
0 0.485352 0.456055 0.029297 0.267578
0 0.438477 0.459961 0.080078 0.267578
0 0.391602 0.467773 0.025391 0.255859
0 0.342773 0.475586 0.076172 0.259766
0 0.278320 0.484375 0.068359 0.250000
0 0.236328 0.493164 0.027344 0.236328
0 0.214844 0.494141 0.019531 0.230469
0 0.177734 0.495117 0.062500 0.232422
0 0.132812 0.444336 0.035156 0.099609
0 0.130859 0.554688 0.031250 0.121094
0 0.127930 0.625977 0.029297 0.025391
0 0.127930 0.677734 0.033203 0.082031
0 0.127930 0.760742 0.033203 0.087891
0 0.125977 0.811523 0.033203 0.009766
0 0.127930 0.852539 0.033203 0.072266
0 0.188477 0.719727 0.068359 0.177734
0 0.273438 0.714844 0.058594 0.187500
0 0.234375 0.718750 0.027344 0.187500
0 0.339844 0.711914 0.078125 0.189453
0 0.392578 0.709961 0.027344 0.193359
0 0.436523 0.706055 0.068359 0.193359
0 0.484375 0.706055 0.023438 0.197266
0 0.541992 0.702148 0.095703 0.205078
0 0.604492 0.700195 0.033203 0.208984
0 0.642578 0.698242 0.046875 0.208984
0 0.685547 0.695312 0.039062 0.214844
0 0.723633 0.691406 0.037109 0.218750
0 0.764648 0.690430 0.048828 0.216797
0 0.833984 0.686523 0.093750 0.232422
0 0.899414 0.658203 0.029297 0.167969
0 0.955078 0.699219 0.070312 0.105469
0 0.938477 0.605469 0.041016 0.085938
0 0.969727 0.604492 0.021484 0.087891
0 0.902344 0.792969 0.031250 0.074219
0 0.954102 0.795898 0.072266 0.068359
0 0.901367 0.914062 0.029297 0.171875
0 0.937500 0.911133 0.039062 0.173828
0 0.971680 0.910156 0.029297 0.175781
0 0.837891 0.912109 0.093750 0.160156
0 0.765625 0.907227 0.050781 0.154297
0 0.721680 0.876953 0.037109 0.093750
0 0.678711 0.875977 0.044922 0.095703
0 0.637695 0.875000 0.029297 0.089844
0 0.552734 0.874023 0.097656 0.087891
0 0.491211 0.867188 0.025391 0.082031
0 0.463867 0.867188 0.033203 0.082031
0 0.369141 0.861328 0.023438 0.078125
0 0.256836 0.861328 0.076172 0.070312
0 0.203125 0.854492 0.042969 0.068359
0 0.166992 0.853516 0.033203 0.066406
0 0.610352 0.877930 0.017578 0.095703
0 0.427734 0.865234 0.039062 0.074219
0 0.394531 0.862305 0.027344 0.076172
0 0.336914 0.859375 0.044922 0.074219
0 0.305664 0.861328 0.025391 0.078125
