5 0.428952 0.800357 0.158082 0.106952
5 0.259325 0.806595 0.174067 0.108734
0 0.334813 0.474153 0.055062 0.117647
0 0.389876 0.473262 0.055062 0.119430
0 0.443162 0.472371 0.051510 0.117647
0 0.496448 0.473262 0.055062 0.115865
0 0.648313 0.479501 0.071048 0.142602
0 0.718472 0.480392 0.069272 0.140820
0 0.600355 0.739750 0.056838 0.181818
0 0.654529 0.739750 0.051510 0.181818
0 0.707815 0.739750 0.055062 0.181818
0 0.761989 0.741533 0.053286 0.178253
0 0.831261 0.743316 0.042629 0.110517
4 0.506217 0.765597 0.053286 0.122995
