0 0.499023 0.044922 0.087891 0.085938
0 0.587891 0.059570 0.082031 0.103516
0 0.668945 0.081055 0.087891 0.103516
0 0.750977 0.101562 0.076172 0.097656
0 0.825195 0.121094 0.072266 0.089844
0 0.499023 0.246094 0.091797 0.339844
0 0.588867 0.120117 0.087891 0.056641
0 0.672852 0.143555 0.083984 0.060547
0 0.752930 0.158203 0.083984 0.054688
0 0.827148 0.308594 0.076172 0.312500
0 0.750000 0.307617 0.085938 0.283203
0 0.671875 0.303711 0.082031 0.298828
0 0.586914 0.279297 0.091797 0.304688
0 0.498047 0.441406 0.089844 0.058594
0 0.588867 0.452148 0.091797 0.064453
0 0.675781 0.465820 0.078125 0.052734
0 0.750977 0.475586 0.083984 0.052734
0 0.827148 0.479492 0.076172 0.048828
0 0.500977 0.647461 0.095703 0.353516
0 0.587891 0.497070 0.093750 0.052734
0 0.674805 0.509766 0.080078 0.046875
0 0.751953 0.510742 0.078125 0.044922
0 0.825195 0.519531 0.068359 0.042969
0 0.671875 0.666992 0.082031 0.287109
0 0.750977 0.671875 0.072266 0.289062
0 0.826172 0.674805 0.074219 0.279297
0 0.588867 0.823242 0.080078 0.029297
0 0.670898 0.825195 0.087891 0.037109
0 0.751953 0.828125 0.074219 0.031250
0 0.827148 0.832031 0.076172 0.039062
0 0.591797 0.918945 0.085938 0.162109
0 0.670898 0.919922 0.080078 0.160156
0 0.753906 0.920898 0.074219 0.158203
0 0.826172 0.921875 0.074219 0.156250
