0 0.366211 0.170898 0.162109 0.302734
0 0.520508 0.259766 0.095703 0.273438
0 0.609375 0.303711 0.082031 0.267578
0 0.523438 0.088867 0.085938 0.142578
0 0.615234 0.134766 0.062500 0.144531
0 0.708984 0.290039 0.078125 0.349609
0 0.784180 0.331055 0.068359 0.349609
0 0.857422 0.257812 0.039062 0.105469
0 0.913086 0.285156 0.060547 0.113281
0 0.863281 0.417969 0.062500 0.218750
0 0.924805 0.452148 0.060547 0.228516
0 0.141602 0.291992 0.099609 0.244141
0 0.233398 0.331055 0.083984 0.228516
0 0.333008 0.383789 0.080078 0.240234
0 0.410156 0.416016 0.062500 0.218750
0 0.522461 0.472656 0.080078 0.230469
0 0.612305 0.516602 0.076172 0.220703
0 0.717773 0.726562 0.083984 0.546875
0 0.792969 0.740234 0.074219 0.515625
0 0.866211 0.718750 0.056641 0.410156
0 0.924805 0.737305 0.060547 0.392578
0 0.899414 0.960938 0.126953 0.078125
0 0.137695 0.528320 0.095703 0.251953
0 0.230469 0.566406 0.078125 0.253906
0 0.330078 0.615234 0.085938 0.234375
0 0.410156 0.644531 0.062500 0.226562
0 0.133789 0.823242 0.095703 0.353516
0 0.223633 0.815430 0.083984 0.283203
0 0.332031 0.856445 0.082031 0.287109
0 0.416016 0.871094 0.085938 0.257812
0 0.528320 0.679688 0.087891 0.207031
0 0.525391 0.887695 0.089844 0.224609
0 0.618164 0.807617 0.099609 0.384766
0 0.024414 0.063477 0.044922 0.119141
0 0.030273 0.233398 0.056641 0.248047
0 0.025391 0.636719 0.046875 0.566406
0 0.622070 0.028320 0.091797 0.052734
0 0.797852 0.084961 0.068359 0.166016
0 0.892578 0.113281 0.093750 0.222656
0 0.976562 0.129883 0.042969 0.255859
0 0.723633 0.062500 0.072266 0.121094
