0 0.514160 0.040996 0.026367 0.055637
0 0.513672 0.095900 0.027344 0.054173
0 0.514160 0.150073 0.028320 0.054173
0 0.513672 0.204246 0.029297 0.054173
0 0.513184 0.256223 0.028320 0.049780
0 0.513184 0.307467 0.028320 0.052709
0 0.513184 0.361640 0.028320 0.055637
0 0.611816 0.010981 0.018555 0.019034
0 0.639648 0.010981 0.039062 0.019034
0 0.675293 0.010249 0.034180 0.017570
0 0.711914 0.011713 0.037109 0.020498
0 0.749023 0.010249 0.035156 0.017570
0 0.783691 0.010981 0.036133 0.019034
0 0.819336 0.010981 0.035156 0.019034
0 0.856445 0.012445 0.039062 0.021962
0 0.611816 0.043924 0.018555 0.052709
0 0.639160 0.043924 0.036133 0.052709
0 0.674805 0.043924 0.035156 0.052709
0 0.711426 0.045388 0.038086 0.049780
0 0.748047 0.046120 0.035156 0.051245
0 0.784180 0.046120 0.037109 0.051245
0 0.820312 0.046852 0.035156 0.052709
0 0.856934 0.047584 0.038086 0.051245
0 0.612305 0.096633 0.017578 0.049780
0 0.639160 0.095900 0.036133 0.051245
0 0.675293 0.095900 0.036133 0.051245
0 0.711426 0.095900 0.036133 0.051245
0 0.748047 0.095900 0.037109 0.051245
0 0.784180 0.097365 0.035156 0.048316
0 0.819336 0.099561 0.035156 0.052709
0 0.855469 0.099561 0.037109 0.052709
0 0.612793 0.149341 0.018555 0.055637
0 0.639648 0.150073 0.035156 0.054173
0 0.675781 0.147877 0.037109 0.049780
0 0.711914 0.147145 0.035156 0.051245
0 0.747559 0.149341 0.036133 0.055637
0 0.783203 0.150805 0.035156 0.052709
0 0.818848 0.150805 0.036133 0.052709
0 0.855957 0.151537 0.038086 0.051245
0 0.612793 0.202050 0.018555 0.052709
0 0.638672 0.202050 0.033203 0.052709
0 0.674805 0.201318 0.039062 0.051245
0 0.712402 0.200586 0.036133 0.055637
0 0.748047 0.201318 0.035156 0.057101
0 0.784180 0.203514 0.037109 0.052709
0 0.820312 0.203514 0.035156 0.052709
0 0.856445 0.203514 0.037109 0.052709
0 0.612793 0.254758 0.014648 0.052709
0 0.638672 0.254026 0.037109 0.054173
0 0.675781 0.253294 0.037109 0.052709
0 0.712402 0.253294 0.036133 0.052709
0 0.748535 0.253294 0.036133 0.052709
0 0.784180 0.254026 0.035156 0.051245
0 0.820312 0.255490 0.037109 0.054173
0 0.856934 0.256223 0.036133 0.052709
0 0.613770 0.306003 0.016602 0.052709
0 0.640137 0.306003 0.036133 0.052709
0 0.676270 0.306735 0.036133 0.054173
0 0.712402 0.306735 0.036133 0.054173
0 0.748047 0.307467 0.035156 0.055637
0 0.784668 0.308199 0.038086 0.054173
0 0.821289 0.308199 0.035156 0.054173
0 0.857422 0.308931 0.037109 0.052709
0 0.614258 0.357980 0.015625 0.054173
0 0.640625 0.352123 0.035156 0.042460
0 0.676758 0.352855 0.037109 0.040996
0 0.714355 0.352855 0.036133 0.038067
0 0.750000 0.352855 0.035156 0.038067
0 0.785645 0.354319 0.036133 0.040996
0 0.821289 0.354319 0.035156 0.040996
0 0.857422 0.360176 0.037109 0.052709
0 0.859375 0.412884 0.033203 0.052709
0 0.859863 0.464129 0.034180 0.049780
0 0.646484 0.444363 0.011719 0.083455
0 0.662598 0.446559 0.014648 0.084919
0 0.682617 0.447291 0.013672 0.080527
0 0.699219 0.447291 0.019531 0.080527
0 0.733887 0.447291 0.026367 0.080527
0 0.766113 0.448755 0.016602 0.077599
0 0.784180 0.449488 0.017578 0.079063
