0 0.040039 0.198242 0.037109 0.072266
0 0.081055 0.197266 0.044922 0.062500
0 0.125977 0.197266 0.044922 0.062500
0 0.166992 0.197266 0.037109 0.062500
0 0.206055 0.198242 0.041016 0.064453
0 0.249023 0.199219 0.044922 0.062500
0 0.290039 0.198242 0.037109 0.060547
0 0.331055 0.198242 0.044922 0.060547
0 0.374023 0.198242 0.041016 0.060547
0 0.415039 0.197266 0.041016 0.062500
0 0.454102 0.197266 0.037109 0.062500
0 0.499023 0.196289 0.052734 0.064453
0 0.547852 0.196289 0.044922 0.064453
0 0.589844 0.198242 0.039062 0.060547
0 0.627930 0.198242 0.037109 0.060547
0 0.662109 0.198242 0.031250 0.060547
0 0.012695 0.197266 0.021484 0.066406
0 0.013672 0.238281 0.023438 0.019531
0 0.042969 0.237305 0.035156 0.021484
0 0.083008 0.235352 0.044922 0.017578
0 0.125977 0.235352 0.041016 0.017578
0 0.166016 0.237305 0.039062 0.021484
0 0.206055 0.238281 0.041016 0.019531
0 0.249023 0.238281 0.044922 0.019531
0 0.291016 0.236328 0.039062 0.023438
0 0.331055 0.237305 0.041016 0.025391
0 0.372070 0.237305 0.041016 0.025391
0 0.412109 0.236328 0.039062 0.023438
0 0.451172 0.237305 0.039062 0.021484
0 0.480469 0.239258 0.019531 0.025391
0 0.508789 0.240234 0.037109 0.023438
0 0.546875 0.239258 0.039062 0.021484
0 0.585938 0.239258 0.039062 0.021484
0 0.625000 0.239258 0.039062 0.021484
0 0.662109 0.239258 0.035156 0.021484
0 0.009766 0.281250 0.015625 0.070312
0 0.038086 0.282227 0.041016 0.068359
0 0.078125 0.281250 0.039062 0.066406
0 0.119141 0.281250 0.042969 0.066406
0 0.161133 0.280273 0.041016 0.064453
0 0.204102 0.280273 0.044922 0.064453
0 0.246094 0.281250 0.039062 0.066406
0 0.288086 0.282227 0.044922 0.064453
0 0.330078 0.282227 0.039062 0.064453
0 0.372070 0.282227 0.044922 0.064453
0 0.413086 0.281250 0.037109 0.062500
0 0.451172 0.281250 0.039062 0.062500
0 0.481445 0.281250 0.021484 0.062500
0 0.510742 0.281250 0.037109 0.062500
0 0.549805 0.283203 0.041016 0.066406
0 0.588867 0.283203 0.037109 0.066406
0 0.625977 0.282227 0.037109 0.064453
0 0.661133 0.282227 0.033203 0.064453
0 0.009766 0.357422 0.015625 0.085938
0 0.039062 0.356445 0.042969 0.087891
0 0.079102 0.358398 0.041016 0.083984
0 0.120117 0.357422 0.041016 0.085938
0 0.161133 0.357422 0.041016 0.085938
0 0.204102 0.357422 0.044922 0.085938
0 0.247070 0.358398 0.041016 0.087891
0 0.287109 0.359375 0.039062 0.085938
0 0.328125 0.360352 0.042969 0.087891
0 0.371094 0.360352 0.042969 0.087891
0 0.412109 0.360352 0.039062 0.087891
0 0.451172 0.358398 0.039062 0.091797
0 0.482422 0.359375 0.023438 0.093750
0 0.512695 0.360352 0.037109 0.091797
0 0.549805 0.359375 0.037109 0.089844
0 0.586914 0.360352 0.037109 0.087891
0 0.625000 0.360352 0.039062 0.087891
0 0.661133 0.361328 0.033203 0.085938
0 0.007812 0.436523 0.011719 0.072266
0 0.036133 0.436523 0.044922 0.072266
0 0.078125 0.435547 0.039062 0.070312
0 0.118164 0.435547 0.041016 0.070312
0 0.160156 0.436523 0.042969 0.072266
0 0.202148 0.437500 0.041016 0.070312
0 0.245117 0.437500 0.044922 0.070312
0 0.287109 0.437500 0.039062 0.070312
0 0.329102 0.436523 0.044922 0.068359
0 0.372070 0.437500 0.041016 0.066406
0 0.411133 0.437500 0.037109 0.066406
0 0.449219 0.439453 0.039062 0.062500
0 0.478516 0.442383 0.019531 0.068359
0 0.507812 0.441406 0.039062 0.070312
0 0.547852 0.441406 0.041016 0.070312
0 0.586914 0.440430 0.037109 0.072266
0 0.625977 0.439453 0.041016 0.070312
0 0.662109 0.440430 0.031250 0.064453
0 0.009766 0.495117 0.015625 0.044922
0 0.038086 0.495117 0.041016 0.044922
0 0.079102 0.495117 0.041016 0.044922
0 0.119141 0.495117 0.039062 0.044922
0 0.161133 0.496094 0.044922 0.046875
0 0.203125 0.495117 0.039062 0.048828
0 0.246094 0.494141 0.046875 0.046875
0 0.287109 0.496094 0.035156 0.042969
0 0.327148 0.497070 0.044922 0.044922
0 0.371094 0.497070 0.042969 0.044922
0 0.412109 0.497070 0.039062 0.044922
0 0.451172 0.497070 0.039062 0.044922
0 0.479492 0.496094 0.017578 0.042969
0 0.508789 0.495117 0.041016 0.044922
0 0.547852 0.497070 0.037109 0.048828
0 0.585938 0.499023 0.039062 0.044922
0 0.625977 0.498047 0.041016 0.042969
0 0.662109 0.497070 0.031250 0.044922
0 0.009766 0.545898 0.015625 0.052734
0 0.038086 0.545898 0.041016 0.052734
0 0.080078 0.547852 0.042969 0.056641
0 0.120117 0.547852 0.037109 0.056641
0 0.160156 0.547852 0.042969 0.056641
0 0.204102 0.546875 0.044922 0.058594
0 0.246094 0.546875 0.039062 0.058594
0 0.285156 0.547852 0.039062 0.056641
0 0.329102 0.549805 0.048828 0.060547
0 0.375000 0.549805 0.042969 0.060547
0 0.416992 0.548828 0.041016 0.058594
0 0.455078 0.549805 0.035156 0.056641
0 0.480469 0.550781 0.015625 0.058594
0 0.506836 0.549805 0.037109 0.060547
0 0.548828 0.549805 0.046875 0.060547
0 0.589844 0.550781 0.035156 0.058594
0 0.626953 0.550781 0.039062 0.058594
0 0.660156 0.550781 0.027344 0.058594
0 0.007812 0.587891 0.011719 0.023438
0 0.035156 0.587891 0.042969 0.023438
0 0.078125 0.586914 0.042969 0.021484
0 0.119141 0.585938 0.039062 0.023438
0 0.161133 0.586914 0.041016 0.025391
0 0.202148 0.587891 0.041016 0.023438
0 0.244141 0.586914 0.042969 0.021484
0 0.284180 0.588867 0.037109 0.017578
0 0.326172 0.591797 0.046875 0.023438
0 0.370117 0.590820 0.041016 0.025391
0 0.408203 0.589844 0.035156 0.023438
0 0.449219 0.589844 0.046875 0.023438
0 0.481445 0.588867 0.017578 0.021484
0 0.504883 0.589844 0.029297 0.019531
0 0.540039 0.591797 0.041016 0.023438
0 0.581055 0.593750 0.041016 0.019531
0 0.624023 0.593750 0.044922 0.019531
0 0.008789 0.633789 0.013672 0.068359
0 0.035156 0.633789 0.039062 0.064453
0 0.076172 0.634766 0.042969 0.066406
0 0.119141 0.634766 0.042969 0.066406
0 0.161133 0.635742 0.041016 0.068359
0 0.202148 0.634766 0.041016 0.070312
0 0.244141 0.636719 0.042969 0.074219
0 0.284180 0.637695 0.037109 0.072266
0 0.326172 0.638672 0.046875 0.074219
0 0.370117 0.640625 0.041016 0.070312
0 0.409180 0.642578 0.037109 0.074219
0 0.449219 0.641602 0.042969 0.076172
0 0.479492 0.619141 0.017578 0.031250
0 0.503906 0.619141 0.031250 0.031250
0 0.540039 0.619141 0.041016 0.031250
0 0.581055 0.619141 0.041016 0.031250
0 0.623047 0.619141 0.042969 0.031250
0 0.661133 0.608398 0.033203 0.052734
0 0.008789 0.712891 0.013672 0.085938
0 0.036133 0.712891 0.041016 0.089844
0 0.079102 0.713867 0.044922 0.091797
0 0.122070 0.714844 0.041016 0.089844
0 0.162109 0.714844 0.039062 0.089844
0 0.204102 0.715820 0.044922 0.087891
0 0.247070 0.716797 0.041016 0.089844
0 0.285156 0.718750 0.035156 0.085938
0 0.324219 0.718750 0.042969 0.085938
0 0.368164 0.718750 0.044922 0.085938
0 0.412109 0.718750 0.042969 0.085938
0 0.452148 0.720703 0.037109 0.082031
0 0.492188 0.689453 0.042969 0.019531
0 0.535156 0.688477 0.042969 0.021484
0 0.578125 0.688477 0.042969 0.021484
0 0.619141 0.688477 0.039062 0.021484
0 0.661133 0.689453 0.044922 0.023438
0 0.662109 0.734375 0.042969 0.066406
0 0.622070 0.734375 0.044922 0.066406
0 0.578125 0.734375 0.042969 0.066406
0 0.536133 0.734375 0.041016 0.066406
0 0.495117 0.734375 0.041016 0.066406
0 0.008789 0.799805 0.013672 0.083984
0 0.035156 0.800781 0.039062 0.082031
0 0.081055 0.800781 0.048828 0.082031
0 0.124023 0.801758 0.037109 0.080078
0 0.162109 0.801758 0.039062 0.080078
0 0.204102 0.801758 0.044922 0.080078
0 0.246094 0.802734 0.039062 0.082031
0 0.284180 0.803711 0.037109 0.080078
0 0.325195 0.803711 0.044922 0.080078
0 0.369141 0.802734 0.042969 0.082031
0 0.412109 0.802734 0.042969 0.082031
0 0.453125 0.803711 0.039062 0.080078
0 0.495117 0.806641 0.044922 0.085938
0 0.537109 0.807617 0.039062 0.083984
0 0.578125 0.807617 0.042969 0.083984
0 0.620117 0.808594 0.041016 0.082031
0 0.660156 0.810547 0.039062 0.085938
0 0.008789 0.862305 0.013672 0.041016
0 0.037109 0.862305 0.039062 0.041016
0 0.080078 0.861328 0.046875 0.042969
0 0.122070 0.860352 0.037109 0.041016
0 0.161133 0.861328 0.041016 0.039062
0 0.205078 0.863281 0.046875 0.042969
0 0.246094 0.864258 0.035156 0.041016
0 0.283203 0.863281 0.039062 0.039062
0 0.325195 0.863281 0.044922 0.039062
0 0.368164 0.864258 0.041016 0.041016
0 0.409180 0.864258 0.041016 0.041016
0 0.453125 0.865234 0.046875 0.042969
0 0.497070 0.868164 0.041016 0.037109
0 0.536133 0.870117 0.037109 0.041016
0 0.577148 0.870117 0.044922 0.041016
0 0.619141 0.871094 0.039062 0.042969
0 0.659180 0.875000 0.041016 0.035156
0 0.687500 0.875977 0.015625 0.037109
0 0.689453 0.920898 0.011719 0.052734
0 0.661133 0.919922 0.044922 0.054688
0 0.618164 0.920898 0.041016 0.056641
0 0.575195 0.918945 0.044922 0.060547
0 0.534180 0.917969 0.037109 0.058594
0 0.496094 0.917969 0.039062 0.058594
0 0.456055 0.916992 0.041016 0.056641
0 0.412109 0.915039 0.046875 0.060547
0 0.369141 0.915039 0.039062 0.060547
0 0.327148 0.915039 0.044922 0.060547
0 0.286133 0.916992 0.037109 0.064453
0 0.249023 0.916992 0.037109 0.064453
0 0.205078 0.916016 0.050781 0.062500
0 0.160156 0.915039 0.039062 0.064453
0 0.121094 0.915039 0.039062 0.064453
0 0.080078 0.916016 0.042969 0.062500
0 0.035156 0.915039 0.046875 0.060547
0 0.033203 0.971680 0.042969 0.052734
0 0.078125 0.973633 0.046875 0.048828
0 0.120117 0.970703 0.037109 0.042969
0 0.160156 0.968750 0.042969 0.046875
0 0.203125 0.969727 0.042969 0.048828
0 0.247070 0.971680 0.044922 0.044922
0 0.288086 0.972656 0.037109 0.046875
0 0.327148 0.971680 0.041016 0.048828
0 0.370117 0.971680 0.044922 0.048828
0 0.415039 0.971680 0.044922 0.048828
0 0.456055 0.972656 0.037109 0.050781
0 0.495117 0.972656 0.041016 0.050781
0 0.537109 0.971680 0.042969 0.048828
0 0.579102 0.972656 0.041016 0.046875
0 0.621094 0.973633 0.042969 0.048828
0 0.662109 0.974609 0.039062 0.046875
0 0.689453 0.975586 0.015625 0.044922
