0 0.202637 0.322176 0.141602 0.094840
0 0.342285 0.324268 0.137695 0.090656
0 0.480469 0.324965 0.138672 0.092050
0 0.619141 0.326360 0.138672 0.089261
0 0.759277 0.327057 0.141602 0.090656
0 0.201172 0.412831 0.138672 0.094840
0 0.340820 0.414923 0.144531 0.087866
0 0.480957 0.417015 0.135742 0.092050
0 0.618652 0.418410 0.139648 0.089261
0 0.760742 0.417015 0.144531 0.086471
0 0.200684 0.511158 0.139648 0.090656
0 0.340332 0.511158 0.139648 0.090656
0 0.479492 0.514644 0.138672 0.097629
0 0.618164 0.514644 0.138672 0.097629
0 0.759277 0.515342 0.137695 0.096234
0 0.201172 0.608787 0.138672 0.093445
0 0.340820 0.611576 0.140625 0.087866
0 0.479980 0.608787 0.137695 0.082287
0 0.618164 0.608089 0.138672 0.083682
0 0.756836 0.610879 0.138672 0.089261
