0 0.059570 0.041016 0.052734 0.078125
0 0.103516 0.041016 0.035156 0.078125
0 0.143555 0.043945 0.044922 0.083984
0 0.181641 0.043945 0.031250 0.083984
0 0.228516 0.040039 0.058594 0.076172
0 0.275391 0.040039 0.035156 0.076172
0 0.316406 0.040039 0.046875 0.076172
0 0.354492 0.040039 0.029297 0.076172
0 0.390625 0.043945 0.042969 0.083984
0 0.437500 0.043945 0.050781 0.083984
0 0.481445 0.042969 0.037109 0.082031
0 0.518555 0.042969 0.037109 0.082031
0 0.563477 0.043945 0.052734 0.083984
0 0.608398 0.043945 0.037109 0.083984
0 0.650391 0.040039 0.046875 0.076172
0 0.691406 0.040039 0.035156 0.076172
0 0.729492 0.044922 0.041016 0.085938
0 0.767578 0.045898 0.035156 0.083984
0 0.812500 0.041992 0.054688 0.076172
0 0.860352 0.041016 0.041016 0.078125
0 0.901367 0.043945 0.041016 0.083984
0 0.944336 0.043945 0.044922 0.083984
0 0.982422 0.041992 0.031250 0.080078
0 0.056641 0.104492 0.050781 0.048828
0 0.100586 0.103516 0.037109 0.050781
0 0.139648 0.105469 0.041016 0.054688
0 0.179688 0.107422 0.039062 0.050781
0 0.222656 0.105469 0.046875 0.046875
0 0.266602 0.106445 0.041016 0.044922
0 0.307617 0.104492 0.041016 0.041016
0 0.350586 0.104492 0.044922 0.041016
0 0.392578 0.103516 0.039062 0.039062
0 0.433594 0.104492 0.042969 0.037109
0 0.476562 0.104492 0.042969 0.037109
0 0.517578 0.104492 0.039062 0.037109
0 0.558594 0.106445 0.042969 0.041016
0 0.602539 0.104492 0.044922 0.044922
0 0.648438 0.105469 0.046875 0.046875
0 0.690430 0.107422 0.037109 0.042969
0 0.728516 0.106445 0.039062 0.041016
0 0.767578 0.107422 0.039062 0.039062
0 0.808594 0.108398 0.042969 0.041016
0 0.855469 0.108398 0.050781 0.041016
0 0.900391 0.108398 0.039062 0.041016
0 0.942383 0.109375 0.044922 0.039062
0 0.980469 0.109375 0.031250 0.039062
0 0.982422 0.189453 0.027344 0.121094
0 0.945312 0.191406 0.046875 0.117188
0 0.899414 0.190430 0.044922 0.115234
0 0.859375 0.192383 0.039062 0.115234
0 0.814453 0.189453 0.050781 0.109375
0 0.769531 0.186523 0.039062 0.115234
0 0.733398 0.188477 0.033203 0.119141
0 0.696289 0.190430 0.041016 0.115234
0 0.651367 0.189453 0.048828 0.113281
0 0.606445 0.189453 0.041016 0.113281
0 0.562500 0.190430 0.046875 0.115234
0 0.519531 0.191406 0.039062 0.117188
0 0.477539 0.189453 0.044922 0.113281
0 0.432617 0.189453 0.044922 0.113281
0 0.389648 0.189453 0.041016 0.113281
0 0.348633 0.187500 0.041016 0.117188
0 0.312500 0.186523 0.031250 0.115234
0 0.274414 0.191406 0.044922 0.105469
0 0.228516 0.191406 0.046875 0.105469
0 0.181641 0.188477 0.046875 0.111328
0 0.139648 0.188477 0.037109 0.111328
0 0.103516 0.190430 0.035156 0.107422
0 0.059570 0.188477 0.052734 0.103516
0 0.054688 0.272461 0.046875 0.048828
0 0.098633 0.271484 0.041016 0.050781
0 0.139648 0.271484 0.041016 0.050781
0 0.182617 0.270508 0.044922 0.052734
0 0.225586 0.271484 0.041016 0.054688
0 0.267578 0.274414 0.042969 0.048828
0 0.308594 0.271484 0.039062 0.042969
0 0.350586 0.271484 0.044922 0.042969
0 0.391602 0.270508 0.037109 0.041016
0 0.432617 0.269531 0.044922 0.042969
0 0.478516 0.270508 0.046875 0.044922
0 0.519531 0.271484 0.035156 0.042969
0 0.559570 0.272461 0.044922 0.044922
0 0.601562 0.272461 0.039062 0.044922
0 0.644531 0.273438 0.046875 0.046875
0 0.691406 0.272461 0.046875 0.048828
0 0.732422 0.270508 0.035156 0.044922
0 0.767578 0.270508 0.035156 0.044922
0 0.813477 0.271484 0.056641 0.046875
0 0.858398 0.271484 0.033203 0.046875
0 0.897461 0.271484 0.044922 0.046875
0 0.942383 0.272461 0.044922 0.044922
0 0.982422 0.271484 0.035156 0.042969
0 0.077148 0.354492 0.091797 0.119141
0 0.141602 0.355469 0.041016 0.113281
0 0.180664 0.356445 0.037109 0.115234
0 0.222656 0.355469 0.046875 0.117188
0 0.268555 0.353516 0.044922 0.113281
0 0.309570 0.352539 0.037109 0.115234
0 0.349609 0.354492 0.042969 0.119141
0 0.391602 0.354492 0.041016 0.119141
0 0.434570 0.355469 0.044922 0.121094
0 0.479492 0.356445 0.044922 0.119141
0 0.520508 0.354492 0.037109 0.115234
0 0.559570 0.352539 0.041016 0.119141
0 0.600586 0.352539 0.041016 0.119141
0 0.644531 0.356445 0.046875 0.111328
0 0.688477 0.356445 0.041016 0.111328
0 0.730469 0.350586 0.042969 0.123047
0 0.771484 0.352539 0.039062 0.126953
0 0.813477 0.355469 0.044922 0.121094
0 0.856445 0.355469 0.041016 0.121094
0 0.896484 0.355469 0.039062 0.121094
0 0.940430 0.357422 0.048828 0.125000
0 0.982422 0.361328 0.035156 0.117188
0 0.076172 0.516602 0.093750 0.115234
0 0.142578 0.517578 0.039062 0.113281
0 0.182617 0.517578 0.041016 0.113281
0 0.224609 0.518555 0.042969 0.111328
0 0.270508 0.519531 0.048828 0.113281
0 0.313477 0.517578 0.037109 0.117188
0 0.351562 0.518555 0.039062 0.119141
0 0.391602 0.518555 0.041016 0.119141
0 0.435547 0.519531 0.046875 0.121094
0 0.480469 0.518555 0.042969 0.123047
0 0.521484 0.517578 0.039062 0.121094
0 0.559570 0.518555 0.037109 0.119141
0 0.598633 0.521484 0.041016 0.125000
0 0.641602 0.522461 0.044922 0.123047
0 0.685547 0.517578 0.042969 0.113281
0 0.727539 0.516602 0.041016 0.115234
0 0.768555 0.517578 0.041016 0.117188
0 0.814453 0.518555 0.050781 0.115234
0 0.857422 0.520508 0.035156 0.119141
0 0.892578 0.519531 0.035156 0.121094
0 0.938477 0.517578 0.056641 0.117188
0 0.981445 0.518555 0.029297 0.115234
0 0.073242 0.676758 0.091797 0.111328
0 0.142578 0.678711 0.046875 0.107422
0 0.039062 0.441406 0.074219 0.039062
0 0.097656 0.439453 0.042969 0.042969
0 0.040039 0.602539 0.076172 0.052734
0 0.099609 0.604492 0.042969 0.048828
0 0.142578 0.602539 0.042969 0.044922
0 0.182617 0.600586 0.037109 0.048828
0 0.222656 0.598633 0.042969 0.044922
0 0.265625 0.599609 0.042969 0.042969
0 0.309570 0.598633 0.044922 0.041016
0 0.351562 0.598633 0.039062 0.041016
0 0.388672 0.598633 0.035156 0.041016
0 0.429688 0.598633 0.046875 0.041016
0 0.473633 0.600586 0.041016 0.044922
0 0.515625 0.600586 0.042969 0.044922
0 0.558594 0.599609 0.042969 0.042969
0 0.600586 0.601562 0.041016 0.039062
0 0.641602 0.601562 0.041016 0.039062
0 0.685547 0.601562 0.046875 0.039062
0 0.729492 0.603516 0.041016 0.042969
0 0.771484 0.603516 0.042969 0.042969
0 0.812500 0.603516 0.039062 0.042969
0 0.852539 0.602539 0.041016 0.044922
0 0.894531 0.601562 0.042969 0.042969
0 0.936523 0.601562 0.041016 0.042969
0 0.976562 0.603516 0.039062 0.046875
0 0.069336 0.678711 0.083984 0.111328
0 0.136719 0.679688 0.050781 0.109375
0 0.180664 0.683594 0.037109 0.117188
0 0.222656 0.681641 0.046875 0.121094
0 0.267578 0.678711 0.042969 0.115234
0 0.310547 0.678711 0.042969 0.115234
0 0.352539 0.676758 0.044922 0.111328
0 0.392578 0.676758 0.035156 0.111328
0 0.476562 0.674805 0.132812 0.107422
0 0.561523 0.676758 0.037109 0.103516
0 0.601562 0.682617 0.042969 0.115234
0 0.642578 0.680664 0.039062 0.119141
0 0.709961 0.681641 0.095703 0.121094
0 0.776367 0.683594 0.037109 0.117188
0 0.817383 0.682617 0.044922 0.115234
0 0.857422 0.682617 0.035156 0.115234
0 0.897461 0.683594 0.044922 0.117188
0 0.958008 0.685547 0.076172 0.113281
0 0.053711 0.760742 0.048828 0.044922
0 0.096680 0.759766 0.037109 0.042969
0 0.139648 0.759766 0.048828 0.042969
0 0.180664 0.760742 0.033203 0.041016
0 0.221680 0.759766 0.048828 0.039062
0 0.264648 0.758789 0.037109 0.041016
0 0.304688 0.759766 0.042969 0.042969
0 0.347656 0.760742 0.042969 0.041016
0 0.388672 0.761719 0.039062 0.042969
0 0.432617 0.760742 0.048828 0.044922
0 0.479492 0.758789 0.044922 0.041016
0 0.522461 0.758789 0.041016 0.041016
0 0.564453 0.758789 0.042969 0.041016
0 0.603516 0.758789 0.035156 0.041016
0 0.640625 0.760742 0.039062 0.044922
0 0.683594 0.760742 0.046875 0.044922
0 0.730469 0.758789 0.046875 0.041016
0 0.773438 0.759766 0.039062 0.039062
0 0.816406 0.762695 0.046875 0.044922
0 0.858398 0.762695 0.037109 0.044922
0 0.896484 0.762695 0.039062 0.044922
0 0.938477 0.766602 0.044922 0.037109
0 0.979492 0.766602 0.037109 0.037109
0 0.956055 0.844727 0.083984 0.119141
0 0.895508 0.843750 0.037109 0.121094
0 0.858398 0.841797 0.037109 0.117188
0 0.818359 0.841797 0.042969 0.117188
0 0.773438 0.840820 0.046875 0.115234
0 0.723633 0.839844 0.052734 0.117188
0 0.680664 0.839844 0.033203 0.117188
0 0.645508 0.840820 0.037109 0.115234
0 0.606445 0.842773 0.041016 0.119141
0 0.565430 0.843750 0.041016 0.117188
0 0.477539 0.840820 0.134766 0.111328
0 0.390625 0.840820 0.039062 0.111328
0 0.351562 0.840820 0.039062 0.111328
0 0.289062 0.839844 0.085938 0.113281
0 0.225586 0.840820 0.041016 0.115234
0 0.186523 0.841797 0.037109 0.113281
0 0.146484 0.839844 0.042969 0.109375
0 0.075195 0.836914 0.099609 0.115234
0 0.053711 0.919922 0.048828 0.039062
0 0.100586 0.917969 0.044922 0.042969
0 0.144531 0.918945 0.042969 0.044922
0 0.185547 0.920898 0.039062 0.041016
0 0.224609 0.919922 0.039062 0.039062
0 0.265625 0.919922 0.042969 0.039062
0 0.307617 0.917969 0.041016 0.035156
0 0.349609 0.916992 0.042969 0.037109
0 0.390625 0.918945 0.039062 0.041016
0 0.430664 0.921875 0.041016 0.035156
0 0.473633 0.921875 0.044922 0.035156
0 0.519531 0.919922 0.046875 0.039062
0 0.563477 0.921875 0.041016 0.042969
0 0.604492 0.921875 0.041016 0.042969
0 0.644531 0.920898 0.039062 0.041016
0 0.681641 0.919922 0.035156 0.042969
0 0.724609 0.917969 0.050781 0.039062
0 0.771484 0.917969 0.042969 0.039062
0 0.818359 0.921875 0.050781 0.046875
0 0.860352 0.923828 0.033203 0.042969
0 0.897461 0.921875 0.041016 0.039062
0 0.937500 0.921875 0.039062 0.039062
0 0.975586 0.921875 0.037109 0.039062
