0 0.052246 0.438475 0.043945 0.388215
0 0.094238 0.440208 0.040039 0.384749
0 0.151367 0.438475 0.044922 0.388215
0 0.188477 0.445407 0.044922 0.395147
0 0.251465 0.298960 0.038086 0.150780
0 0.254883 0.508666 0.042969 0.275563
0 0.290527 0.429809 0.041992 0.419411
0 0.329102 0.435875 0.041016 0.421144
0 0.368164 0.432409 0.041016 0.414211
0 0.405762 0.430676 0.040039 0.414211
0 0.443848 0.430676 0.040039 0.414211
0 0.482422 0.431542 0.041016 0.415945
0 0.521484 0.430676 0.039062 0.417678
0 0.558594 0.431542 0.039062 0.422877
0 0.596191 0.433276 0.036133 0.426343
0 0.634766 0.429809 0.037109 0.415945
0 0.674805 0.296360 0.037109 0.152513
0 0.674316 0.506932 0.038086 0.268631
0 0.737793 0.445407 0.036133 0.409012
0 0.775879 0.445407 0.040039 0.409012
0 0.833008 0.447140 0.039062 0.409012
0 0.869141 0.444541 0.041016 0.407279
