0 0.235840 0.429825 0.198242 0.681287
0 0.438965 0.430556 0.208008 0.682749
0 0.630371 0.656433 0.174805 0.230994
0 0.630371 0.314327 0.174805 0.453216
0 0.066406 0.317982 0.126953 0.448830
0 0.065430 0.045322 0.128906 0.087719
0 0.232422 0.046053 0.199219 0.089181
0 0.437012 0.044591 0.206055 0.086257
0 0.629883 0.042398 0.179688 0.081871
0 0.781250 0.426170 0.121094 0.685673
0 0.780762 0.044591 0.116211 0.086257
0 0.069336 0.660088 0.134766 0.232456
0 0.068848 0.885234 0.135742 0.214912
0 0.237793 0.887427 0.200195 0.225146
0 0.439941 0.886696 0.206055 0.226608
0 0.631836 0.885965 0.179688 0.228070
0 0.781738 0.885234 0.116211 0.229532
0 0.861816 0.856725 0.040039 0.239766
0 0.901367 0.830409 0.037109 0.222222
0 0.937988 0.804094 0.034180 0.210526
0 0.969238 0.779971 0.028320 0.197368
0 0.991699 0.762427 0.016602 0.194444
0 0.863770 0.425439 0.041992 0.669591
0 0.902344 0.418860 0.035156 0.630117
0 0.937500 0.415936 0.033203 0.597953
0 0.969727 0.414474 0.029297 0.568713
0 0.992188 0.411550 0.013672 0.536550
0 0.863770 0.055556 0.043945 0.108187
0 0.905273 0.062865 0.037109 0.122807
0 0.938477 0.069444 0.029297 0.135965
0 0.970215 0.072368 0.028320 0.141813
0 0.992188 0.073099 0.013672 0.143275
