0 0.025879 0.470029 0.047852 0.109649
0 0.025879 0.652778 0.047852 0.255848
0 0.026367 0.856725 0.048828 0.152047
0 0.212402 0.467836 0.143555 0.114035
0 0.212402 0.653509 0.143555 0.257310
0 0.212891 0.861111 0.144531 0.157895
0 0.355469 0.860380 0.140625 0.159357
0 0.355957 0.649854 0.139648 0.261696
0 0.357910 0.467105 0.143555 0.103801
0 0.491699 0.464912 0.124023 0.099415
0 0.626465 0.467105 0.145508 0.095029
0 0.770996 0.471491 0.143555 0.103801
0 0.770996 0.653509 0.143555 0.260234
0 0.770996 0.863304 0.143555 0.159357
0 0.628418 0.652778 0.141602 0.261696
0 0.627930 0.861842 0.142578 0.156433
0 0.492676 0.726608 0.090820 0.350877
4 0.492188 0.730263 0.128906 0.425439
0 0.967285 0.858918 0.063477 0.159357
0 0.967285 0.652047 0.065430 0.254386
0 0.967285 0.470760 0.065430 0.111111
