0 0.281250 0.174805 0.148438 0.166016
0 0.376953 0.177734 0.042969 0.160156
0 0.481445 0.180664 0.166016 0.166016
0 0.585938 0.178711 0.042969 0.169922
0 0.691406 0.179688 0.167969 0.171875
0 0.196289 0.175781 0.025391 0.171875
0 0.477539 0.047852 0.599609 0.052734
0 0.267578 0.366211 0.175781 0.201172
0 0.376953 0.366211 0.042969 0.201172
0 0.486328 0.368164 0.175781 0.205078
0 0.587891 0.367188 0.039062 0.203125
0 0.689453 0.365234 0.164062 0.199219
0 0.266602 0.498047 0.177734 0.035156
0 0.282227 0.588867 0.146484 0.146484
0 0.193359 0.587891 0.031250 0.148438
0 0.374023 0.499023 0.041016 0.029297
0 0.375000 0.588867 0.046875 0.150391
0 0.484375 0.587891 0.171875 0.152344
0 0.482422 0.499023 0.175781 0.025391
0 0.587891 0.500000 0.042969 0.027344
0 0.587891 0.592773 0.042969 0.158203
0 0.694336 0.591797 0.162109 0.152344
0 0.691406 0.500000 0.167969 0.031250
0 0.266602 0.804688 0.181641 0.253906
0 0.377930 0.808594 0.041016 0.246094
0 0.481445 0.805664 0.166016 0.240234
0 0.587891 0.804688 0.046875 0.242188
0 0.692383 0.808594 0.162109 0.250000
