0 0.093750 0.279297 0.074219 0.152344
0 0.096680 0.413086 0.068359 0.134766
0 0.096680 0.545898 0.068359 0.146484
0 0.098633 0.677734 0.068359 0.125000
0 0.097656 0.831055 0.070312 0.193359
0 0.045898 0.280273 0.025391 0.150391
0 0.020508 0.288086 0.025391 0.134766
0 0.045898 0.425781 0.029297 0.144531
0 0.020508 0.432617 0.029297 0.146484
0 0.044922 0.552734 0.031250 0.132812
0 0.019531 0.565430 0.023438 0.134766
0 0.044922 0.679688 0.031250 0.113281
0 0.019531 0.686523 0.023438 0.111328
0 0.021484 0.121094 0.023438 0.109375
0 0.046875 0.113281 0.027344 0.113281
0 0.084961 0.108398 0.048828 0.103516
0 0.121094 0.115234 0.023438 0.101562
0 0.209961 0.223633 0.048828 0.025391
0 0.249023 0.223633 0.029297 0.025391
0 0.279297 0.221680 0.031250 0.021484
0 0.316406 0.222656 0.042969 0.019531
0 0.353516 0.223633 0.031250 0.021484
0 0.387695 0.223633 0.037109 0.021484
0 0.429688 0.222656 0.046875 0.019531
0 0.464844 0.221680 0.023438 0.021484
0 0.208008 0.291016 0.048828 0.113281
0 0.247070 0.291992 0.029297 0.111328
0 0.278320 0.291016 0.033203 0.109375
0 0.316406 0.290039 0.042969 0.111328
0 0.353516 0.290039 0.031250 0.111328
0 0.386719 0.289062 0.035156 0.113281
0 0.428711 0.288086 0.048828 0.111328
0 0.464844 0.290039 0.023438 0.107422
0 0.208008 0.431641 0.044922 0.125000
0 0.245117 0.432617 0.029297 0.123047
0 0.276367 0.432617 0.033203 0.123047
0 0.316406 0.431641 0.046875 0.125000
0 0.353516 0.430664 0.027344 0.123047
0 0.386719 0.430664 0.039062 0.123047
0 0.428711 0.430664 0.044922 0.123047
0 0.463867 0.431641 0.025391 0.125000
0 0.208984 0.559570 0.046875 0.126953
0 0.246094 0.559570 0.027344 0.126953
0 0.276367 0.561523 0.033203 0.130859
0 0.315430 0.562500 0.044922 0.128906
0 0.352539 0.560547 0.029297 0.128906
0 0.385742 0.558594 0.037109 0.132812
0 0.428711 0.564453 0.048828 0.121094
0 0.464844 0.564453 0.023438 0.121094
0 0.429688 0.634766 0.046875 0.027344
0 0.463867 0.635742 0.021484 0.025391
0 0.247070 0.636719 0.025391 0.023438
0 0.207031 0.708008 0.042969 0.115234
0 0.244141 0.706055 0.031250 0.119141
0 0.275391 0.705078 0.031250 0.117188
0 0.314453 0.706055 0.046875 0.115234
0 0.351562 0.706055 0.027344 0.115234
0 0.382812 0.707031 0.035156 0.113281
0 0.426758 0.706055 0.052734 0.111328
0 0.464844 0.705078 0.023438 0.113281
0 0.209961 0.858398 0.041016 0.080078
0 0.245117 0.857422 0.029297 0.082031
0 0.275391 0.855469 0.031250 0.078125
0 0.313477 0.855469 0.044922 0.078125
0 0.350586 0.855469 0.029297 0.078125
0 0.382812 0.856445 0.035156 0.076172
0 0.425781 0.858398 0.050781 0.080078
0 0.462891 0.858398 0.023438 0.080078
0 0.553711 0.873047 0.041016 0.117188
0 0.602539 0.875977 0.056641 0.111328
0 0.647461 0.872070 0.033203 0.103516
0 0.682617 0.870117 0.037109 0.107422
0 0.711914 0.868164 0.021484 0.103516
0 0.738281 0.869141 0.031250 0.101562
0 0.762695 0.871094 0.017578 0.105469
0 0.540039 0.705078 0.017578 0.117188
0 0.571289 0.706055 0.044922 0.115234
0 0.612305 0.704102 0.037109 0.111328
0 0.655273 0.704102 0.048828 0.111328
0 0.699219 0.704102 0.039062 0.111328
0 0.727539 0.704102 0.017578 0.111328
0 0.745117 0.704102 0.017578 0.111328
0 0.763672 0.705078 0.019531 0.109375
0 0.540039 0.560547 0.013672 0.113281
0 0.569336 0.561523 0.044922 0.111328
0 0.610352 0.562500 0.037109 0.113281
0 0.655273 0.560547 0.052734 0.117188
0 0.700195 0.560547 0.037109 0.117188
0 0.728516 0.560547 0.019531 0.117188
0 0.746094 0.559570 0.015625 0.115234
0 0.765625 0.558594 0.023438 0.117188
0 0.539062 0.494141 0.011719 0.019531
0 0.568359 0.493164 0.046875 0.021484
0 0.610352 0.493164 0.037109 0.021484
0 0.655273 0.493164 0.052734 0.021484
0 0.703125 0.493164 0.042969 0.021484
0 0.731445 0.493164 0.017578 0.021484
0 0.748047 0.492188 0.015625 0.019531
0 0.764648 0.492188 0.017578 0.019531
0 0.542969 0.422852 0.011719 0.115234
0 0.571289 0.423828 0.044922 0.113281
0 0.611328 0.424805 0.035156 0.115234
0 0.655273 0.424805 0.052734 0.115234
0 0.702148 0.424805 0.041016 0.115234
0 0.730469 0.424805 0.015625 0.115234
0 0.746094 0.423828 0.015625 0.113281
0 0.763672 0.421875 0.019531 0.117188
0 0.762695 0.353516 0.021484 0.019531
0 0.746094 0.354492 0.011719 0.021484
0 0.732422 0.353516 0.015625 0.023438
0 0.702148 0.354492 0.044922 0.025391
0 0.653320 0.356445 0.052734 0.021484
0 0.609375 0.355469 0.035156 0.019531
0 0.570312 0.357422 0.042969 0.015625
0 0.540039 0.221680 0.017578 0.025391
0 0.571289 0.220703 0.044922 0.027344
0 0.612305 0.219727 0.037109 0.025391
0 0.657227 0.219727 0.052734 0.025391
0 0.703125 0.218750 0.039062 0.023438
0 0.733398 0.217773 0.021484 0.025391
0 0.758789 0.217773 0.029297 0.025391
0 0.541016 0.290039 0.015625 0.115234
0 0.571289 0.291016 0.044922 0.113281
0 0.611328 0.290039 0.035156 0.111328
0 0.655273 0.288086 0.052734 0.115234
0 0.702148 0.288086 0.041016 0.115234
0 0.730469 0.288086 0.015625 0.115234
0 0.744141 0.288086 0.011719 0.115234
0 0.762695 0.288086 0.025391 0.115234
