0 0.232422 0.180664 0.097656 0.224609
0 0.315430 0.218750 0.087891 0.199219
0 0.229492 0.335938 0.083984 0.199219
0 0.314453 0.368164 0.085938 0.181641
0 0.222656 0.513672 0.089844 0.191406
0 0.314453 0.533203 0.085938 0.179688
0 0.218750 0.710938 0.082031 0.218750
0 0.315430 0.708008 0.083984 0.197266
0 0.056641 0.687500 0.109375 0.175781
0 0.068359 0.297852 0.089844 0.587891
0 0.448242 0.281250 0.064453 0.167969
0 0.513672 0.316406 0.070312 0.167969
0 0.445312 0.412109 0.062500 0.148438
0 0.514648 0.438477 0.072266 0.150391
0 0.442383 0.548828 0.064453 0.171875
0 0.509766 0.565430 0.066406 0.158203
0 0.440430 0.717773 0.056641 0.185547
0 0.508789 0.724609 0.076172 0.171875
0 0.619141 0.376953 0.046875 0.152344
0 0.674805 0.407227 0.064453 0.150391
0 0.620117 0.528320 0.041016 0.173828
0 0.674805 0.540039 0.068359 0.162109
0 0.654297 0.707031 0.125000 0.183594
0 0.788086 0.464844 0.072266 0.140625
0 0.785156 0.580078 0.070312 0.156250
0 0.790039 0.709961 0.080078 0.111328
