0 0.047852 0.459736 0.039062 0.319180
0 0.104492 0.461201 0.056641 0.301611
0 0.157227 0.460469 0.048828 0.303075
0 0.224609 0.463397 0.054688 0.300146
0 0.284668 0.459004 0.049805 0.300146
0 0.349121 0.456076 0.045898 0.297218
0 0.412598 0.457540 0.053711 0.300146
0 0.474609 0.454612 0.052734 0.329429
0 0.532227 0.456076 0.054688 0.308931
0 0.601562 0.456076 0.050781 0.320644
0 0.671387 0.453880 0.059570 0.316252
0 0.740234 0.451684 0.058594 0.323572
0 0.814453 0.448755 0.060547 0.323572
0 0.886719 0.452416 0.068359 0.330893
0 0.960449 0.439971 0.057617 0.352855
