0 0.873047 0.132812 0.136719 0.261719
0 0.888672 0.360352 0.136719 0.291016
0 0.881836 0.604492 0.130859 0.263672
0 0.880859 0.834961 0.136719 0.228516
0 0.749023 0.963867 0.119141 0.072266
0 0.752930 0.836914 0.115234 0.193359
0 0.750977 0.628906 0.115234 0.238281
0 0.751953 0.412109 0.105469 0.250000
0 0.752930 0.183594 0.107422 0.273438
0 0.620117 0.266602 0.091797 0.251953
0 0.536133 0.333008 0.080078 0.224609
0 0.459961 0.377930 0.064453 0.193359
0 0.617188 0.472656 0.089844 0.230469
0 0.534180 0.509766 0.080078 0.207031
0 0.459961 0.543945 0.064453 0.177734
0 0.615234 0.666992 0.085938 0.197266
0 0.531250 0.686523 0.082031 0.185547
0 0.461914 0.697266 0.060547 0.164062
0 0.618164 0.845703 0.087891 0.164062
0 0.624023 0.966797 0.083984 0.066406
0 0.458008 0.845703 0.072266 0.144531
0 0.459961 0.958984 0.072266 0.082031
0 0.404297 0.415039 0.039062 0.169922
0 0.362305 0.440430 0.052734 0.181641
0 0.314453 0.470703 0.042969 0.152344
0 0.275391 0.505859 0.046875 0.152344
0 0.241211 0.527344 0.033203 0.136719
0 0.209961 0.546875 0.033203 0.128906
0 0.184570 0.568359 0.033203 0.105469
0 0.157227 0.595703 0.029297 0.101562
0 0.294922 0.375000 0.082031 0.152344
0 0.241211 0.420898 0.025391 0.103516
0 0.223633 0.436523 0.021484 0.099609
0 0.200195 0.457031 0.029297 0.105469
0 0.173828 0.484375 0.023438 0.105469
0 0.149414 0.500000 0.021484 0.105469
0 0.108398 0.539062 0.064453 0.140625
0 0.112305 0.625977 0.056641 0.123047
0 0.106445 0.721680 0.060547 0.119141
0 0.100586 0.813477 0.056641 0.095703
0 0.406250 0.569336 0.035156 0.158203
0 0.361328 0.595703 0.046875 0.128906
0 0.313477 0.620117 0.041016 0.115234
0 0.276367 0.624023 0.033203 0.126953
0 0.241211 0.639648 0.033203 0.126953
0 0.211914 0.657227 0.021484 0.111328
0 0.186523 0.667969 0.029297 0.101562
0 0.159180 0.692383 0.029297 0.083984
0 0.408203 0.706055 0.039062 0.150391
0 0.405273 0.845703 0.048828 0.128906
0 0.403320 0.956055 0.056641 0.087891
0 0.358398 0.726562 0.048828 0.125000
0 0.359375 0.846680 0.050781 0.126953
0 0.355469 0.955078 0.050781 0.089844
0 0.314453 0.728516 0.042969 0.125000
0 0.274414 0.735352 0.041016 0.123047
0 0.242188 0.748047 0.031250 0.105469
0 0.208984 0.755859 0.027344 0.101562
0 0.184570 0.765625 0.033203 0.089844
0 0.159180 0.772461 0.029297 0.087891
0 0.313477 0.848633 0.037109 0.115234
0 0.273438 0.846680 0.039062 0.107422
0 0.240234 0.850586 0.035156 0.103516
0 0.210938 0.850586 0.031250 0.091797
0 0.186523 0.853516 0.025391 0.082031
0 0.158203 0.854492 0.031250 0.076172
0 0.310547 0.955078 0.042969 0.089844
0 0.273438 0.946289 0.035156 0.083984
0 0.239258 0.938477 0.033203 0.076172
0 0.208008 0.936523 0.029297 0.076172
0 0.183594 0.930664 0.023438 0.064453
0 0.159180 0.930664 0.029297 0.072266
0 0.392578 0.293945 0.113281 0.162109
