0 0.235352 0.289062 0.068359 0.085938
0 0.303711 0.299805 0.072266 0.076172
0 0.377930 0.306641 0.072266 0.085938
0 0.447266 0.319336 0.070312 0.083984
0 0.518555 0.331055 0.072266 0.076172
0 0.584961 0.339844 0.064453 0.074219
0 0.648438 0.350586 0.066406 0.068359
0 0.711914 0.362305 0.060547 0.072266
0 0.766602 0.370117 0.052734 0.068359
0 0.234375 0.358398 0.066406 0.083984
0 0.304688 0.365234 0.074219 0.078125
0 0.377930 0.379883 0.072266 0.076172
0 0.447266 0.386719 0.070312 0.078125
0 0.514648 0.399414 0.068359 0.080078
0 0.579102 0.406250 0.068359 0.078125
0 0.645508 0.416016 0.060547 0.074219
0 0.708008 0.423828 0.064453 0.074219
0 0.767578 0.431641 0.050781 0.066406
0 0.237305 0.429688 0.068359 0.078125
0 0.305664 0.438477 0.068359 0.080078
0 0.376953 0.446289 0.070312 0.076172
0 0.447266 0.457031 0.070312 0.078125
0 0.515625 0.464844 0.066406 0.078125
0 0.580078 0.470703 0.062500 0.074219
0 0.645508 0.482422 0.064453 0.070312
0 0.708984 0.487305 0.066406 0.068359
0 0.767578 0.497070 0.054688 0.072266
0 0.236328 0.499023 0.070312 0.076172
0 0.305664 0.503906 0.068359 0.078125
0 0.375977 0.514648 0.072266 0.076172
0 0.447266 0.520508 0.070312 0.072266
0 0.513672 0.530273 0.070312 0.072266
0 0.582031 0.539062 0.070312 0.070312
0 0.645508 0.542969 0.064453 0.074219
0 0.706055 0.549805 0.060547 0.072266
0 0.763672 0.554688 0.054688 0.066406
0 0.236328 0.570312 0.066406 0.078125
0 0.304688 0.575195 0.070312 0.076172
0 0.376953 0.579102 0.070312 0.076172
0 0.446289 0.586914 0.072266 0.072266
0 0.511719 0.593750 0.070312 0.070312
0 0.583008 0.599609 0.068359 0.070312
0 0.648438 0.605469 0.062500 0.066406
0 0.709961 0.612305 0.068359 0.072266
0 0.765625 0.616211 0.054688 0.064453
0 0.237305 0.637695 0.072266 0.080078
0 0.306641 0.645508 0.074219 0.072266
0 0.374023 0.651367 0.076172 0.072266
0 0.446289 0.652344 0.068359 0.070312
0 0.514648 0.656250 0.068359 0.070312
0 0.581055 0.663086 0.068359 0.068359
0 0.647461 0.666016 0.068359 0.070312
0 0.710938 0.672852 0.058594 0.064453
0 0.766602 0.672852 0.052734 0.064453
0 0.237305 0.706055 0.076172 0.072266
0 0.307617 0.711914 0.076172 0.076172
0 0.378906 0.717773 0.074219 0.076172
0 0.444336 0.717773 0.072266 0.076172
0 0.515625 0.719727 0.070312 0.064453
0 0.584961 0.727539 0.072266 0.068359
0 0.649414 0.730469 0.064453 0.062500
0 0.710938 0.732422 0.058594 0.062500
0 0.766602 0.732422 0.060547 0.066406
0 0.239258 0.778320 0.083984 0.072266
0 0.309570 0.777344 0.072266 0.070312
0 0.377930 0.783203 0.072266 0.066406
0 0.446289 0.782227 0.068359 0.072266
0 0.513672 0.785156 0.070312 0.066406
0 0.516602 0.848633 0.072266 0.060547
0 0.584961 0.781250 0.064453 0.062500
0 0.646484 0.788086 0.058594 0.060547
0 0.714844 0.790039 0.062500 0.060547
0 0.580078 0.849609 0.062500 0.070312
0 0.639648 0.845703 0.052734 0.058594
0 0.692383 0.848633 0.041016 0.060547
0 0.729492 0.848633 0.033203 0.052734
0 0.769531 0.790039 0.058594 0.056641
0 0.770508 0.849609 0.060547 0.062500
0 0.240234 0.849609 0.089844 0.070312
0 0.313477 0.847656 0.064453 0.066406
0 0.382812 0.847656 0.078125 0.070312
0 0.451172 0.850586 0.062500 0.072266
