0 0.028320 0.230469 0.052734 0.171875
0 0.128906 0.255859 0.144531 0.183594
0 0.274414 0.291992 0.130859 0.169922
0 0.394531 0.322266 0.109375 0.148438
0 0.499023 0.350586 0.099609 0.130859
0 0.500000 0.456055 0.101562 0.123047
0 0.498047 0.565430 0.097656 0.123047
0 0.498047 0.688477 0.101562 0.126953
0 0.390625 0.440430 0.113281 0.130859
0 0.269531 0.423828 0.125000 0.148438
0 0.026367 0.380859 0.044922 0.152344
0 0.127930 0.397461 0.150391 0.158203
0 0.269531 0.421875 0.125000 0.148438
0 0.026367 0.535156 0.041016 0.164062
0 0.130859 0.540039 0.156250 0.162109
0 0.268555 0.549805 0.134766 0.142578
0 0.388672 0.551758 0.109375 0.130859
0 0.028320 0.703125 0.052734 0.179688
0 0.129883 0.694336 0.150391 0.173828
0 0.266602 0.689453 0.123047 0.152344
0 0.389648 0.687500 0.119141 0.140625
0 0.028320 0.836914 0.048828 0.111328
0 0.128906 0.827148 0.148438 0.115234
0 0.266602 0.812500 0.126953 0.101562
0 0.387695 0.806641 0.123047 0.097656
0 0.496094 0.793945 0.101562 0.072266
0 0.634766 0.438477 0.058594 0.189453
0 0.694336 0.450195 0.056641 0.177734
0 0.746094 0.465820 0.046875 0.162109
0 0.792969 0.475586 0.035156 0.150391
0 0.582031 0.576172 0.042969 0.109375
0 0.634766 0.581055 0.062500 0.111328
0 0.695312 0.583984 0.058594 0.105469
0 0.749023 0.588867 0.044922 0.099609
0 0.790039 0.594727 0.029297 0.095703
0 0.581055 0.691406 0.048828 0.117188
0 0.633789 0.689453 0.056641 0.109375
0 0.693359 0.685547 0.058594 0.101562
0 0.748047 0.685547 0.046875 0.097656
0 0.789062 0.686523 0.039062 0.095703
0 0.791016 0.764648 0.035156 0.060547
0 0.747070 0.765625 0.048828 0.066406
0 0.693359 0.768555 0.058594 0.064453
0 0.636719 0.774414 0.058594 0.068359
0 0.580078 0.780273 0.046875 0.060547
0 0.859375 0.490234 0.054688 0.160156
0 0.913086 0.506836 0.052734 0.138672
0 0.966797 0.518555 0.050781 0.130859
0 0.850586 0.678711 0.048828 0.197266
0 0.899414 0.676758 0.041016 0.181641
0 0.944336 0.678711 0.044922 0.169922
