0 0.866211 0.087891 0.083984 0.171875
0 0.867188 0.263672 0.085938 0.203125
0 0.867188 0.455078 0.085938 0.195312
0 0.867188 0.657227 0.089844 0.189453
0 0.867188 0.863281 0.085938 0.214844
0 0.757812 0.106445 0.082031 0.208984
0 0.757812 0.300781 0.070312 0.195312
0 0.753906 0.496094 0.074219 0.187500
0 0.755859 0.681641 0.074219 0.187500
0 0.758789 0.880859 0.068359 0.195312
0 0.662109 0.891602 0.066406 0.173828
0 0.578125 0.897461 0.058594 0.162109
0 0.494141 0.897461 0.062500 0.162109
0 0.414062 0.909180 0.058594 0.150391
0 0.343750 0.909180 0.042969 0.142578
0 0.283203 0.916016 0.039062 0.132812
0 0.664062 0.704102 0.066406 0.169922
0 0.581055 0.716797 0.056641 0.160156
0 0.500000 0.728516 0.058594 0.160156
0 0.416016 0.742188 0.054688 0.152344
0 0.342773 0.758789 0.048828 0.138672
0 0.280273 0.762695 0.044922 0.130859
0 0.663086 0.516602 0.064453 0.177734
0 0.579102 0.539062 0.052734 0.167969
0 0.495117 0.559570 0.064453 0.169922
0 0.410156 0.581055 0.050781 0.158203
0 0.343750 0.594727 0.042969 0.150391
0 0.271484 0.605469 0.050781 0.140625
0 0.665039 0.154297 0.068359 0.191406
0 0.662109 0.333984 0.062500 0.191406
0 0.583984 0.175781 0.054688 0.191406
0 0.493164 0.211914 0.060547 0.189453
0 0.497070 0.384766 0.060547 0.171875
0 0.583008 0.354492 0.056641 0.177734
0 0.495117 0.095703 0.056641 0.085938
0 0.584961 0.056641 0.060547 0.093750
0 0.414062 0.245117 0.050781 0.177734
0 0.345703 0.272461 0.046875 0.177734
0 0.408203 0.128906 0.058594 0.089844
0 0.340820 0.159180 0.064453 0.076172
0 0.274414 0.187500 0.060547 0.074219
0 0.273438 0.297852 0.054688 0.177734
0 0.272461 0.453125 0.052734 0.156250
0 0.211914 0.214844 0.056641 0.074219
0 0.154297 0.238281 0.050781 0.062500
0 0.104492 0.260742 0.033203 0.064453
0 0.070312 0.270508 0.035156 0.056641
0 0.029297 0.291992 0.039062 0.064453
0 0.211914 0.322266 0.044922 0.167969
0 0.159180 0.339844 0.048828 0.156250
0 0.107422 0.355469 0.039062 0.140625
0 0.066406 0.367188 0.027344 0.136719
0 0.033203 0.382812 0.031250 0.140625
0 0.208008 0.474609 0.041016 0.140625
0 0.157227 0.483398 0.041016 0.138672
0 0.108398 0.500000 0.041016 0.136719
0 0.067383 0.506836 0.033203 0.134766
0 0.028320 0.518555 0.041016 0.142578
0 0.204102 0.621094 0.044922 0.148438
0 0.154297 0.633789 0.031250 0.138672
0 0.107422 0.640625 0.035156 0.140625
0 0.067383 0.648438 0.029297 0.136719
0 0.031250 0.648438 0.039062 0.132812
0 0.202148 0.775391 0.048828 0.136719
0 0.151367 0.776367 0.037109 0.134766
0 0.110352 0.782227 0.033203 0.126953
0 0.066406 0.786133 0.027344 0.130859
0 0.031250 0.788086 0.035156 0.130859
0 0.203125 0.914062 0.039062 0.128906
0 0.152344 0.916992 0.039062 0.130859
0 0.109375 0.918945 0.031250 0.123047
0 0.068359 0.923828 0.031250 0.125000
0 0.034180 0.922852 0.033203 0.130859
