0 0.734848 0.346465 0.194215 0.058586
0 0.657713 0.468687 0.039945 0.189899
0 0.730028 0.469192 0.104683 0.188889
0 0.805785 0.467677 0.046832 0.185859
0 0.409780 0.412121 0.298898 0.036364
0 0.660468 0.655556 0.042700 0.183838
0 0.805096 0.656061 0.050964 0.186869
0 0.765840 0.658586 0.022039 0.185859
0 0.274105 0.546465 0.088154 0.036364
0 0.411846 0.548485 0.187328 0.032323
0 0.553030 0.549495 0.092287 0.034343
0 0.272039 0.657071 0.081267 0.162626
0 0.357438 0.658081 0.089532 0.160606
0 0.466253 0.656061 0.081267 0.158586
0 0.551653 0.657576 0.089532 0.155556
