0 0.791016 0.304688 0.238281 0.160156
0 0.942383 0.303711 0.064453 0.162109
0 0.631836 0.295898 0.068359 0.150391
0 0.475586 0.296875 0.248047 0.148438
0 0.314453 0.298828 0.070312 0.152344
0 0.172852 0.297852 0.212891 0.162109
0 0.033203 0.290039 0.062500 0.158203
0 0.032227 0.471680 0.060547 0.189453
0 0.170898 0.474609 0.216797 0.183594
0 0.309570 0.473633 0.060547 0.181641
0 0.374023 0.471680 0.068359 0.185547
0 0.503906 0.472656 0.191406 0.187500
0 0.632812 0.471680 0.066406 0.189453
0 0.786133 0.471680 0.240234 0.189453
0 0.942383 0.474609 0.072266 0.183594
0 0.034180 0.642578 0.056641 0.148438
0 0.169922 0.642578 0.214844 0.148438
0 0.308594 0.639648 0.062500 0.142578
0 0.372070 0.638672 0.064453 0.144531
0 0.501953 0.637695 0.191406 0.142578
0 0.633789 0.637695 0.072266 0.142578
0 0.790039 0.640625 0.240234 0.148438
0 0.944336 0.640625 0.068359 0.148438
0 0.029297 0.856445 0.054688 0.201172
0 0.079102 0.857422 0.044922 0.199219
0 0.151367 0.860352 0.029297 0.181641
0 0.188477 0.864258 0.044922 0.173828
0 0.234375 0.863281 0.046875 0.171875
0 0.313477 0.852539 0.064453 0.201172
0 0.377930 0.850586 0.064453 0.205078
0 0.635742 0.862305 0.068359 0.201172
0 0.943359 0.859375 0.070312 0.207031
