0 0.151367 0.137695 0.064453 0.123047
0 0.213867 0.139648 0.060547 0.119141
0 0.274414 0.141602 0.060547 0.123047
0 0.332031 0.141602 0.054688 0.123047
0 0.389648 0.139648 0.060547 0.119141
0 0.451172 0.137695 0.062500 0.123047
0 0.507812 0.137695 0.050781 0.123047
0 0.559570 0.137695 0.052734 0.123047
0 0.620117 0.135742 0.068359 0.119141
0 0.679688 0.136719 0.050781 0.117188
0 0.735352 0.141602 0.060547 0.126953
0 0.792969 0.141602 0.054688 0.126953
0 0.855469 0.139648 0.070312 0.123047
0 0.155273 0.306641 0.072266 0.121094
0 0.219727 0.306641 0.056641 0.121094
0 0.275391 0.308594 0.054688 0.125000
0 0.333008 0.310547 0.060547 0.121094
0 0.393555 0.306641 0.060547 0.113281
0 0.453125 0.307617 0.058594 0.111328
0 0.511719 0.310547 0.058594 0.117188
0 0.568359 0.309570 0.054688 0.119141
0 0.628906 0.309570 0.066406 0.119141
0 0.687500 0.310547 0.050781 0.117188
0 0.738281 0.312500 0.050781 0.121094
0 0.793945 0.313477 0.060547 0.119141
0 0.858398 0.311523 0.068359 0.115234
0 0.155273 0.472656 0.064453 0.121094
0 0.214844 0.474609 0.054688 0.117188
0 0.272461 0.476562 0.060547 0.121094
0 0.333008 0.475586 0.060547 0.123047
0 0.391602 0.476562 0.056641 0.125000
0 0.450195 0.476562 0.060547 0.125000
0 0.507812 0.472656 0.054688 0.117188
0 0.562500 0.476562 0.054688 0.109375
0 0.620117 0.476562 0.060547 0.109375
0 0.677734 0.477539 0.054688 0.107422
0 0.737305 0.479492 0.064453 0.111328
0 0.798828 0.477539 0.058594 0.115234
0 0.858398 0.474609 0.060547 0.109375
0 0.152344 0.634766 0.058594 0.113281
0 0.209961 0.635742 0.056641 0.111328
0 0.267578 0.636719 0.058594 0.113281
0 0.328125 0.636719 0.062500 0.113281
0 0.389648 0.635742 0.060547 0.111328
0 0.446289 0.636719 0.052734 0.109375
0 0.503906 0.638672 0.062500 0.113281
0 0.562500 0.637695 0.054688 0.115234
0 0.620117 0.638672 0.060547 0.117188
0 0.678711 0.639648 0.056641 0.115234
0 0.733398 0.638672 0.052734 0.113281
0 0.797852 0.639648 0.076172 0.111328
0 0.863281 0.639648 0.054688 0.111328
0 0.154297 0.802734 0.062500 0.125000
0 0.212891 0.801758 0.054688 0.126953
0 0.270508 0.801758 0.060547 0.126953
0 0.329102 0.801758 0.056641 0.126953
0 0.387695 0.802734 0.060547 0.128906
0 0.447266 0.806641 0.058594 0.121094
0 0.501953 0.804688 0.050781 0.117188
0 0.560547 0.803711 0.066406 0.119141
0 0.622070 0.802734 0.056641 0.117188
0 0.677734 0.802734 0.054688 0.117188
0 0.734375 0.803711 0.058594 0.119141
0 0.791992 0.801758 0.056641 0.123047
0 0.854492 0.802734 0.068359 0.125000
0 0.154297 0.955078 0.058594 0.085938
0 0.210938 0.955078 0.054688 0.085938
0 0.266602 0.954102 0.056641 0.083984
0 0.324219 0.955078 0.058594 0.082031
0 0.382812 0.955078 0.058594 0.082031
0 0.444336 0.955078 0.064453 0.082031
0 0.500977 0.954102 0.048828 0.080078
0 0.559570 0.954102 0.068359 0.080078
0 0.622070 0.953125 0.056641 0.078125
0 0.679688 0.956055 0.058594 0.072266
0 0.738281 0.958008 0.058594 0.076172
0 0.794922 0.954102 0.054688 0.083984
