0 0.289062 0.101562 0.078125 0.128906
0 0.374023 0.092773 0.091797 0.111328
0 0.052734 0.026367 0.074219 0.029297
0 0.052734 0.098633 0.074219 0.115234
0 0.291992 0.021484 0.080078 0.035156
0 0.374023 0.024414 0.083984 0.029297
0 0.640625 0.021484 0.074219 0.035156
0 0.637695 0.094727 0.076172 0.111328
0 0.715820 0.079102 0.080078 0.142578
0 0.799805 0.081055 0.099609 0.138672
0 0.888672 0.079102 0.078125 0.142578
0 0.960938 0.081055 0.070312 0.146484
0 0.051758 0.172852 0.083984 0.033203
0 0.051758 0.244141 0.083984 0.109375
0 0.049805 0.318359 0.080078 0.039062
0 0.051758 0.398438 0.076172 0.121094
0 0.053711 0.546875 0.072266 0.121094
0 0.052734 0.692383 0.074219 0.150391
0 0.049805 0.846680 0.068359 0.134766
0 0.055664 0.966797 0.068359 0.066406
0 0.296875 0.243164 0.074219 0.123047
0 0.378906 0.244141 0.089844 0.121094
0 0.468750 0.244141 0.089844 0.121094
0 0.554688 0.243164 0.082031 0.123047
0 0.641602 0.244141 0.091797 0.125000
0 0.726562 0.244141 0.078125 0.125000
0 0.805664 0.243164 0.080078 0.123047
0 0.888672 0.243164 0.085938 0.123047
0 0.965820 0.244141 0.068359 0.125000
0 0.298828 0.169922 0.078125 0.039062
0 0.380859 0.169922 0.085938 0.039062
0 0.466797 0.169922 0.085938 0.039062
0 0.555664 0.172852 0.091797 0.033203
0 0.641602 0.169922 0.080078 0.027344
0 0.725586 0.168945 0.087891 0.029297
0 0.810547 0.168945 0.082031 0.029297
0 0.890625 0.167969 0.078125 0.031250
0 0.964844 0.167969 0.070312 0.031250
0 0.293945 0.396484 0.083984 0.132812
0 0.378906 0.396484 0.085938 0.132812
0 0.465820 0.398438 0.087891 0.136719
0 0.553711 0.398438 0.087891 0.136719
0 0.645508 0.393555 0.095703 0.126953
0 0.731445 0.393555 0.076172 0.126953
0 0.808594 0.392578 0.078125 0.125000
0 0.889648 0.392578 0.083984 0.125000
0 0.965820 0.393555 0.068359 0.126953
0 0.292969 0.544922 0.078125 0.136719
0 0.375000 0.546875 0.085938 0.132812
0 0.461914 0.546875 0.087891 0.132812
0 0.548828 0.546875 0.085938 0.132812
0 0.639648 0.547852 0.095703 0.134766
0 0.727539 0.546875 0.080078 0.136719
0 0.806641 0.544922 0.078125 0.132812
0 0.888672 0.542969 0.085938 0.136719
0 0.965820 0.542969 0.068359 0.136719
0 0.292969 0.691406 0.078125 0.152344
0 0.374023 0.692383 0.083984 0.150391
0 0.461914 0.691406 0.091797 0.148438
0 0.549805 0.690430 0.083984 0.150391
0 0.639648 0.685547 0.095703 0.140625
0 0.295898 0.844727 0.076172 0.146484
0 0.375977 0.845703 0.083984 0.144531
0 0.462891 0.845703 0.089844 0.144531
0 0.550781 0.846680 0.085938 0.142578
0 0.639648 0.844727 0.091797 0.138672
0 0.639648 0.957031 0.091797 0.085938
0 0.293945 0.957031 0.072266 0.085938
0 0.375000 0.958984 0.085938 0.082031
0 0.460938 0.958984 0.085938 0.082031
0 0.551758 0.954102 0.091797 0.087891
