0 0.877930 0.332031 0.060547 0.101562
0 0.945312 0.303711 0.082031 0.107422
0 0.875977 0.475586 0.048828 0.228516
0 0.943359 0.455078 0.082031 0.242188
0 0.870117 0.634766 0.056641 0.121094
0 0.941406 0.630859 0.089844 0.132812
0 0.872070 0.721680 0.060547 0.068359
0 0.947266 0.719727 0.089844 0.076172
0 0.686523 0.741211 0.060547 0.048828
0 0.743164 0.740234 0.052734 0.058594
0 0.807617 0.734375 0.068359 0.066406
0 0.687500 0.670898 0.066406 0.119141
0 0.744141 0.660156 0.042969 0.105469
0 0.803711 0.650391 0.076172 0.125000
0 0.681641 0.523438 0.070312 0.207031
0 0.744141 0.506836 0.046875 0.201172
0 0.804688 0.487305 0.078125 0.220703
0 0.691406 0.389648 0.058594 0.076172
0 0.748047 0.377930 0.050781 0.087891
0 0.800781 0.358398 0.062500 0.095703
0 0.558594 0.433594 0.058594 0.082031
0 0.625000 0.414062 0.070312 0.093750
0 0.557617 0.559570 0.056641 0.193359
0 0.620117 0.539062 0.072266 0.199219
0 0.557617 0.691406 0.056641 0.093750
0 0.620117 0.682617 0.068359 0.107422
0 0.557617 0.759766 0.056641 0.054688
0 0.624023 0.753906 0.072266 0.054688
0 0.433594 0.769531 0.062500 0.046875
0 0.498047 0.762695 0.062500 0.048828
0 0.435547 0.708984 0.066406 0.089844
0 0.497070 0.702148 0.060547 0.099609
0 0.434570 0.588867 0.064453 0.177734
0 0.499023 0.575195 0.056641 0.197266
0 0.436523 0.479492 0.056641 0.072266
0 0.496094 0.458984 0.050781 0.082031
0 0.332031 0.511719 0.042969 0.054688
0 0.377930 0.494141 0.052734 0.070312
0 0.333008 0.610352 0.041016 0.162109
0 0.378906 0.601562 0.046875 0.167969
0 0.330078 0.721680 0.046875 0.083984
0 0.375000 0.717773 0.042969 0.080078
0 0.333008 0.776367 0.044922 0.041016
0 0.383789 0.774414 0.048828 0.041016
0 0.274414 0.785156 0.072266 0.035156
0 0.276367 0.731445 0.080078 0.083984
0 0.273438 0.625000 0.066406 0.160156
0 0.279297 0.525391 0.070312 0.074219
0 0.213867 0.549805 0.060547 0.056641
0 0.212891 0.636719 0.058594 0.152344
0 0.212891 0.742188 0.058594 0.074219
0 0.212891 0.788086 0.062500 0.037109
0 0.149414 0.791992 0.072266 0.025391
0 0.138672 0.750977 0.050781 0.068359
0 0.172852 0.747070 0.021484 0.064453
0 0.138672 0.655273 0.042969 0.142578
0 0.171875 0.653320 0.027344 0.142578
0 0.136719 0.570312 0.042969 0.050781
0 0.172852 0.562500 0.021484 0.042969
0 0.080078 0.667969 0.066406 0.148438
0 0.079102 0.592773 0.068359 0.056641
0 0.024414 0.605469 0.044922 0.046875
0 0.025391 0.676758 0.046875 0.126953
0 0.033203 0.760742 0.031250 0.056641
0 0.009766 0.766602 0.015625 0.060547
0 0.031250 0.806641 0.035156 0.027344
0 0.011719 0.808594 0.019531 0.027344
0 0.025391 0.366211 0.046875 0.189453
0 0.083984 0.333984 0.062500 0.218750
0 0.134766 0.299805 0.046875 0.228516
0 0.201172 0.255859 0.085938 0.250000
0 0.273438 0.210938 0.066406 0.257812
0 0.332031 0.177734 0.050781 0.242188
0 0.379883 0.141602 0.052734 0.251953
0 0.432617 0.123047 0.056641 0.242188
0 0.498047 0.109375 0.070312 0.203125
0 0.559570 0.088867 0.056641 0.173828
0 0.620117 0.076172 0.068359 0.148438
0 0.698242 0.054688 0.091797 0.105469
0 0.791016 0.031250 0.093750 0.058594
0 0.027344 0.463867 0.050781 0.048828
0 0.083008 0.440430 0.060547 0.060547
0 0.136719 0.406250 0.050781 0.050781
0 0.167969 0.393555 0.023438 0.033203
0 0.212891 0.369141 0.066406 0.066406
0 0.272461 0.336914 0.064453 0.068359
0 0.332031 0.303711 0.046875 0.060547
0 0.377930 0.279297 0.052734 0.074219
0 0.434570 0.248047 0.060547 0.062500
0 0.496094 0.214844 0.070312 0.082031
0 0.558594 0.184570 0.054688 0.072266
0 0.615234 0.145508 0.074219 0.080078
0 0.703125 0.108398 0.097656 0.099609
0 0.789062 0.058594 0.105469 0.109375
0 0.891602 0.029297 0.103516 0.054688
0 0.025391 0.936523 0.046875 0.126953
0 0.083008 0.933594 0.064453 0.132812
0 0.177734 0.932617 0.132812 0.134766
0 0.272461 0.934570 0.076172 0.130859
0 0.365234 0.930664 0.113281 0.138672
0 0.516602 0.929688 0.189453 0.140625
0 0.630859 0.929688 0.050781 0.140625
0 0.878906 0.916016 0.070312 0.164062
