0 0.200684 0.030059 0.012695 0.057185
0 0.220703 0.028592 0.021484 0.054252
0 0.271973 0.028592 0.018555 0.054252
0 0.293945 0.029326 0.023438 0.055718
0 0.344727 0.029326 0.019531 0.055718
0 0.365723 0.030059 0.024414 0.057185
0 0.384277 0.029326 0.012695 0.055718
0 0.415039 0.028592 0.021484 0.054252
0 0.438477 0.028592 0.023438 0.054252
0 0.458008 0.029326 0.015625 0.055718
0 0.489258 0.028592 0.021484 0.054252
0 0.511719 0.028592 0.021484 0.054252
0 0.532715 0.029326 0.016602 0.055718
0 0.200684 0.073314 0.016602 0.029326
0 0.221191 0.073314 0.020508 0.032258
0 0.271484 0.071848 0.019531 0.035191
0 0.293457 0.070381 0.024414 0.032258
0 0.201172 0.125367 0.017578 0.074780
0 0.221191 0.125367 0.022461 0.074780
0 0.201172 0.178152 0.017578 0.030792
0 0.221680 0.178886 0.023438 0.032258
0 0.201172 0.232405 0.017578 0.071848
0 0.221680 0.233138 0.023438 0.073314
0 0.201172 0.287390 0.017578 0.035191
0 0.221680 0.288856 0.023438 0.032258
0 0.271973 0.126833 0.020508 0.074780
0 0.293945 0.126100 0.023438 0.076246
0 0.271973 0.178152 0.020508 0.027859
0 0.293945 0.178152 0.023438 0.027859
0 0.271973 0.230938 0.020508 0.077713
0 0.294922 0.230205 0.025391 0.076246
0 0.272461 0.285924 0.019531 0.032258
0 0.294434 0.285924 0.024414 0.032258
0 0.344727 0.074047 0.019531 0.030792
0 0.366211 0.074780 0.023438 0.032258
0 0.384766 0.074780 0.013672 0.032258
0 0.344727 0.126100 0.019531 0.073314
0 0.366699 0.126833 0.024414 0.071848
0 0.385254 0.128299 0.012695 0.074780
0 0.344238 0.178886 0.020508 0.032258
0 0.366699 0.178886 0.024414 0.032258
0 0.385254 0.178886 0.012695 0.032258
0 0.344727 0.231672 0.021484 0.073314
0 0.367188 0.231672 0.023438 0.073314
0 0.385254 0.232405 0.012695 0.074780
0 0.345215 0.296921 0.022461 0.054252
0 0.367676 0.296188 0.022461 0.052786
0 0.385254 0.296188 0.012695 0.052786
0 0.416992 0.074780 0.021484 0.032258
0 0.438965 0.073314 0.022461 0.035191
0 0.458984 0.073314 0.017578 0.035191
0 0.460449 0.126833 0.014648 0.071848
0 0.440918 0.127566 0.024414 0.070381
0 0.418457 0.127566 0.020508 0.070381
0 0.417969 0.179619 0.019531 0.033724
0 0.439941 0.179619 0.024414 0.033724
0 0.459961 0.179619 0.015625 0.033724
0 0.459961 0.233138 0.015625 0.073314
0 0.439941 0.233871 0.024414 0.071848
0 0.417969 0.233871 0.019531 0.071848
0 0.417480 0.296188 0.018555 0.052786
0 0.439941 0.296921 0.026367 0.051320
0 0.460938 0.297654 0.015625 0.052786
0 0.488281 0.073314 0.021484 0.032258
0 0.511230 0.072581 0.024414 0.033724
0 0.532715 0.071114 0.018555 0.030792
0 0.532715 0.124633 0.018555 0.076246
0 0.511230 0.126100 0.024414 0.073314
0 0.488281 0.126100 0.021484 0.073314
0 0.488770 0.178886 0.022461 0.032258
0 0.511719 0.178886 0.023438 0.032258
0 0.532715 0.179619 0.018555 0.033724
0 0.533203 0.233138 0.017578 0.073314
0 0.512207 0.232405 0.024414 0.074780
0 0.489258 0.233138 0.021484 0.076246
0 0.489746 0.297654 0.022461 0.052786
0 0.512695 0.296921 0.023438 0.054252
0 0.533691 0.297654 0.018555 0.055718
0 0.562988 0.296921 0.018555 0.054252
0 0.584961 0.296188 0.025391 0.052786
0 0.607422 0.296921 0.019531 0.051320
0 0.607422 0.233871 0.019531 0.074780
0 0.584961 0.233138 0.025391 0.073314
0 0.563477 0.233138 0.017578 0.073314
0 0.563477 0.178886 0.017578 0.035191
0 0.584961 0.178886 0.025391 0.035191
0 0.606934 0.179619 0.018555 0.033724
0 0.606934 0.126833 0.018555 0.071848
0 0.584961 0.126100 0.025391 0.070381
0 0.563477 0.124633 0.017578 0.073314
0 0.563477 0.071848 0.017578 0.032258
0 0.584961 0.072581 0.025391 0.033724
0 0.604980 0.074047 0.014648 0.030792
0 0.604980 0.030059 0.014648 0.057185
0 0.585449 0.029326 0.024414 0.055718
0 0.563477 0.029326 0.019531 0.055718
0 0.638672 0.028592 0.013672 0.054252
0 0.657715 0.028592 0.022461 0.054252
0 0.679199 0.029326 0.020508 0.055718
0 0.638672 0.072581 0.015625 0.033724
0 0.657715 0.072581 0.022461 0.033724
0 0.679688 0.074047 0.021484 0.030792
0 0.638672 0.126100 0.015625 0.073314
0 0.658203 0.125367 0.023438 0.071848
0 0.680176 0.126100 0.020508 0.070381
0 0.638184 0.179619 0.014648 0.033724
0 0.657715 0.179619 0.024414 0.033724
0 0.680176 0.179619 0.020508 0.033724
0 0.638672 0.232405 0.013672 0.071848
0 0.657715 0.233138 0.024414 0.073314
0 0.680176 0.233138 0.020508 0.073314
0 0.638672 0.296188 0.013672 0.055718
0 0.658203 0.296921 0.025391 0.054252
0 0.680664 0.296921 0.019531 0.054252
0 0.712402 0.028592 0.012695 0.054252
0 0.730469 0.027859 0.023438 0.052786
0 0.750000 0.028592 0.015625 0.054252
0 0.711914 0.072581 0.009766 0.033724
0 0.729492 0.071848 0.025391 0.035191
0 0.750000 0.071114 0.015625 0.033724
0 0.712402 0.126833 0.010742 0.071848
0 0.730469 0.125367 0.025391 0.074780
0 0.750977 0.125367 0.015625 0.074780
0 0.712402 0.180352 0.010742 0.035191
0 0.730469 0.180352 0.025391 0.035191
0 0.750488 0.179619 0.014648 0.033724
0 0.712891 0.233871 0.009766 0.071848
0 0.730469 0.233871 0.025391 0.071848
0 0.750488 0.233871 0.014648 0.071848
0 0.712891 0.296921 0.009766 0.054252
0 0.730469 0.297654 0.025391 0.052786
0 0.750488 0.298387 0.014648 0.054252
0 0.183105 0.390762 0.053711 0.130499
0 0.235840 0.392229 0.051758 0.133431
0 0.289062 0.363636 0.056641 0.073314
0 0.344238 0.362903 0.053711 0.074780
0 0.396973 0.398827 0.051758 0.117302
0 0.451660 0.398827 0.053711 0.117302
0 0.506348 0.399560 0.053711 0.118768
0 0.560059 0.399560 0.053711 0.118768
0 0.612793 0.400293 0.051758 0.117302
0 0.666016 0.399560 0.054688 0.115836
0 0.719727 0.400293 0.052734 0.114370
0 0.764160 0.401760 0.036133 0.117302
0 0.809082 0.372434 0.053711 0.058651
0 0.858887 0.372434 0.045898 0.058651
0 0.804199 0.431085 0.043945 0.055718
0 0.274414 0.467009 0.029297 0.133431
0 0.356934 0.467742 0.030273 0.134897
3 0.315430 0.468475 0.052734 0.136364
