0 0.393555 0.058594 0.146484 0.109375
0 0.538086 0.057617 0.142578 0.111328
0 0.679688 0.061523 0.132812 0.111328
0 0.785156 0.065430 0.078125 0.119141
0 0.390625 0.197266 0.152344 0.179688
0 0.539062 0.201172 0.144531 0.171875
0 0.677734 0.205078 0.132812 0.179688
0 0.785156 0.207031 0.082031 0.175781
0 0.391602 0.365234 0.158203 0.183594
0 0.539062 0.373047 0.144531 0.183594
0 0.675781 0.374023 0.140625 0.177734
0 0.786133 0.378906 0.083984 0.179688
0 0.391602 0.596680 0.154297 0.271484
0 0.536133 0.685547 0.134766 0.093750
0 0.535156 0.550781 0.136719 0.175781
0 0.676758 0.553711 0.142578 0.181641
0 0.675781 0.687500 0.144531 0.085938
0 0.786133 0.512695 0.076172 0.087891
0 0.785156 0.595703 0.078125 0.078125
0 0.786133 0.682617 0.080078 0.095703
0 0.385742 0.816406 0.150391 0.167969
0 0.535156 0.814453 0.144531 0.171875
0 0.673828 0.816406 0.144531 0.171875
0 0.783203 0.816406 0.074219 0.171875
