0 0.396484 0.304688 0.128906 0.351562
0 0.400391 0.692383 0.121094 0.423828
0 0.403320 0.930664 0.126953 0.052734
0 0.510742 0.930664 0.087891 0.052734
0 0.510742 0.810547 0.087891 0.187500
0 0.510742 0.632812 0.087891 0.167969
0 0.510742 0.460938 0.087891 0.175781
0 0.712891 0.262695 0.109375 0.044922
0 0.714844 0.387695 0.105469 0.205078
0 0.713867 0.565430 0.103516 0.150391
0 0.713867 0.681641 0.103516 0.082031
0 0.712891 0.815430 0.101562 0.185547
0 0.712891 0.931641 0.101562 0.046875
0 0.927734 0.606445 0.113281 0.603516
0 0.352539 0.096680 0.068359 0.060547
0 0.427734 0.097656 0.082031 0.058594
0 0.513672 0.097656 0.089844 0.058594
0 0.612305 0.096680 0.107422 0.060547
0 0.718750 0.097656 0.105469 0.062500
0 0.819336 0.098633 0.091797 0.060547
0 0.924805 0.098633 0.119141 0.060547
0 0.087891 0.403320 0.074219 0.224609
0 0.086914 0.577148 0.076172 0.123047
0 0.087891 0.676758 0.078125 0.076172
0 0.086914 0.808594 0.080078 0.187500
