0 0.193359 0.427734 0.070312 0.765625
0 0.269531 0.131836 0.085938 0.169922
0 0.352539 0.132812 0.080078 0.167969
0 0.433594 0.134766 0.085938 0.171875
0 0.517578 0.135742 0.082031 0.169922
0 0.268555 0.326172 0.087891 0.214844
0 0.270508 0.527344 0.083984 0.187500
0 0.270508 0.712891 0.080078 0.183594
0 0.271484 0.882812 0.078125 0.156250
0 0.357422 0.711914 0.082031 0.185547
0 0.356445 0.520508 0.083984 0.197266
0 0.353516 0.318359 0.078125 0.207031
0 0.436523 0.319336 0.087891 0.208984
0 0.440430 0.521484 0.080078 0.195312
0 0.441406 0.716797 0.082031 0.195312
0 0.441406 0.893555 0.082031 0.158203
0 0.360352 0.890625 0.080078 0.164062
0 0.523438 0.893555 0.074219 0.166016
0 0.523438 0.713867 0.074219 0.193359
0 0.521484 0.519531 0.070312 0.195312
0 0.519531 0.324219 0.074219 0.195312
0 0.596680 0.320312 0.072266 0.203125
0 0.596680 0.521484 0.072266 0.199219
0 0.597656 0.716797 0.074219 0.191406
0 0.597656 0.892578 0.074219 0.160156
0 0.686523 0.893555 0.099609 0.150391
0 0.777344 0.896484 0.082031 0.156250
0 0.862305 0.894531 0.091797 0.160156
0 0.856445 0.715820 0.103516 0.197266
0 0.770508 0.712891 0.068359 0.191406
0 0.687500 0.712891 0.097656 0.191406
0 0.688477 0.518555 0.099609 0.197266
0 0.777344 0.517578 0.078125 0.195312
0 0.863281 0.525391 0.093750 0.179688
0 0.863281 0.330078 0.093750 0.210938
0 0.778320 0.321289 0.076172 0.193359
0 0.687500 0.317383 0.105469 0.201172
0 0.596680 0.137695 0.072266 0.169922
0 0.686523 0.145508 0.107422 0.154297
0 0.778320 0.146484 0.076172 0.156250
0 0.864258 0.143555 0.099609 0.158203
