0 0.146484 0.401367 0.125000 0.275391
0 0.044922 0.454102 0.085938 0.216797
0 0.041016 0.708008 0.078125 0.333984
0 0.136719 0.606445 0.113281 0.248047
0 0.137695 0.787109 0.115234 0.156250
0 0.241211 0.346680 0.064453 0.251953
0 0.286133 0.331055 0.021484 0.216797
0 0.333008 0.304688 0.076172 0.253906
0 0.383789 0.284180 0.025391 0.240234
0 0.426758 0.259766 0.060547 0.261719
0 0.468750 0.243164 0.023438 0.251953
0 0.538086 0.210938 0.107422 0.296875
0 0.610352 0.185547 0.037109 0.265625
0 0.666992 0.172852 0.072266 0.248047
0 0.718750 0.152344 0.031250 0.230469
0 0.205078 0.592773 0.019531 0.244141
0 0.244141 0.579102 0.058594 0.267578
0 0.289062 0.567383 0.027344 0.263672
0 0.336914 0.551758 0.064453 0.279297
0 0.384766 0.541016 0.027344 0.285156
0 0.427734 0.525391 0.058594 0.312500
0 0.472656 0.509766 0.027344 0.308594
0 0.535156 0.556641 0.093750 0.222656
0 0.539062 0.392578 0.105469 0.167969
0 0.660156 0.525391 0.148438 0.222656
0 0.663086 0.358398 0.142578 0.201172
0 0.206055 0.782227 0.017578 0.154297
0 0.336914 0.771484 0.068359 0.171875
0 0.245117 0.775391 0.060547 0.160156
0 0.290039 0.774414 0.029297 0.162109
0 0.386719 0.762695 0.031250 0.177734
0 0.433594 0.753906 0.058594 0.175781
0 0.477539 0.749023 0.025391 0.181641
0 0.541016 0.734375 0.097656 0.199219
0 0.646484 0.793945 0.121094 0.365234
0 0.721680 0.787109 0.033203 0.375000
0 0.337891 0.891602 0.070312 0.099609
0 0.390625 0.890625 0.031250 0.101562
0 0.479492 0.916016 0.029297 0.160156
0 0.247070 0.920898 0.056641 0.142578
0 0.292969 0.921875 0.027344 0.140625
0 0.338867 0.976562 0.072266 0.039062
0 0.389648 0.977539 0.033203 0.037109
0 0.435547 0.977539 0.058594 0.037109
2 0.867188 0.496094 0.261719 0.976562
