0 0.060059 0.321376 0.104492 0.408492
0 0.187500 0.319912 0.150391 0.411420
0 0.341309 0.326501 0.157227 0.424597
0 0.494629 0.325037 0.149414 0.427526
0 0.645020 0.325037 0.151367 0.427526
0 0.798828 0.327233 0.156250 0.420205
0 0.934082 0.325769 0.114258 0.417277
0 0.062012 0.606881 0.102539 0.136164
0 0.188965 0.603953 0.151367 0.142020
0 0.340820 0.603953 0.152344 0.142020
0 0.491211 0.609810 0.148438 0.130307
0 0.645508 0.611274 0.160156 0.133236
0 0.801270 0.607613 0.151367 0.140556
0 0.936035 0.610542 0.118164 0.146413
