0 0.196289 0.288086 0.068359 0.154297
0 0.273438 0.287109 0.085938 0.156250
0 0.352539 0.285156 0.072266 0.152344
0 0.427734 0.287109 0.078125 0.148438
0 0.503906 0.289062 0.074219 0.152344
0 0.576172 0.287109 0.070312 0.156250
0 0.650391 0.285156 0.078125 0.152344
0 0.726562 0.289062 0.074219 0.144531
0 0.802734 0.291992 0.078125 0.150391
0 0.877930 0.295898 0.072266 0.142578
0 0.950195 0.291016 0.072266 0.160156
0 0.198242 0.428711 0.068359 0.130859
0 0.271484 0.427734 0.078125 0.132812
0 0.350586 0.427734 0.080078 0.132812
0 0.428711 0.428711 0.076172 0.130859
0 0.503906 0.430664 0.074219 0.134766
0 0.575195 0.431641 0.068359 0.132812
0 0.649414 0.431641 0.080078 0.132812
0 0.728516 0.432617 0.078125 0.130859
0 0.804688 0.435547 0.074219 0.136719
0 0.876953 0.434570 0.070312 0.138672
0 0.949219 0.428711 0.074219 0.126953
0 0.952148 0.547852 0.068359 0.111328
0 0.880859 0.550781 0.074219 0.105469
0 0.804688 0.548828 0.078125 0.101562
0 0.727539 0.546875 0.076172 0.105469
0 0.652344 0.549805 0.074219 0.111328
0 0.578125 0.550781 0.074219 0.109375
0 0.503906 0.548828 0.074219 0.105469
0 0.427734 0.546875 0.078125 0.109375
0 0.350586 0.545898 0.076172 0.107422
0 0.274414 0.547852 0.076172 0.103516
0 0.200195 0.546875 0.072266 0.101562
0 0.201172 0.664062 0.074219 0.132812
0 0.276367 0.664062 0.076172 0.132812
0 0.352539 0.668945 0.076172 0.142578
0 0.428711 0.671875 0.076172 0.136719
0 0.503906 0.666992 0.074219 0.126953
0 0.579102 0.668945 0.076172 0.123047
0 0.651367 0.670898 0.068359 0.126953
0 0.723633 0.669922 0.076172 0.128906
0 0.801758 0.673828 0.080078 0.136719
0 0.880859 0.671875 0.078125 0.140625
0 0.956055 0.670898 0.072266 0.138672
0 0.127930 0.322266 0.072266 0.097656
0 0.131836 0.433594 0.064453 0.125000
0 0.129883 0.548828 0.060547 0.105469
0 0.204102 0.780273 0.072266 0.099609
0 0.276367 0.783203 0.072266 0.093750
0 0.352539 0.784180 0.080078 0.095703
0 0.429688 0.786133 0.074219 0.091797
0 0.503906 0.787109 0.074219 0.093750
0 0.576172 0.783203 0.070312 0.101562
0 0.650391 0.778320 0.078125 0.091797
0 0.726562 0.782227 0.074219 0.083984
0 0.801758 0.787109 0.076172 0.093750
0 0.877930 0.788086 0.076172 0.091797
0 0.954102 0.783203 0.076172 0.082031
0 0.205078 0.908203 0.074219 0.164062
0 0.277344 0.910156 0.070312 0.160156
0 0.352539 0.910156 0.080078 0.160156
0 0.428711 0.910156 0.072266 0.160156
0 0.502930 0.907227 0.076172 0.154297
0 0.578125 0.906250 0.074219 0.156250
0 0.652344 0.909180 0.074219 0.162109
0 0.726562 0.910156 0.074219 0.160156
0 0.797852 0.909180 0.068359 0.158203
0 0.872070 0.912109 0.080078 0.152344
0 0.954102 0.912109 0.083984 0.152344
