0 0.446289 0.014648 0.056641 0.025391
0 0.510742 0.069336 0.064453 0.095703
0 0.573242 0.063477 0.060547 0.107422
0 0.639648 0.049805 0.052734 0.091797
0 0.700195 0.069336 0.068359 0.052734
0 0.708008 0.019531 0.056641 0.035156
0 0.765625 0.044922 0.050781 0.070312
0 0.446289 0.057617 0.060547 0.060547
0 0.449219 0.101562 0.058594 0.035156
0 0.447266 0.137695 0.054688 0.041016
0 0.511719 0.142578 0.066406 0.066406
0 0.575195 0.135742 0.052734 0.064453
0 0.635742 0.123047 0.056641 0.054688
0 0.638672 0.163086 0.062500 0.041016
0 0.702148 0.132812 0.060547 0.097656
0 0.767578 0.122070 0.062500 0.091797
0 0.763672 0.189453 0.058594 0.039062
0 0.700195 0.196289 0.064453 0.041016
0 0.637695 0.205078 0.060547 0.050781
0 0.573242 0.208984 0.064453 0.046875
0 0.507812 0.214844 0.058594 0.046875
0 0.447266 0.206055 0.054688 0.048828
0 0.447266 0.283203 0.062500 0.089844
0 0.510742 0.273438 0.060547 0.085938
0 0.573242 0.249023 0.056641 0.041016
0 0.574219 0.289062 0.062500 0.042969
0 0.641602 0.245117 0.056641 0.048828
0 0.705078 0.236328 0.062500 0.046875
0 0.772461 0.250000 0.060547 0.089844
0 0.768555 0.340820 0.060547 0.095703
0 0.704102 0.275391 0.064453 0.046875
0 0.705078 0.318359 0.062500 0.054688
0 0.641602 0.309570 0.060547 0.080078
0 0.572266 0.355469 0.058594 0.097656
0 0.506836 0.362305 0.060547 0.099609
0 0.445312 0.346680 0.054688 0.044922
0 0.442383 0.396484 0.060547 0.058594
0 0.448242 0.447266 0.060547 0.062500
0 0.509766 0.457031 0.066406 0.085938
0 0.574219 0.451172 0.058594 0.097656
0 0.635742 0.425781 0.064453 0.046875
0 0.642578 0.377930 0.054688 0.044922
0 0.706055 0.371094 0.072266 0.058594
0 0.703125 0.436523 0.066406 0.083984
0 0.767578 0.410156 0.054688 0.046875
0 0.770508 0.456055 0.056641 0.037109
0 0.768555 0.500977 0.060547 0.052734
0 0.768555 0.542969 0.060547 0.031250
0 0.768555 0.580078 0.060547 0.042969
0 0.767578 0.623047 0.058594 0.042969
0 0.769531 0.664062 0.054688 0.039062
0 0.769531 0.730469 0.054688 0.093750
0 0.767578 0.800781 0.050781 0.050781
0 0.768555 0.846680 0.052734 0.041016
0 0.769531 0.919922 0.050781 0.105469
0 0.702148 0.522461 0.060547 0.087891
0 0.702148 0.592773 0.060547 0.052734
0 0.703125 0.655273 0.062500 0.072266
0 0.704102 0.714844 0.060547 0.046875
0 0.701172 0.804688 0.058594 0.132812
0 0.702148 0.884766 0.056641 0.027344
0 0.701172 0.916016 0.054688 0.035156
0 0.699219 0.957031 0.058594 0.046875
0 0.637695 0.510742 0.064453 0.048828
0 0.634766 0.551758 0.058594 0.033203
0 0.636719 0.613281 0.054688 0.089844
0 0.637695 0.678711 0.060547 0.041016
0 0.636719 0.723633 0.062500 0.048828
0 0.633789 0.767578 0.060547 0.039062
0 0.635742 0.830078 0.056641 0.085938
0 0.638672 0.927734 0.062500 0.109375
0 0.573242 0.516602 0.052734 0.037109
0 0.573242 0.555664 0.052734 0.041016
0 0.573242 0.638672 0.052734 0.125000
0 0.573242 0.723633 0.052734 0.044922
0 0.574219 0.767578 0.054688 0.042969
0 0.572266 0.829102 0.058594 0.080078
0 0.572266 0.909180 0.058594 0.080078
0 0.569336 0.974609 0.064453 0.050781
0 0.506836 0.971680 0.060547 0.048828
0 0.509766 0.907227 0.066406 0.080078
0 0.511719 0.823242 0.062500 0.087891
0 0.510742 0.762695 0.060547 0.033203
0 0.510742 0.726562 0.060547 0.039062
0 0.508789 0.683594 0.056641 0.046875
0 0.508789 0.623047 0.056641 0.078125
0 0.511719 0.542969 0.062500 0.082031
0 0.446289 0.496094 0.052734 0.039062
0 0.446289 0.553711 0.052734 0.076172
0 0.446289 0.608398 0.052734 0.033203
0 0.446289 0.666992 0.052734 0.083984
0 0.448242 0.727539 0.056641 0.037109
0 0.447266 0.773438 0.058594 0.054688
0 0.447266 0.817383 0.058594 0.033203
0 0.446289 0.897461 0.060547 0.126953
0 0.444336 0.977539 0.064453 0.033203
