0 0.251953 0.313477 0.054688 0.154297
0 0.291016 0.315430 0.023438 0.158203
0 0.328125 0.316406 0.050781 0.156250
0 0.366211 0.316406 0.025391 0.156250
0 0.401367 0.315430 0.044922 0.158203
0 0.435547 0.314453 0.023438 0.156250
0 0.475586 0.314453 0.056641 0.156250
0 0.513672 0.312500 0.019531 0.152344
0 0.550781 0.311523 0.054688 0.154297
0 0.586914 0.311523 0.017578 0.154297
0 0.622070 0.312500 0.052734 0.152344
0 0.659180 0.312500 0.021484 0.152344
0 0.701172 0.308594 0.062500 0.160156
0 0.250977 0.399414 0.056641 0.025391
0 0.249023 0.522461 0.048828 0.228516
0 0.286133 0.522461 0.025391 0.228516
0 0.335938 0.521484 0.074219 0.226562
0 0.409180 0.523438 0.072266 0.222656
0 0.480469 0.520508 0.070312 0.216797
0 0.544922 0.518555 0.058594 0.220703
0 0.584961 0.518555 0.021484 0.220703
0 0.624023 0.518555 0.056641 0.220703
0 0.662109 0.520508 0.019531 0.224609
0 0.701172 0.517578 0.058594 0.230469
0 0.250000 0.704102 0.058594 0.111328
0 0.328125 0.702148 0.046875 0.111328
0 0.405273 0.700195 0.048828 0.103516
0 0.474609 0.699219 0.050781 0.113281
0 0.549805 0.699219 0.052734 0.101562
0 0.625000 0.703125 0.054688 0.109375
0 0.701172 0.706055 0.054688 0.107422
0 0.251953 0.844727 0.058594 0.173828
0 0.330078 0.845703 0.046875 0.171875
0 0.406250 0.838867 0.050781 0.173828
0 0.472656 0.844727 0.062500 0.169922
0 0.548828 0.843750 0.054688 0.179688
0 0.624023 0.842773 0.052734 0.181641
0 0.702148 0.845703 0.056641 0.179688
