0 0.132812 0.150391 0.261719 0.113281
0 0.354492 0.151367 0.181641 0.111328
0 0.607422 0.146484 0.324219 0.101562
0 0.877930 0.147461 0.216797 0.099609
0 0.083008 0.281250 0.162109 0.109375
0 0.405273 0.283203 0.482422 0.105469
0 0.773438 0.284180 0.253906 0.107422
0 0.950195 0.283203 0.099609 0.109375
0 0.029297 0.415039 0.054688 0.126953
0 0.164062 0.421875 0.214844 0.113281
0 0.374023 0.417969 0.205078 0.105469
0 0.529297 0.416992 0.105469 0.107422
0 0.685547 0.419922 0.207031 0.113281
0 0.894531 0.421875 0.210938 0.109375
0 0.217773 0.554688 0.431641 0.121094
0 0.545898 0.546875 0.216797 0.109375
0 0.780273 0.547852 0.251953 0.107422
0 0.953125 0.548828 0.093750 0.109375
0 0.095703 0.770508 0.160156 0.158203
0 0.288086 0.772461 0.224609 0.154297
0 0.547852 0.767578 0.294922 0.144531
0 0.795898 0.766602 0.201172 0.146484
0 0.948242 0.767578 0.103516 0.148438
