0 0.258475 0.330508 0.076271 0.141243
0 0.334746 0.333333 0.076271 0.135593
0 0.406780 0.333333 0.067797 0.135593
0 0.478814 0.336158 0.076271 0.129944
0 0.555085 0.336158 0.076271 0.129944
0 0.627119 0.336158 0.067797 0.129944
0 0.260593 0.432203 0.080508 0.062147
0 0.336864 0.435028 0.072034 0.056497
0 0.408898 0.432203 0.072034 0.050847
0 0.483051 0.429379 0.076271 0.056497
0 0.555085 0.429379 0.067797 0.056497
0 0.625000 0.429379 0.072034 0.056497
0 0.256356 0.610169 0.072034 0.214689
0 0.330508 0.612994 0.076271 0.209040
0 0.404661 0.612994 0.072034 0.209040
0 0.478814 0.615819 0.076271 0.203390
0 0.552966 0.618644 0.072034 0.209040
0 0.625000 0.618644 0.072034 0.209040
5 0.161017 0.703390 0.237288 0.209040
