0 0.305664 0.202148 0.052734 0.251953
0 0.369141 0.164062 0.074219 0.265625
0 0.440430 0.129883 0.068359 0.255859
0 0.306641 0.416016 0.058594 0.238281
0 0.372070 0.380859 0.068359 0.261719
0 0.431641 0.365234 0.062500 0.242188
0 0.309570 0.643555 0.060547 0.216797
0 0.369141 0.624023 0.066406 0.232422
0 0.435547 0.604492 0.062500 0.244141
0 0.305664 0.845703 0.060547 0.183594
0 0.369141 0.837891 0.062500 0.195312
0 0.425781 0.829102 0.050781 0.201172
0 0.423828 0.967773 0.046875 0.064453
0 0.370117 0.966797 0.068359 0.066406
0 0.307617 0.972656 0.068359 0.054688
0 0.522461 0.596680 0.072266 0.232422
0 0.605469 0.588867 0.093750 0.236328
0 0.697266 0.583008 0.089844 0.232422
0 0.521484 0.354492 0.066406 0.240234
0 0.603516 0.348633 0.097656 0.240234
0 0.695312 0.338867 0.093750 0.232422
0 0.521484 0.113281 0.062500 0.222656
0 0.600586 0.110352 0.091797 0.216797
0 0.693359 0.104492 0.093750 0.205078
0 0.803711 0.093750 0.076172 0.183594
0 0.887695 0.092773 0.083984 0.181641
0 0.964844 0.094727 0.066406 0.185547
0 0.803711 0.323242 0.083984 0.240234
0 0.884766 0.318359 0.078125 0.230469
0 0.959961 0.317383 0.072266 0.232422
0 0.799805 0.577148 0.083984 0.248047
0 0.882812 0.567383 0.082031 0.240234
0 0.960938 0.572266 0.078125 0.242188
0 0.800781 0.808594 0.085938 0.207031
0 0.884766 0.806641 0.082031 0.203125
0 0.962891 0.804688 0.074219 0.207031
0 0.805664 0.959961 0.076172 0.080078
0 0.881836 0.957031 0.083984 0.085938
0 0.962891 0.955078 0.074219 0.085938
0 0.523438 0.819336 0.074219 0.201172
0 0.605469 0.818359 0.089844 0.203125
0 0.698242 0.815430 0.095703 0.197266
0 0.519531 0.966797 0.074219 0.066406
0 0.604492 0.965820 0.091797 0.068359
0 0.698242 0.963867 0.083984 0.072266
