0 0.287234 0.258890 0.060284 0.147937
0 0.375000 0.256757 0.115248 0.152205
0 0.471631 0.236842 0.046099 0.083926
0 0.561170 0.236842 0.132979 0.083926
0 0.654255 0.236842 0.053191 0.086771
0 0.289007 0.409673 0.056738 0.150782
0 0.373227 0.408962 0.111702 0.152205
0 0.141844 0.544097 0.053191 0.194879
0 0.480496 0.495733 0.074468 0.280228
0 0.643617 0.431721 0.039007 0.149360
0 0.643617 0.567568 0.035461 0.133713
0 0.822695 0.377667 0.092199 0.109531
0 0.894504 0.377667 0.051418 0.109531
0 0.962766 0.565434 0.070922 0.183499
