0 0.478516 0.418945 0.078125 0.201172
0 0.548828 0.433594 0.074219 0.187500
0 0.608398 0.446289 0.041016 0.177734
0 0.667969 0.464844 0.078125 0.179688
0 0.733398 0.479492 0.052734 0.162109
0 0.790039 0.494141 0.064453 0.156250
0 0.879883 0.513672 0.111328 0.171875
0 0.955078 0.536133 0.027344 0.142578
0 0.847656 0.378906 0.187500 0.187500
0 0.959961 0.413086 0.048828 0.115234
0 0.644531 0.320312 0.128906 0.160156
0 0.550781 0.285156 0.078125 0.152344
0 0.475586 0.260742 0.072266 0.158203
0 0.415039 0.401367 0.052734 0.201172
0 0.345703 0.245117 0.078125 0.275391
0 0.414062 0.228516 0.046875 0.187500
0 0.474609 0.599609 0.078125 0.187500
0 0.550781 0.608398 0.074219 0.181641
0 0.608398 0.618164 0.041016 0.169922
0 0.663086 0.619141 0.076172 0.171875
0 0.732422 0.634766 0.054688 0.160156
0 0.788086 0.647461 0.060547 0.154297
0 0.835938 0.647461 0.035156 0.146484
0 0.866211 0.654297 0.033203 0.132812
0 0.912109 0.662109 0.050781 0.140625
0 0.951172 0.666992 0.031250 0.134766
0 0.470703 0.775391 0.082031 0.175781
0 0.549805 0.776367 0.076172 0.166016
0 0.608398 0.777344 0.041016 0.160156
0 0.664062 0.777344 0.070312 0.156250
0 0.730469 0.786133 0.054688 0.150391
0 0.790039 0.783203 0.064453 0.148438
0 0.860352 0.790039 0.072266 0.138672
0 0.913086 0.833008 0.044922 0.208984
0 0.411133 0.598633 0.048828 0.197266
0 0.410156 0.774414 0.042969 0.173828
0 0.290039 0.784180 0.033203 0.142578
0 0.288086 0.634766 0.033203 0.171875
0 0.291016 0.470703 0.035156 0.187500
0 0.350586 0.440430 0.083984 0.228516
0 0.346680 0.617188 0.099609 0.199219
0 0.345703 0.777344 0.089844 0.183594
0 0.220703 0.791992 0.105469 0.138672
0 0.223633 0.660156 0.103516 0.171875
0 0.221680 0.517578 0.103516 0.207031
