0 0.046897 0.080684 0.089127 0.154624
0 0.146290 0.082611 0.109659 0.150771
0 0.252800 0.081647 0.103360 0.148844
0 0.356743 0.079721 0.104526 0.152697
0 0.461269 0.078757 0.104526 0.150771
0 0.568245 0.080684 0.109426 0.146917
0 0.676738 0.083815 0.107559 0.153179
0 0.782781 0.080684 0.104526 0.159441
0 0.889291 0.076349 0.108493 0.150771
0 0.968969 0.078516 0.050863 0.146435
0 0.049930 0.247110 0.091461 0.178227
0 0.149323 0.249277 0.107326 0.173892
0 0.253266 0.245183 0.100560 0.165703
0 0.356743 0.243015 0.106393 0.170039
0 0.462203 0.240848 0.104526 0.165703
0 0.568245 0.243015 0.107559 0.161368
0 0.675338 0.243015 0.106626 0.161368
0 0.781381 0.239884 0.105460 0.171484
0 0.887891 0.239884 0.107559 0.171484
0 0.970019 0.238680 0.056696 0.173892
0 0.047364 0.622110 0.090061 0.366570
0 0.146174 0.622110 0.107559 0.366570
0 0.253266 0.622110 0.106626 0.366570
0 0.357793 0.622110 0.102427 0.366570
0 0.463252 0.623073 0.108493 0.368497
0 0.568712 0.624037 0.102427 0.366570
0 0.674755 0.626204 0.109659 0.370906
0 0.782315 0.625241 0.105460 0.372832
0 0.888357 0.625241 0.106626 0.372832
0 0.968035 0.629335 0.052730 0.364644
0 0.047364 0.903902 0.092394 0.184489
0 0.146290 0.899807 0.105460 0.180154
0 0.252333 0.901734 0.106626 0.184008
0 0.357793 0.893304 0.104293 0.175819
0 0.464302 0.896435 0.108726 0.182081
0 0.569295 0.897399 0.101260 0.180154
0 0.675805 0.897640 0.111759 0.175819
0 0.782898 0.898603 0.102427 0.173892
0 0.887308 0.902697 0.106393 0.182081
0 0.968969 0.902697 0.056930 0.182081
