0 0.875977 0.049805 0.056641 0.095703
0 0.970703 0.048828 0.050781 0.093750
0 0.875977 0.168945 0.056641 0.064453
0 0.874023 0.255859 0.060547 0.109375
0 0.874023 0.319336 0.060547 0.037109
0 0.874023 0.398438 0.060547 0.121094
0 0.873047 0.477539 0.058594 0.037109
0 0.875977 0.568359 0.052734 0.144531
0 0.875000 0.660156 0.050781 0.039062
0 0.874023 0.767578 0.052734 0.179688
0 0.970703 0.115234 0.058594 0.039062
0 0.973633 0.166016 0.052734 0.062500
0 0.969727 0.246094 0.048828 0.101562
0 0.970703 0.314453 0.046875 0.035156
0 0.969727 0.393555 0.044922 0.123047
0 0.968750 0.473633 0.046875 0.037109
0 0.972656 0.567383 0.054688 0.150391
0 0.971680 0.661133 0.052734 0.041016
0 0.971680 0.769531 0.052734 0.175781
0 0.031250 0.047852 0.054688 0.091797
0 0.089844 0.046875 0.062500 0.089844
0 0.145508 0.046875 0.048828 0.089844
0 0.201172 0.045898 0.062500 0.087891
0 0.264648 0.045898 0.064453 0.087891
0 0.324219 0.045898 0.054688 0.087891
0 0.383789 0.045898 0.064453 0.087891
0 0.442383 0.046875 0.048828 0.089844
0 0.498047 0.046875 0.062500 0.089844
0 0.559570 0.047852 0.060547 0.091797
0 0.617188 0.047852 0.054688 0.091797
0 0.671875 0.045898 0.054688 0.087891
0 0.727539 0.046875 0.056641 0.085938
0 0.763672 0.049805 0.015625 0.091797
0 0.029297 0.152344 0.050781 0.125000
0 0.087891 0.151367 0.066406 0.126953
0 0.143555 0.150391 0.044922 0.125000
0 0.198242 0.151367 0.064453 0.123047
0 0.264648 0.153320 0.068359 0.126953
0 0.325195 0.153320 0.052734 0.126953
0 0.386719 0.153320 0.070312 0.126953
0 0.443359 0.153320 0.042969 0.126953
0 0.498047 0.153320 0.066406 0.126953
0 0.560547 0.154297 0.058594 0.125000
0 0.613281 0.156250 0.046875 0.128906
0 0.668945 0.154297 0.060547 0.132812
0 0.724609 0.155273 0.050781 0.134766
0 0.760742 0.156250 0.021484 0.132812
0 0.028320 0.236328 0.052734 0.042969
0 0.088867 0.235352 0.068359 0.044922
0 0.145508 0.236328 0.044922 0.046875
0 0.200195 0.235352 0.064453 0.048828
0 0.266602 0.234375 0.068359 0.046875
0 0.327148 0.237305 0.052734 0.041016
0 0.389648 0.237305 0.072266 0.041016
0 0.446289 0.237305 0.041016 0.041016
0 0.499023 0.236328 0.064453 0.039062
0 0.563477 0.236328 0.064453 0.039062
0 0.618164 0.236328 0.044922 0.039062
0 0.671875 0.237305 0.062500 0.037109
0 0.727539 0.238281 0.052734 0.042969
0 0.763672 0.239258 0.019531 0.041016
0 0.028320 0.325195 0.052734 0.142578
0 0.087891 0.327148 0.066406 0.138672
0 0.145508 0.327148 0.048828 0.138672
0 0.202148 0.327148 0.064453 0.138672
0 0.268555 0.328125 0.068359 0.140625
0 0.327148 0.327148 0.048828 0.142578
0 0.386719 0.327148 0.070312 0.142578
0 0.444336 0.328125 0.044922 0.140625
0 0.499023 0.327148 0.064453 0.138672
0 0.562500 0.328125 0.062500 0.140625
0 0.618164 0.330078 0.048828 0.144531
0 0.671875 0.332031 0.058594 0.140625
0 0.727539 0.332031 0.052734 0.140625
0 0.762695 0.332031 0.017578 0.140625
0 0.029297 0.416016 0.054688 0.046875
0 0.089844 0.417969 0.066406 0.042969
0 0.145508 0.419922 0.044922 0.046875
0 0.201172 0.419922 0.066406 0.046875
0 0.269531 0.418945 0.070312 0.044922
0 0.327148 0.418945 0.044922 0.044922
0 0.386719 0.417969 0.074219 0.042969
0 0.444336 0.418945 0.041016 0.041016
0 0.497070 0.420898 0.064453 0.044922
0 0.561523 0.420898 0.064453 0.044922
0 0.619141 0.420898 0.050781 0.044922
0 0.672852 0.420898 0.056641 0.044922
0 0.728516 0.421875 0.054688 0.046875
0 0.765625 0.420898 0.019531 0.048828
0 0.029297 0.481445 0.050781 0.087891
0 0.088867 0.482422 0.068359 0.085938
0 0.145508 0.482422 0.044922 0.085938
0 0.201172 0.483398 0.066406 0.083984
0 0.267578 0.483398 0.066406 0.083984
0 0.326172 0.483398 0.050781 0.083984
0 0.385742 0.483398 0.068359 0.083984
0 0.443359 0.482422 0.046875 0.085938
0 0.499023 0.482422 0.064453 0.085938
0 0.562500 0.482422 0.062500 0.085938
0 0.617188 0.482422 0.046875 0.085938
0 0.670898 0.484375 0.060547 0.082031
0 0.726562 0.487305 0.050781 0.087891
0 0.762695 0.487305 0.021484 0.087891
0 0.029297 0.547852 0.050781 0.044922
0 0.088867 0.548828 0.068359 0.042969
0 0.146484 0.547852 0.046875 0.041016
0 0.202148 0.546875 0.064453 0.042969
0 0.268555 0.547852 0.068359 0.044922
0 0.327148 0.547852 0.048828 0.044922
0 0.386719 0.544922 0.070312 0.039062
0 0.444336 0.543945 0.044922 0.041016
0 0.499023 0.543945 0.064453 0.041016
0 0.562500 0.544922 0.062500 0.039062
0 0.617188 0.544922 0.046875 0.039062
0 0.670898 0.544922 0.060547 0.039062
0 0.727539 0.548828 0.052734 0.046875
0 0.763672 0.550781 0.019531 0.042969
0 0.029297 0.635742 0.054688 0.134766
0 0.089844 0.635742 0.066406 0.134766
0 0.145508 0.633789 0.044922 0.130859
0 0.201172 0.634766 0.066406 0.128906
0 0.267578 0.634766 0.066406 0.128906
0 0.326172 0.633789 0.050781 0.130859
0 0.388672 0.633789 0.070312 0.130859
0 0.445312 0.634766 0.042969 0.128906
0 0.498047 0.636719 0.062500 0.132812
0 0.559570 0.635742 0.060547 0.134766
0 0.616211 0.635742 0.052734 0.134766
0 0.672852 0.635742 0.060547 0.134766
0 0.728516 0.635742 0.050781 0.134766
0 0.764648 0.635742 0.021484 0.134766
0 0.031250 0.721680 0.054688 0.041016
0 0.092773 0.722656 0.068359 0.039062
0 0.147461 0.721680 0.041016 0.037109
0 0.200195 0.720703 0.064453 0.039062
0 0.267578 0.720703 0.070312 0.039062
0 0.329102 0.719727 0.048828 0.041016
0 0.387695 0.719727 0.068359 0.041016
0 0.444336 0.720703 0.044922 0.039062
0 0.499023 0.721680 0.060547 0.037109
0 0.560547 0.722656 0.062500 0.039062
0 0.617188 0.721680 0.050781 0.037109
0 0.669922 0.720703 0.058594 0.039062
0 0.726562 0.722656 0.054688 0.042969
0 0.764648 0.720703 0.017578 0.039062
0 0.033203 0.803711 0.062500 0.126953
0 0.096680 0.804688 0.064453 0.125000
0 0.149414 0.801758 0.041016 0.119141
0 0.200195 0.800781 0.060547 0.121094
0 0.266602 0.805664 0.072266 0.130859
0 0.328125 0.805664 0.050781 0.130859
0 0.386719 0.800781 0.066406 0.121094
0 0.444336 0.801758 0.048828 0.119141
0 0.498047 0.802734 0.058594 0.121094
0 0.558594 0.799805 0.062500 0.126953
0 0.615234 0.800781 0.050781 0.128906
0 0.670898 0.803711 0.060547 0.123047
0 0.738281 0.805664 0.074219 0.126953
0 0.033203 0.880859 0.062500 0.027344
0 0.096680 0.876953 0.064453 0.035156
0 0.148438 0.876953 0.039062 0.035156
0 0.200195 0.877930 0.064453 0.033203
0 0.267578 0.878906 0.070312 0.035156
0 0.330078 0.879883 0.050781 0.037109
0 0.388672 0.877930 0.066406 0.033203
0 0.445312 0.878906 0.046875 0.031250
0 0.499023 0.878906 0.060547 0.031250
0 0.558594 0.878906 0.058594 0.031250
0 0.612305 0.879883 0.048828 0.033203
0 0.667969 0.881836 0.062500 0.029297
0 0.739258 0.883789 0.080078 0.033203
0 0.740234 0.916992 0.078125 0.033203
0 0.670898 0.914062 0.060547 0.039062
0 0.616211 0.914062 0.048828 0.039062
0 0.561523 0.915039 0.060547 0.037109
0 0.499023 0.916016 0.064453 0.039062
0 0.444336 0.914062 0.044922 0.042969
0 0.388672 0.912109 0.066406 0.039062
0 0.329102 0.914062 0.052734 0.035156
0 0.268555 0.915039 0.068359 0.037109
0 0.202148 0.914062 0.064453 0.039062
0 0.147461 0.915039 0.044922 0.041016
0 0.093750 0.915039 0.062500 0.041016
0 0.032227 0.916016 0.060547 0.042969
0 0.032227 0.965820 0.060547 0.056641
0 0.095703 0.964844 0.066406 0.058594
0 0.149414 0.965820 0.041016 0.060547
0 0.202148 0.967773 0.064453 0.060547
0 0.267578 0.965820 0.066406 0.056641
0 0.329102 0.962891 0.056641 0.062500
0 0.389648 0.964844 0.064453 0.066406
0 0.446289 0.965820 0.048828 0.068359
0 0.499023 0.964844 0.056641 0.066406
0 0.558594 0.965820 0.062500 0.064453
0 0.618164 0.965820 0.052734 0.064453
0 0.673828 0.965820 0.058594 0.064453
0 0.738281 0.962891 0.070312 0.058594
