0 0.099609 0.185944 0.027344 0.081991
0 0.131836 0.191069 0.037109 0.086384
0 0.158203 0.196193 0.015625 0.079063
0 0.099121 0.260615 0.024414 0.079063
0 0.131348 0.265739 0.036133 0.083455
0 0.159180 0.269400 0.019531 0.076135
0 0.099609 0.331625 0.025391 0.065886
0 0.131348 0.336750 0.036133 0.076135
0 0.158691 0.338214 0.018555 0.070278
0 0.008789 0.323572 0.015625 0.079063
0 0.009277 0.422401 0.014648 0.103953
0 0.099121 0.424597 0.024414 0.105417
0 0.130371 0.427526 0.038086 0.099561
0 0.158203 0.427526 0.017578 0.099561
0 0.008789 0.524158 0.015625 0.099561
0 0.130859 0.521230 0.039062 0.090776
0 0.159668 0.521230 0.018555 0.090776
0 0.007812 0.244510 0.013672 0.079063
0 0.008789 0.165447 0.015625 0.079063
0 0.208984 0.207906 0.021484 0.076135
0 0.234375 0.210102 0.033203 0.077599
0 0.266113 0.218155 0.030273 0.073206
0 0.294922 0.224012 0.029297 0.070278
0 0.323730 0.229868 0.028320 0.070278
0 0.351074 0.236457 0.028320 0.068814
0 0.376953 0.240849 0.027344 0.068814
0 0.401855 0.245974 0.024414 0.067350
0 0.425293 0.251830 0.024414 0.064422
0 0.208496 0.277452 0.022461 0.071742
0 0.234863 0.281845 0.032227 0.074671
0 0.266602 0.285505 0.031250 0.073206
0 0.295410 0.290630 0.030273 0.071742
0 0.323730 0.295754 0.026367 0.067350
0 0.350586 0.300146 0.027344 0.064422
0 0.377441 0.303075 0.026367 0.064422
0 0.402344 0.306003 0.025391 0.064422
0 0.425293 0.311127 0.024414 0.060029
0 0.207031 0.349927 0.021484 0.079063
0 0.235840 0.352123 0.032227 0.077599
0 0.267090 0.354319 0.032227 0.076135
0 0.296387 0.357247 0.030273 0.076135
0 0.324707 0.362372 0.030273 0.071742
0 0.351562 0.363836 0.029297 0.071742
0 0.377441 0.367496 0.028320 0.070278
0 0.402832 0.370425 0.026367 0.067350
0 0.425781 0.372621 0.025391 0.065886
0 0.208008 0.431918 0.025391 0.087848
0 0.236328 0.432650 0.031250 0.086384
0 0.266602 0.427526 0.029297 0.076135
0 0.298340 0.429722 0.030273 0.077599
0 0.325195 0.431918 0.029297 0.079063
0 0.351562 0.435578 0.027344 0.077599
0 0.377441 0.435578 0.026367 0.071742
0 0.402344 0.438507 0.025391 0.074671
0 0.426758 0.439971 0.025391 0.071742
0 0.208008 0.519034 0.023438 0.089312
0 0.231934 0.520498 0.024414 0.086384
0 0.427246 0.513177 0.024414 0.074671
0 0.471680 0.260615 0.017578 0.058565
0 0.491211 0.266471 0.019531 0.058565
0 0.511230 0.270864 0.020508 0.061493
0 0.529785 0.274524 0.018555 0.060029
0 0.548340 0.279649 0.018555 0.058565
0 0.566895 0.281845 0.016602 0.057101
0 0.472168 0.318448 0.018555 0.057101
0 0.491211 0.321376 0.021484 0.057101
0 0.510742 0.323572 0.019531 0.055637
0 0.530273 0.329429 0.019531 0.052709
0 0.548828 0.330893 0.021484 0.055637
0 0.567871 0.333821 0.018555 0.052709
0 0.471680 0.376281 0.017578 0.058565
0 0.491699 0.377013 0.022461 0.062958
0 0.512695 0.379209 0.019531 0.061493
0 0.530273 0.382870 0.019531 0.060029
0 0.548828 0.383602 0.019531 0.055637
0 0.567871 0.376281 0.016602 0.040996
0 0.472656 0.442167 0.015625 0.073206
0 0.492188 0.444363 0.023438 0.068814
0 0.512695 0.444363 0.017578 0.068814
0 0.530762 0.445827 0.018555 0.065886
0 0.549805 0.443631 0.019531 0.061493
0 0.568359 0.465593 0.017578 0.017570
0 0.472656 0.512445 0.019531 0.070278
0 0.493164 0.512445 0.021484 0.067350
0 0.513184 0.511713 0.018555 0.068814
0 0.531738 0.510249 0.018555 0.065886
0 0.550293 0.510249 0.018555 0.065886
0 0.569824 0.508785 0.018555 0.062958
0 0.617188 0.292094 0.015625 0.057101
0 0.618652 0.344070 0.016602 0.046852
0 0.619629 0.387994 0.016602 0.046852
0 0.620605 0.434846 0.016602 0.049780
0 0.647461 0.300146 0.013672 0.049780
0 0.662109 0.303075 0.013672 0.046852
0 0.676270 0.305271 0.014648 0.045388
0 0.689941 0.309663 0.012695 0.048316
0 0.703125 0.311859 0.009766 0.046852
0 0.714844 0.314788 0.011719 0.046852
0 0.726074 0.316984 0.010742 0.045388
0 0.737793 0.318448 0.010742 0.045388
0 0.749512 0.322108 0.010742 0.040996
0 0.772949 0.327233 0.008789 0.042460
0 0.783203 0.330161 0.009766 0.042460
0 0.792969 0.331625 0.009766 0.039531
0 0.647461 0.346266 0.013672 0.045388
0 0.661621 0.349195 0.014648 0.048316
0 0.676270 0.352855 0.014648 0.046852
0 0.689941 0.355051 0.012695 0.042460
0 0.703125 0.355783 0.013672 0.043924
0 0.715332 0.358712 0.010742 0.043924
0 0.727051 0.360176 0.010742 0.043924
0 0.738770 0.362372 0.012695 0.042460
0 0.750000 0.360908 0.009766 0.036603
0 0.647949 0.393119 0.012695 0.045388
0 0.661621 0.394583 0.014648 0.042460
0 0.676270 0.394583 0.014648 0.042460
0 0.689941 0.396047 0.012695 0.039531
0 0.702637 0.393851 0.012695 0.035139
0 0.715332 0.393119 0.012695 0.027818
0 0.727539 0.392387 0.009766 0.020498
0 0.648926 0.437042 0.012695 0.042460
0 0.662598 0.434846 0.012695 0.038067
0 0.676758 0.425329 0.015625 0.019034
1 0.052246 0.330161 0.079102 0.657394
1 0.180664 0.360908 0.035156 0.414348
1 0.455078 0.382138 0.021484 0.342606
1 0.595703 0.298682 0.041016 0.594436
1 0.839844 0.340410 0.041016 0.446559
1 0.634766 0.361640 0.017578 0.202050
1 0.762207 0.335286 0.016602 0.079063
1 0.948242 0.341874 0.099609 0.680820
