0 0.320401 0.103594 0.082603 0.114165
0 0.401752 0.093023 0.082603 0.126850
0 0.483104 0.086681 0.087610 0.122622
0 0.566333 0.088795 0.086358 0.118393
0 0.652691 0.095137 0.086358 0.131078
0 0.735294 0.110994 0.081352 0.128964
0 0.812891 0.131078 0.073842 0.135307
0 0.884230 0.151163 0.068836 0.141649
0 0.951815 0.178647 0.066333 0.133192
0 0.317897 0.219873 0.085106 0.126850
0 0.399249 0.204017 0.087610 0.124736
0 0.482478 0.202960 0.086358 0.114165
0 0.566959 0.204017 0.082603 0.112051
0 0.651439 0.209302 0.086358 0.122622
0 0.734668 0.224101 0.077597 0.135307
0 0.813517 0.238901 0.075094 0.126850
0 0.885482 0.263214 0.068836 0.128964
0 0.951815 0.281184 0.063830 0.122622
0 0.993116 0.293869 0.013767 0.105708
0 0.314768 0.336152 0.081352 0.131078
0 0.396120 0.331924 0.078849 0.131078
0 0.479349 0.326638 0.087610 0.141649
0 0.565707 0.327696 0.085106 0.143763
0 0.650814 0.332981 0.085106 0.133192
0 0.732165 0.342495 0.077597 0.152220
0 0.808511 0.357294 0.075094 0.122622
0 0.882979 0.373150 0.073842 0.154334
0 0.951189 0.387949 0.062578 0.141649
0 0.311640 0.460888 0.082603 0.118393
0 0.392991 0.460888 0.080100 0.118393
0 0.476846 0.459831 0.087610 0.120507
0 0.563204 0.459831 0.085106 0.120507
0 0.648310 0.461945 0.085106 0.116279
0 0.730914 0.468288 0.080100 0.128964
0 0.809762 0.482030 0.077597 0.126850
0 0.882353 0.495772 0.067584 0.116279
0 0.951815 0.511628 0.061327 0.101480
0 0.310388 0.575053 0.080100 0.109937
0 0.392991 0.578224 0.080100 0.124736
0 0.479349 0.584567 0.082603 0.124736
0 0.565081 0.584567 0.083855 0.124736
0 0.648936 0.585624 0.083855 0.131078
0 0.731539 0.593023 0.078849 0.124736
0 0.809136 0.602537 0.078849 0.122622
0 0.884856 0.610994 0.072591 0.126850
0 0.952441 0.612051 0.062578 0.120507
5 0.157697 0.855180 0.240300 0.196617
