0 0.024414 0.411420 0.025391 0.032211
0 0.050293 0.410688 0.026367 0.033675
0 0.024902 0.445095 0.026367 0.032211
0 0.050781 0.445095 0.025391 0.032211
0 0.083008 0.409224 0.025391 0.033675
0 0.108887 0.409956 0.026367 0.032211
0 0.083496 0.445095 0.026367 0.035139
0 0.109375 0.445827 0.025391 0.033675
0 0.168457 0.409956 0.024414 0.032211
0 0.193848 0.410688 0.026367 0.030747
0 0.169434 0.444363 0.026367 0.036603
0 0.194824 0.445095 0.024414 0.035139
0 0.227051 0.409956 0.026367 0.032211
0 0.250977 0.409956 0.021484 0.032211
0 0.227051 0.446559 0.024414 0.035139
0 0.251953 0.448023 0.019531 0.032211
0 0.312012 0.411420 0.024414 0.032211
0 0.336914 0.411420 0.025391 0.032211
0 0.312012 0.445095 0.024414 0.032211
0 0.337402 0.445095 0.026367 0.035139
0 0.368164 0.411420 0.023438 0.032211
0 0.392578 0.411420 0.025391 0.032211
0 0.368164 0.446559 0.021484 0.032211
0 0.394531 0.447291 0.023438 0.033675
0 0.451660 0.410688 0.024414 0.033675
0 0.477051 0.410688 0.026367 0.033675
0 0.451660 0.446559 0.024414 0.035139
0 0.477051 0.447291 0.026367 0.033675
0 0.508301 0.412152 0.022461 0.033675
0 0.532715 0.412152 0.026367 0.033675
0 0.507812 0.447291 0.021484 0.030747
0 0.534668 0.445827 0.022461 0.033675
0 0.591309 0.411420 0.024414 0.038067
0 0.615723 0.412152 0.024414 0.036603
0 0.591309 0.448023 0.022461 0.032211
0 0.616699 0.448023 0.022461 0.032211
0 0.647949 0.410688 0.022461 0.030747
0 0.669922 0.411420 0.015625 0.032211
0 0.647461 0.447291 0.021484 0.030747
0 0.669922 0.448023 0.013672 0.032211
0 0.730469 0.411420 0.023438 0.032211
0 0.756348 0.411420 0.022461 0.032211
0 0.729492 0.448023 0.023438 0.032211
0 0.756836 0.448023 0.021484 0.032211
0 0.787109 0.411420 0.023438 0.032211
0 0.812988 0.410688 0.022461 0.030747
0 0.786621 0.448023 0.024414 0.032211
0 0.812988 0.447291 0.024414 0.030747
0 0.852539 0.355783 0.023438 0.023426
0 0.875977 0.355783 0.023438 0.023426
0 0.898926 0.355051 0.022461 0.021962
0 0.922363 0.355051 0.024414 0.021962
0 0.946289 0.355783 0.023438 0.023426
0 0.969238 0.355051 0.022461 0.024890
0 0.989746 0.355051 0.018555 0.024890
0 0.990234 0.379941 0.017578 0.024890
0 0.969727 0.379209 0.023438 0.026354
0 0.946289 0.379209 0.023438 0.026354
0 0.922852 0.379941 0.023438 0.024890
0 0.899414 0.379941 0.023438 0.024890
0 0.876465 0.380673 0.022461 0.023426
0 0.853027 0.380673 0.024414 0.023426
0 0.852539 0.406296 0.023438 0.027818
0 0.875977 0.406296 0.023438 0.027818
0 0.899414 0.404832 0.023438 0.024890
0 0.922852 0.404832 0.023438 0.024890
0 0.945801 0.405564 0.022461 0.026354
0 0.969238 0.406296 0.024414 0.024890
0 0.990234 0.406296 0.017578 0.024890
0 0.990234 0.431918 0.017578 0.026354
0 0.969727 0.431918 0.023438 0.026354
0 0.945312 0.431918 0.025391 0.026354
0 0.921875 0.431918 0.021484 0.026354
0 0.899414 0.430454 0.023438 0.023426
0 0.876465 0.431186 0.022461 0.021962
0 0.852539 0.431918 0.025391 0.023426
0 0.851562 0.456808 0.023438 0.026354
0 0.875488 0.456808 0.024414 0.026354
0 0.898926 0.457540 0.022461 0.027818
0 0.921387 0.458272 0.022461 0.026354
0 0.944824 0.457540 0.024414 0.024890
0 0.969238 0.457540 0.024414 0.024890
0 0.990234 0.457540 0.017578 0.024890
0 0.990723 0.482430 0.016602 0.024890
0 0.970215 0.483163 0.024414 0.023426
0 0.945312 0.482430 0.025391 0.021962
0 0.921387 0.483163 0.022461 0.020498
0 0.899414 0.483895 0.021484 0.021962
0 0.876465 0.483163 0.024414 0.023426
0 0.852539 0.484627 0.023438 0.026354
0 0.849609 0.510249 0.017578 0.024890
0 0.735352 0.364568 0.023438 0.035139
0 0.758789 0.363836 0.023438 0.036603
0 0.782227 0.363836 0.023438 0.036603
0 0.805664 0.363836 0.023438 0.036603
0 0.829102 0.364568 0.023438 0.038067
0 0.574219 0.363836 0.023438 0.039531
0 0.597168 0.363104 0.022461 0.040996
0 0.619629 0.362372 0.022461 0.039531
0 0.643066 0.363836 0.024414 0.036603
0 0.666016 0.363836 0.021484 0.036603
0 0.317871 0.363104 0.022461 0.038067
0 0.341309 0.363104 0.024414 0.038067
0 0.365234 0.363104 0.023438 0.038067
0 0.388672 0.363104 0.023438 0.038067
0 0.411621 0.367496 0.022461 0.046852
0 0.434082 0.367496 0.022461 0.046852
0 0.457520 0.363836 0.024414 0.039531
0 0.481445 0.363836 0.023438 0.039531
0 0.504883 0.364568 0.023438 0.040996
0 0.527832 0.364568 0.022461 0.040996
0 0.550293 0.363836 0.022461 0.039531
0 0.422363 0.405564 0.016602 0.026354
0 0.422852 0.431918 0.015625 0.026354
0 0.422852 0.459004 0.015625 0.027818
0 0.422852 0.485359 0.015625 0.024890
0 0.423340 0.510249 0.016602 0.024890
0 0.562988 0.407760 0.014648 0.024890
0 0.562500 0.432650 0.015625 0.024890
0 0.562500 0.457540 0.015625 0.024890
0 0.562500 0.483163 0.015625 0.026354
0 0.562500 0.509517 0.015625 0.026354
0 0.010254 0.362372 0.018555 0.039531
0 0.032227 0.361640 0.023438 0.038067
0 0.056152 0.361640 0.024414 0.038067
0 0.080566 0.361640 0.024414 0.038067
0 0.104980 0.362372 0.024414 0.039531
0 0.128906 0.362372 0.023438 0.039531
0 0.152344 0.361640 0.023438 0.038067
0 0.175781 0.362372 0.023438 0.036603
0 0.199219 0.361640 0.023438 0.035139
0 0.223145 0.361640 0.024414 0.035139
0 0.247559 0.363104 0.024414 0.038067
0 0.140625 0.401903 0.015625 0.033675
0 0.140137 0.431918 0.016602 0.026354
0 0.140137 0.458272 0.016602 0.026354
0 0.140137 0.483895 0.016602 0.024890
0 0.139648 0.510981 0.015625 0.029283
1 0.279785 0.314788 0.053711 0.588580
1 0.697754 0.310395 0.047852 0.588580
