0 0.172852 0.480469 0.056641 0.375000
0 0.242188 0.446289 0.074219 0.404297
0 0.350586 0.391602 0.138672 0.486328
0 0.462891 0.350586 0.085938 0.517578
0 0.563477 0.298828 0.115234 0.578125
0 0.673828 0.275391 0.117188 0.546875
0 0.939453 0.301758 0.121094 0.599609
0 0.934570 0.792969 0.111328 0.398438
0 0.673828 0.814453 0.125000 0.371094
0 0.554688 0.825195 0.121094 0.349609
0 0.454102 0.832031 0.091797 0.335938
0 0.365234 0.840820 0.093750 0.318359
0 0.298828 0.844727 0.035156 0.310547
0 0.244141 0.849609 0.070312 0.300781
0 0.174805 0.857422 0.072266 0.285156
