0 0.287109 0.296188 0.107422 0.058651
0 0.289062 0.406891 0.103516 0.162757
0 0.394043 0.297654 0.106445 0.052786
0 0.499512 0.296921 0.104492 0.054252
0 0.604492 0.296188 0.105469 0.052786
0 0.713379 0.294721 0.112305 0.055718
0 0.393555 0.404692 0.107422 0.158358
0 0.499512 0.403959 0.104492 0.159824
0 0.603516 0.403959 0.103516 0.159824
0 0.712891 0.402493 0.115234 0.162757
0 0.897461 0.291056 0.117188 0.054252
0 0.894531 0.407625 0.123047 0.178886
0 0.114258 0.293988 0.107422 0.060117
0 0.119629 0.409824 0.108398 0.174487
