0 0.298828 0.123047 0.093750 0.230469
0 0.389648 0.192383 0.083984 0.216797
0 0.469727 0.254883 0.099609 0.205078
0 0.551758 0.319336 0.076172 0.189453
0 0.623047 0.369141 0.066406 0.171875
0 0.682617 0.422852 0.064453 0.154297
0 0.733398 0.459961 0.044922 0.134766
0 0.801758 0.526367 0.048828 0.119141
0 0.841797 0.544922 0.031250 0.117188
0 0.039062 0.043945 0.074219 0.083984
0 0.041016 0.274414 0.078125 0.380859
0 0.045898 0.649414 0.087891 0.333984
0 0.043945 0.926758 0.083984 0.138672
0 0.213867 0.239258 0.087891 0.158203
0 0.300781 0.296875 0.093750 0.160156
0 0.391602 0.358398 0.087891 0.158203
0 0.472656 0.412109 0.082031 0.144531
0 0.212891 0.415039 0.089844 0.267578
0 0.301758 0.457031 0.099609 0.261719
0 0.388672 0.501953 0.085938 0.250000
0 0.473633 0.553711 0.083984 0.236328
0 0.803711 0.693359 0.044922 0.089844
0 0.844727 0.709961 0.041016 0.095703
0 0.801758 0.777344 0.052734 0.128906
0 0.844727 0.794922 0.037109 0.125000
0 0.132812 0.677734 0.085938 0.316406
0 0.216797 0.706055 0.093750 0.291016
0 0.297852 0.735352 0.087891 0.283203
0 0.389648 0.762695 0.091797 0.267578
0 0.474609 0.784180 0.089844 0.232422
0 0.621094 0.617188 0.062500 0.195312
