0 0.184082 0.309911 0.081055 0.045858
0 0.282227 0.308432 0.103516 0.045858
0 0.390625 0.309911 0.103516 0.048817
0 0.488281 0.309911 0.080078 0.048817
0 0.570312 0.312130 0.080078 0.053254
0 0.669922 0.307692 0.111328 0.047337
0 0.785156 0.306953 0.111328 0.048817
0 0.888672 0.309911 0.087891 0.054734
0 0.886719 0.456361 0.083984 0.226331
0 0.889160 0.652367 0.088867 0.142012
0 0.569824 0.452663 0.079102 0.224852
0 0.487305 0.454142 0.083984 0.230769
0 0.487305 0.627219 0.082031 0.118343
0 0.569824 0.628698 0.083008 0.115385
0 0.185059 0.449704 0.083008 0.221893
0 0.184570 0.617604 0.082031 0.113905
0 0.281250 0.522189 0.070312 0.307692
0 0.389648 0.522929 0.074219 0.309172
0 0.670898 0.525148 0.076172 0.313609
0 0.783691 0.525888 0.077148 0.315089
4 0.335449 0.534024 0.202148 0.360947
4 0.727051 0.536243 0.215820 0.380178
