0 0.755859 0.633789 0.113281 0.498047
0 0.908203 0.510742 0.183594 0.544922
0 0.653320 0.555664 0.068359 0.181641
0 0.652344 0.833008 0.085938 0.216797
0 0.946289 0.882812 0.091797 0.234375
0 0.818359 0.913086 0.046875 0.173828
0 0.756836 0.930664 0.076172 0.138672
0 0.668945 0.965820 0.052734 0.068359
0 0.184570 0.105469 0.048828 0.144531
0 0.255859 0.066406 0.093750 0.128906
0 0.185547 0.240234 0.046875 0.203125
0 0.255859 0.161133 0.105469 0.279297
0 0.379883 0.097656 0.138672 0.191406
0 0.376953 0.247070 0.132812 0.333984
0 0.255859 0.354492 0.109375 0.302734
0 0.170898 0.443359 0.064453 0.253906
0 0.169922 0.623047 0.074219 0.218750
0 0.257812 0.551758 0.105469 0.275391
0 0.374023 0.465820 0.130859 0.306641
0 0.376953 0.707031 0.144531 0.300781
0 0.258789 0.746094 0.107422 0.238281
0 0.175781 0.787109 0.066406 0.187500
0 0.045898 0.724609 0.037109 0.167969
0 0.105469 0.691406 0.042969 0.167969
0 0.123047 0.349609 0.027344 0.476562
0 0.095703 0.213867 0.027344 0.130859
0 0.094727 0.425781 0.029297 0.367188
0 0.070312 0.299805 0.027344 0.212891
0 0.046875 0.333008 0.023438 0.201172
0 0.044922 0.451172 0.015625 0.074219
0 0.067383 0.423828 0.017578 0.085938
0 0.040039 0.557617 0.025391 0.177734
0 0.067383 0.531250 0.025391 0.187500
