0 0.155273 0.030273 0.072266 0.056641
0 0.226562 0.030273 0.070312 0.056641
0 0.296875 0.028320 0.070312 0.052734
0 0.369141 0.029297 0.070312 0.050781
0 0.442383 0.029297 0.076172 0.050781
0 0.516602 0.029297 0.072266 0.050781
0 0.588867 0.026367 0.072266 0.044922
0 0.659180 0.026367 0.068359 0.044922
0 0.728516 0.028320 0.070312 0.048828
0 0.800781 0.027344 0.074219 0.050781
0 0.872070 0.028320 0.068359 0.048828
0 0.940430 0.027344 0.068359 0.050781
0 0.155273 0.123047 0.076172 0.125000
0 0.226562 0.121094 0.066406 0.128906
0 0.297852 0.122070 0.076172 0.130859
0 0.371094 0.121094 0.070312 0.132812
0 0.445312 0.121094 0.078125 0.132812
0 0.517578 0.118164 0.066406 0.138672
0 0.588867 0.120117 0.076172 0.142578
0 0.659180 0.120117 0.064453 0.142578
0 0.727539 0.119141 0.072266 0.140625
0 0.799805 0.121094 0.072266 0.136719
0 0.869141 0.122070 0.066406 0.138672
0 0.937500 0.123047 0.070312 0.136719
0 0.156250 0.214844 0.074219 0.054688
0 0.226562 0.216797 0.066406 0.050781
0 0.296875 0.216797 0.074219 0.050781
0 0.370117 0.215820 0.072266 0.052734
0 0.445312 0.217773 0.078125 0.056641
0 0.518555 0.216797 0.068359 0.058594
0 0.588867 0.215820 0.072266 0.056641
0 0.660156 0.216797 0.070312 0.054688
0 0.730469 0.215820 0.070312 0.052734
0 0.799805 0.214844 0.068359 0.054688
0 0.868164 0.214844 0.068359 0.054688
0 0.938477 0.217773 0.072266 0.048828
0 0.155273 0.310547 0.080078 0.136719
0 0.227539 0.310547 0.064453 0.136719
0 0.296875 0.309570 0.074219 0.134766
0 0.370117 0.310547 0.072266 0.132812
0 0.445312 0.309570 0.078125 0.130859
0 0.518555 0.310547 0.068359 0.128906
0 0.590820 0.312500 0.076172 0.132812
0 0.663086 0.338867 0.068359 0.080078
0 0.731445 0.335938 0.068359 0.074219
0 0.799805 0.338867 0.068359 0.068359
0 0.869141 0.340820 0.070312 0.072266
0 0.939453 0.341797 0.070312 0.070312
0 0.662109 0.272461 0.070312 0.060547
0 0.730469 0.273438 0.066406 0.058594
0 0.798828 0.274414 0.070312 0.060547
0 0.869141 0.274414 0.070312 0.060547
0 0.938477 0.271484 0.068359 0.054688
0 0.154297 0.407227 0.082031 0.056641
0 0.228516 0.408203 0.066406 0.054688
0 0.297852 0.408203 0.072266 0.054688
0 0.369141 0.409180 0.070312 0.052734
0 0.445312 0.409180 0.082031 0.052734
0 0.521484 0.408203 0.070312 0.054688
0 0.592773 0.408203 0.072266 0.054688
0 0.661133 0.409180 0.064453 0.052734
0 0.728516 0.410156 0.070312 0.054688
0 0.799805 0.410156 0.072266 0.054688
0 0.869141 0.411133 0.066406 0.056641
0 0.937500 0.411133 0.070312 0.056641
0 0.155273 0.470703 0.080078 0.074219
0 0.227539 0.473633 0.064453 0.068359
0 0.295898 0.472656 0.072266 0.066406
0 0.369141 0.471680 0.074219 0.068359
0 0.448242 0.470703 0.083984 0.066406
0 0.523438 0.469727 0.066406 0.068359
0 0.593750 0.468750 0.074219 0.066406
0 0.663086 0.469727 0.064453 0.064453
0 0.730469 0.469727 0.070312 0.064453
0 0.800781 0.468750 0.070312 0.066406
0 0.869141 0.469727 0.066406 0.068359
0 0.937500 0.470703 0.070312 0.066406
0 0.155273 0.539062 0.076172 0.070312
0 0.226562 0.539062 0.066406 0.070312
0 0.296875 0.539062 0.074219 0.070312
0 0.370117 0.538086 0.072266 0.072266
0 0.447266 0.538086 0.082031 0.072266
0 0.522461 0.538086 0.068359 0.072266
0 0.591797 0.538086 0.070312 0.072266
0 0.662109 0.538086 0.070312 0.072266
0 0.730469 0.537109 0.066406 0.070312
0 0.799805 0.537109 0.072266 0.070312
0 0.867188 0.538086 0.062500 0.072266
0 0.937500 0.538086 0.078125 0.072266
0 0.153320 0.604492 0.076172 0.064453
0 0.225586 0.605469 0.068359 0.062500
0 0.298828 0.605469 0.078125 0.062500
0 0.372070 0.605469 0.068359 0.062500
0 0.447266 0.606445 0.082031 0.064453
0 0.523438 0.607422 0.070312 0.062500
0 0.592773 0.607422 0.068359 0.062500
0 0.661133 0.603516 0.068359 0.070312
0 0.729492 0.603516 0.068359 0.070312
0 0.800781 0.602539 0.074219 0.072266
0 0.872070 0.604492 0.068359 0.076172
0 0.940430 0.608398 0.068359 0.068359
0 0.156250 0.672852 0.078125 0.072266
0 0.228516 0.672852 0.066406 0.072266
0 0.297852 0.672852 0.072266 0.072266
0 0.370117 0.673828 0.072266 0.070312
0 0.446289 0.670898 0.080078 0.064453
0 0.522461 0.670898 0.072266 0.064453
0 0.593750 0.669922 0.070312 0.062500
0 0.662109 0.668945 0.066406 0.064453
0 0.732422 0.669922 0.074219 0.066406
0 0.803711 0.669922 0.068359 0.066406
0 0.870117 0.669922 0.064453 0.066406
0 0.938477 0.669922 0.072266 0.066406
0 0.156250 0.738281 0.078125 0.054688
0 0.227539 0.739258 0.064453 0.052734
0 0.297852 0.737305 0.076172 0.048828
0 0.372070 0.738281 0.072266 0.046875
0 0.446289 0.739258 0.072266 0.048828
0 0.520508 0.737305 0.076172 0.052734
0 0.593750 0.737305 0.070312 0.052734
0 0.664062 0.736328 0.070312 0.054688
0 0.732422 0.736328 0.066406 0.054688
0 0.801758 0.735352 0.072266 0.056641
0 0.872070 0.733398 0.068359 0.052734
0 0.940430 0.732422 0.068359 0.054688
0 0.154297 0.809570 0.078125 0.080078
0 0.226562 0.811523 0.066406 0.076172
0 0.297852 0.809570 0.076172 0.072266
0 0.370117 0.807617 0.068359 0.076172
0 0.444336 0.807617 0.080078 0.076172
0 0.520508 0.807617 0.072266 0.076172
0 0.592773 0.808594 0.072266 0.078125
0 0.662109 0.807617 0.066406 0.080078
0 0.730469 0.806641 0.070312 0.078125
0 0.800781 0.807617 0.070312 0.076172
0 0.870117 0.808594 0.068359 0.078125
0 0.938477 0.808594 0.068359 0.078125
0 0.152344 0.878906 0.078125 0.066406
0 0.226562 0.878906 0.070312 0.066406
0 0.299805 0.877930 0.076172 0.064453
0 0.371094 0.879883 0.066406 0.060547
0 0.445312 0.878906 0.082031 0.058594
0 0.521484 0.876953 0.070312 0.062500
0 0.592773 0.878906 0.072266 0.066406
0 0.662109 0.878906 0.066406 0.066406
0 0.730469 0.878906 0.070312 0.066406
0 0.800781 0.878906 0.070312 0.066406
0 0.869141 0.878906 0.066406 0.066406
0 0.939453 0.879883 0.074219 0.064453
0 0.185547 0.948242 0.144531 0.068359
0 0.292969 0.949219 0.070312 0.066406
0 0.368164 0.947266 0.080078 0.062500
0 0.447266 0.948242 0.078125 0.060547
0 0.520508 0.947266 0.068359 0.058594
0 0.590820 0.946289 0.072266 0.060547
0 0.664062 0.947266 0.074219 0.062500
0 0.733398 0.945312 0.064453 0.066406
0 0.800781 0.946289 0.070312 0.068359
0 0.869141 0.948242 0.066406 0.064453
0 0.936523 0.946289 0.068359 0.060547
