0 0.250977 0.228516 0.044922 0.417969
0 0.295898 0.246094 0.052734 0.417969
0 0.338867 0.267578 0.037109 0.406250
0 0.374023 0.282227 0.041016 0.392578
0 0.414062 0.306641 0.039062 0.382812
0 0.474609 0.335938 0.035156 0.359375
0 0.510742 0.353516 0.041016 0.343750
0 0.543945 0.365234 0.033203 0.339844
0 0.571289 0.375000 0.037109 0.332031
0 0.631836 0.407227 0.029297 0.306641
0 0.656250 0.415039 0.031250 0.298828
0 0.688477 0.427734 0.037109 0.289062
0 0.727539 0.461914 0.021484 0.283203
0 0.749023 0.460938 0.025391 0.273438
0 0.774414 0.470703 0.025391 0.261719
0 0.810547 0.491211 0.019531 0.259766
0 0.835938 0.495117 0.031250 0.251953
0 0.874023 0.520508 0.029297 0.232422
0 0.901367 0.531250 0.025391 0.207031
0 0.939453 0.551758 0.039062 0.201172
0 0.254883 0.476562 0.037109 0.109375
0 0.298828 0.491211 0.046875 0.103516
0 0.340820 0.499023 0.037109 0.099609
0 0.376953 0.509766 0.039062 0.097656
0 0.416992 0.522461 0.037109 0.087891
0 0.475586 0.543945 0.037109 0.083984
0 0.511719 0.554688 0.039062 0.085938
0 0.542969 0.562500 0.035156 0.082031
0 0.575195 0.567383 0.037109 0.076172
0 0.633789 0.587891 0.025391 0.074219
0 0.660156 0.596680 0.031250 0.076172
0 0.685547 0.602539 0.035156 0.068359
0 0.729492 0.629883 0.025391 0.052734
0 0.752930 0.632812 0.021484 0.046875
0 0.775391 0.631836 0.023438 0.048828
0 0.815430 0.645508 0.017578 0.037109
0 0.835938 0.646484 0.023438 0.042969
0 0.875000 0.657227 0.023438 0.033203
0 0.898438 0.657227 0.019531 0.037109
0 0.942383 0.705078 0.044922 0.113281
0 0.980469 0.708984 0.039062 0.113281
0 0.252930 0.582031 0.037109 0.132812
0 0.299805 0.590820 0.048828 0.126953
0 0.342773 0.603516 0.037109 0.121094
0 0.378906 0.610352 0.035156 0.119141
0 0.417969 0.618164 0.035156 0.126953
0 0.477539 0.637695 0.037109 0.123047
0 0.511719 0.647461 0.035156 0.123047
0 0.542969 0.649414 0.031250 0.119141
0 0.577148 0.656250 0.029297 0.113281
0 0.631836 0.669922 0.029297 0.093750
0 0.661133 0.675781 0.029297 0.093750
0 0.687500 0.679688 0.027344 0.093750
0 0.734375 0.695312 0.019531 0.085938
0 0.754883 0.696289 0.021484 0.091797
0 0.776367 0.697266 0.017578 0.089844
0 0.810547 0.708008 0.019531 0.087891
0 0.833008 0.707031 0.025391 0.089844
0 0.876953 0.714844 0.027344 0.085938
0 0.900391 0.716797 0.027344 0.085938
0 0.253906 0.757812 0.042969 0.203125
0 0.299805 0.759766 0.048828 0.195312
0 0.342773 0.761719 0.037109 0.187500
0 0.381836 0.764648 0.041016 0.185547
0 0.416016 0.766602 0.027344 0.173828
0 0.477539 0.776367 0.037109 0.158203
0 0.514648 0.776367 0.037109 0.154297
0 0.544922 0.780273 0.031250 0.146484
0 0.573242 0.785156 0.029297 0.140625
0 0.632812 0.785156 0.031250 0.136719
0 0.662109 0.786133 0.027344 0.134766
0 0.690430 0.788086 0.025391 0.134766
0 0.733398 0.795898 0.021484 0.115234
0 0.754883 0.797852 0.021484 0.119141
0 0.773438 0.797852 0.023438 0.111328
0 0.250000 0.928711 0.042969 0.142578
0 0.295898 0.927734 0.041016 0.144531
0 0.342773 0.926758 0.044922 0.146484
0 0.382812 0.927734 0.035156 0.144531
0 0.417969 0.928711 0.039062 0.142578
0 0.476562 0.927734 0.035156 0.144531
0 0.512695 0.926758 0.037109 0.146484
0 0.548828 0.924805 0.035156 0.142578
0 0.580078 0.926758 0.039062 0.146484
0 0.630859 0.916992 0.042969 0.123047
0 0.664062 0.914062 0.023438 0.125000
0 0.689453 0.914062 0.027344 0.125000
0 0.729492 0.908203 0.025391 0.109375
0 0.752930 0.907227 0.021484 0.111328
0 0.776367 0.905273 0.025391 0.107422
