0 0.295370 0.241509 0.105556 0.184906
0 0.397222 0.262264 0.098148 0.184906
0 0.494444 0.280189 0.096296 0.175472
0 0.579630 0.295283 0.096296 0.167925
0 0.663889 0.315094 0.101852 0.166038
0 0.738889 0.330189 0.088889 0.154717
0 0.818519 0.347170 0.077778 0.147170
0 0.290741 0.438679 0.125926 0.220755
0 0.407407 0.446226 0.118519 0.213208
0 0.509259 0.460377 0.100000 0.215094
0 0.609259 0.477358 0.100000 0.192453
0 0.703704 0.484906 0.088889 0.196226
0 0.772222 0.494340 0.103704 0.188679
0 0.846296 0.507547 0.107407 0.177358
0 0.293519 0.679245 0.127778 0.260377
0 0.416667 0.682075 0.133333 0.250943
0 0.523148 0.683962 0.105556 0.235849
0 0.617593 0.682075 0.116667 0.228302
0 0.724074 0.686792 0.125926 0.218868
0 0.813889 0.690566 0.120370 0.218868
0 0.896296 0.698113 0.118519 0.200000
