0 0.079102 0.425953 0.089844 0.461877
0 0.167969 0.429619 0.085938 0.442815
0 0.016113 0.274927 0.026367 0.139296
0 0.015137 0.502199 0.028320 0.315249
0 0.251465 0.430352 0.081055 0.420821
0 0.330566 0.431818 0.077148 0.417889
0 0.404297 0.429619 0.070312 0.413490
0 0.474121 0.430352 0.069336 0.412023
0 0.542480 0.430352 0.067383 0.412023
0 0.609375 0.431085 0.066406 0.410557
0 0.677246 0.434018 0.069336 0.416422
0 0.745605 0.431818 0.067383 0.420821
0 0.816406 0.428886 0.074219 0.414956
0 0.884277 0.426686 0.061523 0.419355
0 0.948242 0.327713 0.066406 0.221408
0 0.959961 0.541056 0.076172 0.208211
