0 0.777344 0.173828 0.140625 0.320312
0 0.773438 0.436523 0.140625 0.384766
0 0.769531 0.799805 0.132812 0.380859
0 0.648438 0.792969 0.121094 0.246094
0 0.648438 0.512695 0.117188 0.345703
0 0.549805 0.585938 0.087891 0.308594
0 0.466797 0.635742 0.082031 0.283203
0 0.392578 0.688477 0.085938 0.267578
0 0.394531 0.491211 0.078125 0.228516
0 0.472656 0.409180 0.082031 0.193359
0 0.553711 0.344727 0.083984 0.208984
0 0.653320 0.257812 0.115234 0.238281
0 0.779297 0.174805 0.132812 0.318359
0 0.318359 0.554688 0.058594 0.203125
0 0.259766 0.583008 0.062500 0.146484
0 0.216797 0.620117 0.023438 0.115234
0 0.255859 0.736328 0.062500 0.156250
0 0.174805 0.789062 0.052734 0.121094
0 0.212891 0.768555 0.023438 0.119141
0 0.133789 0.689453 0.029297 0.105469
0 0.133789 0.812500 0.033203 0.109375
0 0.132812 0.896484 0.035156 0.093750
0 0.173828 0.878906 0.050781 0.101562
0 0.212891 0.856445 0.027344 0.083984
0 0.254883 0.832031 0.064453 0.109375
0 0.314453 0.912109 0.058594 0.175781
0 0.213867 0.923828 0.025391 0.070312
0 0.171875 0.940430 0.058594 0.087891
0 0.467773 0.872070 0.083984 0.185547
