0 0.066895 0.100293 0.071289 0.130307
0 0.140137 0.098097 0.075195 0.128843
0 0.212402 0.099561 0.069336 0.125915
0 0.283691 0.100293 0.073242 0.127379
0 0.356445 0.101025 0.072266 0.125915
0 0.428223 0.101757 0.071289 0.127379
0 0.500000 0.101025 0.072266 0.128843
0 0.572266 0.101025 0.072266 0.128843
0 0.643555 0.101757 0.070312 0.127379
0 0.714844 0.101757 0.072266 0.127379
0 0.787598 0.101025 0.073242 0.128843
0 0.861816 0.103221 0.075195 0.133236
0 0.935547 0.104685 0.072266 0.130307
0 0.068359 0.230600 0.070312 0.133236
0 0.140137 0.228404 0.073242 0.128843
0 0.212402 0.228404 0.071289 0.128843
0 0.285156 0.229868 0.074219 0.131772
0 0.356934 0.230600 0.069336 0.130307
0 0.428223 0.229136 0.071289 0.127379
0 0.500488 0.229136 0.073242 0.127379
0 0.571777 0.231332 0.069336 0.131772
0 0.642578 0.230600 0.072266 0.133236
0 0.715820 0.231332 0.074219 0.134700
0 0.789551 0.234261 0.073242 0.128843
0 0.862793 0.234993 0.073242 0.130307
0 0.935059 0.236457 0.071289 0.127379
0 0.067871 0.363104 0.073242 0.131772
0 0.140625 0.362372 0.072266 0.133236
0 0.210938 0.359444 0.068359 0.127379
0 0.283203 0.360176 0.076172 0.125915
0 0.356445 0.362372 0.070312 0.130307
0 0.427734 0.360176 0.072266 0.134700
0 0.500488 0.361640 0.073242 0.137628
0 0.570312 0.363836 0.066406 0.133236
0 0.642578 0.362372 0.078125 0.130307
0 0.717285 0.363104 0.071289 0.128843
0 0.788574 0.363836 0.071289 0.130307
0 0.859375 0.365300 0.070312 0.127379
0 0.933594 0.363836 0.078125 0.124451
0 0.936523 0.494143 0.072266 0.136164
0 0.863770 0.496340 0.073242 0.131772
0 0.792480 0.494876 0.069336 0.128843
0 0.719238 0.494876 0.077148 0.128843
0 0.645996 0.491947 0.069336 0.122987
0 0.574219 0.494143 0.074219 0.118594
0 0.500488 0.495608 0.073242 0.121523
0 0.429688 0.492679 0.070312 0.127379
0 0.357910 0.494143 0.073242 0.130307
0 0.284180 0.494143 0.074219 0.130307
0 0.211426 0.494143 0.071289 0.130307
0 0.140137 0.493411 0.071289 0.131772
0 0.068359 0.493411 0.072266 0.131772
0 0.067383 0.623719 0.070312 0.128843
0 0.139648 0.622255 0.074219 0.131772
0 0.211914 0.619327 0.070312 0.125915
0 0.284668 0.621523 0.075195 0.121523
0 0.357910 0.623719 0.071289 0.125915
0 0.426270 0.620791 0.065430 0.131772
0 0.498535 0.622255 0.079102 0.134700
0 0.574707 0.622987 0.073242 0.133236
0 0.064453 0.751098 0.070312 0.128843
0 0.139160 0.751098 0.079102 0.128843
0 0.217285 0.751098 0.061523 0.128843
0 0.285156 0.748170 0.074219 0.134700
0 0.357910 0.750366 0.071289 0.139092
0 0.429199 0.754026 0.071289 0.131772
0 0.501465 0.752562 0.073242 0.128843
0 0.573242 0.752562 0.070312 0.128843
0 0.068359 0.882138 0.072266 0.127379
0 0.142090 0.884334 0.075195 0.122987
0 0.214355 0.885066 0.069336 0.124451
0 0.286133 0.881406 0.074219 0.131772
0 0.357910 0.881406 0.069336 0.131772
0 0.429688 0.882870 0.072266 0.128843
0 0.501953 0.882870 0.072266 0.128843
0 0.573730 0.882870 0.071289 0.128843
0 0.646484 0.885066 0.074219 0.133236
0 0.719238 0.884334 0.071289 0.134700
0 0.791992 0.883602 0.074219 0.133236
0 0.864258 0.885066 0.070312 0.130307
0 0.936523 0.885798 0.074219 0.131772
