0 0.078125 0.145508 0.082031 0.115234
0 0.158203 0.143555 0.078125 0.119141
0 0.272461 0.142578 0.076172 0.105469
0 0.353516 0.143555 0.082031 0.107422
0 0.436523 0.144531 0.083984 0.109375
0 0.508789 0.145508 0.056641 0.107422
0 0.571289 0.145508 0.068359 0.107422
0 0.574219 0.242188 0.062500 0.085938
0 0.512695 0.244141 0.056641 0.082031
0 0.442383 0.242188 0.083984 0.078125
0 0.358398 0.240234 0.083984 0.082031
0 0.273438 0.241211 0.085938 0.083984
0 0.273438 0.330078 0.085938 0.093750
0 0.359375 0.328125 0.085938 0.097656
0 0.444336 0.330078 0.083984 0.101562
0 0.512695 0.330078 0.052734 0.101562
0 0.574219 0.330078 0.070312 0.101562
0 0.575195 0.422852 0.068359 0.083984
0 0.512695 0.422852 0.056641 0.083984
0 0.441406 0.425781 0.085938 0.089844
0 0.356445 0.423828 0.083984 0.093750
0 0.274414 0.419922 0.080078 0.085938
0 0.273438 0.510742 0.078125 0.095703
0 0.272461 0.604492 0.080078 0.091797
0 0.359375 0.556641 0.085938 0.191406
0 0.442383 0.557617 0.080078 0.189453
0 0.509766 0.509766 0.054688 0.093750
0 0.509766 0.607422 0.054688 0.101562
0 0.511719 0.739258 0.058594 0.162109
0 0.577148 0.738281 0.068359 0.171875
0 0.576172 0.606445 0.070312 0.091797
0 0.575195 0.510742 0.068359 0.099609
0 0.273438 0.736328 0.093750 0.171875
0 0.359375 0.736328 0.085938 0.167969
0 0.684570 0.141602 0.080078 0.107422
0 0.768555 0.141602 0.087891 0.107422
0 0.850586 0.142578 0.076172 0.109375
0 0.849609 0.240234 0.078125 0.085938
0 0.766602 0.239258 0.087891 0.087891
0 0.680664 0.238281 0.083984 0.085938
0 0.680664 0.329102 0.083984 0.095703
0 0.767578 0.329102 0.089844 0.095703
0 0.852539 0.331055 0.080078 0.099609
0 0.852539 0.421875 0.080078 0.082031
0 0.767578 0.421875 0.089844 0.082031
0 0.679688 0.421875 0.085938 0.082031
0 0.677734 0.509766 0.082031 0.093750
0 0.679688 0.605469 0.082031 0.097656
0 0.682617 0.739258 0.087891 0.169922
0 0.767578 0.738281 0.082031 0.171875
0 0.852539 0.737305 0.087891 0.169922
0 0.931641 0.739258 0.070312 0.169922
0 0.932617 0.557617 0.068359 0.193359
0 0.855469 0.509766 0.085938 0.097656
0 0.854492 0.604492 0.083984 0.091797
0 0.766602 0.557617 0.087891 0.185547
0 0.440430 0.738281 0.076172 0.171875
0 0.441406 0.904297 0.074219 0.160156
0 0.510742 0.902344 0.060547 0.164062
0 0.576172 0.903320 0.070312 0.162109
0 0.270508 0.904297 0.087891 0.160156
0 0.357422 0.901367 0.085938 0.166016
0 0.680664 0.902344 0.087891 0.164062
0 0.768555 0.902344 0.087891 0.164062
0 0.854492 0.901367 0.083984 0.162109
0 0.931641 0.903320 0.070312 0.158203
0 0.927734 0.182617 0.078125 0.197266
0 0.931641 0.331055 0.070312 0.099609
0 0.931641 0.419922 0.070312 0.078125
0 0.932617 0.552734 0.068359 0.187500
0 0.075195 0.242188 0.083984 0.085938
0 0.076172 0.375977 0.082031 0.181641
0 0.073242 0.556641 0.076172 0.179688
0 0.153320 0.604492 0.083984 0.083984
0 0.155273 0.511719 0.080078 0.101562
0 0.156250 0.416992 0.082031 0.087891
0 0.157227 0.327148 0.080078 0.091797
0 0.159180 0.241211 0.083984 0.080078
0 0.156250 0.700195 0.085938 0.103516
0 0.079102 0.904297 0.076172 0.160156
0 0.159180 0.910156 0.076172 0.160156
