0 0.120117 0.113281 0.181641 0.222656
0 0.316406 0.111328 0.210938 0.218750
0 0.505859 0.113281 0.167969 0.222656
0 0.700195 0.111328 0.220703 0.218750
0 0.703125 0.267578 0.214844 0.093750
0 0.508789 0.268555 0.173828 0.091797
0 0.317383 0.266602 0.208984 0.087891
0 0.122070 0.265625 0.181641 0.089844
0 0.016602 0.111328 0.029297 0.218750
0 0.017578 0.262695 0.031250 0.091797
0 0.016602 0.420898 0.029297 0.224609
0 0.123047 0.422852 0.179688 0.236328
0 0.320312 0.425781 0.207031 0.230469
0 0.509766 0.424805 0.171875 0.228516
0 0.704102 0.425781 0.212891 0.214844
0 0.014648 0.758789 0.025391 0.357422
0 0.120117 0.756836 0.185547 0.365234
0 0.516602 0.758789 0.166016 0.357422
0 0.681641 0.756836 0.164062 0.361328
2 0.907227 0.501953 0.181641 0.996094
