0 0.254883 0.088867 0.146484 0.173828
0 0.142578 0.129883 0.082031 0.228516
0 0.142578 0.050781 0.078125 0.097656
0 0.055664 0.091797 0.076172 0.179688
0 0.059570 0.212891 0.072266 0.187500
0 0.442383 0.195312 0.193359 0.375000
0 0.644531 0.133789 0.179688 0.263672
0 0.261719 0.280273 0.144531 0.361328
0 0.106445 0.371094 0.173828 0.339844
0 0.063477 0.624023 0.080078 0.232422
0 0.142578 0.594727 0.097656 0.275391
0 0.260742 0.548828 0.169922 0.332031
0 0.433594 0.493164 0.210938 0.408203
0 0.637695 0.442383 0.201172 0.419922
0 0.778320 0.158203 0.072266 0.312500
0 0.779297 0.431641 0.082031 0.441406
0 0.772461 0.795898 0.064453 0.365234
0 0.638672 0.790039 0.187500 0.349609
0 0.434570 0.800781 0.208984 0.292969
0 0.259766 0.815430 0.156250 0.255859
0 0.142578 0.816406 0.101562 0.218750
