0 0.191406 0.207031 0.027344 0.156250
0 0.251953 0.175781 0.078125 0.218750
0 0.345703 0.109375 0.121094 0.214844
0 0.468750 0.073242 0.125000 0.142578
0 0.250977 0.361328 0.080078 0.292969
0 0.347656 0.307617 0.117188 0.322266
0 0.469727 0.235352 0.130859 0.353516
0 0.629883 0.177734 0.193359 0.351562
0 0.166992 0.610352 0.087891 0.208984
0 0.253906 0.578125 0.082031 0.226562
0 0.347656 0.539062 0.113281 0.253906
0 0.474609 0.485352 0.140625 0.283203
0 0.630859 0.427734 0.175781 0.320312
0 0.626953 0.680664 0.175781 0.310547
0 0.475586 0.718750 0.130859 0.277344
0 0.346680 0.750000 0.115234 0.246094
0 0.250977 0.776367 0.080078 0.224609
0 0.169922 0.792969 0.078125 0.199219
0 0.660156 0.908203 0.109375 0.183594
0 0.574219 0.914062 0.070312 0.167969
0 0.498047 0.920898 0.046875 0.158203
0 0.450195 0.924805 0.080078 0.150391
0 0.386719 0.932617 0.062500 0.134766
0 0.327148 0.935547 0.080078 0.128906
0 0.185547 0.946289 0.046875 0.107422
0 0.144531 0.947266 0.046875 0.105469
