0 0.054688 0.175781 0.105469 0.269531
0 0.054688 0.415039 0.105469 0.251953
0 0.055664 0.613281 0.107422 0.179688
0 0.057617 0.788086 0.111328 0.205078
0 0.058594 0.941406 0.113281 0.113281
0 0.054688 0.041992 0.105469 0.080078
0 0.125977 0.066406 0.037109 0.070312
0 0.121094 0.176758 0.031250 0.185547
0 0.126953 0.291992 0.035156 0.052734
0 0.126953 0.401367 0.035156 0.177734
0 0.131836 0.515625 0.033203 0.058594
0 0.131836 0.620117 0.029297 0.158203
0 0.130859 0.785156 0.031250 0.183594
0 0.134766 0.941406 0.035156 0.117188
0 0.191406 0.215820 0.093750 0.244141
0 0.189453 0.412109 0.089844 0.187500
0 0.194336 0.529297 0.087891 0.074219
0 0.191406 0.625977 0.093750 0.162109
0 0.190430 0.791016 0.080078 0.183594
0 0.190430 0.941406 0.080078 0.117188
0 0.189453 0.068359 0.085938 0.113281
0 0.253906 0.091797 0.035156 0.082031
0 0.250977 0.169922 0.033203 0.093750
0 0.251953 0.280273 0.035156 0.134766
0 0.253906 0.428711 0.031250 0.181641
0 0.254883 0.541992 0.037109 0.056641
0 0.254883 0.642578 0.033203 0.156250
0 0.322266 0.254883 0.101562 0.236328
0 0.321289 0.443359 0.111328 0.195312
0 0.324219 0.552734 0.097656 0.070312
0 0.322266 0.653320 0.101562 0.158203
0 0.319336 0.781250 0.095703 0.125000
0 0.319336 0.938477 0.099609 0.123047
0 0.256836 0.941406 0.044922 0.117188
0 0.321289 0.054688 0.119141 0.105469
0 0.422852 0.125000 0.087891 0.187500
0 0.486328 0.149414 0.027344 0.162109
0 0.398438 0.220703 0.039062 0.042969
0 0.426758 0.223633 0.025391 0.048828
0 0.455078 0.232422 0.023438 0.042969
0 0.419922 0.311523 0.093750 0.173828
0 0.417969 0.469727 0.097656 0.181641
0 0.420898 0.575195 0.099609 0.064453
0 0.422852 0.664062 0.103516 0.144531
0 0.414062 0.875000 0.085938 0.250000
0 0.504883 0.877930 0.080078 0.244141
0 0.486328 0.298828 0.035156 0.152344
0 0.483398 0.488281 0.033203 0.156250
0 0.485352 0.586914 0.033203 0.048828
0 0.482422 0.674805 0.035156 0.146484
0 0.481445 0.041992 0.033203 0.064453
0 0.520508 0.053711 0.041016 0.080078
0 0.566406 0.061523 0.046875 0.060547
0 0.604492 0.078125 0.037109 0.046875
0 0.610352 0.032227 0.025391 0.060547
0 0.525391 0.232422 0.050781 0.316406
0 0.566406 0.150391 0.050781 0.156250
0 0.567383 0.310547 0.048828 0.175781
0 0.606445 0.174805 0.029297 0.142578
0 0.606445 0.323242 0.029297 0.169922
0 0.644531 0.271484 0.046875 0.320312
0 0.647461 0.063477 0.044922 0.123047
0 0.681641 0.072266 0.027344 0.140625
0 0.711914 0.056641 0.029297 0.109375
0 0.712891 0.130859 0.031250 0.050781
0 0.746094 0.088867 0.042969 0.173828
0 0.785156 0.088867 0.023438 0.173828
0 0.822266 0.103516 0.050781 0.195312
0 0.857422 0.124023 0.023438 0.185547
0 0.893555 0.140625 0.037109 0.187500
0 0.923828 0.157227 0.027344 0.177734
0 0.954102 0.172852 0.044922 0.181641
0 0.983398 0.187500 0.029297 0.164062
0 0.681641 0.212891 0.031250 0.156250
0 0.710938 0.222656 0.035156 0.156250
0 0.753906 0.182617 0.050781 0.052734
0 0.749023 0.249023 0.037109 0.134766
0 0.783203 0.263672 0.027344 0.121094
0 0.822266 0.210938 0.054688 0.054688
0 0.819336 0.280273 0.048828 0.126953
0 0.859375 0.231445 0.023438 0.048828
0 0.891602 0.248047 0.044922 0.058594
0 0.925781 0.258789 0.031250 0.044922
0 0.957031 0.274414 0.027344 0.048828
0 0.986328 0.289062 0.019531 0.039062
0 0.856445 0.298828 0.033203 0.113281
0 0.892578 0.381836 0.042969 0.263672
0 0.924805 0.396484 0.021484 0.250000
0 0.953125 0.408203 0.046875 0.250000
0 0.984375 0.351562 0.031250 0.113281
0 0.986328 0.423828 0.023438 0.050781
0 0.987305 0.483398 0.025391 0.103516
0 0.522461 0.404297 0.056641 0.066406
0 0.571289 0.422852 0.041016 0.060547
0 0.603516 0.430664 0.039062 0.056641
0 0.642578 0.447266 0.046875 0.066406
0 0.679688 0.463867 0.031250 0.056641
0 0.709961 0.468750 0.029297 0.046875
0 0.763672 0.480469 0.078125 0.054688
0 0.839844 0.502930 0.070312 0.048828
0 0.895508 0.513672 0.037109 0.042969
0 0.925781 0.526367 0.019531 0.041016
0 0.967773 0.537109 0.064453 0.042969
0 0.543945 0.510742 0.103516 0.169922
0 0.607422 0.530273 0.031250 0.154297
0 0.663086 0.541016 0.083984 0.152344
0 0.713867 0.557617 0.037109 0.138672
0 0.752930 0.567383 0.056641 0.142578
0 0.791992 0.572266 0.033203 0.140625
0 0.825195 0.587891 0.052734 0.152344
0 0.864258 0.596680 0.029297 0.146484
0 0.898438 0.598633 0.042969 0.142578
0 0.925781 0.610352 0.019531 0.134766
0 0.953125 0.613281 0.042969 0.132812
0 0.982422 0.623047 0.019531 0.125000
0 0.542969 0.603516 0.089844 0.066406
0 0.608398 0.625000 0.037109 0.058594
0 0.661133 0.629883 0.076172 0.056641
0 0.713867 0.642578 0.033203 0.050781
0 0.745117 0.648438 0.037109 0.042969
0 0.777344 0.658203 0.027344 0.046875
0 0.810547 0.666992 0.042969 0.041016
0 0.850586 0.674805 0.037109 0.033203
0 0.903320 0.681641 0.064453 0.035156
0 0.967773 0.695312 0.064453 0.042969
0 0.547852 0.686523 0.091797 0.150391
0 0.610352 0.706055 0.037109 0.126953
0 0.663086 0.712891 0.080078 0.125000
0 0.731445 0.721680 0.068359 0.123047
0 0.778320 0.731445 0.029297 0.111328
0 0.814453 0.736328 0.046875 0.109375
0 0.851562 0.740234 0.031250 0.113281
0 0.886719 0.745117 0.050781 0.103516
0 0.919922 0.751953 0.023438 0.101562
0 0.954102 0.755859 0.044922 0.101562
0 0.986328 0.759766 0.023438 0.101562
0 0.578125 0.832031 0.039062 0.152344
0 0.610352 0.834961 0.029297 0.146484
0 0.664062 0.840820 0.074219 0.150391
0 0.736328 0.847656 0.070312 0.140625
0 0.778320 0.850586 0.025391 0.134766
0 0.814453 0.854492 0.050781 0.134766
0 0.848633 0.856445 0.021484 0.130859
0 0.885742 0.857422 0.056641 0.128906
0 0.919922 0.861328 0.023438 0.128906
0 0.952148 0.862305 0.037109 0.123047
0 0.983398 0.865234 0.029297 0.117188
0 0.579102 0.953125 0.041016 0.093750
0 0.613281 0.953125 0.031250 0.093750
0 0.652344 0.967773 0.050781 0.064453
0 0.689453 0.970703 0.019531 0.058594
0 0.734375 0.969727 0.066406 0.060547
0 0.778320 0.969727 0.017578 0.060547
0 0.814453 0.969727 0.050781 0.060547
0 0.849609 0.969727 0.023438 0.060547
0 0.885742 0.969727 0.044922 0.060547
0 0.920898 0.970703 0.025391 0.058594
0 0.952148 0.970703 0.041016 0.058594
0 0.986328 0.964844 0.027344 0.050781
