0 0.059570 0.594727 0.115234 0.365234
0 0.206055 0.626953 0.177734 0.367188
0 0.059570 0.882812 0.107422 0.234375
0 0.206055 0.890625 0.177734 0.218750
0 0.429688 0.448242 0.042969 0.216797
0 0.493164 0.457031 0.083984 0.207031
0 0.574219 0.482422 0.078125 0.199219
0 0.650391 0.510742 0.074219 0.189453
0 0.725586 0.532227 0.080078 0.185547
0 0.783203 0.542969 0.035156 0.191406
0 0.427734 0.661133 0.042969 0.228516
0 0.492188 0.666016 0.085938 0.238281
0 0.572266 0.680664 0.074219 0.232422
0 0.649414 0.694336 0.076172 0.228516
0 0.723633 0.709961 0.080078 0.212891
0 0.784180 0.725586 0.037109 0.201172
0 0.425781 0.862305 0.039062 0.193359
0 0.491211 0.870117 0.083984 0.193359
0 0.572266 0.877930 0.074219 0.189453
0 0.650391 0.890625 0.078125 0.191406
0 0.726562 0.904297 0.082031 0.191406
0 0.784180 0.907227 0.037109 0.185547
