0 0.133789 0.362305 0.099609 0.044922
0 0.129883 0.455078 0.107422 0.140625
0 0.274414 0.320312 0.060547 0.031250
0 0.337891 0.322266 0.066406 0.027344
0 0.276367 0.362305 0.072266 0.052734
0 0.340820 0.361328 0.056641 0.054688
0 0.275391 0.405273 0.074219 0.041016
0 0.339844 0.404297 0.058594 0.039062
0 0.271484 0.471680 0.066406 0.103516
0 0.334961 0.474609 0.060547 0.097656
0 0.482422 0.324219 0.121094 0.039062
0 0.511719 0.367188 0.062500 0.046875
0 0.450195 0.368164 0.060547 0.044922
0 0.451172 0.408203 0.058594 0.039062
0 0.509766 0.410156 0.058594 0.035156
0 0.453125 0.477539 0.054688 0.099609
0 0.510742 0.477539 0.060547 0.099609
0 0.623047 0.362305 0.066406 0.048828
0 0.691406 0.363281 0.070312 0.046875
0 0.623047 0.404297 0.066406 0.031250
0 0.690430 0.407227 0.068359 0.025391
0 0.622070 0.467773 0.060547 0.099609
0 0.687500 0.471680 0.070312 0.091797
0 0.662109 0.318359 0.136719 0.027344
0 0.853516 0.319336 0.132812 0.029297
0 0.883789 0.359375 0.072266 0.050781
0 0.815430 0.358398 0.064453 0.052734
0 0.814453 0.405273 0.066406 0.041016
0 0.882812 0.409180 0.070312 0.033203
0 0.809570 0.448242 0.064453 0.060547
0 0.812500 0.501953 0.058594 0.046875
0 0.882812 0.451172 0.070312 0.062500
0 0.882812 0.503906 0.070312 0.042969
0 0.988281 0.319336 0.023438 0.029297
0 0.988281 0.365234 0.023438 0.050781
0 0.988281 0.431641 0.019531 0.082031
0 0.987305 0.499023 0.021484 0.052734
0 0.119141 0.588867 0.058594 0.072266
0 0.166016 0.590820 0.035156 0.068359
0 0.120117 0.640625 0.060547 0.031250
0 0.166016 0.641602 0.031250 0.029297
0 0.276367 0.586914 0.064453 0.068359
0 0.336914 0.587891 0.056641 0.066406
0 0.275391 0.637695 0.070312 0.033203
0 0.336914 0.639648 0.052734 0.029297
0 0.449219 0.588867 0.062500 0.072266
0 0.511719 0.591797 0.062500 0.066406
0 0.451172 0.639648 0.066406 0.029297
0 0.512695 0.637695 0.056641 0.033203
0 0.620117 0.587891 0.068359 0.070312
0 0.686523 0.591797 0.064453 0.062500
0 0.622070 0.637695 0.068359 0.025391
0 0.686523 0.635742 0.060547 0.029297
0 0.811523 0.589844 0.060547 0.062500
0 0.873047 0.590820 0.062500 0.060547
0 0.812500 0.634766 0.058594 0.027344
0 0.875000 0.635742 0.066406 0.025391
0 0.118164 0.747070 0.060547 0.103516
0 0.164062 0.747070 0.031250 0.103516
0 0.117188 0.853516 0.050781 0.101562
0 0.163086 0.850586 0.041016 0.107422
0 0.275391 0.747070 0.066406 0.103516
0 0.338867 0.747070 0.060547 0.103516
0 0.276367 0.851562 0.068359 0.113281
0 0.340820 0.854492 0.060547 0.107422
0 0.452148 0.748047 0.056641 0.097656
0 0.508789 0.747070 0.056641 0.099609
0 0.452148 0.850586 0.056641 0.103516
0 0.511719 0.851562 0.062500 0.101562
0 0.624023 0.747070 0.064453 0.099609
0 0.690430 0.748047 0.068359 0.097656
0 0.621094 0.851562 0.066406 0.105469
0 0.690430 0.851562 0.072266 0.105469
0 0.811523 0.747070 0.064453 0.099609
0 0.878906 0.749023 0.070312 0.095703
0 0.986328 0.749023 0.027344 0.103516
0 0.988281 0.855469 0.019531 0.109375
0 0.812500 0.854492 0.062500 0.111328
0 0.879883 0.853516 0.072266 0.109375
