0 0.124512 0.532211 0.051758 0.226940
0 0.187012 0.534407 0.051758 0.228404
0 0.263672 0.529283 0.078125 0.241581
0 0.339844 0.530015 0.074219 0.243045
0 0.417480 0.530747 0.081055 0.241581
0 0.496582 0.530747 0.077148 0.241581
0 0.575195 0.530015 0.080078 0.243045
0 0.654297 0.529283 0.078125 0.241581
0 0.732422 0.530015 0.078125 0.240117
0 0.809570 0.532943 0.076172 0.245974
0 0.896973 0.427526 0.059570 0.202050
0 0.965820 0.416545 0.068359 0.194729
0 0.896973 0.587116 0.067383 0.134700
0 0.966309 0.579795 0.067383 0.155198
