0 0.217448 0.112305 0.111979 0.091797
0 0.333984 0.114258 0.121094 0.089844
0 0.454427 0.114746 0.119792 0.090820
0 0.573568 0.114746 0.118490 0.090820
0 0.690104 0.115234 0.114583 0.091797
0 0.692057 0.210449 0.110677 0.098633
0 0.575521 0.210449 0.122396 0.098633
0 0.454427 0.210449 0.119792 0.098633
0 0.336589 0.208984 0.115885 0.101562
0 0.220052 0.208008 0.117188 0.099609
0 0.217448 0.307617 0.111979 0.099609
0 0.333333 0.307617 0.119792 0.099609
0 0.453776 0.308594 0.121094 0.101562
0 0.574870 0.308105 0.121094 0.102539
0 0.692057 0.308105 0.113281 0.102539
0 0.442708 0.543945 0.059896 0.115234
