0 0.198242 0.083008 0.060547 0.162109
0 0.266602 0.071289 0.060547 0.138672
0 0.342773 0.060547 0.083984 0.117188
0 0.428711 0.050781 0.080078 0.097656
0 0.500000 0.040039 0.062500 0.076172
0 0.591797 0.036133 0.089844 0.068359
0 0.689453 0.023438 0.093750 0.042969
0 0.692383 0.127930 0.087891 0.197266
0 0.591797 0.143555 0.082031 0.201172
0 0.500000 0.168945 0.074219 0.185547
0 0.420898 0.179688 0.076172 0.187500
0 0.341797 0.200195 0.082031 0.197266
0 0.270508 0.209961 0.068359 0.189453
0 0.199219 0.238281 0.066406 0.187500
0 0.690430 0.305664 0.087891 0.208984
0 0.599609 0.327148 0.097656 0.212891
0 0.505859 0.342773 0.089844 0.197266
0 0.422852 0.360352 0.076172 0.205078
0 0.345703 0.377930 0.070312 0.193359
0 0.274414 0.395508 0.068359 0.189453
0 0.203125 0.413086 0.074219 0.189453
0 0.696289 0.504883 0.091797 0.224609
0 0.597656 0.523438 0.093750 0.214844
0 0.513672 0.533203 0.082031 0.207031
0 0.429688 0.545898 0.089844 0.212891
0 0.343750 0.563477 0.074219 0.189453
0 0.271484 0.568359 0.082031 0.199219
0 0.202148 0.586914 0.068359 0.185547
0 0.691406 0.711914 0.101562 0.205078
0 0.692383 0.910156 0.095703 0.179688
0 0.592773 0.717773 0.095703 0.216797
0 0.505859 0.733398 0.082031 0.201172
0 0.423828 0.738281 0.085938 0.195312
0 0.340820 0.745117 0.080078 0.177734
0 0.273438 0.751953 0.082031 0.175781
0 0.197266 0.757812 0.066406 0.164062
0 0.593750 0.912109 0.093750 0.175781
0 0.504883 0.913086 0.083984 0.173828
0 0.421875 0.915039 0.085938 0.169922
0 0.342773 0.916992 0.087891 0.166016
0 0.269531 0.917969 0.070312 0.164062
0 0.202148 0.918945 0.064453 0.162109
