0 0.210449 0.095308 0.178711 0.187683
0 0.400879 0.098974 0.176758 0.189150
0 0.211426 0.317449 0.184570 0.233138
0 0.397461 0.313783 0.181641 0.225806
0 0.615723 0.094575 0.176758 0.186217
0 0.811035 0.090176 0.188477 0.177419
0 0.619141 0.308651 0.175781 0.236070
0 0.811523 0.304985 0.187500 0.228739
0 0.165039 0.653226 0.056641 0.356305
0 0.252930 0.650293 0.056641 0.353372
0 0.358887 0.650293 0.059570 0.356305
0 0.445801 0.648094 0.057617 0.354839
0 0.576660 0.648094 0.061523 0.354839
0 0.664551 0.648094 0.063477 0.360704
0 0.773438 0.646628 0.066406 0.357771
0 0.863281 0.647361 0.068359 0.359238
4 0.208984 0.655425 0.173828 0.407625
4 0.395020 0.648827 0.192383 0.406158
4 0.621094 0.649560 0.201172 0.410557
4 0.819336 0.643695 0.183594 0.410557
