0 0.034668 0.037335 0.049805 0.071742
0 0.082520 0.036603 0.047852 0.070278
0 0.129883 0.036603 0.046875 0.070278
0 0.178223 0.037335 0.047852 0.068814
0 0.226074 0.036603 0.047852 0.070278
0 0.272949 0.036603 0.045898 0.070278
0 0.320312 0.036603 0.048828 0.070278
0 0.368164 0.036603 0.046875 0.070278
0 0.414551 0.036603 0.045898 0.070278
0 0.462891 0.037335 0.048828 0.071742
0 0.510742 0.037335 0.046875 0.071742
0 0.558594 0.038067 0.046875 0.073206
0 0.605469 0.038067 0.046875 0.073206
0 0.653809 0.038067 0.047852 0.073206
0 0.701172 0.038067 0.046875 0.073206
0 0.749512 0.038067 0.047852 0.073206
0 0.796875 0.038067 0.046875 0.073206
0 0.845703 0.038067 0.046875 0.070278
0 0.892090 0.037335 0.045898 0.071742
0 0.939941 0.038067 0.047852 0.073206
0 0.981445 0.038067 0.035156 0.073206
0 0.035156 0.234993 0.046875 0.086384
0 0.083008 0.234993 0.048828 0.086384
0 0.130371 0.235725 0.045898 0.087848
0 0.177734 0.235725 0.048828 0.087848
0 0.226074 0.236457 0.047852 0.089312
0 0.274902 0.236457 0.049805 0.089312
0 0.322266 0.235725 0.044922 0.087848
0 0.368164 0.234993 0.046875 0.089312
0 0.416016 0.234993 0.048828 0.089312
0 0.463867 0.236457 0.046875 0.086384
0 0.510254 0.237189 0.045898 0.087848
0 0.558105 0.237189 0.049805 0.087848
0 0.606934 0.237189 0.047852 0.087848
0 0.654785 0.237189 0.047852 0.087848
0 0.702148 0.237189 0.046875 0.087848
0 0.749512 0.237189 0.047852 0.087848
0 0.797363 0.237189 0.047852 0.087848
0 0.939941 0.238653 0.047852 0.090776
0 0.981934 0.237921 0.036133 0.092240
0 0.177734 0.453148 0.048828 0.103953
0 0.272949 0.452416 0.047852 0.099561
0 0.319824 0.452416 0.045898 0.099561
0 0.367676 0.453148 0.049805 0.101025
0 0.416016 0.452416 0.046875 0.102489
0 0.463867 0.452416 0.048828 0.102489
0 0.511719 0.453148 0.046875 0.103953
0 0.558594 0.453880 0.046875 0.105417
0 0.605957 0.453880 0.047852 0.105417
0 0.654297 0.453880 0.048828 0.105417
0 0.701660 0.453880 0.045898 0.105417
0 0.796875 0.455344 0.050781 0.108346
0 0.845215 0.456076 0.045898 0.103953
0 0.892090 0.456076 0.047852 0.103953
0 0.939941 0.456076 0.047852 0.103953
0 0.980469 0.455344 0.033203 0.105417
