0 0.870623 0.328906 0.060311 0.079687
0 0.779183 0.314063 0.064202 0.181250
0 0.720817 0.274219 0.060311 0.217188
0 0.650778 0.274219 0.087549 0.201563
0 0.044747 0.399219 0.035019 0.079687
0 0.076848 0.386719 0.033074 0.092188
0 0.114786 0.371094 0.042802 0.101562
0 0.160506 0.350781 0.052529 0.114062
0 0.219844 0.325781 0.066148 0.132812
0 0.299611 0.294531 0.093385 0.157812
0 0.404669 0.295312 0.112840 0.159375
0 0.505837 0.328906 0.089494 0.139063
0 0.868677 0.777344 0.239300 0.445312
0 0.599222 0.733594 0.307393 0.379688
0 0.367704 0.674219 0.178988 0.260937
0 0.226654 0.632812 0.110895 0.193750
0 0.464008 0.533594 0.103113 0.160938
0 0.255837 0.532813 0.064202 0.106250
0 0.656615 0.535937 0.083658 0.184375
0 0.743191 0.534375 0.081712 0.184375
0 0.811284 0.534375 0.058366 0.150000
1 0.068093 0.529687 0.023346 0.081250
1 0.110895 0.523438 0.023346 0.068750
1 0.577821 0.402344 0.054475 0.467187
