0 0.296875 0.224609 0.291016 0.347656
0 0.585449 0.220052 0.286133 0.356771
0 0.862305 0.216146 0.273438 0.354167
0 0.078125 0.218099 0.154297 0.358073
0 0.079590 0.023438 0.153320 0.044271
0 0.296875 0.022786 0.279297 0.042969
0 0.582031 0.022135 0.285156 0.041667
0 0.862793 0.022135 0.274414 0.041667
0 0.075195 0.572266 0.148438 0.358073
0 0.290039 0.578125 0.294922 0.364583
0 0.584961 0.574870 0.294922 0.371094
0 0.866211 0.573568 0.267578 0.368490
0 0.065918 0.882161 0.127930 0.235677
0 0.065918 0.878255 0.129883 0.233073
0 0.280762 0.879557 0.305664 0.240885
0 0.589844 0.876953 0.306641 0.246094
0 0.869629 0.878906 0.260742 0.234375
