0 0.856445 0.129883 0.283203 0.255859
0 0.854492 0.370117 0.283203 0.509766
0 0.856445 0.781250 0.275391 0.437500
0 0.651367 0.161133 0.126953 0.318359
0 0.651367 0.449219 0.123047 0.398438
0 0.646484 0.812500 0.128906 0.375000
0 0.539062 0.337891 0.105469 0.671875
0 0.535156 0.803711 0.109375 0.294922
0 0.453125 0.206055 0.062500 0.384766
0 0.454102 0.525391 0.056641 0.316406
0 0.453125 0.810547 0.066406 0.269531
0 0.394531 0.808594 0.058594 0.253906
0 0.393555 0.552734 0.056641 0.300781
0 0.395508 0.243164 0.048828 0.330078
0 0.343750 0.279297 0.054688 0.277344
0 0.338867 0.558594 0.056641 0.289062
0 0.338867 0.811523 0.056641 0.228516
0 0.339844 0.961914 0.054688 0.076172
0 0.398438 0.967773 0.062500 0.064453
0 0.299805 0.352539 0.033203 0.232422
0 0.294922 0.577148 0.031250 0.263672
0 0.294922 0.812500 0.031250 0.210938
0 0.298828 0.960938 0.031250 0.078125
0 0.259766 0.958984 0.046875 0.082031
0 0.258789 0.810547 0.052734 0.199219
0 0.259766 0.495117 0.042969 0.455078
0 0.219727 0.672852 0.029297 0.654297
0 0.159180 0.567383 0.037109 0.306641
0 0.192383 0.465820 0.029297 0.158203
0 0.188477 0.622070 0.029297 0.197266
0 0.129883 0.595703 0.029297 0.265625
