0 0.613281 0.193359 0.078125 0.304688
0 0.698242 0.261719 0.076172 0.300781
0 0.776367 0.349609 0.052734 0.296875
0 0.836914 0.404297 0.052734 0.277344
0 0.890625 0.458984 0.042969 0.273438
0 0.615234 0.443359 0.089844 0.218750
0 0.704102 0.507812 0.083984 0.207031
0 0.781250 0.558594 0.066406 0.199219
0 0.841797 0.623047 0.050781 0.144531
0 0.613281 0.662109 0.089844 0.191406
0 0.703125 0.716797 0.082031 0.179688
0 0.781250 0.755859 0.058594 0.136719
0 0.842773 0.795898 0.060547 0.150391
0 0.611328 0.894531 0.093750 0.164062
0 0.703125 0.920898 0.089844 0.150391
0 0.781250 0.939453 0.058594 0.121094
0 0.833984 0.954102 0.042969 0.091797
0 0.491211 0.197266 0.080078 0.324219
0 0.396484 0.276367 0.101562 0.337891
0 0.314453 0.350586 0.078125 0.279297
0 0.248047 0.410156 0.062500 0.265625
0 0.192383 0.456055 0.052734 0.232422
0 0.144531 0.508789 0.050781 0.224609
0 0.099609 0.545898 0.046875 0.216797
0 0.064453 0.578125 0.039062 0.175781
0 0.493164 0.438477 0.091797 0.185547
0 0.394531 0.506836 0.093750 0.173828
0 0.314453 0.557617 0.066406 0.154297
0 0.248047 0.600586 0.062500 0.142578
0 0.187500 0.640625 0.050781 0.117188
0 0.144531 0.673828 0.046875 0.117188
0 0.102539 0.700195 0.041016 0.099609
0 0.068359 0.724609 0.035156 0.101562
0 0.495117 0.670898 0.091797 0.177734
0 0.400391 0.706055 0.105469 0.169922
0 0.313477 0.743164 0.068359 0.154297
0 0.249023 0.776367 0.060547 0.130859
0 0.188477 0.802734 0.060547 0.121094
0 0.143555 0.822266 0.048828 0.113281
0 0.098633 0.843750 0.044922 0.105469
0 0.067383 0.855469 0.033203 0.085938
0 0.496094 0.894531 0.097656 0.160156
0 0.398438 0.917969 0.105469 0.152344
0 0.307617 0.938477 0.087891 0.123047
0 0.250000 0.947266 0.062500 0.105469
0 0.192383 0.953125 0.056641 0.093750
0 0.143555 0.964844 0.041016 0.070312
0 0.104492 0.967773 0.048828 0.064453
0 0.071289 0.973633 0.033203 0.052734
