0 0.356445 0.185547 0.033203 0.242188
0 0.407227 0.164062 0.064453 0.257812
0 0.473633 0.138672 0.060547 0.269531
0 0.540039 0.127930 0.072266 0.251953
0 0.611328 0.115234 0.070312 0.226562
0 0.354492 0.412109 0.029297 0.195312
0 0.403320 0.399414 0.064453 0.205078
0 0.470703 0.380859 0.070312 0.207031
0 0.541016 0.354492 0.070312 0.216797
0 0.609375 0.335938 0.066406 0.218750
0 0.606445 0.529297 0.072266 0.207031
0 0.536133 0.547852 0.072266 0.205078
0 0.468750 0.561523 0.062500 0.201172
0 0.404297 0.577148 0.066406 0.201172
0 0.358398 0.589844 0.029297 0.179688
0 0.605469 0.644531 0.074219 0.042969
0 0.535156 0.655273 0.066406 0.044922
0 0.469727 0.671875 0.064453 0.042969
0 0.403320 0.680664 0.068359 0.041016
0 0.356445 0.692383 0.033203 0.029297
0 0.609375 0.831055 0.070312 0.193359
0 0.537109 0.835938 0.070312 0.191406
0 0.466797 0.844727 0.066406 0.189453
0 0.403320 0.852539 0.068359 0.185547
0 0.353516 0.855469 0.039062 0.171875
0 0.733398 0.307617 0.033203 0.228516
0 0.766602 0.346680 0.033203 0.216797
0 0.807617 0.393555 0.048828 0.212891
0 0.845703 0.448242 0.042969 0.181641
0 0.730469 0.520508 0.031250 0.197266
0 0.763672 0.543945 0.031250 0.189453
0 0.792969 0.575195 0.031250 0.166016
0 0.820312 0.601562 0.031250 0.156250
0 0.846680 0.620117 0.025391 0.142578
