0 0.092285 0.055637 0.061523 0.081991
0 0.152344 0.055637 0.058594 0.081991
0 0.224121 0.054905 0.061523 0.083455
0 0.284668 0.054905 0.059570 0.083455
0 0.091797 0.153734 0.062500 0.084919
0 0.155762 0.153734 0.065430 0.084919
0 0.221191 0.153734 0.065430 0.084919
0 0.285156 0.153001 0.062500 0.086384
0 0.092285 0.235725 0.063477 0.084919
0 0.156250 0.237921 0.064453 0.080527
0 0.222168 0.238653 0.067383 0.081991
0 0.286621 0.237921 0.061523 0.083455
0 0.092285 0.321376 0.061523 0.083455
0 0.155762 0.320644 0.065430 0.084919
0 0.221680 0.321376 0.066406 0.086384
0 0.286621 0.322108 0.063477 0.084919
0 0.093750 0.415081 0.060547 0.077599
0 0.153809 0.416545 0.059570 0.074671
0 0.093750 0.494876 0.060547 0.079063
0 0.153320 0.494876 0.058594 0.079063
0 0.223633 0.418009 0.058594 0.080527
0 0.283203 0.418741 0.060547 0.079063
0 0.225586 0.494876 0.058594 0.076135
0 0.283691 0.494876 0.057617 0.076135
0 0.407227 0.052709 0.062500 0.079063
0 0.471191 0.051977 0.065430 0.080527
0 0.536621 0.049780 0.065430 0.076135
0 0.601562 0.050512 0.064453 0.074671
0 0.725098 0.052709 0.059570 0.079063
0 0.785156 0.053441 0.060547 0.077599
0 0.407227 0.150805 0.062500 0.087848
0 0.471191 0.151537 0.065430 0.086384
0 0.537598 0.150805 0.067383 0.084919
0 0.602051 0.151537 0.061523 0.083455
0 0.407227 0.234261 0.062500 0.084919
0 0.472168 0.234993 0.067383 0.083455
0 0.538574 0.236457 0.065430 0.086384
0 0.602051 0.236457 0.061523 0.086384
0 0.407227 0.318448 0.062500 0.086384
0 0.472656 0.319180 0.068359 0.084919
0 0.538574 0.320644 0.063477 0.087848
0 0.602051 0.321376 0.063477 0.086384
0 0.409668 0.418009 0.061523 0.077599
0 0.469238 0.418009 0.057617 0.077599
0 0.411133 0.494876 0.060547 0.079063
0 0.470215 0.496340 0.057617 0.076135
0 0.541992 0.416545 0.060547 0.074671
0 0.601074 0.415813 0.057617 0.076135
0 0.541992 0.494876 0.062500 0.081991
0 0.602539 0.495608 0.058594 0.080527
0 0.855957 0.052709 0.057617 0.076135
0 0.914062 0.053441 0.058594 0.074671
0 0.724609 0.151537 0.062500 0.089312
0 0.788574 0.152269 0.065430 0.087848
0 0.853516 0.150805 0.064453 0.084919
0 0.917480 0.152269 0.063477 0.081991
0 0.724121 0.235725 0.063477 0.084919
0 0.788574 0.235725 0.065430 0.084919
0 0.854492 0.237921 0.066406 0.089312
0 0.918945 0.237921 0.062500 0.089312
0 0.724121 0.319180 0.063477 0.084919
0 0.788574 0.319912 0.065430 0.083455
0 0.854492 0.320644 0.066406 0.084919
0 0.918945 0.322108 0.062500 0.081991
0 0.726562 0.416545 0.058594 0.077599
0 0.788574 0.418009 0.065430 0.074671
0 0.854492 0.418009 0.066406 0.074671
0 0.916992 0.415813 0.058594 0.079063
0 0.727051 0.494876 0.059570 0.079063
0 0.789551 0.494876 0.065430 0.079063
0 0.854492 0.494143 0.064453 0.077599
0 0.916504 0.495608 0.059570 0.074671
