0 0.466797 0.207031 0.074219 0.214844
0 0.392578 0.259766 0.066406 0.195312
0 0.331055 0.307617 0.068359 0.189453
0 0.277344 0.348633 0.054688 0.150391
0 0.227539 0.388672 0.048828 0.148438
0 0.180664 0.418945 0.037109 0.150391
0 0.148438 0.446289 0.035156 0.150391
0 0.111328 0.488281 0.042969 0.136719
0 0.073242 0.515625 0.041016 0.136719
0 0.037109 0.549805 0.035156 0.150391
0 0.464844 0.385742 0.082031 0.197266
0 0.394531 0.428711 0.054688 0.169922
0 0.353516 0.458008 0.027344 0.150391
0 0.320312 0.478516 0.042969 0.160156
0 0.273438 0.511719 0.050781 0.160156
0 0.225586 0.541992 0.052734 0.169922
0 0.185547 0.567383 0.039062 0.154297
0 0.147461 0.584961 0.037109 0.146484
0 0.111328 0.613281 0.039062 0.144531
0 0.071289 0.643555 0.037109 0.142578
0 0.036133 0.669922 0.037109 0.128906
0 0.009766 0.649414 0.015625 0.197266
0 0.482422 0.522461 0.039062 0.185547
0 0.441406 0.550781 0.046875 0.179688
0 0.395508 0.577148 0.052734 0.181641
0 0.355469 0.600586 0.031250 0.162109
0 0.313477 0.624023 0.048828 0.177734
0 0.268555 0.652344 0.041016 0.164062
0 0.221680 0.683594 0.056641 0.175781
0 0.165039 0.712891 0.068359 0.175781
0 0.109375 0.742188 0.042969 0.160156
0 0.071289 0.762695 0.037109 0.138672
0 0.034180 0.785156 0.037109 0.136719
0 0.008789 0.798828 0.013672 0.117188
0 0.457031 0.708008 0.093750 0.212891
0 0.391602 0.733398 0.052734 0.189453
0 0.353516 0.753906 0.027344 0.167969
0 0.316406 0.771484 0.050781 0.167969
0 0.271484 0.791992 0.039062 0.162109
0 0.224609 0.828125 0.050781 0.167969
0 0.164062 0.847656 0.066406 0.160156
0 0.109375 0.871094 0.042969 0.140625
0 0.071289 0.882812 0.044922 0.132812
0 0.037109 0.916992 0.042969 0.166016
0 0.480469 0.873047 0.054688 0.167969
0 0.406250 0.886719 0.082031 0.160156
0 0.356445 0.901367 0.025391 0.134766
0 0.315430 0.902344 0.044922 0.117188
0 0.270508 0.916016 0.048828 0.117188
0 0.221680 0.934570 0.056641 0.083984
0 0.166992 0.949219 0.068359 0.082031
0 0.107422 0.964844 0.042969 0.070312
