0 0.015625 0.037109 0.027344 0.070312
0 0.054688 0.039062 0.054688 0.074219
0 0.229492 0.036133 0.064453 0.068359
0 0.298828 0.036133 0.070312 0.068359
0 0.485352 0.038086 0.072266 0.072266
0 0.557617 0.038086 0.068359 0.072266
0 0.706055 0.036133 0.060547 0.068359
0 0.849609 0.038086 0.066406 0.072266
0 0.916016 0.035156 0.062500 0.066406
0 0.016602 0.158203 0.025391 0.179688
0 0.015625 0.297852 0.027344 0.099609
0 0.050781 0.295898 0.039062 0.095703
0 0.230469 0.158203 0.066406 0.175781
0 0.297852 0.159180 0.068359 0.177734
0 0.485352 0.161133 0.072266 0.177734
0 0.554688 0.161133 0.066406 0.177734
0 0.706055 0.155273 0.060547 0.177734
0 0.851562 0.160156 0.070312 0.179688
0 0.916992 0.162109 0.060547 0.175781
0 0.016602 0.358398 0.029297 0.029297
0 0.050781 0.359375 0.039062 0.027344
0 0.015625 0.404297 0.027344 0.058594
0 0.051758 0.404297 0.044922 0.058594
0 0.229492 0.297852 0.072266 0.087891
0 0.302734 0.296875 0.074219 0.089844
0 0.229492 0.356445 0.064453 0.029297
0 0.298828 0.358398 0.074219 0.025391
0 0.300781 0.405273 0.070312 0.068359
0 0.229492 0.410156 0.072266 0.058594
0 0.487305 0.291992 0.068359 0.091797
0 0.554688 0.293945 0.066406 0.087891
0 0.488281 0.352539 0.074219 0.029297
0 0.555664 0.357422 0.068359 0.035156
0 0.558594 0.405273 0.062500 0.060547
0 0.492188 0.405273 0.070312 0.060547
0 0.704102 0.294922 0.056641 0.105469
0 0.850586 0.294922 0.068359 0.093750
0 0.919922 0.295898 0.070312 0.091797
0 0.854492 0.357422 0.072266 0.027344
0 0.924805 0.359375 0.072266 0.023438
0 0.855469 0.405273 0.066406 0.064453
0 0.925781 0.404297 0.074219 0.066406
0 0.014648 0.565430 0.025391 0.271484
0 0.052734 0.568359 0.046875 0.273438
0 0.233398 0.567383 0.068359 0.271484
0 0.303711 0.571289 0.072266 0.263672
0 0.490234 0.569336 0.074219 0.271484
0 0.556641 0.570312 0.058594 0.269531
0 0.708984 0.563477 0.070312 0.275391
0 0.859375 0.565430 0.074219 0.267578
0 0.926758 0.564453 0.072266 0.261719
0 0.015625 0.890625 0.027344 0.218750
0 0.055664 0.887695 0.044922 0.220703
0 0.236328 0.895508 0.066406 0.208984
0 0.300781 0.893555 0.062500 0.208984
0 0.492188 0.892578 0.070312 0.214844
0 0.559570 0.891602 0.064453 0.212891
0 0.706055 0.891602 0.060547 0.216797
0 0.859375 0.890625 0.066406 0.218750
0 0.929688 0.890625 0.066406 0.210938
