0 0.567383 0.172852 0.126953 0.048828
0 0.568359 0.221680 0.125000 0.048828
0 0.532227 0.295898 0.052734 0.099609
0 0.593750 0.295898 0.070312 0.099609
0 0.569336 0.368164 0.130859 0.044922
0 0.569336 0.409180 0.130859 0.037109
0 0.568359 0.453125 0.128906 0.050781
0 0.593750 0.527344 0.078125 0.097656
0 0.530273 0.526367 0.048828 0.099609
0 0.568359 0.596680 0.128906 0.044922
0 0.566406 0.637695 0.132812 0.037109
0 0.564453 0.723633 0.128906 0.134766
0 0.565430 0.809570 0.126953 0.037109
0 0.661133 0.170898 0.060547 0.044922
0 0.662109 0.291992 0.058594 0.197266
0 0.660156 0.411133 0.054688 0.041016
0 0.660156 0.524414 0.054688 0.185547
0 0.659180 0.635742 0.052734 0.037109
0 0.658203 0.740234 0.054688 0.171875
0 0.756836 0.172852 0.130859 0.044922
0 0.756836 0.220703 0.130859 0.050781
0 0.713867 0.296875 0.044922 0.101562
0 0.756836 0.296875 0.041016 0.101562
0 0.797852 0.296875 0.041016 0.101562
0 0.751953 0.370117 0.132812 0.044922
0 0.752930 0.410156 0.134766 0.035156
0 0.753906 0.454102 0.132812 0.052734
0 0.754883 0.529297 0.134766 0.097656
0 0.754883 0.599609 0.134766 0.042969
0 0.753906 0.638672 0.132812 0.035156
0 0.753906 0.721680 0.132812 0.130859
0 0.754883 0.804688 0.134766 0.035156
0 0.836914 0.737305 0.029297 0.169922
0 0.837891 0.635742 0.027344 0.033203
0 0.835938 0.598633 0.023438 0.041016
0 0.834961 0.501953 0.025391 0.152344
0 0.835938 0.407227 0.027344 0.037109
0 0.835938 0.291992 0.027344 0.193359
0 0.834961 0.172852 0.025391 0.044922
