0 0.267578 0.303711 0.109375 0.162109
0 0.059570 0.062500 0.115234 0.121094
0 0.266602 0.061523 0.123047 0.119141
0 0.474609 0.058594 0.113281 0.113281
0 0.679688 0.060547 0.113281 0.117188
0 0.892578 0.062500 0.125000 0.121094
0 0.888672 0.303711 0.117188 0.158203
0 0.676758 0.307617 0.107422 0.158203
0 0.475586 0.307617 0.115234 0.169922
0 0.058594 0.302734 0.113281 0.156250
0 0.054688 0.580078 0.105469 0.171875
0 0.270508 0.573242 0.111328 0.173828
0 0.476562 0.574219 0.105469 0.175781
0 0.676758 0.581055 0.111328 0.169922
0 0.889648 0.581055 0.123047 0.162109
0 0.057617 0.848633 0.103516 0.169922
0 0.269531 0.853516 0.105469 0.171875
0 0.472656 0.850586 0.105469 0.177734
0 0.678711 0.850586 0.115234 0.169922
0 0.894531 0.854492 0.128906 0.173828
