0 0.019531 0.079102 0.035156 0.052734
0 0.075195 0.077148 0.072266 0.052734
0 0.156250 0.078125 0.089844 0.054688
0 0.239258 0.079102 0.076172 0.052734
0 0.317383 0.080078 0.080078 0.054688
0 0.396484 0.080078 0.078125 0.054688
0 0.476562 0.079102 0.082031 0.052734
0 0.552734 0.079102 0.070312 0.052734
0 0.617188 0.079102 0.058594 0.052734
0 0.682617 0.079102 0.072266 0.052734
0 0.021484 0.177734 0.035156 0.140625
0 0.075195 0.175781 0.072266 0.144531
0 0.154297 0.173828 0.085938 0.140625
0 0.237305 0.173828 0.080078 0.140625
0 0.315430 0.174805 0.076172 0.142578
0 0.395508 0.175781 0.083984 0.140625
0 0.475586 0.176758 0.076172 0.142578
0 0.550781 0.176758 0.074219 0.142578
0 0.615234 0.176758 0.054688 0.142578
0 0.680664 0.175781 0.076172 0.144531
0 0.018555 0.323242 0.033203 0.154297
0 0.073242 0.324219 0.076172 0.152344
0 0.154297 0.325195 0.085938 0.154297
0 0.237305 0.325195 0.080078 0.154297
0 0.318359 0.325195 0.082031 0.154297
0 0.398438 0.324219 0.078125 0.156250
0 0.476562 0.322266 0.078125 0.152344
0 0.551758 0.323242 0.072266 0.150391
0 0.616211 0.325195 0.056641 0.154297
0 0.682617 0.325195 0.076172 0.154297
0 0.018555 0.420898 0.033203 0.041016
0 0.073242 0.420898 0.076172 0.041016
0 0.154297 0.420898 0.085938 0.041016
0 0.238281 0.421875 0.082031 0.039062
0 0.317383 0.420898 0.076172 0.037109
0 0.396484 0.419922 0.082031 0.039062
0 0.477539 0.419922 0.080078 0.039062
0 0.553711 0.420898 0.072266 0.037109
0 0.616211 0.417969 0.052734 0.031250
0 0.679688 0.419922 0.074219 0.027344
0 0.018555 0.507812 0.033203 0.140625
0 0.075195 0.509766 0.080078 0.136719
0 0.158203 0.511719 0.085938 0.140625
0 0.239258 0.511719 0.076172 0.140625
0 0.316406 0.509766 0.078125 0.136719
0 0.396484 0.508789 0.082031 0.138672
0 0.475586 0.509766 0.076172 0.140625
0 0.550781 0.507812 0.074219 0.144531
0 0.615234 0.508789 0.054688 0.146484
0 0.680664 0.509766 0.076172 0.144531
0 0.019531 0.598633 0.031250 0.041016
0 0.074219 0.598633 0.078125 0.041016
0 0.157227 0.598633 0.087891 0.041016
0 0.239258 0.598633 0.076172 0.041016
0 0.317383 0.599609 0.080078 0.042969
0 0.397461 0.598633 0.080078 0.044922
0 0.477539 0.596680 0.076172 0.041016
0 0.551758 0.597656 0.072266 0.039062
0 0.616211 0.598633 0.056641 0.041016
0 0.681641 0.598633 0.074219 0.041016
0 0.017578 0.692383 0.031250 0.150391
0 0.073242 0.692383 0.080078 0.150391
0 0.156250 0.694336 0.085938 0.154297
0 0.238281 0.694336 0.078125 0.154297
0 0.317383 0.692383 0.080078 0.150391
0 0.396484 0.691406 0.078125 0.152344
0 0.477539 0.692383 0.083984 0.154297
0 0.552734 0.694336 0.066406 0.150391
0 0.614258 0.695312 0.056641 0.152344
0 0.680664 0.695312 0.076172 0.152344
0 0.021484 0.791992 0.035156 0.044922
0 0.077148 0.790039 0.076172 0.048828
0 0.157227 0.790039 0.083984 0.048828
0 0.238281 0.791992 0.078125 0.044922
0 0.318359 0.791992 0.082031 0.044922
0 0.396484 0.791992 0.074219 0.044922
0 0.475586 0.791992 0.083984 0.044922
0 0.551758 0.792969 0.068359 0.042969
0 0.615234 0.793945 0.058594 0.044922
0 0.679688 0.793945 0.070312 0.044922
0 0.023438 0.885742 0.027344 0.123047
0 0.076172 0.879883 0.078125 0.134766
0 0.157227 0.877930 0.083984 0.130859
0 0.238281 0.876953 0.078125 0.132812
0 0.318359 0.878906 0.082031 0.136719
0 0.397461 0.878906 0.076172 0.136719
0 0.473633 0.878906 0.076172 0.136719
0 0.549805 0.877930 0.076172 0.138672
0 0.615234 0.878906 0.054688 0.140625
0 0.677734 0.879883 0.070312 0.138672
