0 0.065430 0.060547 0.044922 0.078125
0 0.131836 0.060547 0.064453 0.074219
0 0.185547 0.060547 0.042969 0.074219
0 0.235352 0.058594 0.056641 0.070312
0 0.293945 0.058594 0.060547 0.070312
0 0.349609 0.058594 0.050781 0.070312
0 0.408203 0.059570 0.066406 0.068359
0 0.471680 0.059570 0.060547 0.068359
0 0.532227 0.059570 0.060547 0.068359
0 0.587891 0.058594 0.050781 0.066406
0 0.642578 0.056641 0.058594 0.070312
0 0.701172 0.057617 0.058594 0.072266
0 0.760742 0.058594 0.060547 0.070312
0 0.813477 0.058594 0.044922 0.070312
0 0.068359 0.156250 0.050781 0.062500
0 0.124023 0.155273 0.060547 0.064453
0 0.184570 0.157227 0.060547 0.068359
0 0.242188 0.157227 0.054688 0.068359
0 0.297852 0.159180 0.056641 0.072266
0 0.352539 0.157227 0.052734 0.076172
0 0.406250 0.155273 0.054688 0.072266
0 0.467773 0.157227 0.068359 0.068359
0 0.533203 0.156250 0.062500 0.066406
0 0.593750 0.153320 0.058594 0.072266
0 0.650391 0.153320 0.054688 0.072266
0 0.706055 0.155273 0.056641 0.068359
0 0.761719 0.158203 0.054688 0.074219
0 0.816406 0.156250 0.054688 0.078125
0 0.865234 0.154297 0.042969 0.074219
0 0.866211 0.248047 0.041016 0.113281
0 0.819336 0.248047 0.052734 0.113281
0 0.769531 0.224609 0.046875 0.066406
0 0.712891 0.225586 0.066406 0.064453
0 0.654297 0.224609 0.050781 0.062500
0 0.655273 0.279297 0.052734 0.046875
0 0.711914 0.279297 0.060547 0.046875
0 0.768555 0.280273 0.052734 0.048828
0 0.591797 0.247070 0.058594 0.111328
0 0.533203 0.280273 0.058594 0.044922
0 0.534180 0.223633 0.060547 0.068359
0 0.470703 0.224609 0.070312 0.066406
0 0.468750 0.280273 0.066406 0.044922
0 0.408203 0.243164 0.054688 0.107422
0 0.354492 0.244141 0.052734 0.105469
0 0.299805 0.229492 0.056641 0.076172
0 0.240234 0.228516 0.062500 0.078125
0 0.177734 0.227539 0.062500 0.076172
0 0.123047 0.228516 0.046875 0.074219
0 0.072266 0.247070 0.054688 0.111328
0 0.123047 0.287109 0.054688 0.035156
0 0.177734 0.285156 0.054688 0.039062
0 0.238281 0.282227 0.066406 0.033203
0 0.298828 0.283203 0.054688 0.031250
0 0.063477 0.364258 0.052734 0.068359
0 0.119141 0.365234 0.058594 0.066406
0 0.176758 0.352539 0.056641 0.072266
0 0.063477 0.454102 0.048828 0.115234
0 0.119141 0.495117 0.062500 0.033203
0 0.120117 0.438477 0.060547 0.080078
0 0.175781 0.430664 0.042969 0.087891
0 0.177734 0.494141 0.039062 0.039062
0 0.248047 0.427734 0.089844 0.074219
0 0.312500 0.427734 0.039062 0.074219
0 0.248047 0.491211 0.078125 0.033203
0 0.308594 0.492188 0.042969 0.031250
0 0.247070 0.354492 0.083984 0.072266
0 0.310547 0.355469 0.042969 0.070312
0 0.356445 0.355469 0.048828 0.070312
0 0.357422 0.450195 0.046875 0.119141
0 0.409180 0.490234 0.052734 0.035156
0 0.468750 0.493164 0.066406 0.041016
0 0.528320 0.495117 0.052734 0.037109
0 0.589844 0.451172 0.062500 0.121094
0 0.593750 0.355469 0.054688 0.070312
0 0.533203 0.346680 0.062500 0.052734
0 0.471680 0.347656 0.060547 0.050781
0 0.412109 0.346680 0.058594 0.048828
0 0.408203 0.391602 0.050781 0.041016
0 0.464844 0.392578 0.062500 0.039062
0 0.528320 0.392578 0.064453 0.039062
0 0.530273 0.438477 0.060547 0.052734
0 0.465820 0.438477 0.064453 0.052734
0 0.407227 0.437500 0.052734 0.050781
0 0.644531 0.348633 0.042969 0.056641
0 0.693359 0.350586 0.054688 0.052734
0 0.749023 0.348633 0.056641 0.048828
0 0.804688 0.346680 0.054688 0.052734
0 0.856445 0.349609 0.048828 0.058594
0 0.855469 0.446289 0.050781 0.134766
0 0.806641 0.444336 0.046875 0.138672
0 0.756836 0.422852 0.052734 0.095703
0 0.699219 0.424805 0.062500 0.091797
0 0.645508 0.426758 0.044922 0.095703
0 0.647461 0.494141 0.048828 0.039062
0 0.697266 0.493164 0.050781 0.041016
0 0.752930 0.492188 0.056641 0.039062
0 0.068359 0.580078 0.050781 0.078125
0 0.122070 0.582031 0.056641 0.074219
0 0.178711 0.580078 0.056641 0.070312
0 0.232422 0.581055 0.050781 0.068359
0 0.290039 0.582031 0.064453 0.070312
0 0.350586 0.581055 0.056641 0.072266
0 0.406250 0.583008 0.054688 0.076172
0 0.463867 0.584961 0.060547 0.072266
0 0.529297 0.582031 0.070312 0.066406
0 0.595703 0.580078 0.062500 0.070312
0 0.654297 0.580078 0.054688 0.070312
0 0.707031 0.581055 0.050781 0.068359
0 0.762695 0.581055 0.060547 0.068359
0 0.817383 0.582031 0.048828 0.066406
0 0.858398 0.644531 0.029297 0.203125
0 0.896484 0.576172 0.042969 0.054688
0 0.895508 0.652344 0.044922 0.097656
0 0.896484 0.722656 0.046875 0.042969
0 0.821289 0.659180 0.048828 0.083984
0 0.821289 0.723633 0.048828 0.044922
0 0.766602 0.658203 0.056641 0.082031
0 0.764648 0.720703 0.052734 0.042969
0 0.710938 0.676758 0.050781 0.123047
0 0.657227 0.720703 0.056641 0.035156
0 0.657227 0.659180 0.052734 0.087891
0 0.601562 0.653320 0.054688 0.076172
0 0.602539 0.714844 0.056641 0.046875
0 0.535156 0.673828 0.066406 0.121094
0 0.472656 0.717773 0.058594 0.033203
0 0.470703 0.659180 0.054688 0.083984
0 0.411133 0.658203 0.052734 0.082031
0 0.413086 0.719727 0.056641 0.041016
0 0.355469 0.677734 0.054688 0.117188
0 0.294922 0.656250 0.058594 0.078125
0 0.294922 0.716797 0.058594 0.042969
0 0.234375 0.657227 0.050781 0.076172
0 0.236328 0.719727 0.054688 0.048828
0 0.179688 0.679688 0.050781 0.121094
0 0.125000 0.717773 0.058594 0.044922
0 0.125000 0.654297 0.058594 0.082031
0 0.071289 0.681641 0.060547 0.125000
0 0.066406 0.799805 0.046875 0.060547
0 0.119141 0.800781 0.058594 0.058594
0 0.177734 0.797852 0.058594 0.052734
0 0.234375 0.797852 0.054688 0.052734
0 0.293945 0.797852 0.064453 0.052734
0 0.352539 0.798828 0.052734 0.050781
0 0.406250 0.800781 0.054688 0.054688
0 0.461914 0.799805 0.056641 0.056641
0 0.529297 0.797852 0.078125 0.052734
0 0.594727 0.795898 0.056641 0.056641
0 0.653320 0.795898 0.060547 0.056641
0 0.708008 0.797852 0.048828 0.052734
0 0.759766 0.798828 0.054688 0.054688
0 0.814453 0.796875 0.054688 0.058594
0 0.877930 0.799805 0.072266 0.064453
0 0.881836 0.903320 0.064453 0.142578
0 0.821289 0.954102 0.056641 0.041016
0 0.821289 0.881836 0.056641 0.103516
0 0.761719 0.876953 0.062500 0.097656
0 0.760742 0.953125 0.060547 0.054688
0 0.703125 0.902344 0.042969 0.148438
0 0.655273 0.955078 0.052734 0.042969
0 0.655273 0.878906 0.052734 0.109375
0 0.597656 0.876953 0.058594 0.105469
0 0.594727 0.953125 0.052734 0.046875
0 0.533203 0.903320 0.074219 0.138672
0 0.464844 0.952148 0.062500 0.041016
0 0.462891 0.879883 0.058594 0.103516
0 0.407227 0.880859 0.052734 0.097656
0 0.408203 0.951172 0.054688 0.042969
0 0.352539 0.901367 0.052734 0.142578
0 0.298828 0.948242 0.054688 0.048828
0 0.301758 0.877930 0.060547 0.091797
0 0.236328 0.877930 0.066406 0.091797
0 0.236328 0.948242 0.066406 0.048828
0 0.176758 0.907227 0.056641 0.130859
0 0.123047 0.948242 0.050781 0.048828
0 0.123047 0.878906 0.050781 0.089844
0 0.070312 0.906250 0.050781 0.140625
0 0.940430 0.842773 0.056641 0.162109
0 0.984375 0.837891 0.031250 0.171875
0 0.941406 0.952148 0.062500 0.052734
0 0.986328 0.956055 0.027344 0.044922
