0 0.685547 0.025326 0.044922 0.047757
0 0.729004 0.025326 0.041992 0.047757
0 0.770996 0.025326 0.041992 0.047757
0 0.812500 0.026049 0.041016 0.049204
0 0.854004 0.026049 0.041992 0.049204
0 0.895996 0.026773 0.041992 0.050651
0 0.934570 0.028220 0.035156 0.047757
0 0.969727 0.028220 0.035156 0.050651
0 0.685547 0.074530 0.042969 0.047757
0 0.729004 0.073806 0.043945 0.049204
0 0.770996 0.075253 0.040039 0.052098
0 0.812500 0.075977 0.042969 0.050651
0 0.854492 0.076700 0.041016 0.052098
0 0.895996 0.077424 0.041992 0.050651
0 0.934082 0.077424 0.034180 0.050651
0 0.969238 0.078871 0.036133 0.047757
0 0.685059 0.162084 0.041992 0.124457
0 0.728027 0.162808 0.043945 0.123010
0 0.770020 0.163531 0.040039 0.124457
0 0.811035 0.164255 0.041992 0.123010
0 0.853027 0.164978 0.041992 0.124457
0 0.895508 0.165702 0.042969 0.123010
0 0.933594 0.165702 0.033203 0.123010
0 0.968262 0.166425 0.036133 0.121563
0 0.686035 0.249638 0.041992 0.050651
0 0.728516 0.251085 0.042969 0.047757
0 0.770020 0.251809 0.040039 0.049204
0 0.811523 0.251809 0.042969 0.049204
0 0.853516 0.251809 0.041016 0.049204
0 0.895020 0.252533 0.041992 0.047757
0 0.932617 0.252533 0.033203 0.047757
0 0.968750 0.253256 0.035156 0.054993
0 0.684570 0.337192 0.041016 0.124457
0 0.727051 0.337192 0.043945 0.124457
0 0.769531 0.337916 0.041016 0.125904
0 0.811523 0.339363 0.042969 0.123010
0 0.853027 0.339363 0.040039 0.123010
0 0.894531 0.339363 0.042969 0.123010
0 0.933105 0.338640 0.034180 0.121563
0 0.967773 0.340087 0.035156 0.118669
0 0.685059 0.458755 0.040039 0.115774
0 0.727051 0.458032 0.043945 0.117221
0 0.769043 0.455861 0.040039 0.112880
0 0.811035 0.456585 0.043945 0.111433
0 0.853027 0.455137 0.040039 0.108538
0 0.894531 0.453690 0.042969 0.111433
0 0.933105 0.439219 0.034180 0.082489
0 0.967773 0.439942 0.035156 0.081042
0 0.488281 0.460203 0.031250 0.118669
0 0.518066 0.462373 0.026367 0.117221
0 0.544922 0.461650 0.027344 0.118669
0 0.576172 0.461650 0.035156 0.118669
0 0.459473 0.460203 0.016602 0.121563
0 0.637695 0.337916 0.050781 0.117221
0 0.479004 0.322721 0.053711 0.092619
0 0.532227 0.322721 0.052734 0.092619
0 0.584961 0.321997 0.052734 0.091172
0 0.425293 0.335022 0.051758 0.123010
0 0.372070 0.337192 0.052734 0.124457
0 0.008301 0.332127 0.014648 0.123010
0 0.042969 0.332851 0.054688 0.121563
0 0.098633 0.334298 0.056641 0.124457
0 0.153809 0.334298 0.053711 0.124457
0 0.208496 0.334298 0.055664 0.124457
0 0.263672 0.335022 0.054688 0.123010
0 0.316895 0.336469 0.051758 0.125904
0 0.008301 0.458755 0.012695 0.121563
0 0.042480 0.456585 0.055664 0.125904
0 0.098633 0.453690 0.056641 0.120116
0 0.153809 0.456585 0.053711 0.114327
0 0.208496 0.456585 0.055664 0.114327
0 0.264160 0.456585 0.055664 0.114327
0 0.317871 0.455861 0.051758 0.112880
0 0.371582 0.454414 0.055664 0.115774
0 0.008789 0.243849 0.015625 0.050651
0 0.043945 0.240955 0.054688 0.056440
0 0.099121 0.240955 0.055664 0.056440
0 0.154785 0.243126 0.055664 0.052098
0 0.209961 0.243126 0.054688 0.052098
0 0.265137 0.243849 0.055664 0.050651
0 0.319336 0.246020 0.052734 0.054993
0 0.372559 0.248915 0.053711 0.049204
0 0.425781 0.248915 0.052734 0.049204
0 0.479004 0.246744 0.053711 0.053546
0 0.532227 0.247467 0.052734 0.054993
0 0.585449 0.249638 0.053711 0.050651
0 0.638672 0.251085 0.052734 0.053546
0 0.023438 0.148336 0.044922 0.128799
0 0.073242 0.149783 0.054688 0.125904
0 0.127930 0.149783 0.054688 0.125904
0 0.183105 0.151954 0.055664 0.121563
0 0.237305 0.151954 0.052734 0.121563
0 0.291992 0.153401 0.056641 0.118669
0 0.346191 0.157019 0.051758 0.125904
0 0.398926 0.157742 0.053711 0.124457
0 0.452637 0.157742 0.053711 0.124457
0 0.506348 0.157742 0.053711 0.124457
0 0.559082 0.160637 0.051758 0.130246
0 0.625000 0.161360 0.080078 0.128799
0 0.022949 0.058611 0.043945 0.056440
0 0.072266 0.059334 0.054688 0.054993
0 0.127441 0.060058 0.055664 0.056440
0 0.183105 0.061505 0.055664 0.053546
0 0.238281 0.060781 0.054688 0.052098
0 0.292480 0.060781 0.053711 0.052098
0 0.346191 0.062952 0.053711 0.056440
0 0.399414 0.065123 0.052734 0.052098
0 0.453125 0.066570 0.054688 0.054993
0 0.506836 0.067294 0.052734 0.053546
0 0.560547 0.066570 0.052734 0.054993
0 0.612793 0.067294 0.051758 0.053546
0 0.651367 0.068017 0.025391 0.054993
0 0.023926 0.017366 0.045898 0.031838
0 0.073242 0.016643 0.054688 0.030391
0 0.129395 0.018090 0.059570 0.033285
0 0.182617 0.018090 0.054688 0.033285
0 0.239258 0.018813 0.054688 0.034732
0 0.291992 0.018090 0.052734 0.033285
0 0.348145 0.020260 0.057617 0.037627
0 0.399902 0.020260 0.053711 0.034732
0 0.453125 0.020984 0.052734 0.033285
0 0.507324 0.023155 0.053711 0.028944
0 0.560547 0.024602 0.052734 0.031838
0 0.611328 0.025326 0.052734 0.033285
0 0.651367 0.026773 0.027344 0.036179
