0 0.929688 0.614802 0.031250 0.023549
0 0.960612 0.615643 0.030599 0.021867
0 0.986328 0.616064 0.020833 0.022708
0 0.929036 0.667788 0.031250 0.082422
0 0.960286 0.668629 0.031250 0.080740
0 0.986003 0.668629 0.020182 0.080740
0 0.928711 0.740959 0.030599 0.063919
0 0.959961 0.740118 0.031901 0.065601
0 0.985677 0.740118 0.019531 0.062237
0 0.152344 0.227923 0.119792 0.151388
0 0.269531 0.226241 0.114583 0.154752
0 0.384115 0.226661 0.114583 0.155593
0 0.497721 0.228343 0.112630 0.152229
0 0.610026 0.227923 0.111979 0.151388
0 0.721680 0.227923 0.111328 0.151388
0 0.833333 0.227923 0.111979 0.151388
0 0.152344 0.374685 0.118490 0.148865
0 0.270182 0.376367 0.117188 0.145500
0 0.384766 0.375105 0.111979 0.142977
0 0.497721 0.376367 0.113932 0.140454
0 0.610026 0.376367 0.110677 0.140454
0 0.720703 0.375105 0.110677 0.142977
0 0.833333 0.377208 0.114583 0.147183
0 0.154297 0.519344 0.108073 0.145500
0 0.268555 0.518923 0.120443 0.146341
0 0.384115 0.518082 0.110677 0.144659
0 0.496745 0.518082 0.114583 0.144659
0 0.608073 0.518082 0.108073 0.144659
0 0.721029 0.520606 0.117839 0.139613
0 0.834310 0.519344 0.108724 0.145500
0 0.156901 0.721615 0.111979 0.259041
0 0.270508 0.721615 0.115234 0.259041
0 0.382812 0.722035 0.109375 0.259882
0 0.495443 0.722456 0.115885 0.259041
0 0.609049 0.722456 0.111328 0.259041
0 0.724284 0.723717 0.113932 0.266611
0 0.836263 0.722456 0.110026 0.264087
2 0.050456 0.668629 0.098307 0.368377
