0 0.157227 0.294922 0.142578 0.226562
0 0.290039 0.292969 0.123047 0.230469
0 0.412109 0.297852 0.121094 0.240234
0 0.412109 0.535156 0.121094 0.234375
0 0.289062 0.527344 0.125000 0.250000
0 0.155273 0.524414 0.142578 0.244141
0 0.157227 0.773438 0.146484 0.253906
0 0.288086 0.775391 0.115234 0.250000
0 0.410156 0.782227 0.128906 0.263672
0 0.520508 0.268555 0.091797 0.099609
0 0.607422 0.275391 0.082031 0.085938
0 0.521484 0.365234 0.082031 0.097656
0 0.603516 0.366211 0.082031 0.095703
0 0.517578 0.465820 0.085938 0.107422
0 0.601562 0.467773 0.082031 0.103516
0 0.520508 0.577148 0.091797 0.115234
0 0.604492 0.579102 0.076172 0.111328
0 0.513672 0.695312 0.082031 0.117188
0 0.601562 0.692383 0.093750 0.123047
0 0.514648 0.827148 0.080078 0.158203
0 0.601562 0.827148 0.093750 0.158203
0 0.722656 0.293945 0.121094 0.236328
0 0.847656 0.294922 0.128906 0.234375
0 0.720703 0.526367 0.125000 0.240234
0 0.850586 0.529297 0.134766 0.234375
0 0.717773 0.774414 0.119141 0.259766
0 0.850586 0.775391 0.146484 0.257812
