0 0.018066 0.105216 0.034180 0.206835
0 0.082520 0.106115 0.079102 0.208633
0 0.134277 0.106115 0.022461 0.208633
0 0.166016 0.103417 0.021484 0.203237
0 0.219238 0.105216 0.079102 0.206835
0 0.310059 0.106115 0.084961 0.208633
0 0.365234 0.105216 0.023438 0.206835
0 0.399902 0.103417 0.022461 0.203237
0 0.456543 0.105216 0.084961 0.206835
0 0.551270 0.104317 0.084961 0.205036
0 0.637695 0.104317 0.083984 0.205036
0 0.692871 0.106115 0.026367 0.208633
0 0.730957 0.103417 0.026367 0.203237
0 0.789062 0.105216 0.083984 0.206835
0 0.843262 0.105216 0.024414 0.206835
0 0.874512 0.105216 0.024414 0.206835
0 0.926758 0.105216 0.080078 0.206835
0 0.985840 0.101619 0.024414 0.199640
0 0.016113 0.406475 0.030273 0.226619
0 0.081543 0.401978 0.077148 0.224820
0 0.133789 0.402878 0.025391 0.219424
0 0.165039 0.399281 0.025391 0.219424
0 0.218262 0.400180 0.081055 0.228417
0 0.308594 0.395683 0.087891 0.230216
0 0.364746 0.396583 0.024414 0.228417
0 0.398926 0.397482 0.026367 0.226619
0 0.457031 0.394784 0.085938 0.228417
0 0.552246 0.399281 0.086914 0.226619
0 0.639160 0.401079 0.083008 0.230216
0 0.695312 0.399281 0.025391 0.237410
0 0.731445 0.397482 0.031250 0.230216
0 0.791016 0.398381 0.082031 0.232014
0 0.846680 0.401079 0.027344 0.230216
0 0.874023 0.399281 0.023438 0.233813
0 0.928223 0.399281 0.083008 0.241007
0 0.984375 0.398381 0.029297 0.239209
0 0.015137 0.703237 0.028320 0.233813
0 0.075684 0.702338 0.083008 0.232014
0 0.130859 0.701439 0.027344 0.230216
0 0.159180 0.701439 0.029297 0.230216
0 0.217285 0.704137 0.086914 0.235612
0 0.306641 0.704137 0.091797 0.235612
0 0.456543 0.700540 0.088867 0.228417
0 0.551758 0.700540 0.091797 0.224820
0 0.015625 0.934353 0.029297 0.116906
0 0.075195 0.939748 0.083984 0.120504
0 0.129395 0.938849 0.024414 0.122302
0 0.194824 0.940647 0.081055 0.118705
0 0.250977 0.939748 0.027344 0.120504
0 0.310059 0.940647 0.086914 0.118705
0 0.366699 0.939748 0.026367 0.120504
0 0.364258 0.703237 0.023438 0.226619
0 0.398926 0.704137 0.022461 0.217626
0 0.400391 0.940647 0.027344 0.118705
0 0.458984 0.940647 0.087891 0.118705
0 0.550781 0.940647 0.089844 0.118705
0 0.642090 0.940647 0.084961 0.118705
0 0.699219 0.939748 0.029297 0.120504
0 0.729980 0.938849 0.028320 0.122302
0 0.785645 0.937950 0.083008 0.120504
0 0.840332 0.939748 0.024414 0.120504
0 0.869629 0.939748 0.024414 0.120504
0 0.922852 0.939748 0.082031 0.120504
0 0.984863 0.938849 0.028320 0.122302
