0 0.376953 0.311523 0.050781 0.166016
0 0.461914 0.277344 0.130859 0.203125
0 0.588867 0.329102 0.134766 0.380859
0 0.731445 0.380859 0.150391 0.578125
0 0.891602 0.346680 0.162109 0.595703
0 0.374023 0.468750 0.052734 0.179688
0 0.051758 0.661133 0.099609 0.388672
0 0.373047 0.631836 0.050781 0.173828
0 0.462891 0.442383 0.128906 0.189453
0 0.464844 0.613281 0.125000 0.191406
0 0.591797 0.584961 0.128906 0.197266
0 0.380859 0.799805 0.042969 0.177734
0 0.467773 0.785156 0.123047 0.199219
0 0.594727 0.770508 0.134766 0.212891
0 0.735352 0.751953 0.154297 0.214844
0 0.900391 0.727539 0.171875 0.216797
0 0.381836 0.944336 0.052734 0.111328
0 0.255859 0.958008 0.093750 0.083984
0 0.468750 0.937500 0.117188 0.125000
0 0.589844 0.925781 0.128906 0.128906
0 0.735352 0.924805 0.158203 0.150391
0 0.902344 0.916992 0.179688 0.166016
