0 0.250000 0.490469 0.058594 0.180352
0 0.309082 0.491935 0.059570 0.177419
0 0.392578 0.486804 0.058594 0.175953
0 0.451172 0.488270 0.058594 0.173021
0 0.422363 0.310117 0.122070 0.115836
0 0.564453 0.311584 0.121094 0.118768
0 0.533203 0.490469 0.054688 0.174487
0 0.593262 0.491202 0.053711 0.175953
0 0.675781 0.488270 0.054688 0.173021
0 0.731934 0.489003 0.049805 0.177419
0 0.281738 0.645894 0.120117 0.065982
0 0.423340 0.646628 0.118164 0.067449
0 0.551270 0.645161 0.092773 0.067449
0 0.839355 0.534457 0.030273 0.101173
0 0.811523 0.532991 0.007812 0.101173
