0 0.429688 0.076172 0.113281 0.148438
0 0.550781 0.104492 0.105469 0.205078
0 0.429688 0.208008 0.113281 0.248047
0 0.545898 0.264648 0.119141 0.228516
0 0.433594 0.425781 0.121094 0.273438
0 0.543945 0.464844 0.115234 0.250000
0 0.652344 0.499023 0.097656 0.240234
0 0.432617 0.622070 0.111328 0.173828
0 0.545898 0.643555 0.103516 0.166016
0 0.651367 0.661133 0.107422 0.146484
0 0.336914 0.096680 0.060547 0.166016
0 0.332031 0.265625 0.062500 0.308594
0 0.333984 0.466797 0.062500 0.265625
0 0.336914 0.659180 0.060547 0.232422
0 0.333008 0.862305 0.064453 0.259766
0 0.275391 0.882812 0.054688 0.218750
0 0.223633 0.913086 0.037109 0.166016
0 0.188477 0.925781 0.033203 0.144531
0 0.183594 0.804688 0.039062 0.144531
0 0.225586 0.766602 0.041016 0.169922
0 0.277344 0.718750 0.054688 0.203125
0 0.144531 0.756836 0.039062 0.134766
0 0.183594 0.704102 0.042969 0.134766
0 0.229492 0.635742 0.041016 0.169922
0 0.275391 0.557617 0.050781 0.216797
0 0.145508 0.670898 0.041016 0.123047
0 0.189453 0.601562 0.054688 0.187500
0 0.236328 0.510742 0.027344 0.154297
0 0.281250 0.356445 0.046875 0.298828
0 0.145508 0.587891 0.044922 0.167969
0 0.183594 0.512695 0.023438 0.142578
0 0.212891 0.454102 0.019531 0.123047
0 0.241211 0.394531 0.029297 0.140625
0 0.135742 0.504883 0.021484 0.107422
0 0.159180 0.456055 0.025391 0.158203
0 0.186523 0.396484 0.033203 0.152344
0 0.217773 0.331055 0.033203 0.158203
0 0.250000 0.272461 0.019531 0.130859
0 0.278320 0.207031 0.041016 0.152344
