0 0.222656 0.414714 0.039062 0.126302
0 0.296875 0.411458 0.039062 0.130208
0 0.445801 0.409505 0.038086 0.123698
0 0.520996 0.412109 0.038086 0.128906
0 0.671875 0.371094 0.037109 0.039062
0 0.731445 0.370443 0.082031 0.037760
0 0.791504 0.369792 0.036133 0.036458
0 0.671875 0.458333 0.039062 0.135417
0 0.711914 0.459635 0.041016 0.132812
0 0.750000 0.458333 0.035156 0.130208
0 0.789062 0.457682 0.042969 0.131510
0 0.202637 0.679688 0.047852 0.177083
0 0.249023 0.680339 0.044922 0.175781
0 0.292480 0.679036 0.041992 0.173177
