0 0.315918 0.243421 0.077148 0.083333
0 0.394531 0.237573 0.080078 0.071637
0 0.315430 0.369152 0.078125 0.185673
0 0.395508 0.361111 0.080078 0.187135
0 0.315918 0.489035 0.077148 0.077485
0 0.395020 0.486842 0.075195 0.073099
0 0.528809 0.223684 0.100586 0.084795
0 0.620117 0.213450 0.083984 0.084795
0 0.693359 0.204678 0.062500 0.084795
0 0.792480 0.192982 0.135742 0.099415
0 0.527344 0.349415 0.105469 0.190058
0 0.620117 0.336988 0.080078 0.188596
0 0.694824 0.335526 0.067383 0.185673
0 0.792969 0.326754 0.136719 0.200292
0 0.791016 0.448830 0.136719 0.073099
0 0.693848 0.456140 0.063477 0.070175
0 0.620605 0.461988 0.081055 0.073099
0 0.528320 0.472953 0.107422 0.083333
0 0.315918 0.653509 0.079102 0.081871
0 0.393555 0.646930 0.076172 0.080409
0 0.314941 0.780702 0.079102 0.172515
0 0.391113 0.774854 0.073242 0.184211
0 0.314941 0.906433 0.081055 0.076023
0 0.394043 0.899123 0.077148 0.064327
0 0.528320 0.637427 0.103516 0.087719
0 0.620117 0.629386 0.080078 0.077485
0 0.691895 0.623538 0.063477 0.083333
0 0.791504 0.616959 0.141602 0.090643
0 0.528809 0.764620 0.104492 0.184211
0 0.621094 0.758772 0.080078 0.184211
0 0.692383 0.748538 0.062500 0.181287
0 0.791504 0.745614 0.137695 0.184211
0 0.530762 0.888158 0.106445 0.083333
0 0.621094 0.880117 0.082031 0.078947
0 0.691895 0.872076 0.059570 0.074561
0 0.791504 0.871345 0.137695 0.078947
