0 0.326172 0.635742 0.121094 0.142578
0 0.437500 0.648438 0.109375 0.121094
0 0.537109 0.658203 0.097656 0.117188
0 0.624023 0.666992 0.087891 0.111328
0 0.623047 0.812500 0.085938 0.195312
0 0.536133 0.812500 0.099609 0.207031
0 0.438477 0.813477 0.115234 0.220703
0 0.326172 0.813477 0.121094 0.236328
0 0.325195 0.394531 0.126953 0.160156
0 0.322266 0.509766 0.125000 0.148438
0 0.438477 0.425781 0.103516 0.140625
0 0.536133 0.451172 0.091797 0.125000
0 0.622070 0.469727 0.083984 0.115234
0 0.437500 0.534180 0.109375 0.130859
0 0.535156 0.556641 0.093750 0.117188
0 0.622070 0.567383 0.083984 0.111328
