0 0.120117 0.210938 0.119141 0.230469
0 0.117188 0.465820 0.125000 0.279297
0 0.118164 0.673828 0.126953 0.136719
0 0.116211 0.848633 0.130859 0.212891
0 0.374023 0.209961 0.142578 0.232422
0 0.372070 0.465820 0.146484 0.279297
0 0.370117 0.680664 0.142578 0.150391
0 0.370117 0.856445 0.142578 0.201172
0 0.609375 0.211914 0.121094 0.236328
0 0.609375 0.466797 0.121094 0.273438
0 0.609375 0.675781 0.121094 0.144531
0 0.611328 0.855469 0.117188 0.214844
0 0.880859 0.212891 0.140625 0.246094
0 0.878906 0.470703 0.144531 0.269531
0 0.878906 0.676758 0.144531 0.142578
0 0.878906 0.849609 0.144531 0.203125
