0 0.120117 0.094727 0.044922 0.181641
0 0.185547 0.093750 0.085938 0.183594
0 0.271484 0.093750 0.085938 0.183594
0 0.363281 0.093750 0.093750 0.183594
0 0.462891 0.094727 0.105469 0.181641
0 0.547852 0.092773 0.064453 0.177734
0 0.627930 0.091797 0.095703 0.179688
0 0.713867 0.091797 0.076172 0.179688
0 0.782227 0.091797 0.060547 0.179688
0 0.851562 0.093750 0.078125 0.183594
0 0.931641 0.093750 0.082031 0.183594
0 0.118164 0.248047 0.044922 0.128906
0 0.184570 0.249023 0.087891 0.126953
0 0.272461 0.250977 0.087891 0.130859
0 0.364258 0.250977 0.095703 0.130859
0 0.461914 0.250977 0.099609 0.130859
0 0.543945 0.250000 0.064453 0.132812
0 0.624023 0.250000 0.095703 0.132812
0 0.709961 0.247070 0.076172 0.138672
0 0.781250 0.249023 0.066406 0.142578
0 0.852539 0.250000 0.076172 0.140625
0 0.932617 0.247070 0.083984 0.134766
0 0.115234 0.406250 0.046875 0.179688
0 0.183594 0.405273 0.089844 0.181641
0 0.271484 0.408203 0.085938 0.187500
0 0.362305 0.409180 0.095703 0.185547
0 0.462891 0.406250 0.105469 0.179688
0 0.547852 0.406250 0.064453 0.179688
0 0.626953 0.405273 0.093750 0.177734
0 0.711914 0.405273 0.076172 0.177734
0 0.781250 0.405273 0.062500 0.177734
0 0.852539 0.403320 0.080078 0.181641
0 0.929688 0.406250 0.074219 0.187500
0 0.119141 0.582031 0.054688 0.164062
0 0.186523 0.580078 0.083984 0.160156
0 0.272461 0.579102 0.091797 0.162109
0 0.362305 0.580078 0.095703 0.164062
0 0.462891 0.579102 0.105469 0.162109
0 0.547852 0.577148 0.064453 0.166016
0 0.627930 0.575195 0.095703 0.162109
0 0.711914 0.576172 0.072266 0.160156
0 0.783203 0.576172 0.070312 0.160156
0 0.855469 0.575195 0.074219 0.162109
0 0.930664 0.576172 0.076172 0.164062
0 0.118164 0.766602 0.052734 0.201172
0 0.185547 0.766602 0.082031 0.201172
0 0.269531 0.764648 0.085938 0.197266
0 0.359375 0.763672 0.093750 0.199219
0 0.462891 0.762695 0.113281 0.197266
0 0.548828 0.760742 0.058594 0.201172
0 0.624023 0.765625 0.099609 0.199219
0 0.712891 0.762695 0.078125 0.205078
0 0.783203 0.763672 0.062500 0.207031
0 0.851562 0.764648 0.074219 0.205078
0 0.927734 0.763672 0.078125 0.203125
0 0.928711 0.932617 0.076172 0.134766
0 0.852539 0.930664 0.080078 0.130859
0 0.780273 0.932617 0.064453 0.134766
0 0.711914 0.929688 0.076172 0.128906
0 0.620117 0.932617 0.107422 0.134766
0 0.537109 0.933594 0.054688 0.132812
0 0.459961 0.933594 0.103516 0.132812
0 0.362305 0.927734 0.095703 0.125000
0 0.271484 0.932617 0.085938 0.134766
0 0.189453 0.932617 0.078125 0.126953
0 0.125977 0.934570 0.048828 0.130859
