0 0.139142 0.158203 0.098830 0.277344
0 0.239272 0.157227 0.101430 0.279297
0 0.338101 0.161621 0.096229 0.282227
0 0.444083 0.160645 0.115735 0.284180
0 0.549415 0.160156 0.094928 0.283203
0 0.702861 0.160645 0.071521 0.291992
0 0.790637 0.162109 0.104031 0.289062
0 0.892068 0.161133 0.098830 0.287109
0 0.970741 0.166016 0.058518 0.277344
0 0.135891 0.436523 0.094928 0.269531
0 0.236021 0.434082 0.105332 0.274414
0 0.338101 0.435547 0.098830 0.277344
0 0.443433 0.437500 0.111834 0.273438
0 0.550065 0.437988 0.101430 0.274414
0 0.701560 0.439941 0.079324 0.272461
0 0.791287 0.440918 0.100130 0.270508
0 0.889467 0.439453 0.096229 0.267578
0 0.966840 0.439453 0.058518 0.267578
0 0.135241 0.711426 0.093628 0.276367
0 0.236021 0.710938 0.107932 0.277344
0 0.336801 0.710938 0.093628 0.277344
0 0.439532 0.714355 0.111834 0.272461
0 0.546814 0.714844 0.097529 0.273438
0 0.698960 0.712402 0.076723 0.272461
0 0.788687 0.712402 0.102731 0.272461
0 0.889467 0.711426 0.098830 0.270508
0 0.967490 0.709961 0.057217 0.273438
0 0.133290 0.922852 0.094928 0.154297
0 0.234070 0.922852 0.098830 0.152344
0 0.334850 0.924316 0.100130 0.151367
0 0.437581 0.925781 0.107932 0.148438
0 0.545514 0.924316 0.107932 0.151367
0 0.695059 0.923828 0.079324 0.152344
0 0.787386 0.923340 0.100130 0.153320
0 0.888817 0.923828 0.097529 0.152344
0 0.969441 0.921875 0.058518 0.152344
