0 0.267578 0.100586 0.066406 0.095703
0 0.332031 0.101562 0.062500 0.093750
0 0.396484 0.099609 0.066406 0.089844
0 0.462891 0.102539 0.066406 0.083984
0 0.529297 0.103516 0.066406 0.085938
0 0.594727 0.102539 0.064453 0.087891
0 0.658203 0.103516 0.062500 0.089844
0 0.721680 0.104492 0.064453 0.087891
0 0.259766 0.030273 0.062500 0.048828
0 0.323242 0.029297 0.064453 0.050781
0 0.390625 0.028320 0.070312 0.048828
0 0.456055 0.030273 0.060547 0.044922
0 0.518555 0.033203 0.064453 0.050781
0 0.584961 0.036133 0.068359 0.044922
0 0.651367 0.037109 0.064453 0.046875
0 0.717773 0.037109 0.068359 0.046875
0 0.265625 0.218750 0.066406 0.136719
0 0.333008 0.220703 0.068359 0.132812
0 0.399414 0.219727 0.064453 0.130859
0 0.464844 0.220703 0.066406 0.128906
0 0.531250 0.222656 0.066406 0.132812
0 0.594727 0.224609 0.060547 0.128906
0 0.660156 0.225586 0.070312 0.130859
0 0.724609 0.224609 0.058594 0.132812
0 0.266602 0.364258 0.068359 0.134766
0 0.332031 0.368164 0.062500 0.126953
0 0.395508 0.367188 0.064453 0.125000
0 0.459961 0.365234 0.064453 0.128906
0 0.524414 0.366211 0.064453 0.130859
0 0.590820 0.368164 0.068359 0.126953
0 0.658203 0.369141 0.066406 0.128906
0 0.721680 0.370117 0.060547 0.126953
0 0.266602 0.508789 0.068359 0.138672
0 0.332031 0.508789 0.062500 0.138672
0 0.396484 0.509766 0.066406 0.140625
0 0.461914 0.510742 0.064453 0.138672
0 0.526367 0.508789 0.064453 0.134766
0 0.590820 0.510742 0.064453 0.130859
0 0.657227 0.510742 0.068359 0.130859
0 0.723633 0.510742 0.064453 0.130859
0 0.267578 0.630859 0.066406 0.082031
0 0.332031 0.632812 0.062500 0.082031
0 0.395508 0.630859 0.064453 0.078125
0 0.458008 0.632812 0.060547 0.074219
0 0.522461 0.632812 0.068359 0.074219
0 0.588867 0.632812 0.064453 0.074219
0 0.655273 0.632812 0.068359 0.074219
0 0.718750 0.629883 0.058594 0.080078
0 0.785156 0.632812 0.074219 0.085938
0 0.270508 0.743164 0.072266 0.130859
0 0.334961 0.743164 0.056641 0.130859
0 0.395508 0.744141 0.064453 0.132812
0 0.458008 0.744141 0.060547 0.132812
0 0.521484 0.743164 0.066406 0.130859
0 0.586914 0.743164 0.064453 0.130859
0 0.652344 0.747070 0.066406 0.138672
0 0.718750 0.749023 0.066406 0.134766
0 0.788086 0.746094 0.072266 0.128906
0 0.268555 0.886719 0.072266 0.144531
0 0.334961 0.886719 0.056641 0.144531
0 0.393555 0.885742 0.060547 0.142578
0 0.457031 0.885742 0.066406 0.142578
0 0.524414 0.886719 0.068359 0.144531
0 0.588867 0.885742 0.060547 0.146484
0 0.654297 0.884766 0.070312 0.144531
0 0.719727 0.888672 0.060547 0.136719
0 0.790039 0.890625 0.080078 0.140625
0 0.790039 0.980469 0.072266 0.035156
0 0.720703 0.977539 0.066406 0.041016
0 0.654297 0.978516 0.066406 0.042969
0 0.588867 0.980469 0.064453 0.039062
0 0.523438 0.978516 0.066406 0.035156
0 0.457031 0.976562 0.066406 0.039062
0 0.393555 0.977539 0.060547 0.041016
0 0.333984 0.979492 0.058594 0.037109
0 0.267578 0.977539 0.074219 0.033203
