0 0.153320 0.256836 0.048828 0.123047
0 0.200195 0.252930 0.044922 0.134766
0 0.243164 0.206055 0.033203 0.044922
0 0.241211 0.250977 0.037109 0.044922
0 0.241211 0.297852 0.037109 0.048828
0 0.290039 0.254883 0.052734 0.150391
0 0.338867 0.278320 0.048828 0.173828
0 0.287109 0.344727 0.054688 0.048828
0 0.240234 0.338867 0.042969 0.044922
0 0.202148 0.337891 0.048828 0.050781
0 0.153320 0.334961 0.052734 0.048828
0 0.150391 0.383789 0.046875 0.048828
0 0.198242 0.383789 0.048828 0.048828
0 0.240234 0.381836 0.035156 0.044922
0 0.286133 0.384766 0.056641 0.039062
0 0.338867 0.386719 0.048828 0.042969
0 0.336914 0.429688 0.052734 0.042969
0 0.282227 0.427734 0.056641 0.046875
0 0.234375 0.423828 0.039062 0.039062
0 0.197266 0.434570 0.031250 0.052734
0 0.152344 0.429688 0.054688 0.042969
0 0.154297 0.517578 0.058594 0.132812
0 0.200195 0.518555 0.033203 0.130859
0 0.234375 0.461914 0.035156 0.044922
0 0.236328 0.509766 0.031250 0.050781
0 0.237305 0.558594 0.033203 0.046875
0 0.235352 0.606445 0.037109 0.048828
0 0.199219 0.606445 0.035156 0.048828
0 0.155273 0.607422 0.052734 0.050781
0 0.151367 0.657227 0.044922 0.048828
0 0.189453 0.656250 0.031250 0.050781
0 0.229492 0.655273 0.048828 0.048828
0 0.285156 0.658203 0.054688 0.054688
0 0.337891 0.658203 0.050781 0.054688
0 0.286133 0.701172 0.056641 0.046875
0 0.286133 0.771484 0.056641 0.093750
0 0.285156 0.854492 0.054688 0.072266
0 0.338867 0.858398 0.052734 0.064453
0 0.340820 0.775391 0.048828 0.101562
0 0.339844 0.702148 0.046875 0.044922
0 0.387695 0.704102 0.048828 0.048828
0 0.386719 0.811523 0.050781 0.166016
0 0.429688 0.810547 0.042969 0.164062
0 0.477539 0.810547 0.052734 0.164062
0 0.432617 0.706055 0.041016 0.048828
0 0.475586 0.706055 0.044922 0.048828
0 0.285156 0.490234 0.054688 0.101562
0 0.338867 0.495117 0.052734 0.091797
0 0.284180 0.556641 0.056641 0.046875
0 0.338867 0.557617 0.052734 0.044922
0 0.286133 0.605469 0.056641 0.050781
0 0.338867 0.605469 0.048828 0.050781
0 0.386719 0.657227 0.046875 0.052734
0 0.431641 0.660156 0.042969 0.046875
0 0.475586 0.661133 0.044922 0.048828
0 0.384766 0.604492 0.035156 0.052734
0 0.426758 0.608398 0.048828 0.060547
0 0.475586 0.612305 0.048828 0.052734
0 0.476562 0.565430 0.046875 0.041016
0 0.428711 0.563477 0.048828 0.037109
0 0.384766 0.563477 0.039062 0.037109
0 0.383789 0.497070 0.037109 0.095703
0 0.427734 0.497070 0.050781 0.095703
0 0.475586 0.520508 0.044922 0.048828
0 0.476562 0.473633 0.042969 0.044922
0 0.382812 0.427734 0.039062 0.042969
0 0.427734 0.429688 0.050781 0.039062
0 0.476562 0.428711 0.046875 0.037109
0 0.478516 0.389648 0.042969 0.044922
0 0.430664 0.386719 0.052734 0.039062
0 0.384766 0.387695 0.039062 0.037109
0 0.383789 0.268555 0.037109 0.201172
0 0.429688 0.180664 0.054688 0.044922
0 0.429688 0.221680 0.050781 0.037109
0 0.430664 0.282227 0.052734 0.083984
0 0.430664 0.345703 0.052734 0.042969
0 0.478516 0.346680 0.042969 0.041016
0 0.476562 0.288086 0.046875 0.087891
0 0.476562 0.223633 0.046875 0.041016
0 0.477539 0.178711 0.044922 0.048828
0 0.583984 0.771484 0.046875 0.089844
0 0.583984 0.860352 0.046875 0.087891
0 0.591797 0.702148 0.046875 0.052734
0 0.590820 0.653320 0.048828 0.044922
0 0.541016 0.654297 0.050781 0.046875
0 0.540039 0.704102 0.048828 0.052734
0 0.542969 0.516602 0.046875 0.130859
0 0.593750 0.536133 0.046875 0.103516
0 0.592773 0.447266 0.048828 0.070312
0 0.544922 0.432617 0.050781 0.041016
0 0.543945 0.393555 0.052734 0.041016
0 0.595703 0.392578 0.050781 0.039062
0 0.593750 0.359375 0.050781 0.042969
0 0.541992 0.353516 0.056641 0.042969
0 0.543945 0.291016 0.052734 0.089844
0 0.594727 0.269531 0.048828 0.046875
0 0.594727 0.316406 0.048828 0.046875
0 0.546875 0.230469 0.054688 0.031250
0 0.544922 0.176758 0.058594 0.076172
0 0.597656 0.190430 0.050781 0.111328
0 0.661133 0.186523 0.048828 0.126953
0 0.709961 0.169922 0.048828 0.105469
0 0.756836 0.165039 0.044922 0.107422
0 0.801758 0.162109 0.048828 0.113281
0 0.848633 0.159180 0.044922 0.130859
0 0.901367 0.142578 0.056641 0.101562
0 0.944336 0.195312 0.044922 0.226562
0 0.983398 0.135742 0.033203 0.115234
0 0.983398 0.209961 0.033203 0.037109
0 0.983398 0.248047 0.033203 0.035156
0 0.984375 0.287109 0.031250 0.042969
0 0.899414 0.208984 0.052734 0.042969
0 0.897461 0.244141 0.052734 0.039062
0 0.895508 0.327148 0.048828 0.126953
0 0.942383 0.366211 0.044922 0.123047
0 0.982422 0.406250 0.035156 0.042969
0 0.983398 0.347656 0.029297 0.078125
0 0.893555 0.405273 0.048828 0.037109
0 0.849609 0.260742 0.039062 0.083984
0 0.849609 0.322266 0.039062 0.039062
0 0.851562 0.363281 0.042969 0.042969
0 0.708008 0.241211 0.048828 0.037109
0 0.754883 0.238281 0.044922 0.042969
0 0.802734 0.236328 0.050781 0.039062
0 0.802734 0.298828 0.050781 0.085938
0 0.754883 0.299805 0.044922 0.083984
0 0.707031 0.298828 0.050781 0.082031
0 0.659180 0.293945 0.044922 0.091797
0 0.660156 0.358398 0.046875 0.048828
0 0.708984 0.360352 0.050781 0.044922
0 0.757812 0.362305 0.046875 0.041016
0 0.806641 0.362305 0.050781 0.041016
0 0.660156 0.398438 0.046875 0.031250
0 0.708008 0.397461 0.048828 0.033203
0 0.754883 0.400391 0.044922 0.039062
0 0.802734 0.403320 0.050781 0.033203
0 0.849609 0.405273 0.042969 0.037109
0 0.658203 0.435547 0.046875 0.042969
0 0.659180 0.522461 0.044922 0.130859
0 0.706055 0.500000 0.052734 0.175781
0 0.755859 0.504883 0.046875 0.166016
0 0.802734 0.441406 0.046875 0.039062
0 0.849609 0.442383 0.046875 0.037109
0 0.801758 0.481445 0.048828 0.041016
0 0.800781 0.545898 0.050781 0.087891
0 0.846680 0.479492 0.044922 0.048828
0 0.844727 0.544922 0.048828 0.082031
0 0.894531 0.465820 0.050781 0.083984
0 0.894531 0.551758 0.050781 0.087891
0 0.940430 0.507812 0.044922 0.171875
0 0.980469 0.551758 0.035156 0.083984
0 0.981445 0.464844 0.033203 0.089844
0 0.658203 0.610352 0.046875 0.048828
0 0.707031 0.610352 0.050781 0.048828
0 0.751953 0.611328 0.039062 0.050781
0 0.820312 0.612305 0.097656 0.048828
0 0.894531 0.612305 0.050781 0.048828
0 0.940430 0.614258 0.041016 0.044922
0 0.980469 0.614258 0.039062 0.044922
0 0.978516 0.661133 0.039062 0.044922
0 0.938477 0.659180 0.041016 0.048828
0 0.891602 0.656250 0.052734 0.042969
0 0.843750 0.659180 0.042969 0.044922
0 0.798828 0.658203 0.046875 0.042969
0 0.751953 0.656250 0.046875 0.046875
0 0.706055 0.656250 0.044922 0.046875
0 0.658203 0.655273 0.050781 0.048828
0 0.659180 0.707031 0.044922 0.058594
0 0.705078 0.708008 0.046875 0.056641
0 0.749023 0.706055 0.041016 0.052734
0 0.794922 0.705078 0.050781 0.054688
0 0.841797 0.704102 0.042969 0.052734
0 0.888672 0.718750 0.050781 0.082031
0 0.938477 0.720703 0.048828 0.078125
0 0.980469 0.718750 0.035156 0.074219
0 0.978516 0.789062 0.039062 0.066406
0 0.976562 0.858398 0.035156 0.072266
0 0.940430 0.862305 0.044922 0.083984
0 0.892578 0.864258 0.050781 0.080078
0 0.938477 0.790039 0.044922 0.068359
0 0.890625 0.788086 0.050781 0.064453
0 0.796875 0.771484 0.050781 0.082031
0 0.797852 0.858398 0.052734 0.091797
0 0.747070 0.774414 0.041016 0.080078
0 0.704102 0.776367 0.044922 0.076172
0 0.658203 0.774414 0.042969 0.083984
0 0.658203 0.859375 0.042969 0.085938
0 0.704102 0.857422 0.048828 0.089844
0 0.750977 0.855469 0.044922 0.085938
