0 0.375000 0.075195 0.035156 0.033203
0 0.410156 0.075195 0.035156 0.033203
0 0.447266 0.074219 0.039062 0.031250
0 0.445312 0.111328 0.042969 0.042969
0 0.407227 0.113281 0.033203 0.039062
0 0.373047 0.111328 0.035156 0.035156
0 0.372070 0.149414 0.033203 0.041016
0 0.413086 0.149414 0.048828 0.041016
0 0.452148 0.148438 0.025391 0.039062
0 0.444336 0.186523 0.041016 0.037109
0 0.408203 0.186523 0.031250 0.037109
0 0.374023 0.187500 0.037109 0.039062
0 0.374023 0.224609 0.037109 0.035156
0 0.409180 0.223633 0.033203 0.037109
0 0.445312 0.223633 0.039062 0.037109
0 0.446289 0.260742 0.037109 0.037109
0 0.411133 0.260742 0.033203 0.037109
0 0.375000 0.261719 0.039062 0.039062
0 0.374023 0.298828 0.037109 0.035156
0 0.412109 0.297852 0.035156 0.037109
0 0.448242 0.298828 0.037109 0.039062
0 0.447266 0.336914 0.039062 0.037109
0 0.412109 0.335938 0.031250 0.039062
0 0.376953 0.333984 0.039062 0.035156
0 0.375977 0.372070 0.037109 0.041016
0 0.411133 0.373047 0.033203 0.039062
0 0.447266 0.373047 0.039062 0.039062
0 0.446289 0.411133 0.041016 0.037109
0 0.410156 0.411133 0.031250 0.037109
0 0.376953 0.410156 0.035156 0.035156
0 0.376953 0.449219 0.035156 0.042969
0 0.411133 0.450195 0.033203 0.041016
0 0.446289 0.447266 0.037109 0.035156
0 0.447266 0.483398 0.035156 0.037109
0 0.413086 0.485352 0.033203 0.033203
0 0.376953 0.485352 0.039062 0.033203
0 0.375000 0.521484 0.035156 0.039062
0 0.410156 0.520508 0.035156 0.041016
0 0.447266 0.519531 0.039062 0.039062
0 0.448242 0.558594 0.037109 0.039062
0 0.411133 0.559570 0.037109 0.037109
0 0.375000 0.557617 0.035156 0.033203
0 0.375000 0.595703 0.035156 0.042969
0 0.409180 0.597656 0.033203 0.039062
0 0.446289 0.596680 0.041016 0.037109
0 0.447266 0.633789 0.039062 0.037109
0 0.411133 0.633789 0.033203 0.037109
0 0.375977 0.631836 0.037109 0.033203
0 0.375000 0.668945 0.035156 0.041016
0 0.410156 0.668945 0.035156 0.041016
0 0.446289 0.667969 0.037109 0.039062
0 0.446289 0.707031 0.037109 0.039062
0 0.412109 0.707031 0.031250 0.039062
0 0.375977 0.707031 0.041016 0.039062
0 0.375977 0.746094 0.041016 0.039062
0 0.413086 0.746094 0.033203 0.039062
0 0.446289 0.745117 0.037109 0.037109
0 0.445312 0.782227 0.039062 0.037109
0 0.412109 0.781250 0.027344 0.039062
0 0.377930 0.780273 0.041016 0.037109
0 0.376953 0.819336 0.039062 0.041016
0 0.411133 0.819336 0.029297 0.041016
0 0.447266 0.817383 0.042969 0.037109
0 0.448242 0.852539 0.041016 0.033203
0 0.412109 0.852539 0.031250 0.033203
0 0.377930 0.854492 0.037109 0.037109
0 0.377930 0.888672 0.037109 0.031250
0 0.412109 0.887695 0.031250 0.033203
0 0.449219 0.887695 0.042969 0.033203
0 0.451172 0.921875 0.039062 0.035156
0 0.414062 0.921875 0.035156 0.035156
0 0.377930 0.922852 0.037109 0.037109
0 0.378906 0.957031 0.039062 0.031250
0 0.415039 0.956055 0.033203 0.033203
0 0.450195 0.955078 0.037109 0.031250
0 0.599609 0.074219 0.035156 0.031250
0 0.634766 0.075195 0.035156 0.029297
0 0.670898 0.077148 0.037109 0.033203
0 0.670898 0.110352 0.037109 0.033203
0 0.634766 0.109375 0.035156 0.035156
0 0.598633 0.109375 0.037109 0.035156
0 0.598633 0.148438 0.037109 0.042969
0 0.634766 0.149414 0.035156 0.041016
0 0.670898 0.150391 0.037109 0.042969
0 0.670898 0.189453 0.037109 0.035156
0 0.634766 0.187500 0.035156 0.039062
0 0.599609 0.187500 0.035156 0.039062
0 0.600586 0.225586 0.037109 0.037109
0 0.635742 0.225586 0.033203 0.037109
0 0.670898 0.225586 0.037109 0.037109
0 0.670898 0.262695 0.037109 0.037109
0 0.635742 0.263672 0.033203 0.035156
0 0.600586 0.263672 0.037109 0.035156
0 0.601562 0.299805 0.039062 0.037109
0 0.636719 0.299805 0.031250 0.037109
0 0.670898 0.299805 0.037109 0.037109
0 0.669922 0.336914 0.039062 0.037109
0 0.635742 0.337891 0.029297 0.035156
0 0.601562 0.338867 0.039062 0.037109
0 0.601562 0.375977 0.039062 0.037109
0 0.635742 0.375000 0.029297 0.039062
0 0.669922 0.374023 0.039062 0.037109
0 0.669922 0.410156 0.039062 0.035156
0 0.635742 0.411133 0.029297 0.033203
0 0.601562 0.412109 0.039062 0.035156
0 0.600586 0.447266 0.037109 0.035156
0 0.634766 0.446289 0.031250 0.037109
0 0.669922 0.447266 0.039062 0.039062
0 0.669922 0.484375 0.039062 0.035156
0 0.635742 0.483398 0.029297 0.037109
0 0.601562 0.483398 0.039062 0.037109
0 0.600586 0.521484 0.037109 0.039062
0 0.635742 0.521484 0.033203 0.039062
0 0.671875 0.520508 0.039062 0.037109
0 0.670898 0.557617 0.041016 0.037109
0 0.634766 0.558594 0.031250 0.035156
0 0.600586 0.558594 0.037109 0.035156
0 0.600586 0.594727 0.037109 0.037109
0 0.635742 0.594727 0.033203 0.037109
0 0.670898 0.595703 0.037109 0.035156
0 0.670898 0.631836 0.037109 0.037109
0 0.635742 0.631836 0.033203 0.037109
0 0.601562 0.631836 0.035156 0.037109
0 0.602539 0.669922 0.037109 0.039062
0 0.636719 0.668945 0.031250 0.041016
0 0.670898 0.668945 0.037109 0.041016
0 0.669922 0.708008 0.039062 0.037109
0 0.636719 0.707031 0.027344 0.039062
0 0.603516 0.707031 0.039062 0.039062
0 0.602539 0.743164 0.037109 0.033203
0 0.635742 0.743164 0.029297 0.033203
0 0.669922 0.743164 0.039062 0.033203
0 0.671875 0.780273 0.035156 0.041016
0 0.637695 0.780273 0.033203 0.041016
0 0.601562 0.780273 0.039062 0.041016
0 0.670898 0.816406 0.033203 0.035156
0 0.669922 0.851562 0.035156 0.035156
0 0.637695 0.852539 0.029297 0.033203
0 0.602539 0.854492 0.037109 0.037109
0 0.604492 0.888672 0.041016 0.031250
0 0.638672 0.885742 0.027344 0.037109
0 0.670898 0.885742 0.037109 0.037109
0 0.670898 0.921875 0.037109 0.035156
0 0.637695 0.921875 0.029297 0.035156
0 0.603516 0.921875 0.039062 0.035156
0 0.603516 0.954102 0.039062 0.029297
0 0.638672 0.954102 0.031250 0.029297
0 0.672852 0.953125 0.037109 0.027344
0 0.602539 0.820312 0.041016 0.039062
0 0.638672 0.820312 0.031250 0.039062
