0 0.140625 0.149414 0.085938 0.228516
0 0.253906 0.142578 0.128906 0.148438
0 0.313477 0.154297 0.259766 0.234375
0 0.313477 0.369141 0.259766 0.195312
0 0.140625 0.366211 0.085938 0.201172
0 0.138672 0.537109 0.085938 0.148438
0 0.312500 0.538086 0.261719 0.146484
0 0.141602 0.715820 0.087891 0.212891
0 0.316406 0.714844 0.261719 0.214844
0 0.155273 0.908203 0.083984 0.183594
0 0.515625 0.034180 0.136719 0.064453
0 0.649414 0.038086 0.134766 0.072266
0 0.784180 0.039062 0.134766 0.074219
0 0.518555 0.166992 0.138672 0.201172
0 0.652344 0.166016 0.128906 0.203125
0 0.787109 0.183594 0.132812 0.167969
0 0.520508 0.368164 0.150391 0.205078
0 0.669922 0.371094 0.148438 0.199219
0 0.519531 0.541992 0.144531 0.138672
0 0.670898 0.539062 0.158203 0.144531
0 0.809570 0.542969 0.119141 0.152344
0 0.517578 0.714844 0.140625 0.210938
0 0.668945 0.717773 0.162109 0.205078
0 0.805664 0.718750 0.111328 0.207031
0 0.916016 0.721680 0.109375 0.201172
0 0.521484 0.912109 0.148438 0.175781
0 0.672852 0.910156 0.158203 0.175781
0 0.806641 0.913086 0.109375 0.173828
0 0.916992 0.911133 0.103516 0.177734
0 0.319336 0.911133 0.248047 0.177734
