0 0.427734 0.296296 0.069010 0.076923
0 0.498698 0.291311 0.075521 0.078348
0 0.572917 0.287037 0.075521 0.078348
0 0.425781 0.368234 0.070312 0.075499
0 0.497396 0.363960 0.075521 0.078348
0 0.571615 0.359687 0.075521 0.081197
0 0.423177 0.433048 0.072917 0.059829
0 0.496094 0.429487 0.075521 0.058405
0 0.570964 0.426638 0.074219 0.061254
0 0.417969 0.574074 0.075521 0.082621
0 0.492839 0.574786 0.074219 0.084046
0 0.569010 0.576211 0.078125 0.081197
0 0.417318 0.638177 0.074219 0.045584
0 0.492839 0.638177 0.076823 0.048433
0 0.569010 0.641738 0.078125 0.052707
0 0.968099 0.247863 0.061198 0.096866
0 0.969401 0.339031 0.058594 0.094017
0 0.971354 0.431624 0.057292 0.096866
0 0.970052 0.527778 0.057292 0.092593
0 0.970703 0.621795 0.058594 0.098291
0 0.970052 0.723647 0.057292 0.105413
