0 0.951172 0.451172 0.093750 0.898438
0 0.875977 0.449219 0.060547 0.894531
0 0.806641 0.076172 0.074219 0.148438
0 0.803711 0.495117 0.068359 0.794922
0 0.736328 0.519531 0.054688 0.726562
0 0.744141 0.099609 0.062500 0.195312
0 0.684570 0.133789 0.056641 0.248047
0 0.680664 0.548828 0.056641 0.664062
0 0.630859 0.572266 0.046875 0.609375
0 0.588867 0.585938 0.041016 0.578125
0 0.558594 0.601562 0.027344 0.542969
0 0.524414 0.617188 0.037109 0.511719
0 0.497070 0.632812 0.033203 0.488281
0 0.474609 0.644531 0.023438 0.464844
0 0.448242 0.647461 0.037109 0.439453
0 0.421875 0.663086 0.019531 0.408203
0 0.401367 0.671875 0.025391 0.390625
0 0.381836 0.680664 0.021484 0.369141
0 0.360352 0.689453 0.021484 0.351562
0 0.342773 0.697266 0.017578 0.335938
0 0.331055 0.699219 0.013672 0.324219
0 0.631836 0.177734 0.048828 0.218750
0 0.631836 0.050781 0.041016 0.097656
0 0.589844 0.219727 0.039062 0.220703
0 0.551758 0.265625 0.029297 0.191406
0 0.518555 0.292969 0.033203 0.187500
0 0.490234 0.322266 0.027344 0.179688
0 0.462891 0.348633 0.027344 0.169922
0 0.441406 0.376953 0.023438 0.164062
0 0.415039 0.397461 0.021484 0.158203
0 0.395508 0.422852 0.017578 0.138672
0 0.375000 0.397461 0.015625 0.220703
0 0.357422 0.416016 0.019531 0.210938
0 0.337891 0.438477 0.019531 0.208984
0 0.319336 0.478516 0.013672 0.152344
0 0.302734 0.498047 0.023438 0.152344
0 0.269531 0.530273 0.035156 0.162109
0 0.277344 0.448242 0.023438 0.072266
0 0.299805 0.414062 0.025391 0.066406
0 0.322266 0.390625 0.011719 0.058594
0 0.338867 0.315430 0.017578 0.076172
0 0.356445 0.294922 0.013672 0.074219
0 0.375977 0.271484 0.013672 0.070312
0 0.392578 0.245117 0.015625 0.064453
0 0.414062 0.219727 0.023438 0.068359
0 0.395508 0.314453 0.021484 0.109375
0 0.416992 0.285156 0.017578 0.113281
0 0.439453 0.259766 0.023438 0.117188
0 0.463867 0.226562 0.021484 0.121094
0 0.487305 0.197266 0.025391 0.132812
0 0.517578 0.161133 0.027344 0.130859
0 0.550781 0.121094 0.035156 0.144531
0 0.588867 0.076172 0.037109 0.148438
0 0.075195 0.562500 0.037109 0.062500
0 0.118164 0.538086 0.041016 0.080078
0 0.155273 0.540039 0.033203 0.083984
0 0.184570 0.543945 0.021484 0.076172
0 0.075195 0.603516 0.041016 0.054688
0 0.117188 0.599609 0.042969 0.050781
0 0.156250 0.601562 0.031250 0.054688
0 0.185547 0.607422 0.027344 0.058594
0 0.076172 0.652344 0.039062 0.054688
0 0.117188 0.650391 0.042969 0.050781
0 0.156250 0.649414 0.031250 0.052734
0 0.186523 0.653320 0.029297 0.052734
0 0.079102 0.695312 0.033203 0.050781
0 0.117188 0.694336 0.042969 0.048828
0 0.154297 0.697266 0.031250 0.042969
0 0.185547 0.697266 0.031250 0.042969
0 0.080078 0.740234 0.035156 0.046875
0 0.118164 0.738281 0.041016 0.042969
0 0.154297 0.738281 0.031250 0.042969
0 0.186523 0.738281 0.033203 0.042969
0 0.080078 0.779297 0.031250 0.046875
0 0.115234 0.776367 0.039062 0.041016
0 0.152344 0.778320 0.035156 0.037109
0 0.185547 0.779297 0.031250 0.039062
0 0.215820 0.702148 0.021484 0.041016
0 0.215820 0.743164 0.021484 0.041016
0 0.215820 0.782227 0.021484 0.037109
