1 0.012207 0.464851 0.022461 0.135325
1 0.070801 0.465729 0.040039 0.144112
1 0.144043 0.462214 0.043945 0.137083
1 0.239258 0.453427 0.050781 0.189807
1 0.275391 0.452548 0.031250 0.152900
1 0.301270 0.457821 0.022461 0.135325
1 0.342285 0.450791 0.053711 0.184534
1 0.387207 0.461336 0.032227 0.131810
1 0.446777 0.449912 0.049805 0.186292
1 0.551758 0.449912 0.050781 0.179262
1 0.656250 0.450791 0.054688 0.184534
1 0.613281 0.461336 0.033203 0.131810
1 0.720703 0.453427 0.031250 0.151142
1 0.755859 0.450791 0.048828 0.184534
1 0.854004 0.466608 0.040039 0.131810
1 0.928223 0.464851 0.047852 0.128295
1 0.989258 0.461336 0.021484 0.121265
1 0.790527 0.463972 0.026367 0.140598
