0 0.573242 0.020528 0.007812 0.038123
0 0.588867 0.019795 0.019531 0.036657
0 0.609375 0.019795 0.019531 0.036657
0 0.630371 0.009531 0.020508 0.016129
0 0.651855 0.008798 0.020508 0.014663
0 0.631348 0.026393 0.022461 0.017595
0 0.653320 0.025660 0.021484 0.019062
0 0.673340 0.019062 0.020508 0.035191
0 0.694336 0.019795 0.021484 0.036657
0 0.715820 0.019795 0.021484 0.036657
0 0.736816 0.020528 0.020508 0.038123
0 0.757812 0.009531 0.019531 0.016129
0 0.779297 0.008798 0.021484 0.014663
0 0.760742 0.025660 0.023438 0.016129
0 0.781250 0.024927 0.023438 0.014663
0 0.801270 0.019795 0.020508 0.036657
0 0.822754 0.019795 0.020508 0.036657
0 0.843262 0.019795 0.020508 0.036657
0 0.864746 0.019795 0.020508 0.036657
0 0.885742 0.008798 0.019531 0.014663
0 0.906738 0.009531 0.020508 0.016129
0 0.887695 0.024927 0.023438 0.017595
0 0.908691 0.024927 0.024414 0.017595
0 0.928711 0.019795 0.019531 0.036657
0 0.949707 0.019795 0.020508 0.036657
0 0.970215 0.019795 0.020508 0.036657
0 0.990723 0.019062 0.018555 0.035191
0 0.574219 0.051320 0.007812 0.026393
0 0.588379 0.051320 0.020508 0.026393
0 0.609375 0.051320 0.021484 0.026393
0 0.630859 0.051320 0.021484 0.026393
0 0.652344 0.050587 0.021484 0.027859
0 0.673340 0.049853 0.020508 0.026393
0 0.694824 0.050587 0.022461 0.024927
0 0.716797 0.051320 0.021484 0.026393
0 0.737793 0.051320 0.020508 0.026393
0 0.758789 0.052053 0.021484 0.027859
0 0.779785 0.052786 0.020508 0.026393
0 0.801270 0.052053 0.022461 0.024927
0 0.822754 0.050587 0.020508 0.027859
0 0.843750 0.051320 0.021484 0.029326
0 0.865234 0.052053 0.021484 0.027859
0 0.886230 0.050587 0.020508 0.024927
0 0.906738 0.051320 0.020508 0.023460
0 0.928223 0.051320 0.020508 0.023460
0 0.949707 0.050587 0.022461 0.024927
0 0.971191 0.050587 0.020508 0.024927
0 0.990723 0.050587 0.018555 0.024927
0 0.573730 0.079179 0.008789 0.026393
0 0.588379 0.079179 0.020508 0.026393
0 0.609375 0.078446 0.021484 0.024927
0 0.630859 0.078446 0.021484 0.024927
0 0.651855 0.078446 0.020508 0.024927
0 0.672852 0.078446 0.021484 0.024927
0 0.694824 0.079179 0.022461 0.026393
0 0.716309 0.078446 0.020508 0.027859
0 0.737305 0.077713 0.021484 0.026393
0 0.758301 0.077713 0.020508 0.026393
0 0.779297 0.078446 0.021484 0.027859
0 0.801270 0.079179 0.022461 0.026393
0 0.822754 0.079179 0.020508 0.026393
0 0.842773 0.079179 0.019531 0.026393
0 0.864258 0.079179 0.023438 0.026393
0 0.886230 0.078446 0.020508 0.027859
0 0.907227 0.078446 0.021484 0.027859
0 0.927734 0.078446 0.019531 0.027859
0 0.948730 0.078446 0.022461 0.027859
0 0.971191 0.078446 0.022461 0.027859
0 0.990723 0.078446 0.016602 0.027859
0 0.007324 0.219941 0.012695 0.046921
0 0.025879 0.217742 0.024414 0.051320
0 0.050781 0.217009 0.025391 0.049853
0 0.076172 0.217742 0.025391 0.048387
0 0.101562 0.217742 0.025391 0.048387
0 0.126953 0.218475 0.025391 0.046921
0 0.152344 0.219208 0.025391 0.048387
0 0.176758 0.218475 0.023438 0.049853
0 0.202148 0.218475 0.027344 0.049853
0 0.228027 0.219208 0.024414 0.048387
0 0.252930 0.219941 0.025391 0.049853
0 0.277832 0.219208 0.024414 0.051320
0 0.302734 0.217742 0.025391 0.048387
0 0.329102 0.217009 0.025391 0.049853
0 0.354492 0.218475 0.025391 0.052786
0 0.379395 0.218475 0.024414 0.052786
0 0.403809 0.217742 0.024414 0.051320
0 0.429199 0.217742 0.026367 0.051320
0 0.455078 0.217742 0.025391 0.051320
0 0.455078 0.258798 0.025391 0.030792
0 0.429199 0.258798 0.026367 0.030792
0 0.403320 0.259531 0.025391 0.032258
0 0.379395 0.260264 0.022461 0.030792
0 0.354980 0.259531 0.026367 0.029326
0 0.329102 0.258065 0.025391 0.032258
0 0.303711 0.258065 0.025391 0.032258
0 0.278809 0.259531 0.024414 0.029326
0 0.253906 0.259531 0.025391 0.029326
0 0.228516 0.258798 0.025391 0.030792
0 0.203125 0.259531 0.025391 0.032258
0 0.177734 0.259531 0.025391 0.032258
0 0.152344 0.258798 0.025391 0.030792
0 0.126953 0.258065 0.025391 0.032258
0 0.102051 0.258065 0.024414 0.032258
0 0.077148 0.258798 0.025391 0.030792
0 0.051758 0.258065 0.025391 0.029326
0 0.026855 0.258798 0.024414 0.027859
0 0.007812 0.259531 0.013672 0.029326
0 0.006348 0.290323 0.010742 0.032258
0 0.025391 0.289589 0.027344 0.033724
0 0.051758 0.289589 0.025391 0.033724
0 0.077148 0.291056 0.025391 0.030792
0 0.102051 0.291056 0.024414 0.030792
0 0.127441 0.290323 0.026367 0.032258
0 0.152344 0.289589 0.023438 0.030792
0 0.176758 0.290323 0.025391 0.029326
0 0.201660 0.291789 0.024414 0.032258
0 0.227051 0.291789 0.026367 0.032258
0 0.252930 0.290323 0.025391 0.029326
0 0.278320 0.290323 0.025391 0.029326
0 0.303711 0.290323 0.025391 0.029326
0 0.329102 0.288856 0.025391 0.032258
0 0.354492 0.289589 0.025391 0.033724
0 0.379395 0.290323 0.024414 0.032258
0 0.403809 0.288856 0.024414 0.029326
0 0.428711 0.289589 0.025391 0.027859
0 0.454590 0.290323 0.026367 0.029326
0 0.455078 0.321114 0.025391 0.032258
0 0.429199 0.321114 0.026367 0.032258
0 0.403809 0.321114 0.024414 0.032258
0 0.379883 0.321848 0.023438 0.030792
0 0.354980 0.321848 0.026367 0.030792
0 0.329102 0.321114 0.025391 0.032258
0 0.303223 0.322581 0.026367 0.035191
0 0.278320 0.322581 0.023438 0.035191
0 0.253906 0.321848 0.025391 0.033724
0 0.228516 0.323314 0.025391 0.030792
0 0.203125 0.323314 0.025391 0.030792
0 0.177246 0.321848 0.026367 0.033724
0 0.152344 0.321114 0.023438 0.032258
0 0.127441 0.321848 0.026367 0.030792
0 0.102051 0.322581 0.024414 0.032258
0 0.076660 0.323314 0.026367 0.030792
0 0.051758 0.324047 0.023438 0.032258
0 0.026367 0.323314 0.027344 0.033724
0 0.006836 0.324047 0.011719 0.035191
0 0.006836 0.356305 0.011719 0.029326
0 0.026855 0.355572 0.028320 0.030792
0 0.051758 0.354106 0.021484 0.027859
0 0.076172 0.353372 0.027344 0.029326
0 0.101562 0.353372 0.023438 0.029326
0 0.126953 0.354839 0.027344 0.026393
0 0.202148 0.354106 0.025391 0.030792
0 0.228027 0.354106 0.026367 0.030792
0 0.253906 0.353372 0.025391 0.029326
0 0.278809 0.354839 0.024414 0.026393
0 0.354492 0.352639 0.025391 0.033724
0 0.379395 0.353372 0.024414 0.032258
0 0.404297 0.352639 0.025391 0.030792
0 0.430176 0.352639 0.026367 0.030792
0 0.455566 0.351906 0.024414 0.029326
0 0.479980 0.217009 0.024414 0.049853
0 0.504395 0.216276 0.024414 0.051320
0 0.529297 0.216276 0.025391 0.051320
0 0.554688 0.216276 0.025391 0.051320
0 0.577637 0.215543 0.020508 0.049853
0 0.602539 0.216276 0.029297 0.048387
0 0.629883 0.217009 0.025391 0.049853
0 0.655273 0.217742 0.025391 0.048387
0 0.680664 0.217742 0.025391 0.048387
0 0.705566 0.217009 0.024414 0.049853
0 0.730469 0.217009 0.025391 0.049853
0 0.755859 0.217009 0.025391 0.049853
0 0.781250 0.217009 0.025391 0.049853
0 0.806152 0.216276 0.024414 0.051320
0 0.831543 0.215543 0.026367 0.049853
0 0.856445 0.216276 0.023438 0.048387
0 0.881348 0.217009 0.026367 0.049853
0 0.906738 0.217009 0.024414 0.049853
0 0.479980 0.258065 0.024414 0.032258
0 0.504395 0.258065 0.024414 0.032258
0 0.529297 0.258065 0.025391 0.032258
0 0.555176 0.257331 0.026367 0.033724
0 0.577637 0.257331 0.018555 0.033724
0 0.602051 0.257331 0.030273 0.033724
0 0.629883 0.256598 0.025391 0.032258
0 0.655762 0.256598 0.026367 0.032258
0 0.681152 0.257331 0.024414 0.033724
0 0.705566 0.258065 0.024414 0.032258
0 0.730469 0.257331 0.025391 0.030792
0 0.755371 0.257331 0.024414 0.030792
0 0.780762 0.258065 0.026367 0.032258
0 0.807129 0.258065 0.026367 0.032258
0 0.832520 0.257331 0.024414 0.030792
0 0.856934 0.256598 0.024414 0.032258
0 0.881836 0.256598 0.025391 0.032258
0 0.906738 0.257331 0.024414 0.030792
0 0.479492 0.290323 0.025391 0.032258
0 0.504883 0.290323 0.025391 0.032258
0 0.529785 0.289589 0.024414 0.030792
0 0.554688 0.289589 0.025391 0.030792
0 0.577637 0.289589 0.020508 0.030792
0 0.602539 0.288856 0.029297 0.032258
0 0.629883 0.288856 0.025391 0.032258
0 0.655762 0.288856 0.026367 0.032258
0 0.681152 0.288856 0.024414 0.032258
0 0.706055 0.288856 0.025391 0.032258
0 0.730957 0.289589 0.024414 0.033724
0 0.755859 0.289589 0.025391 0.033724
0 0.781250 0.288123 0.025391 0.030792
0 0.807617 0.287390 0.027344 0.032258
0 0.833008 0.288123 0.023438 0.033724
0 0.857422 0.288856 0.025391 0.032258
0 0.882324 0.288856 0.024414 0.032258
0 0.906738 0.289589 0.024414 0.030792
0 0.480469 0.322581 0.025391 0.032258
0 0.505371 0.322581 0.024414 0.032258
0 0.529297 0.321848 0.023438 0.030792
0 0.554199 0.321114 0.026367 0.032258
0 0.577637 0.320381 0.020508 0.030792
0 0.602539 0.320381 0.029297 0.030792
0 0.629883 0.321114 0.025391 0.032258
0 0.655762 0.321114 0.026367 0.032258
0 0.680664 0.321114 0.023438 0.032258
0 0.705566 0.321114 0.026367 0.032258
0 0.730957 0.321848 0.024414 0.033724
0 0.756348 0.321848 0.026367 0.033724
0 0.781738 0.322581 0.024414 0.035191
0 0.806152 0.322581 0.024414 0.035191
0 0.831543 0.323314 0.026367 0.036657
0 0.856934 0.324047 0.024414 0.035191
0 0.881836 0.324047 0.025391 0.035191
0 0.907227 0.322581 0.025391 0.038123
0 0.479980 0.354839 0.024414 0.032258
0 0.504395 0.354839 0.024414 0.032258
0 0.529297 0.355572 0.025391 0.033724
0 0.554688 0.354106 0.025391 0.036657
0 0.577637 0.352639 0.020508 0.033724
0 0.602539 0.353372 0.029297 0.032258
0 0.629395 0.354106 0.024414 0.033724
0 0.655762 0.353372 0.028320 0.035191
0 0.681641 0.352639 0.023438 0.033724
0 0.706055 0.353372 0.025391 0.032258
0 0.730957 0.352639 0.024414 0.030792
0 0.756836 0.353372 0.027344 0.029326
0 0.782227 0.354106 0.023438 0.030792
0 0.806152 0.354106 0.024414 0.030792
0 0.831543 0.354106 0.026367 0.030792
0 0.856934 0.355572 0.024414 0.027859
0 0.932129 0.217742 0.024414 0.048387
0 0.956543 0.217742 0.024414 0.048387
0 0.981445 0.216276 0.025391 0.051320
0 0.932129 0.257331 0.024414 0.030792
0 0.932129 0.288123 0.024414 0.030792
0 0.932617 0.318915 0.025391 0.030792
