0 0.062500 0.282227 0.121094 0.208984
0 0.198242 0.339844 0.154297 0.214844
0 0.355469 0.404297 0.152344 0.195312
0 0.516602 0.626953 0.173828 0.503906
0 0.060547 0.495117 0.117188 0.318359
0 0.198242 0.536133 0.154297 0.302734
0 0.357422 0.586914 0.164062 0.279297
0 0.355469 0.772461 0.156250 0.166016
0 0.196289 0.735352 0.162109 0.173828
0 0.059570 0.702148 0.115234 0.169922
0 0.060547 0.882812 0.117188 0.234375
0 0.194336 0.893555 0.154297 0.212891
0 0.358398 0.907227 0.162109 0.185547
0 0.518555 0.928711 0.166016 0.142578
