0 0.606445 0.247070 0.115234 0.326172
0 0.504883 0.291016 0.095703 0.308594
0 0.416992 0.332031 0.087891 0.296875
0 0.337891 0.365234 0.078125 0.277344
0 0.264648 0.393555 0.068359 0.267578
0 0.203125 0.420898 0.058594 0.263672
0 0.141602 0.446289 0.056641 0.255859
0 0.908203 0.409180 0.179688 0.771484
0 0.604492 0.666992 0.103516 0.478516
0 0.501953 0.697266 0.097656 0.468750
0 0.414062 0.720703 0.082031 0.445312
0 0.333984 0.745117 0.082031 0.435547
0 0.261719 0.764648 0.074219 0.416016
0 0.169922 0.788086 0.121094 0.412109
