0 0.172363 0.508053 0.041992 0.049780
0 0.212891 0.505857 0.035156 0.057101
0 0.251465 0.501464 0.040039 0.062958
0 0.285645 0.499268 0.036133 0.067350
0 0.323730 0.497804 0.038086 0.076135
0 0.360352 0.494876 0.035156 0.076135
0 0.395020 0.494143 0.032227 0.083455
0 0.424316 0.494143 0.022461 0.083455
0 0.448242 0.491947 0.025391 0.084919
0 0.469727 0.491215 0.017578 0.089312
0 0.172363 0.573939 0.041992 0.081991
0 0.211914 0.575403 0.037109 0.079063
0 0.249023 0.575403 0.037109 0.079063
0 0.286133 0.574671 0.037109 0.080527
0 0.323242 0.573206 0.037109 0.077599
0 0.359863 0.573939 0.036133 0.076135
0 0.394043 0.575403 0.032227 0.079063
0 0.422363 0.575403 0.024414 0.079063
0 0.447266 0.575403 0.025391 0.079063
0 0.472168 0.574671 0.024414 0.080527
0 0.172363 0.653001 0.041992 0.076135
0 0.212402 0.653001 0.038086 0.076135
0 0.249023 0.653001 0.035156 0.076135
0 0.285645 0.653001 0.038086 0.076135
0 0.323242 0.653001 0.037109 0.076135
0 0.360352 0.653001 0.037109 0.076135
0 0.395020 0.653001 0.032227 0.076135
0 0.422363 0.653734 0.022461 0.074671
0 0.446777 0.653734 0.026367 0.074671
0 0.474609 0.653001 0.029297 0.076135
0 0.532715 0.492679 0.018555 0.089312
0 0.554688 0.491947 0.025391 0.087848
0 0.579590 0.492679 0.024414 0.086384
0 0.607422 0.495608 0.033203 0.080527
0 0.642578 0.497804 0.037109 0.076135
0 0.680664 0.498536 0.039062 0.071742
0 0.718750 0.502196 0.039062 0.067350
0 0.756348 0.504392 0.038086 0.062958
0 0.793457 0.505857 0.036133 0.060029
0 0.834473 0.507321 0.043945 0.054173
0 0.528320 0.573939 0.027344 0.076135
0 0.554199 0.575403 0.026367 0.079063
0 0.579590 0.576135 0.026367 0.080527
0 0.608398 0.575403 0.031250 0.079063
0 0.642578 0.573939 0.037109 0.081991
0 0.679199 0.572474 0.036133 0.079063
0 0.717285 0.572474 0.040039 0.079063
0 0.753906 0.573206 0.033203 0.080527
0 0.792480 0.574671 0.043945 0.077599
0 0.835938 0.573939 0.042969 0.076135
0 0.836426 0.652269 0.041992 0.080527
0 0.794922 0.653001 0.041016 0.079063
0 0.525391 0.655198 0.033203 0.080527
0 0.542969 0.617130 0.001953 0.004392
0 0.553711 0.655198 0.023438 0.074671
0 0.579102 0.654466 0.027344 0.076135
