0 0.289551 0.311127 0.083008 0.218155
0 0.371094 0.308931 0.080078 0.213763
0 0.453613 0.307467 0.084961 0.216691
0 0.539551 0.306735 0.086914 0.215227
0 0.623535 0.307467 0.081055 0.213763
0 0.706543 0.306735 0.084961 0.212299
0 0.284668 0.576867 0.084961 0.322108
0 0.368652 0.575403 0.083008 0.319180
0 0.455078 0.478038 0.083984 0.127379
0 0.539062 0.477306 0.083984 0.125915
0 0.629883 0.574671 0.091797 0.323572
0 0.713867 0.572474 0.089844 0.319180
0 0.437012 0.643485 0.028320 0.168375
0 0.477539 0.644217 0.025391 0.169839
0 0.520508 0.641288 0.027344 0.169839
0 0.562012 0.642753 0.028320 0.166911
4 0.457520 0.644217 0.084961 0.190337
4 0.541992 0.643485 0.083984 0.191801
