0 0.244141 0.120117 0.296875 0.130859
0 0.442383 0.121094 0.099609 0.128906
0 0.541992 0.118164 0.099609 0.123047
0 0.699219 0.116211 0.214844 0.126953
0 0.848633 0.119141 0.103516 0.140625
0 0.543945 0.027344 0.103516 0.050781
0 0.700195 0.026367 0.208984 0.048828
0 0.851562 0.026367 0.093750 0.048828
0 0.246094 0.317383 0.285156 0.142578
0 0.438477 0.322266 0.099609 0.132812
0 0.538086 0.327148 0.099609 0.142578
0 0.691406 0.325195 0.207031 0.146484
0 0.846680 0.325195 0.103516 0.146484
0 0.243164 0.495117 0.291016 0.173828
0 0.439453 0.496094 0.101562 0.171875
0 0.543945 0.496094 0.107422 0.171875
0 0.697266 0.497070 0.199219 0.169922
0 0.843750 0.496094 0.093750 0.167969
0 0.241211 0.742188 0.291016 0.160156
0 0.433594 0.745117 0.093750 0.154297
0 0.533203 0.741211 0.105469 0.146484
0 0.693359 0.740234 0.214844 0.148438
0 0.849609 0.741211 0.097656 0.150391
0 0.243164 0.912109 0.291016 0.164062
0 0.436523 0.915039 0.095703 0.158203
0 0.536133 0.910156 0.103516 0.148438
0 0.694336 0.914062 0.212891 0.140625
0 0.848633 0.917969 0.095703 0.148438
