0 0.029297 0.113281 0.054688 0.179688
0 0.107422 0.113281 0.101562 0.179688
0 0.203125 0.111328 0.089844 0.175781
0 0.299805 0.110352 0.103516 0.177734
0 0.395508 0.113281 0.087891 0.183594
0 0.486328 0.112305 0.093750 0.185547
0 0.582031 0.107422 0.097656 0.175781
0 0.687500 0.108398 0.113281 0.173828
0 0.028320 0.296875 0.052734 0.183594
0 0.106445 0.295898 0.103516 0.185547
0 0.204102 0.295898 0.091797 0.185547
0 0.300781 0.294922 0.101562 0.187500
0 0.395508 0.291992 0.087891 0.181641
0 0.486328 0.290039 0.093750 0.185547
0 0.581055 0.291992 0.095703 0.189453
0 0.685547 0.288086 0.113281 0.197266
0 0.030273 0.405273 0.052734 0.041016
0 0.106445 0.405273 0.099609 0.041016
0 0.203125 0.402344 0.093750 0.035156
0 0.300781 0.403320 0.101562 0.033203
0 0.395508 0.403320 0.087891 0.033203
0 0.485352 0.402344 0.091797 0.035156
0 0.580078 0.401367 0.097656 0.033203
0 0.685547 0.401367 0.113281 0.033203
0 0.026367 0.432617 0.048828 0.033203
0 0.103516 0.434570 0.105469 0.029297
0 0.204102 0.434570 0.095703 0.029297
0 0.301758 0.432617 0.099609 0.033203
0 0.395508 0.432617 0.087891 0.033203
0 0.485352 0.434570 0.091797 0.029297
0 0.581055 0.434570 0.099609 0.029297
0 0.686523 0.433594 0.111328 0.031250
0 0.027344 0.539062 0.050781 0.179688
0 0.103516 0.539062 0.101562 0.179688
0 0.202148 0.539062 0.095703 0.179688
0 0.300781 0.538086 0.101562 0.181641
0 0.394531 0.538086 0.085938 0.181641
0 0.484375 0.539062 0.093750 0.179688
0 0.580078 0.540039 0.097656 0.181641
0 0.687500 0.540039 0.117188 0.181641
0 0.028320 0.644531 0.052734 0.035156
0 0.105469 0.646484 0.101562 0.031250
0 0.203125 0.644531 0.093750 0.027344
0 0.301758 0.643555 0.103516 0.029297
0 0.395508 0.645508 0.083984 0.033203
0 0.484375 0.645508 0.093750 0.033203
0 0.581055 0.645508 0.099609 0.033203
0 0.688477 0.644531 0.115234 0.035156
0 0.027344 0.674805 0.046875 0.033203
0 0.103516 0.675781 0.105469 0.031250
0 0.201172 0.675781 0.089844 0.031250
0 0.299805 0.675781 0.107422 0.031250
0 0.395508 0.675781 0.083984 0.031250
0 0.484375 0.676758 0.093750 0.029297
0 0.579102 0.677734 0.095703 0.031250
0 0.685547 0.677734 0.117188 0.031250
0 0.028320 0.786133 0.052734 0.189453
0 0.108398 0.789062 0.103516 0.191406
0 0.205078 0.711914 0.089844 0.037109
0 0.201172 0.805664 0.097656 0.150391
0 0.300781 0.790039 0.109375 0.193359
0 0.396484 0.787109 0.082031 0.187500
0 0.484375 0.787109 0.093750 0.187500
0 0.581055 0.786133 0.099609 0.185547
0 0.685547 0.786133 0.109375 0.185547
0 0.030273 0.909180 0.056641 0.048828
0 0.108398 0.907227 0.099609 0.052734
0 0.205078 0.907227 0.093750 0.052734
0 0.300781 0.908203 0.097656 0.050781
0 0.392578 0.908203 0.085938 0.050781
0 0.483398 0.907227 0.095703 0.052734
0 0.585938 0.908203 0.109375 0.054688
0 0.689453 0.909180 0.097656 0.052734
