0 0.161133 0.259766 0.060547 0.195312
0 0.266602 0.260742 0.134766 0.189453
0 0.418945 0.262695 0.130859 0.181641
0 0.568359 0.261719 0.132812 0.187500
0 0.726562 0.263672 0.140625 0.187500
0 0.840820 0.258789 0.056641 0.197266
0 0.156250 0.523438 0.058594 0.167969
0 0.269531 0.524414 0.136719 0.169922
0 0.418945 0.521484 0.130859 0.164062
0 0.569336 0.522461 0.134766 0.166016
0 0.721680 0.522461 0.142578 0.162109
0 0.837891 0.520508 0.054688 0.166016
0 0.158203 0.771484 0.054688 0.109375
0 0.155273 0.844727 0.060547 0.037109
0 0.268555 0.768555 0.126953 0.095703
0 0.268555 0.839844 0.130859 0.039062
0 0.421875 0.772461 0.128906 0.099609
0 0.418945 0.842773 0.134766 0.041016
0 0.569336 0.770508 0.134766 0.099609
0 0.569336 0.841797 0.134766 0.042969
0 0.719727 0.772461 0.134766 0.099609
0 0.719727 0.841797 0.134766 0.039062
0 0.838867 0.774414 0.056641 0.099609
0 0.837891 0.841797 0.058594 0.035156
