0 0.345215 0.325037 0.055664 0.199122
0 0.398926 0.324305 0.051758 0.200586
0 0.453613 0.295022 0.057617 0.142020
0 0.511230 0.296486 0.057617 0.142020
0 0.565918 0.296486 0.051758 0.142020
0 0.622559 0.323572 0.053711 0.196193
0 0.676758 0.323572 0.054688 0.196193
0 0.343750 0.464861 0.054688 0.080527
0 0.397949 0.464129 0.053711 0.081991
0 0.345215 0.545388 0.053711 0.077599
0 0.398438 0.545388 0.052734 0.077599
0 0.621582 0.461201 0.051758 0.081991
0 0.675781 0.463397 0.056641 0.077599
0 0.622070 0.543192 0.052734 0.084919
0 0.675781 0.544656 0.054688 0.081991
0 0.445312 0.484627 0.021484 0.213763
0 0.578125 0.483895 0.025391 0.218155
0 0.483887 0.486091 0.043945 0.202050
0 0.537598 0.486823 0.041992 0.197657
4 0.510254 0.486823 0.112305 0.221083
0 0.344238 0.035139 0.055664 0.067350
0 0.399902 0.035871 0.055664 0.068814
0 0.455078 0.035871 0.052734 0.068814
0 0.509277 0.035139 0.055664 0.067350
0 0.564941 0.035871 0.053711 0.068814
0 0.623047 0.035139 0.048828 0.067350
0 0.676270 0.035139 0.055664 0.067350
