0 0.372559 0.393322 0.032227 0.105863
0 0.402832 0.393322 0.028320 0.105863
0 0.431641 0.394137 0.029297 0.107492
0 0.558105 0.394951 0.038086 0.115635
0 0.594727 0.394137 0.037109 0.114007
0 0.632324 0.394137 0.038086 0.114007
0 0.669922 0.392508 0.037109 0.117264
0 0.557129 0.581433 0.036133 0.130293
0 0.594727 0.581433 0.039062 0.130293
0 0.631348 0.581433 0.034180 0.130293
0 0.669434 0.558632 0.038086 0.087948
0 0.353027 0.568404 0.036133 0.107492
0 0.389160 0.568404 0.036133 0.107492
0 0.424805 0.570033 0.035156 0.114007
0 0.357422 0.424267 0.208984 0.050489
