0 0.019531 0.017578 0.027344 0.031250
0 0.058594 0.017578 0.050781 0.031250
0 0.094727 0.016602 0.021484 0.029297
0 0.140625 0.016602 0.070312 0.029297
0 0.183594 0.016602 0.015625 0.029297
0 0.223633 0.017578 0.064453 0.027344
0 0.262695 0.016602 0.013672 0.025391
0 0.278320 0.015625 0.017578 0.027344
0 0.324219 0.017578 0.074219 0.031250
0 0.369141 0.017578 0.015625 0.031250
0 0.407227 0.017578 0.060547 0.031250
0 0.444336 0.017578 0.013672 0.031250
0 0.464844 0.018555 0.027344 0.033203
0 0.523438 0.018555 0.089844 0.033203
0 0.615234 0.016602 0.093750 0.029297
0 0.693359 0.017578 0.062500 0.027344
0 0.736328 0.019531 0.023438 0.031250
0 0.737305 0.082031 0.021484 0.093750
0 0.693359 0.081055 0.066406 0.095703
0 0.652344 0.079102 0.015625 0.091797
0 0.605469 0.080078 0.078125 0.089844
0 0.558594 0.081055 0.015625 0.091797
0 0.514648 0.080078 0.072266 0.093750
0 0.465820 0.080078 0.025391 0.093750
0 0.444336 0.081055 0.017578 0.091797
0 0.407227 0.080078 0.056641 0.089844
0 0.370117 0.079102 0.017578 0.091797
0 0.326172 0.081055 0.070312 0.095703
0 0.280273 0.080078 0.021484 0.097656
0 0.262695 0.079102 0.013672 0.095703
0 0.224609 0.079102 0.062500 0.095703
0 0.184570 0.078125 0.017578 0.093750
0 0.138672 0.078125 0.074219 0.093750
0 0.092773 0.079102 0.017578 0.095703
0 0.058594 0.079102 0.050781 0.095703
0 0.018555 0.080078 0.029297 0.097656
0 0.018555 0.159180 0.029297 0.060547
0 0.058594 0.157227 0.050781 0.064453
0 0.093750 0.157227 0.019531 0.064453
0 0.139648 0.159180 0.072266 0.060547
0 0.183594 0.160156 0.015625 0.062500
0 0.224609 0.160156 0.066406 0.062500
0 0.263672 0.162109 0.011719 0.062500
0 0.280273 0.161133 0.021484 0.064453
0 0.325195 0.160156 0.068359 0.062500
0 0.370117 0.161133 0.021484 0.060547
0 0.408203 0.162109 0.054688 0.062500
0 0.444336 0.161133 0.017578 0.064453
0 0.465820 0.164062 0.025391 0.062500
0 0.514648 0.164062 0.072266 0.062500
0 0.560547 0.164062 0.019531 0.062500
0 0.605469 0.162109 0.070312 0.066406
0 0.649414 0.162109 0.017578 0.066406
0 0.690430 0.163086 0.064453 0.064453
0 0.733398 0.163086 0.021484 0.064453
0 0.046875 0.227539 0.074219 0.029297
0 0.127930 0.227539 0.087891 0.029297
0 0.180664 0.228516 0.017578 0.031250
0 0.206055 0.230469 0.033203 0.027344
0 0.246094 0.229492 0.046875 0.025391
0 0.278320 0.229492 0.017578 0.025391
0 0.333984 0.229492 0.093750 0.025391
0 0.409180 0.231445 0.056641 0.021484
0 0.447266 0.232422 0.019531 0.023438
0 0.464844 0.231445 0.015625 0.025391
0 0.519531 0.231445 0.093750 0.025391
0 0.612305 0.234375 0.091797 0.019531
0 0.666016 0.235352 0.015625 0.021484
0 0.697266 0.234375 0.046875 0.023438
0 0.731445 0.235352 0.021484 0.025391
0 0.731445 0.268555 0.021484 0.041016
0 0.689453 0.267578 0.062500 0.042969
0 0.649414 0.267578 0.017578 0.042969
0 0.604492 0.267578 0.072266 0.042969
0 0.523438 0.266602 0.089844 0.041016
0 0.467773 0.265625 0.021484 0.042969
0 0.446289 0.265625 0.021484 0.042969
0 0.408203 0.266602 0.054688 0.041016
0 0.370117 0.267578 0.021484 0.042969
0 0.323242 0.267578 0.072266 0.042969
0 0.276367 0.268555 0.021484 0.044922
0 0.228516 0.267578 0.074219 0.046875
0 0.182617 0.266602 0.017578 0.044922
0 0.137695 0.267578 0.072266 0.042969
0 0.090820 0.265625 0.021484 0.039062
0 0.055664 0.263672 0.048828 0.042969
0 0.018555 0.263672 0.025391 0.042969
0 0.016602 0.320312 0.021484 0.070312
0 0.054688 0.322266 0.054688 0.066406
0 0.092773 0.323242 0.021484 0.068359
0 0.116211 0.325195 0.025391 0.064453
0 0.151367 0.328125 0.044922 0.070312
0 0.182617 0.326172 0.017578 0.074219
0 0.207031 0.326172 0.031250 0.074219
0 0.246094 0.327148 0.046875 0.072266
0 0.279297 0.326172 0.019531 0.070312
0 0.324219 0.325195 0.070312 0.072266
0 0.369141 0.325195 0.019531 0.072266
0 0.407227 0.325195 0.056641 0.072266
0 0.445312 0.326172 0.019531 0.074219
0 0.464844 0.326172 0.019531 0.074219
0 0.511719 0.326172 0.074219 0.074219
0 0.558594 0.326172 0.019531 0.074219
0 0.604492 0.326172 0.072266 0.074219
0 0.650391 0.326172 0.019531 0.074219
0 0.690430 0.325195 0.060547 0.072266
0 0.731445 0.326172 0.021484 0.070312
0 0.019531 0.407227 0.019531 0.052734
0 0.055664 0.409180 0.052734 0.048828
0 0.091797 0.408203 0.019531 0.046875
0 0.134766 0.408203 0.066406 0.046875
0 0.180664 0.409180 0.021484 0.048828
0 0.207031 0.409180 0.031250 0.048828
0 0.245117 0.408203 0.044922 0.046875
0 0.275391 0.408203 0.015625 0.046875
0 0.333008 0.406250 0.099609 0.042969
0 0.428711 0.409180 0.091797 0.037109
0 0.566406 0.412109 0.183594 0.042969
0 0.701172 0.415039 0.085938 0.037109
0 0.014648 0.457031 0.025391 0.042969
0 0.043945 0.458008 0.033203 0.041016
0 0.070312 0.455078 0.019531 0.035156
0 0.089844 0.453125 0.019531 0.039062
0 0.134766 0.455078 0.066406 0.042969
0 0.178711 0.455078 0.021484 0.042969
0 0.228516 0.452148 0.078125 0.037109
0 0.276367 0.450195 0.017578 0.041016
0 0.322266 0.449219 0.074219 0.039062
0 0.416016 0.449219 0.113281 0.039062
0 0.565430 0.453125 0.185547 0.046875
0 0.692383 0.448242 0.068359 0.056641
0 0.738281 0.449219 0.023438 0.058594
0 0.735352 0.515625 0.029297 0.074219
0 0.690430 0.514648 0.060547 0.076172
0 0.566406 0.516602 0.187500 0.080078
0 0.450195 0.515625 0.044922 0.082031
0 0.406250 0.514648 0.042969 0.080078
0 0.334961 0.514648 0.099609 0.080078
0 0.276367 0.513672 0.017578 0.078125
0 0.218750 0.515625 0.097656 0.074219
0 0.124023 0.517578 0.091797 0.078125
0 0.069336 0.517578 0.017578 0.078125
0 0.044922 0.514648 0.031250 0.072266
0 0.017578 0.514648 0.023438 0.072266
0 0.014648 0.580078 0.021484 0.050781
0 0.042969 0.579102 0.035156 0.052734
0 0.071289 0.577148 0.021484 0.048828
0 0.091797 0.580078 0.019531 0.042969
0 0.136719 0.575195 0.070312 0.033203
0 0.220703 0.573242 0.097656 0.037109
0 0.277344 0.575195 0.015625 0.041016
0 0.334961 0.576172 0.099609 0.039062
0 0.404297 0.572266 0.039062 0.031250
0 0.447266 0.573242 0.046875 0.029297
0 0.523438 0.577148 0.105469 0.037109
0 0.619141 0.577148 0.085938 0.037109
0 0.703125 0.574219 0.082031 0.031250
0 0.429688 0.636719 0.085938 0.054688
0 0.509766 0.639648 0.074219 0.048828
0 0.601562 0.635742 0.109375 0.041016
0 0.690430 0.635742 0.068359 0.041016
0 0.736328 0.636719 0.023438 0.042969
0 0.736328 0.692383 0.023438 0.068359
0 0.692383 0.692383 0.064453 0.068359
0 0.603516 0.690430 0.113281 0.064453
0 0.510742 0.694336 0.072266 0.056641
0 0.430664 0.696289 0.087891 0.060547
0 0.429688 0.742188 0.085938 0.031250
0 0.510742 0.742188 0.076172 0.031250
0 0.603516 0.744141 0.109375 0.035156
0 0.692383 0.743164 0.068359 0.037109
0 0.736328 0.745117 0.019531 0.041016
0 0.702148 0.780273 0.087891 0.029297
0 0.604492 0.780273 0.107422 0.029297
0 0.513672 0.780273 0.074219 0.029297
0 0.431641 0.779297 0.089844 0.031250
0 0.432617 0.821289 0.091797 0.052734
0 0.512695 0.822266 0.068359 0.050781
0 0.603516 0.821289 0.113281 0.048828
0 0.702148 0.823242 0.083984 0.044922
0 0.433594 0.885742 0.089844 0.072266
0 0.512695 0.885742 0.068359 0.072266
0 0.602539 0.885742 0.111328 0.072266
0 0.689453 0.886719 0.062500 0.070312
0 0.703125 0.920898 0.085938 0.142578
0 0.432617 0.958008 0.091797 0.072266
0 0.512695 0.957031 0.068359 0.074219
0 0.603516 0.955078 0.113281 0.070312
