0 0.397461 0.080078 0.056641 0.156250
0 0.489258 0.113281 0.119141 0.218750
0 0.583984 0.163086 0.082031 0.189453
0 0.665039 0.213867 0.076172 0.197266
0 0.741211 0.250000 0.076172 0.191406
0 0.804688 0.291992 0.046875 0.173828
0 0.851562 0.314453 0.039062 0.160156
0 0.591797 0.054688 0.074219 0.105469
0 0.663086 0.087891 0.072266 0.109375
0 0.740234 0.133789 0.082031 0.130859
0 0.802734 0.169922 0.050781 0.109375
0 0.851562 0.202148 0.042969 0.111328
0 0.390625 0.228516 0.058594 0.207031
0 0.487305 0.266602 0.123047 0.232422
0 0.589844 0.329102 0.082031 0.205078
0 0.660156 0.362305 0.074219 0.193359
0 0.740234 0.402344 0.078125 0.195312
0 0.804688 0.437500 0.050781 0.171875
0 0.848633 0.448242 0.044922 0.166016
0 0.392578 0.403320 0.054688 0.193359
0 0.482422 0.442383 0.121094 0.212891
0 0.585938 0.477539 0.078125 0.197266
0 0.660156 0.507812 0.070312 0.187500
0 0.736328 0.552734 0.082031 0.171875
0 0.804688 0.578125 0.050781 0.156250
0 0.845703 0.588867 0.031250 0.150391
0 0.393555 0.573242 0.064453 0.177734
0 0.483398 0.603516 0.119141 0.210938
0 0.584961 0.638672 0.072266 0.195312
0 0.662109 0.666992 0.066406 0.166016
0 0.737305 0.690430 0.080078 0.177734
0 0.800781 0.715820 0.046875 0.162109
0 0.848633 0.726562 0.041016 0.144531
0 0.389648 0.748047 0.052734 0.199219
0 0.487305 0.774414 0.126953 0.220703
0 0.583984 0.802734 0.074219 0.187500
0 0.654297 0.821289 0.078125 0.181641
0 0.738281 0.839844 0.078125 0.179688
0 0.801758 0.859375 0.052734 0.167969
0 0.843750 0.872070 0.027344 0.142578
0 0.392578 0.918945 0.066406 0.162109
0 0.488281 0.926758 0.121094 0.146484
0 0.585938 0.938477 0.066406 0.123047
0 0.733398 0.958008 0.076172 0.083984
0 0.801758 0.961914 0.052734 0.076172
0 0.840820 0.969727 0.025391 0.060547
