0 0.035156 0.088867 0.066406 0.173828
0 0.153320 0.090820 0.173828 0.177734
0 0.332031 0.092773 0.179688 0.181641
0 0.503906 0.095703 0.164062 0.183594
0 0.671875 0.093750 0.171875 0.179688
0 0.844727 0.095703 0.173828 0.175781
0 0.035156 0.307617 0.066406 0.263672
0 0.156250 0.311523 0.175781 0.255859
0 0.331055 0.312500 0.173828 0.257812
0 0.501953 0.313477 0.167969 0.255859
0 0.670898 0.313477 0.169922 0.255859
0 0.839844 0.320312 0.167969 0.250000
0 0.032227 0.577148 0.060547 0.267578
0 0.153320 0.578125 0.181641 0.265625
0 0.328125 0.580078 0.167969 0.269531
0 0.500000 0.580078 0.175781 0.269531
0 0.675781 0.578125 0.175781 0.265625
0 0.844727 0.581055 0.162109 0.259766
0 0.036133 0.856445 0.064453 0.283203
0 0.151367 0.855469 0.162109 0.285156
0 0.324219 0.855469 0.183594 0.285156
0 0.499023 0.855469 0.166016 0.285156
