0 0.926758 0.232422 0.080078 0.312500
0 0.856445 0.193359 0.072266 0.316406
0 0.768555 0.148438 0.095703 0.292969
0 0.665039 0.125977 0.087891 0.248047
0 0.573242 0.094727 0.095703 0.185547
0 0.466797 0.068359 0.109375 0.132812
0 0.042969 0.257812 0.082031 0.269531
0 0.131836 0.430664 0.091797 0.583984
0 0.228516 0.321289 0.101562 0.275391
0 0.337891 0.373047 0.109375 0.261719
0 0.043945 0.533203 0.083984 0.359375
0 0.224609 0.588867 0.109375 0.318359
0 0.338867 0.617188 0.107422 0.300781
0 0.428711 0.545898 0.072266 0.494141
0 0.508789 0.493164 0.080078 0.177734
0 0.502930 0.680664 0.087891 0.275391
0 0.585938 0.614258 0.062500 0.462891
0 0.657227 0.739258 0.076172 0.263672
0 0.660156 0.558594 0.078125 0.160156
0 0.662109 0.458984 0.078125 0.109375
0 0.729492 0.494141 0.060547 0.097656
0 0.730469 0.705078 0.062500 0.382812
0 0.792969 0.632812 0.062500 0.324219
0 0.861328 0.571289 0.066406 0.146484
0 0.928711 0.594727 0.064453 0.154297
0 0.864258 0.716797 0.072266 0.195312
0 0.979492 0.693359 0.041016 0.308594
0 0.932617 0.746094 0.064453 0.210938
0 0.794922 0.837891 0.066406 0.140625
0 0.864258 0.866211 0.072266 0.130859
0 0.931641 0.889648 0.066406 0.134766
0 0.980469 0.901367 0.039062 0.119141
