0 0.015137 0.264499 0.028320 0.525483
0 0.060059 0.264499 0.059570 0.525483
0 0.119141 0.264499 0.058594 0.525483
0 0.178223 0.263620 0.059570 0.523726
0 0.236328 0.263620 0.056641 0.523726
0 0.293945 0.263620 0.058594 0.523726
0 0.352051 0.263620 0.057617 0.523726
0 0.408203 0.265378 0.054688 0.527241
0 0.464355 0.266257 0.057617 0.525483
0 0.520020 0.267135 0.053711 0.527241
0 0.574707 0.266257 0.055664 0.528998
0 0.628906 0.264499 0.052734 0.525483
0 0.684082 0.264499 0.057617 0.525483
0 0.737793 0.265378 0.049805 0.527241
0 0.791504 0.265378 0.057617 0.527241
0 0.847656 0.265378 0.054688 0.527241
0 0.900391 0.265378 0.050781 0.527241
0 0.951660 0.263620 0.051758 0.523726
0 0.987793 0.263620 0.020508 0.523726
