0 0.137207 0.237537 0.075195 0.214076
0 0.075684 0.234604 0.030273 0.202346
0 0.025879 0.236070 0.040039 0.211144
0 0.029297 0.461144 0.033203 0.215543
0 0.093750 0.460411 0.074219 0.214076
0 0.157227 0.457478 0.031250 0.214076
0 0.023926 0.662757 0.038086 0.173021
0 0.072266 0.659824 0.033203 0.164223
0 0.137207 0.654692 0.073242 0.159824
0 0.699707 0.237537 0.030273 0.211144
0 0.761719 0.239003 0.072266 0.211144
0 0.824707 0.237537 0.032227 0.205279
0 0.880859 0.238270 0.062500 0.209677
0 0.722168 0.460411 0.077148 0.208211
0 0.783203 0.457478 0.037109 0.211144
0 0.844727 0.461144 0.076172 0.206745
0 0.902344 0.459677 0.021484 0.206745
0 0.945801 0.237537 0.034180 0.205279
0 0.986328 0.236070 0.027344 0.205279
0 0.964355 0.461877 0.071289 0.208211
0 0.699707 0.678152 0.034180 0.200880
0 0.764648 0.679619 0.074219 0.206745
0 0.826172 0.680352 0.033203 0.205279
0 0.886230 0.680352 0.071289 0.205279
0 0.946777 0.677419 0.030273 0.202346
0 0.986816 0.679619 0.024414 0.206745
0 0.263184 0.308651 0.053711 0.162757
0 0.318848 0.307918 0.055664 0.167155
0 0.374023 0.307918 0.054688 0.167155
0 0.429199 0.308651 0.055664 0.165689
0 0.483887 0.308651 0.055664 0.165689
0 0.539062 0.308651 0.054688 0.165689
0 0.594238 0.309384 0.055664 0.167155
0 0.317871 0.241935 0.051758 0.032258
0 0.428711 0.245601 0.050781 0.030792
0 0.539551 0.245601 0.047852 0.030792
0 0.264160 0.483871 0.055664 0.187683
0 0.319336 0.484604 0.054688 0.186217
0 0.374023 0.475073 0.054688 0.167155
0 0.429199 0.475806 0.055664 0.165689
0 0.484375 0.476540 0.054688 0.167155
0 0.539062 0.486804 0.054688 0.190616
0 0.594727 0.487537 0.056641 0.189150
0 0.317871 0.428152 0.049805 0.029326
0 0.428711 0.429619 0.050781 0.029326
0 0.538574 0.431818 0.049805 0.027859
0 0.263184 0.666422 0.055664 0.177419
0 0.310547 0.667155 0.039062 0.175953
0 0.546387 0.667155 0.038086 0.175953
0 0.593750 0.666422 0.056641 0.177419
0 0.377441 0.691349 0.038086 0.127566
0 0.413086 0.691349 0.033203 0.127566
0 0.448242 0.679619 0.037109 0.104106
0 0.487305 0.695748 0.039062 0.136364
