0 0.236328 0.079861 0.126953 0.156250
0 0.235840 0.230035 0.120117 0.151042
0 0.235840 0.386285 0.120117 0.161458
0 0.237305 0.528646 0.123047 0.123264
0 0.038574 0.085938 0.059570 0.140625
0 0.036621 0.226562 0.063477 0.140625
0 0.086426 0.084201 0.032227 0.151042
0 0.088379 0.233507 0.028320 0.147569
0 0.770020 0.079861 0.114258 0.156250
0 0.769531 0.231771 0.111328 0.157986
0 0.768555 0.388021 0.113281 0.154514
0 0.768555 0.483507 0.113281 0.036458
0 0.921875 0.079861 0.037109 0.152778
0 0.970215 0.078993 0.057617 0.154514
0 0.919434 0.234375 0.034180 0.152778
0 0.967285 0.233507 0.061523 0.154514
0 0.920410 0.385417 0.032227 0.152778
0 0.968262 0.387153 0.063477 0.149306
0 0.921387 0.506076 0.032227 0.088542
0 0.968750 0.505208 0.062500 0.090278
