0 0.224609 0.245117 0.125000 0.173828
0 0.335938 0.246094 0.097656 0.171875
0 0.416992 0.248047 0.064453 0.175781
0 0.506836 0.247070 0.115234 0.177734
0 0.623047 0.245117 0.117188 0.173828
0 0.713867 0.247070 0.064453 0.169922
0 0.781250 0.247070 0.070312 0.169922
0 0.148438 0.138672 0.039062 0.035156
0 0.230469 0.138672 0.125000 0.035156
0 0.338867 0.140625 0.091797 0.039062
0 0.416992 0.138672 0.064453 0.042969
0 0.506836 0.136719 0.115234 0.039062
0 0.625000 0.136719 0.121094 0.039062
0 0.714844 0.139648 0.058594 0.044922
0 0.781250 0.138672 0.074219 0.046875
0 0.837891 0.137695 0.039062 0.044922
0 0.836914 0.246094 0.041016 0.171875
0 0.146484 0.247070 0.031250 0.177734
0 0.144531 0.415039 0.023438 0.169922
0 0.219727 0.416016 0.126953 0.167969
0 0.333984 0.415039 0.101562 0.166016
0 0.416992 0.416992 0.064453 0.162109
0 0.506836 0.416016 0.115234 0.160156
0 0.625000 0.413086 0.121094 0.166016
0 0.714844 0.415039 0.058594 0.169922
0 0.780273 0.415039 0.072266 0.169922
0 0.834961 0.415039 0.037109 0.169922
0 0.833984 0.531250 0.039062 0.062500
0 0.832031 0.602539 0.035156 0.080078
0 0.144531 0.519531 0.027344 0.035156
0 0.220703 0.516602 0.125000 0.041016
0 0.333984 0.514648 0.101562 0.037109
0 0.416992 0.516602 0.064453 0.033203
0 0.505859 0.517578 0.113281 0.035156
0 0.624023 0.516602 0.123047 0.037109
0 0.712891 0.515625 0.054688 0.035156
0 0.778320 0.514648 0.076172 0.037109
0 0.142578 0.592773 0.027344 0.107422
0 0.219727 0.590820 0.126953 0.111328
0 0.334961 0.590820 0.103516 0.111328
0 0.417969 0.589844 0.062500 0.113281
0 0.504883 0.587891 0.111328 0.109375
0 0.622070 0.586914 0.123047 0.111328
0 0.710938 0.586914 0.054688 0.111328
0 0.778320 0.587891 0.080078 0.109375
0 0.142578 0.663086 0.027344 0.037109
0 0.218750 0.662109 0.125000 0.039062
0 0.333984 0.661133 0.105469 0.037109
0 0.416992 0.661133 0.060547 0.037109
0 0.503906 0.663086 0.113281 0.041016
0 0.621094 0.662109 0.121094 0.042969
0 0.711914 0.661133 0.060547 0.041016
0 0.778320 0.662109 0.072266 0.039062
0 0.834961 0.662109 0.033203 0.039062
0 0.140625 0.766602 0.027344 0.177734
0 0.215820 0.767578 0.126953 0.179688
0 0.330078 0.768555 0.109375 0.181641
0 0.416016 0.766602 0.066406 0.177734
0 0.502930 0.768555 0.115234 0.177734
0 0.621094 0.767578 0.125000 0.175781
0 0.710938 0.768555 0.054688 0.173828
0 0.776367 0.767578 0.076172 0.171875
0 0.832031 0.712891 0.035156 0.070312
0 0.833008 0.784180 0.033203 0.072266
0 0.831055 0.838867 0.033203 0.037109
