0 0.923828 0.700195 0.085938 0.599609
0 0.436523 0.182617 0.033203 0.181641
0 0.489258 0.215820 0.068359 0.201172
0 0.549805 0.251953 0.060547 0.183594
0 0.612305 0.289062 0.072266 0.187500
0 0.674805 0.331055 0.060547 0.185547
0 0.747070 0.374023 0.083984 0.189453
0 0.804688 0.413086 0.031250 0.150391
0 0.835938 0.382812 0.035156 0.046875
0 0.850586 0.427734 0.064453 0.132812
0 0.475586 0.310547 0.107422 0.117188
0 0.554688 0.354492 0.058594 0.076172
0 0.617188 0.390625 0.066406 0.085938
0 0.677734 0.426758 0.058594 0.083984
0 0.737305 0.460938 0.068359 0.078125
0 0.812500 0.504883 0.082031 0.091797
0 0.439453 0.459961 0.031250 0.302734
0 0.494141 0.403320 0.078125 0.146484
0 0.556641 0.460938 0.054688 0.175781
0 0.498047 0.486328 0.074219 0.078125
0 0.618164 0.466797 0.068359 0.140625
0 0.676758 0.501953 0.056641 0.136719
0 0.736328 0.532227 0.058594 0.130859
0 0.786133 0.562500 0.029297 0.121094
0 0.841797 0.613281 0.085938 0.187500
0 0.620117 0.544922 0.068359 0.082031
0 0.679688 0.576172 0.050781 0.070312
0 0.740234 0.605469 0.066406 0.066406
0 0.498047 0.571289 0.085938 0.146484
0 0.558594 0.598633 0.046875 0.134766
0 0.617188 0.625000 0.070312 0.144531
0 0.678711 0.654297 0.052734 0.136719
0 0.739258 0.678711 0.068359 0.134766
0 0.791016 0.704102 0.035156 0.119141
0 0.828125 0.721680 0.046875 0.119141
0 0.451172 0.633789 0.046875 0.056641
0 0.500977 0.649414 0.052734 0.060547
0 0.556641 0.673828 0.058594 0.058594
0 0.618164 0.706055 0.072266 0.072266
0 0.679688 0.729492 0.054688 0.060547
0 0.757812 0.757812 0.105469 0.070312
0 0.846680 0.793945 0.076172 0.068359
0 0.451172 0.731445 0.046875 0.166016
0 0.511719 0.747070 0.078125 0.166016
0 0.568359 0.767578 0.042969 0.148438
0 0.646484 0.793945 0.117188 0.146484
0 0.742188 0.824219 0.074219 0.125000
0 0.794922 0.841797 0.035156 0.105469
0 0.850586 0.863281 0.076172 0.125000
0 0.457031 0.900391 0.058594 0.199219
0 0.536133 0.849609 0.115234 0.074219
0 0.520508 0.931641 0.076172 0.136719
0 0.579102 0.941406 0.037109 0.117188
0 0.649414 0.942383 0.107422 0.115234
0 0.622070 0.871094 0.064453 0.066406
0 0.678711 0.886719 0.052734 0.066406
0 0.758789 0.897461 0.107422 0.060547
0 0.757812 0.957031 0.109375 0.085938
0 0.847656 0.922852 0.078125 0.052734
0 0.845703 0.966797 0.066406 0.066406
0 0.377930 0.548828 0.068359 0.164062
0 0.377930 0.638672 0.072266 0.062500
0 0.378906 0.710938 0.070312 0.167969
0 0.376953 0.800781 0.074219 0.054688
0 0.385742 0.876953 0.080078 0.148438
0 0.381836 0.970703 0.083984 0.058594
0 0.313477 0.896484 0.060547 0.132812
0 0.266602 0.909180 0.033203 0.119141
0 0.208008 0.929688 0.076172 0.132812
0 0.264648 0.841797 0.037109 0.042969
0 0.313477 0.826172 0.064453 0.054688
0 0.312500 0.747070 0.062500 0.150391
0 0.264648 0.765625 0.029297 0.125000
0 0.211914 0.787109 0.076172 0.136719
0 0.209961 0.718750 0.076172 0.066406
0 0.264648 0.693359 0.029297 0.046875
0 0.310547 0.669922 0.062500 0.058594
0 0.309570 0.595703 0.064453 0.144531
0 0.262695 0.628906 0.029297 0.117188
0 0.209961 0.659180 0.080078 0.126953
0 0.187500 0.552734 0.039062 0.109375
0 0.227539 0.521484 0.037109 0.117188
0 0.260742 0.494141 0.029297 0.113281
0 0.305664 0.455078 0.060547 0.144531
0 0.375000 0.399414 0.070312 0.158203
0 0.371094 0.251953 0.074219 0.257812
0 0.304688 0.293945 0.058594 0.197266
0 0.245117 0.351562 0.064453 0.183594
0 0.188477 0.414062 0.052734 0.179688
0 0.135742 0.599609 0.056641 0.128906
0 0.133789 0.466797 0.052734 0.156250
0 0.119141 0.729492 0.085938 0.142578
0 0.118164 0.830078 0.083984 0.121094
0 0.125977 0.945312 0.080078 0.109375
