0 0.232422 0.099609 0.207031 0.195312
0 0.431641 0.102539 0.187500 0.201172
0 0.596680 0.099609 0.138672 0.187500
0 0.770508 0.101562 0.208984 0.191406
0 0.769531 0.301758 0.210938 0.208984
0 0.594727 0.301758 0.138672 0.208984
0 0.426758 0.300781 0.197266 0.207031
0 0.229492 0.301758 0.197266 0.205078
0 0.232422 0.506836 0.191406 0.216797
0 0.426758 0.508789 0.197266 0.212891
0 0.592773 0.509766 0.134766 0.214844
0 0.765625 0.509766 0.210938 0.210938
0 0.235352 0.713867 0.193359 0.201172
0 0.429688 0.713867 0.195312 0.201172
0 0.593750 0.717773 0.132812 0.208984
0 0.761719 0.720703 0.203125 0.203125
0 0.237305 0.904297 0.193359 0.175781
0 0.429688 0.907227 0.191406 0.169922
0 0.593750 0.909180 0.136719 0.173828
0 0.763672 0.910156 0.203125 0.171875
