0 0.443359 0.173828 0.109375 0.261719
0 0.562500 0.179688 0.109375 0.246094
0 0.545898 0.311523 0.072266 0.126953
0 0.599609 0.340820 0.035156 0.107422
0 0.452148 0.310547 0.083984 0.140625
0 0.397461 0.347656 0.025391 0.105469
0 0.359375 0.232422 0.046875 0.203125
0 0.314453 0.267578 0.042969 0.191406
0 0.352539 0.096680 0.068359 0.138672
0 0.398438 0.059570 0.019531 0.115234
0 0.455078 0.044922 0.070312 0.085938
0 0.312500 0.395508 0.050781 0.111328
0 0.360352 0.371094 0.041016 0.121094
0 0.315430 0.520508 0.044922 0.189453
0 0.358398 0.506836 0.041016 0.205078
0 0.440430 0.471680 0.111328 0.232422
0 0.452148 0.613281 0.083984 0.105469
0 0.393555 0.628906 0.029297 0.089844
0 0.360352 0.637695 0.048828 0.087891
0 0.313477 0.649414 0.048828 0.083984
0 0.268555 0.659180 0.044922 0.083984
0 0.232422 0.669922 0.027344 0.082031
0 0.200195 0.678711 0.037109 0.076172
0 0.166992 0.686523 0.033203 0.076172
0 0.138672 0.693359 0.027344 0.066406
0 0.117188 0.701172 0.015625 0.062500
0 0.095703 0.705078 0.023438 0.058594
0 0.069336 0.713867 0.025391 0.060547
0 0.075195 0.621094 0.041016 0.132812
0 0.107422 0.611328 0.015625 0.132812
0 0.133789 0.601562 0.037109 0.140625
0 0.166992 0.585938 0.029297 0.148438
0 0.198242 0.574219 0.033203 0.152344
0 0.230469 0.560547 0.031250 0.164062
0 0.268555 0.541992 0.044922 0.173828
0 0.063477 0.540039 0.017578 0.068359
0 0.082031 0.530273 0.015625 0.064453
0 0.100586 0.520508 0.017578 0.064453
0 0.123047 0.507812 0.023438 0.070312
0 0.147461 0.494141 0.025391 0.078125
0 0.173828 0.477539 0.027344 0.083984
0 0.198242 0.460938 0.029297 0.082031
0 0.232422 0.443359 0.035156 0.093750
0 0.269531 0.418945 0.042969 0.095703
0 0.268555 0.295898 0.044922 0.181641
0 0.228516 0.328125 0.031250 0.164062
0 0.198242 0.349609 0.033203 0.160156
0 0.175781 0.377930 0.027344 0.142578
0 0.148438 0.395508 0.027344 0.138672
0 0.121094 0.416992 0.027344 0.138672
0 0.028320 0.485352 0.025391 0.107422
0 0.047852 0.473633 0.013672 0.107422
0 0.066406 0.457031 0.023438 0.121094
0 0.093750 0.434570 0.035156 0.134766
0 0.120117 0.319336 0.021484 0.076172
0 0.144531 0.291992 0.023438 0.091797
0 0.170898 0.267578 0.021484 0.101562
0 0.198242 0.245117 0.029297 0.095703
0 0.229492 0.218750 0.029297 0.109375
0 0.265625 0.184570 0.035156 0.111328
0 0.300781 0.149414 0.031250 0.103516
0 0.075195 0.300781 0.029297 0.074219
0 0.101562 0.273438 0.019531 0.062500
0 0.121094 0.250000 0.015625 0.062500
0 0.144531 0.233398 0.023438 0.076172
0 0.169922 0.203125 0.019531 0.082031
0 0.198242 0.171875 0.033203 0.082031
0 0.230469 0.142578 0.023438 0.078125
0 0.256836 0.113281 0.021484 0.074219
0 0.169922 0.104492 0.023438 0.134766
0 0.197266 0.077148 0.031250 0.142578
0 0.225586 0.060547 0.021484 0.117188
0 0.259766 0.043945 0.035156 0.083984
0 0.069336 0.237305 0.025391 0.095703
0 0.095703 0.213867 0.027344 0.103516
0 0.121094 0.183594 0.019531 0.101562
0 0.147461 0.161133 0.029297 0.107422
0 0.072266 0.804688 0.027344 0.117188
0 0.098633 0.798828 0.025391 0.128906
0 0.122070 0.800781 0.021484 0.128906
0 0.140625 0.795898 0.031250 0.134766
0 0.166992 0.802734 0.029297 0.148438
0 0.196289 0.787109 0.041016 0.136719
0 0.233398 0.785156 0.033203 0.144531
0 0.269531 0.781250 0.046875 0.152344
0 0.316406 0.778320 0.050781 0.166016
0 0.362305 0.775391 0.048828 0.171875
0 0.442383 0.808594 0.111328 0.253906
0 0.443359 0.960938 0.109375 0.078125
0 0.196289 0.914062 0.037109 0.121094
0 0.233398 0.918945 0.033203 0.126953
0 0.270508 0.923828 0.041016 0.136719
0 0.314453 0.925781 0.046875 0.136719
0 0.361328 0.929688 0.046875 0.140625
0 0.099609 0.876953 0.019531 0.027344
0 0.120117 0.878906 0.021484 0.027344
0 0.140625 0.880859 0.023438 0.031250
0 0.164062 0.885742 0.027344 0.029297
0 0.098633 0.919922 0.021484 0.062500
0 0.120117 0.922852 0.017578 0.064453
0 0.139648 0.926758 0.021484 0.064453
0 0.164062 0.932617 0.023438 0.072266
0 0.543945 0.617188 0.072266 0.113281
0 0.597656 0.635742 0.035156 0.095703
0 0.562500 0.470703 0.109375 0.234375
0 0.564453 0.801758 0.109375 0.255859
0 0.566406 0.959961 0.113281 0.080078
0 0.641602 0.644531 0.052734 0.093750
0 0.692383 0.655273 0.044922 0.087891
0 0.737305 0.669922 0.048828 0.082031
0 0.781250 0.681641 0.039062 0.082031
0 0.816406 0.690430 0.035156 0.076172
0 0.844727 0.702148 0.025391 0.068359
0 0.866211 0.706055 0.017578 0.064453
0 0.886719 0.710938 0.023438 0.062500
0 0.928711 0.718750 0.060547 0.066406
0 0.644531 0.773438 0.050781 0.152344
0 0.693359 0.777344 0.054688 0.136719
0 0.740234 0.782227 0.039062 0.134766
0 0.781250 0.789062 0.035156 0.128906
0 0.849609 0.791016 0.101562 0.113281
0 0.925781 0.795898 0.054688 0.099609
0 0.642578 0.923828 0.042969 0.152344
0 0.693359 0.921875 0.046875 0.144531
0 0.738281 0.916016 0.031250 0.128906
0 0.781250 0.911133 0.035156 0.119141
0 0.829102 0.904297 0.052734 0.109375
0 0.880859 0.899414 0.042969 0.103516
0 0.913086 0.895508 0.021484 0.099609
0 0.941406 0.892578 0.019531 0.093750
0 0.642578 0.506836 0.042969 0.197266
0 0.691406 0.528320 0.050781 0.189453
0 0.739258 0.547852 0.041016 0.181641
0 0.780273 0.568359 0.037109 0.164062
0 0.829102 0.586914 0.060547 0.162109
0 0.878906 0.606445 0.042969 0.154297
0 0.927734 0.631836 0.054688 0.142578
0 0.642578 0.369141 0.050781 0.121094
0 0.692383 0.399414 0.048828 0.115234
0 0.738281 0.423828 0.042969 0.113281
0 0.779297 0.455078 0.039062 0.105469
0 0.818359 0.473633 0.039062 0.087891
0 0.846680 0.490234 0.021484 0.078125
0 0.868164 0.502930 0.021484 0.072266
0 0.890625 0.519531 0.023438 0.066406
0 0.912109 0.530273 0.023438 0.076172
0 0.936523 0.541992 0.025391 0.068359
0 0.641602 0.239258 0.044922 0.185547
0 0.691406 0.278320 0.046875 0.185547
0 0.739258 0.313477 0.044922 0.173828
0 0.779297 0.336914 0.042969 0.173828
0 0.830078 0.372070 0.054688 0.169922
0 0.880859 0.410156 0.042969 0.160156
0 0.926758 0.441406 0.052734 0.152344
0 0.928711 0.343750 0.048828 0.089844
0 0.889648 0.313477 0.021484 0.076172
0 0.867188 0.298828 0.023438 0.089844
0 0.845703 0.276367 0.023438 0.080078
0 0.817383 0.254883 0.037109 0.095703
0 0.780273 0.221680 0.041016 0.107422
0 0.735352 0.180664 0.048828 0.123047
0 0.694336 0.147461 0.037109 0.111328
0 0.649414 0.104492 0.056641 0.130859
0 0.600586 0.067383 0.033203 0.115234
0 0.542969 0.046875 0.074219 0.089844
0 0.925781 0.281250 0.042969 0.093750
0 0.880859 0.241211 0.050781 0.095703
0 0.829102 0.186523 0.056641 0.107422
0 0.782227 0.145508 0.037109 0.087891
0 0.742188 0.100586 0.039062 0.095703
0 0.927734 0.208008 0.046875 0.111328
0 0.881836 0.160156 0.044922 0.113281
0 0.830078 0.108398 0.054688 0.130859
0 0.781250 0.058594 0.039062 0.113281
0 0.735352 0.037109 0.052734 0.070312
