0 0.338867 0.327309 0.236328 0.285141
0 0.335938 0.527610 0.234375 0.125502
0 0.194824 0.327811 0.057617 0.278112
0 0.200684 0.528614 0.047852 0.129518
0 0.508789 0.325301 0.039062 0.281124
0 0.570312 0.323795 0.087891 0.278112
0 0.509766 0.528112 0.039062 0.122490
0 0.573730 0.528112 0.088867 0.122490
0 0.704102 0.318775 0.134766 0.296185
0 0.704590 0.515562 0.131836 0.099398
0 0.841797 0.314759 0.027344 0.304217
0 0.927246 0.310743 0.145508 0.320281
0 0.839844 0.538153 0.029297 0.136546
0 0.927246 0.546687 0.145508 0.149598
