0 0.227051 0.082845 0.116211 0.071848
0 0.346680 0.086510 0.121094 0.064516
0 0.228027 0.236804 0.108398 0.227273
0 0.347656 0.153226 0.121094 0.071848
0 0.349121 0.336510 0.120117 0.288856
0 0.229004 0.412023 0.108398 0.123167
0 0.640137 0.086510 0.116211 0.061584
0 0.757324 0.087243 0.118164 0.060117
0 0.638184 0.238270 0.112305 0.230205
0 0.638672 0.417155 0.111328 0.127566
0 0.759277 0.152493 0.116211 0.070381
0 0.759277 0.333578 0.116211 0.291789
0 0.227051 0.573314 0.116211 0.064516
0 0.346191 0.571114 0.122070 0.068915
0 0.346680 0.639296 0.121094 0.070381
0 0.349121 0.817449 0.116211 0.285924
0 0.227539 0.899560 0.126953 0.121701
0 0.225098 0.721408 0.122070 0.234604
0 0.636719 0.571114 0.115234 0.065982
0 0.756836 0.571848 0.125000 0.064516
0 0.637695 0.716276 0.117188 0.215543
0 0.638184 0.892229 0.116211 0.136364
0 0.754395 0.639296 0.116211 0.067449
0 0.756348 0.814516 0.112305 0.282991
