0 0.553711 0.335938 0.095703 0.343750
0 0.658203 0.307617 0.105469 0.384766
0 0.776367 0.164062 0.134766 0.207031
0 0.775391 0.352539 0.132812 0.248047
0 0.452148 0.374023 0.076172 0.314453
0 0.384766 0.392578 0.058594 0.292969
0 0.333984 0.410156 0.042969 0.273438
0 0.296875 0.475586 0.027344 0.150391
0 0.267578 0.484375 0.031250 0.132812
0 0.238281 0.463867 0.019531 0.189453
0 0.198242 0.454102 0.037109 0.232422
0 0.165039 0.462891 0.033203 0.230469
0 0.130859 0.518555 0.023438 0.123047
0 0.554688 0.669922 0.101562 0.363281
0 0.450195 0.681641 0.087891 0.328125
0 0.654297 0.674805 0.097656 0.384766
0 0.770508 0.489258 0.138672 0.068359
0 0.770508 0.766602 0.130859 0.240234
0 0.773438 0.588867 0.121094 0.154297
0 0.385742 0.687500 0.056641 0.296875
0 0.333008 0.687500 0.041016 0.289062
0 0.297852 0.689453 0.037109 0.281250
0 0.261719 0.756836 0.027344 0.130859
0 0.232422 0.724609 0.027344 0.179688
0 0.198242 0.691406 0.041016 0.246094
0 0.162109 0.690430 0.031250 0.236328
