0 0.443359 0.215820 0.089844 0.044922
0 0.535156 0.216797 0.093750 0.042969
0 0.446289 0.269531 0.087891 0.062500
0 0.445312 0.327148 0.089844 0.052734
0 0.444336 0.381836 0.087891 0.056641
0 0.444336 0.442383 0.087891 0.064453
0 0.444336 0.503906 0.087891 0.058594
0 0.442383 0.559570 0.091797 0.052734
0 0.441406 0.608398 0.089844 0.044922
0 0.442383 0.664062 0.087891 0.066406
0 0.444336 0.761719 0.091797 0.128906
0 0.534180 0.758789 0.087891 0.134766
0 0.625000 0.759766 0.093750 0.136719
0 0.717773 0.760742 0.091797 0.134766
0 0.820312 0.760742 0.113281 0.134766
0 0.821289 0.639648 0.111328 0.111328
0 0.718750 0.640625 0.093750 0.109375
0 0.625000 0.641602 0.093750 0.111328
0 0.532227 0.641602 0.091797 0.111328
0 0.532227 0.560547 0.091797 0.050781
0 0.534180 0.504883 0.087891 0.060547
0 0.534180 0.442383 0.087891 0.064453
0 0.533203 0.380859 0.089844 0.058594
0 0.535156 0.323242 0.089844 0.056641
0 0.535156 0.266602 0.089844 0.056641
0 0.537109 0.215820 0.093750 0.044922
0 0.624023 0.497070 0.091797 0.177734
0 0.719727 0.498047 0.099609 0.175781
0 0.820312 0.495117 0.101562 0.169922
0 0.626953 0.379883 0.097656 0.056641
0 0.721680 0.380859 0.091797 0.058594
0 0.822266 0.379883 0.109375 0.060547
0 0.822266 0.322266 0.109375 0.054688
0 0.720703 0.323242 0.093750 0.056641
0 0.626953 0.323242 0.093750 0.056641
0 0.720703 0.208984 0.097656 0.054688
0 0.720703 0.263672 0.097656 0.054688
0 0.084961 0.212891 0.048828 0.046875
0 0.154297 0.212891 0.089844 0.046875
0 0.249023 0.214844 0.095703 0.050781
0 0.250977 0.264648 0.091797 0.048828
0 0.156250 0.261719 0.097656 0.054688
0 0.079102 0.261719 0.056641 0.054688
0 0.081055 0.320312 0.060547 0.062500
0 0.156250 0.321289 0.089844 0.060547
0 0.249023 0.322266 0.095703 0.062500
0 0.250977 0.378906 0.091797 0.050781
0 0.158203 0.375977 0.093750 0.056641
0 0.081055 0.376953 0.060547 0.058594
0 0.026367 0.374023 0.048828 0.064453
0 0.021484 0.496094 0.035156 0.179688
0 0.075195 0.497070 0.072266 0.177734
0 0.157227 0.497070 0.091797 0.177734
0 0.247070 0.498047 0.087891 0.175781
0 0.025391 0.640625 0.035156 0.109375
0 0.077148 0.640625 0.068359 0.109375
0 0.158203 0.639648 0.085938 0.107422
0 0.248047 0.662109 0.093750 0.062500
0 0.250000 0.608398 0.089844 0.044922
0 0.023438 0.762695 0.042969 0.134766
0 0.077148 0.760742 0.064453 0.134766
0 0.154297 0.762695 0.089844 0.130859
0 0.245117 0.766602 0.091797 0.138672
0 0.292969 0.836914 0.000000 0.001953
