0 0.111328 0.203125 0.171875 0.281250
0 0.287109 0.213867 0.171875 0.275391
0 0.459961 0.255859 0.162109 0.207031
0 0.583008 0.239258 0.072266 0.251953
0 0.675781 0.242188 0.105469 0.250000
0 0.111328 0.041992 0.187500 0.080078
0 0.288086 0.055664 0.173828 0.076172
0 0.461914 0.071289 0.169922 0.083984
0 0.583984 0.089844 0.078125 0.078125
0 0.678711 0.095703 0.111328 0.066406
0 0.638672 0.035156 0.167969 0.066406
0 0.464844 0.025391 0.156250 0.046875
0 0.337891 0.017578 0.085938 0.031250
0 0.071289 0.364258 0.111328 0.056641
0 0.161133 0.363281 0.072266 0.058594
0 0.243164 0.370117 0.083984 0.056641
0 0.329102 0.375000 0.087891 0.046875
0 0.418945 0.378906 0.091797 0.054688
0 0.503906 0.381836 0.078125 0.048828
0 0.582031 0.384766 0.078125 0.054688
0 0.671875 0.392578 0.101562 0.039062
0 0.108398 0.597656 0.177734 0.425781
0 0.285156 0.663086 0.175781 0.294922
0 0.287109 0.422852 0.175781 0.072266
0 0.457031 0.609375 0.167969 0.421875
0 0.630859 0.673828 0.179688 0.292969
0 0.631836 0.439453 0.181641 0.070312
0 0.070312 0.863281 0.101562 0.101562
0 0.159180 0.861328 0.076172 0.105469
0 0.242188 0.865234 0.089844 0.113281
0 0.331055 0.868164 0.087891 0.107422
0 0.417969 0.868164 0.085938 0.107422
0 0.501953 0.869141 0.082031 0.105469
0 0.583008 0.868164 0.080078 0.103516
0 0.671875 0.871094 0.097656 0.097656
