2 0.050736 0.662438 0.097109 0.353770
0 0.153301 0.229739 0.120022 0.149401
0 0.269776 0.226920 0.115112 0.153629
0 0.385161 0.226216 0.115657 0.152220
0 0.499182 0.225511 0.112384 0.153629
0 0.611293 0.225159 0.111839 0.152925
0 0.721768 0.226568 0.109111 0.150106
0 0.831969 0.227625 0.111293 0.152220
0 0.832515 0.374912 0.110202 0.142354
0 0.721768 0.374912 0.111293 0.142354
0 0.609384 0.376321 0.115657 0.139535
0 0.496454 0.375617 0.110202 0.140944
0 0.384343 0.375617 0.114021 0.140944
0 0.269231 0.376321 0.116203 0.139535
0 0.153846 0.377378 0.114566 0.141649
0 0.153028 0.518675 0.112930 0.140944
0 0.268412 0.516913 0.117840 0.144468
0 0.384343 0.518323 0.114021 0.147287
0 0.496454 0.521494 0.110202 0.140944
0 0.608020 0.521494 0.112930 0.140944
0 0.720949 0.520789 0.112930 0.142354
0 0.833061 0.523256 0.111293 0.147287
0 0.831969 0.718464 0.113475 0.243129
0 0.719313 0.714588 0.111839 0.248062
0 0.607747 0.719521 0.111293 0.257928
0 0.496727 0.721635 0.110747 0.253700
0 0.384343 0.714235 0.114021 0.238901
0 0.268412 0.712826 0.117840 0.241720
0 0.153573 0.716702 0.111839 0.249471
0 0.927714 0.613813 0.030005 0.025370
0 0.958811 0.614870 0.032188 0.023256
0 0.980906 0.615574 0.012002 0.024665
0 0.928532 0.667019 0.031642 0.081043
0 0.960175 0.667371 0.031642 0.080338
0 0.981451 0.667724 0.010911 0.081043
0 0.928532 0.738901 0.031642 0.064130
0 0.960175 0.739253 0.031642 0.063425
0 0.980633 0.739605 0.009274 0.064130
