0 0.428223 0.638563 0.100586 0.168622
0 0.522461 0.634164 0.087891 0.159824
0 0.424316 0.781525 0.102539 0.140762
0 0.522461 0.778592 0.093750 0.134897
0 0.417969 0.923021 0.095703 0.153959
0 0.515625 0.923754 0.095703 0.152493
0 0.711426 0.759531 0.086914 0.140762
0 0.798340 0.760264 0.090820 0.142229
0 0.712402 0.897361 0.094727 0.134897
0 0.802246 0.894428 0.094727 0.131965
0 0.714355 0.982405 0.096680 0.035191
0 0.805176 0.981672 0.092773 0.036657
0 0.193359 0.774927 0.089844 0.151026
0 0.266602 0.772727 0.074219 0.143695
0 0.183105 0.910557 0.094727 0.131965
0 0.259277 0.908358 0.079102 0.127566
0 0.044434 0.893695 0.063477 0.148094
0 0.176758 0.985337 0.089844 0.026393
0 0.256348 0.986070 0.069336 0.027859
