0 0.012695 0.063338 0.023438 0.061103
0 0.040527 0.070045 0.032227 0.053651
0 0.069824 0.070045 0.032227 0.053651
0 0.091797 0.070790 0.011719 0.049180
0 0.012695 0.107303 0.023438 0.026826
0 0.039551 0.108793 0.030273 0.023845
0 0.069824 0.107303 0.028320 0.026826
0 0.090332 0.108793 0.012695 0.023845
0 0.010742 0.202683 0.019531 0.062593
0 0.037109 0.203428 0.033203 0.061103
0 0.068848 0.203428 0.030273 0.061103
0 0.089844 0.204918 0.011719 0.058122
0 0.011230 0.247392 0.018555 0.023845
0 0.037109 0.248137 0.033203 0.022355
0 0.068848 0.248137 0.030273 0.022355
0 0.089355 0.247392 0.010742 0.023845
0 0.135742 0.070790 0.019531 0.049180
0 0.161133 0.070045 0.031250 0.050671
0 0.192383 0.070790 0.031250 0.049180
0 0.223145 0.070045 0.030273 0.050671
0 0.253418 0.070790 0.030273 0.052161
0 0.277344 0.071535 0.017578 0.050671
0 0.319336 0.071535 0.021484 0.050671
0 0.345703 0.071535 0.031250 0.050671
0 0.376953 0.072280 0.031250 0.052161
0 0.407715 0.071535 0.030273 0.053651
0 0.437988 0.072280 0.030273 0.055142
0 0.462891 0.071535 0.019531 0.056632
0 0.505371 0.072280 0.018555 0.055142
0 0.528809 0.072280 0.028320 0.055142
0 0.134766 0.106557 0.019531 0.025335
0 0.160645 0.108793 0.032227 0.020864
0 0.191406 0.108793 0.029297 0.020864
0 0.222168 0.108793 0.032227 0.020864
0 0.252441 0.108793 0.028320 0.020864
0 0.276367 0.108793 0.019531 0.020864
0 0.318848 0.109538 0.020508 0.022355
0 0.345215 0.109538 0.032227 0.022355
0 0.376465 0.109538 0.030273 0.022355
0 0.406738 0.111773 0.030273 0.017884
0 0.437012 0.111773 0.030273 0.017884
0 0.461426 0.111773 0.018555 0.017884
0 0.010742 0.345753 0.019531 0.062593
0 0.037109 0.345753 0.029297 0.062593
0 0.067383 0.345007 0.031250 0.064083
0 0.089844 0.345753 0.013672 0.065574
0 0.010742 0.391207 0.019531 0.028316
0 0.036133 0.391207 0.031250 0.028316
0 0.067383 0.391207 0.031250 0.028316
0 0.089844 0.391952 0.013672 0.026826
0 0.135254 0.206408 0.020508 0.064083
0 0.160645 0.206408 0.030273 0.064083
0 0.191406 0.205663 0.031250 0.062593
0 0.221680 0.206408 0.029297 0.061103
0 0.251953 0.206408 0.031250 0.061103
0 0.275879 0.207154 0.016602 0.059613
0 0.135254 0.250373 0.020508 0.020864
0 0.160645 0.249627 0.030273 0.022355
0 0.190918 0.250373 0.030273 0.023845
0 0.221191 0.249627 0.030273 0.025335
0 0.251465 0.250373 0.030273 0.026826
0 0.275391 0.251118 0.017578 0.025335
0 0.319336 0.207899 0.019531 0.064083
0 0.344238 0.209389 0.030273 0.061103
0 0.375000 0.209389 0.031250 0.061103
0 0.406250 0.209389 0.031250 0.061103
0 0.436523 0.210134 0.029297 0.062593
0 0.461914 0.210134 0.021484 0.062593
0 0.503906 0.210134 0.021484 0.062593
0 0.528320 0.211624 0.027344 0.059613
0 0.318848 0.252608 0.020508 0.025335
0 0.344238 0.253353 0.030273 0.023845
0 0.375000 0.251863 0.031250 0.020864
0 0.406250 0.251118 0.031250 0.022355
0 0.436523 0.251863 0.029297 0.023845
0 0.461914 0.253353 0.021484 0.020864
0 0.503906 0.253353 0.019531 0.026826
0 0.527832 0.254098 0.028320 0.025335
0 0.132812 0.347243 0.021484 0.059613
0 0.159180 0.345753 0.031250 0.062593
0 0.190430 0.346498 0.031250 0.064083
0 0.221191 0.347243 0.030273 0.062593
0 0.250977 0.347988 0.029297 0.064083
0 0.273926 0.347243 0.016602 0.065574
0 0.132324 0.389717 0.020508 0.025335
0 0.158203 0.389717 0.031250 0.025335
0 0.189453 0.391207 0.031250 0.028316
0 0.220703 0.392697 0.031250 0.025335
0 0.251465 0.392697 0.030273 0.025335
0 0.274414 0.394188 0.015625 0.022355
0 0.317871 0.347988 0.020508 0.061103
0 0.343750 0.347988 0.031250 0.061103
0 0.374512 0.348733 0.030273 0.062593
0 0.405273 0.350224 0.031250 0.059613
0 0.435547 0.351714 0.029297 0.062593
0 0.460449 0.351714 0.020508 0.062593
0 0.317871 0.391207 0.020508 0.025335
0 0.344238 0.391952 0.032227 0.023845
0 0.374512 0.391952 0.028320 0.023845
0 0.403809 0.392697 0.030273 0.022355
0 0.435059 0.394933 0.032227 0.026826
0 0.460449 0.396423 0.018555 0.023845
0 0.503906 0.351714 0.017578 0.065574
0 0.527832 0.353204 0.030273 0.062593
0 0.502441 0.397168 0.018555 0.025335
0 0.527344 0.397914 0.031250 0.023845
0 0.010742 0.485842 0.019531 0.059613
0 0.035645 0.485842 0.028320 0.059613
0 0.064941 0.487332 0.030273 0.062593
0 0.087402 0.487332 0.014648 0.062593
0 0.011230 0.526826 0.020508 0.025335
0 0.036133 0.526826 0.029297 0.025335
0 0.065430 0.526826 0.029297 0.025335
0 0.087402 0.529061 0.014648 0.020864
0 0.133789 0.486587 0.019531 0.061103
0 0.158203 0.486587 0.029297 0.061103
0 0.187988 0.487332 0.030273 0.062593
0 0.219238 0.487332 0.032227 0.059613
0 0.250488 0.488823 0.030273 0.062593
0 0.273926 0.489568 0.016602 0.061103
0 0.134277 0.532042 0.018555 0.026826
0 0.158691 0.532042 0.030273 0.026826
0 0.189453 0.531297 0.031250 0.025335
0 0.220703 0.531297 0.031250 0.025335
0 0.250977 0.532042 0.029297 0.026826
0 0.273926 0.534277 0.016602 0.022355
0 0.316406 0.490313 0.019531 0.062593
0 0.341797 0.489568 0.031250 0.064083
0 0.372559 0.491058 0.030273 0.067064
0 0.403320 0.492548 0.031250 0.064083
0 0.434082 0.491058 0.030273 0.061103
0 0.459473 0.491058 0.020508 0.061103
0 0.316406 0.532787 0.019531 0.025335
0 0.342285 0.533532 0.032227 0.023845
0 0.373047 0.533532 0.029297 0.023845
0 0.402832 0.534277 0.030273 0.022355
0 0.434082 0.533532 0.030273 0.020864
0 0.459473 0.533532 0.020508 0.020864
0 0.502930 0.494039 0.017578 0.061103
0 0.527344 0.493294 0.031250 0.062593
0 0.502441 0.534277 0.018555 0.025335
0 0.526855 0.534277 0.030273 0.025335
0 0.011230 0.625931 0.018555 0.062593
0 0.036133 0.627422 0.031250 0.059613
0 0.065918 0.627422 0.028320 0.059613
0 0.086426 0.626677 0.012695 0.061103
0 0.010742 0.669896 0.019531 0.025335
0 0.035156 0.670641 0.031250 0.023845
0 0.064941 0.670641 0.028320 0.023845
0 0.086426 0.669896 0.014648 0.025335
0 0.131348 0.628167 0.020508 0.064083
0 0.157227 0.628167 0.031250 0.064083
0 0.187500 0.626677 0.029297 0.061103
0 0.217773 0.627422 0.031250 0.059613
0 0.248535 0.628912 0.030273 0.062593
0 0.272461 0.629657 0.017578 0.061103
0 0.131836 0.672876 0.023438 0.025335
0 0.158203 0.673621 0.029297 0.023845
0 0.188477 0.673621 0.031250 0.023845
0 0.219238 0.673621 0.030273 0.023845
0 0.249512 0.672876 0.030273 0.022355
0 0.273438 0.672131 0.017578 0.023845
0 0.315918 0.629657 0.024414 0.061103
0 0.343262 0.630402 0.030273 0.059613
0 0.371094 0.631148 0.033203 0.061103
0 0.402832 0.631893 0.030273 0.059613
0 0.433594 0.633383 0.031250 0.062593
0 0.458984 0.633383 0.019531 0.062593
0 0.317383 0.673621 0.021484 0.026826
0 0.343262 0.673621 0.030273 0.026826
0 0.373535 0.672876 0.030273 0.025335
0 0.403809 0.674367 0.030273 0.022355
0 0.433594 0.674367 0.029297 0.022355
0 0.458984 0.675112 0.021484 0.020864
0 0.501465 0.631893 0.020508 0.062593
0 0.527344 0.632638 0.031250 0.061103
0 0.500488 0.675112 0.020508 0.026826
0 0.526367 0.675857 0.031250 0.025335
0 0.010254 0.768256 0.018555 0.064083
0 0.034668 0.768256 0.030273 0.064083
0 0.064453 0.767511 0.029297 0.062593
0 0.085449 0.767511 0.012695 0.062593
0 0.011230 0.810730 0.020508 0.023845
0 0.036133 0.810730 0.029297 0.023845
0 0.064453 0.809985 0.027344 0.025335
0 0.085938 0.809985 0.015625 0.025335
0 0.131348 0.768256 0.020508 0.061103
0 0.156738 0.768256 0.030273 0.061103
0 0.187500 0.769001 0.031250 0.062593
0 0.218262 0.769747 0.030273 0.061103
0 0.249023 0.769001 0.031250 0.059613
0 0.272949 0.770492 0.016602 0.056632
0 0.131836 0.812221 0.019531 0.026826
0 0.156738 0.812966 0.030273 0.025335
0 0.187988 0.812966 0.032227 0.025335
0 0.218750 0.812966 0.029297 0.025335
0 0.249023 0.812966 0.031250 0.025335
0 0.273438 0.813711 0.017578 0.023845
0 0.316406 0.768256 0.019531 0.064083
0 0.340820 0.770492 0.029297 0.059613
0 0.371582 0.772727 0.032227 0.064083
0 0.402832 0.772727 0.030273 0.064083
0 0.433105 0.773472 0.030273 0.065574
0 0.458496 0.774218 0.020508 0.064083
0 0.315918 0.813711 0.018555 0.026826
0 0.340820 0.814456 0.031250 0.025335
0 0.371582 0.814456 0.030273 0.025335
0 0.401855 0.815201 0.030273 0.020864
0 0.434082 0.815946 0.034180 0.022355
0 0.459961 0.818182 0.017578 0.017884
0 0.500488 0.773472 0.018555 0.059613
0 0.526367 0.772727 0.033203 0.061103
0 0.500488 0.817437 0.020508 0.025335
0 0.525879 0.818182 0.030273 0.023845
0 0.010742 0.906110 0.017578 0.065574
0 0.034668 0.907601 0.030273 0.062593
0 0.063965 0.906110 0.028320 0.059613
0 0.085449 0.905365 0.014648 0.061103
0 0.010742 0.949329 0.017578 0.020864
0 0.034180 0.948584 0.029297 0.022355
0 0.063477 0.947839 0.029297 0.020864
0 0.085449 0.949329 0.014648 0.017884
0 0.131348 0.909091 0.022461 0.062593
0 0.157227 0.910581 0.029297 0.059613
0 0.187500 0.911326 0.031250 0.061103
0 0.218262 0.911326 0.030273 0.061103
0 0.248047 0.910581 0.033203 0.059613
0 0.272461 0.910581 0.015625 0.059613
0 0.131348 0.953055 0.020508 0.022355
0 0.156250 0.953055 0.029297 0.022355
0 0.187012 0.954545 0.032227 0.025335
0 0.217285 0.955291 0.028320 0.023845
0 0.247559 0.956036 0.032227 0.025335
0 0.272949 0.956036 0.018555 0.025335
0 0.314941 0.912817 0.018555 0.061103
0 0.339844 0.913562 0.031250 0.059613
0 0.371094 0.913562 0.031250 0.059613
0 0.400391 0.912817 0.027344 0.061103
0 0.431152 0.913562 0.034180 0.062593
0 0.458496 0.912817 0.020508 0.064083
0 0.315918 0.955291 0.018555 0.026826
0 0.341309 0.956036 0.032227 0.025335
0 0.372070 0.955291 0.029297 0.023845
0 0.402344 0.956036 0.031250 0.022355
0 0.433105 0.956781 0.030273 0.023845
0 0.458984 0.957526 0.021484 0.022355
0 0.500000 0.915797 0.017578 0.061103
0 0.524902 0.915052 0.032227 0.062593
0 0.500977 0.957526 0.019531 0.019374
0 0.525391 0.957526 0.029297 0.019374
0 0.504395 0.114009 0.020508 0.031297
0 0.529785 0.114754 0.030273 0.029806
0 0.560547 0.115499 0.031250 0.031297
0 0.591309 0.116990 0.030273 0.028316
0 0.622070 0.116990 0.031250 0.028316
0 0.647461 0.116990 0.019531 0.028316
0 0.560547 0.070045 0.031250 0.059613
0 0.591309 0.070045 0.030273 0.059613
0 0.621094 0.071535 0.029297 0.062593
0 0.645996 0.072280 0.020508 0.061103
0 0.690430 0.074516 0.013672 0.062593
0 0.711914 0.073770 0.029297 0.064083
0 0.742676 0.075261 0.032227 0.067064
0 0.773926 0.075261 0.030273 0.067064
0 0.804199 0.074516 0.030273 0.065574
0 0.829590 0.075261 0.020508 0.064083
0 0.690430 0.118480 0.015625 0.025335
0 0.712891 0.119225 0.029297 0.023845
0 0.743164 0.119225 0.031250 0.023845
0 0.773926 0.119225 0.030273 0.023845
0 0.803711 0.120715 0.029297 0.026826
0 0.830078 0.120715 0.023438 0.026826
0 0.874512 0.076006 0.012695 0.062593
0 0.895996 0.078241 0.030273 0.058122
0 0.925781 0.079732 0.031250 0.061103
0 0.956543 0.079732 0.030273 0.061103
0 0.980957 0.080477 0.018555 0.062593
0 0.874512 0.120715 0.012695 0.023845
0 0.895508 0.119225 0.029297 0.026826
0 0.925293 0.119970 0.030273 0.028316
0 0.956055 0.121461 0.031250 0.025335
0 0.981445 0.122206 0.019531 0.026826
0 0.558594 0.210879 0.033203 0.064083
0 0.558105 0.254844 0.034180 0.023845
0 0.590820 0.211624 0.031250 0.065574
0 0.590332 0.257079 0.032227 0.025335
0 0.620605 0.213115 0.030273 0.065574
0 0.620605 0.257824 0.030273 0.023845
0 0.646484 0.211624 0.021484 0.065574
0 0.645508 0.256334 0.021484 0.026826
0 0.557617 0.353204 0.031250 0.065574
0 0.588867 0.353949 0.031250 0.064083
0 0.619629 0.355440 0.030273 0.067064
0 0.645020 0.355440 0.020508 0.067064
0 0.559082 0.400149 0.030273 0.028316
0 0.589355 0.399404 0.030273 0.029806
0 0.619629 0.397914 0.030273 0.026826
0 0.645020 0.398659 0.020508 0.025335
0 0.689453 0.213860 0.015625 0.061103
0 0.712402 0.213860 0.030273 0.061103
0 0.742676 0.215350 0.030273 0.064083
0 0.772949 0.216095 0.030273 0.062593
0 0.803223 0.216095 0.030273 0.062593
0 0.829102 0.216841 0.021484 0.061103
0 0.689453 0.259314 0.015625 0.020864
0 0.712891 0.257824 0.031250 0.023845
0 0.743652 0.257079 0.030273 0.022355
0 0.773438 0.257079 0.029297 0.022355
0 0.803711 0.257824 0.031250 0.023845
0 0.830566 0.258569 0.022461 0.022355
0 0.874512 0.216095 0.010742 0.062593
0 0.895020 0.216841 0.030273 0.061103
0 0.925293 0.216095 0.030273 0.059613
0 0.955566 0.216095 0.030273 0.059613
0 0.980469 0.218331 0.019531 0.064083
0 0.980957 0.261550 0.018555 0.022355
0 0.956543 0.260805 0.030273 0.023845
0 0.926270 0.259314 0.030273 0.020864
0 0.895996 0.260060 0.030273 0.019374
0 0.874512 0.260060 0.012695 0.019374
0 0.687988 0.356185 0.014648 0.059613
0 0.710938 0.354694 0.031250 0.062593
0 0.742188 0.354694 0.031250 0.062593
0 0.772461 0.355440 0.029297 0.061103
0 0.802246 0.355440 0.030273 0.061103
0 0.827637 0.356185 0.020508 0.059613
0 0.688477 0.398659 0.013672 0.019374
0 0.710938 0.397914 0.031250 0.020864
0 0.742188 0.398659 0.031250 0.022355
0 0.772461 0.399404 0.029297 0.020864
0 0.802246 0.399404 0.030273 0.020864
0 0.828125 0.399404 0.021484 0.020864
0 0.873535 0.356930 0.008789 0.058122
0 0.893066 0.356930 0.030273 0.058122
0 0.924316 0.357675 0.032227 0.062593
0 0.954590 0.358420 0.028320 0.061103
0 0.979492 0.359165 0.021484 0.062593
0 0.980469 0.400894 0.019531 0.020864
0 0.955078 0.400894 0.031250 0.020864
0 0.925781 0.400149 0.027344 0.019374
0 0.895996 0.400149 0.032227 0.019374
0 0.874512 0.399404 0.010742 0.017884
0 0.557617 0.494784 0.029297 0.062593
0 0.587891 0.494039 0.031250 0.064083
0 0.618652 0.494039 0.030273 0.064083
0 0.644043 0.494784 0.020508 0.062593
0 0.556641 0.537258 0.031250 0.022355
0 0.587891 0.537258 0.031250 0.022355
0 0.619141 0.537258 0.031250 0.022355
0 0.645020 0.537258 0.020508 0.022355
0 0.686523 0.493294 0.017578 0.053651
0 0.710938 0.491058 0.031250 0.058122
0 0.741699 0.494039 0.030273 0.064083
0 0.771484 0.494039 0.029297 0.064083
0 0.800781 0.494039 0.029297 0.064083
0 0.825195 0.494784 0.019531 0.062593
0 0.686035 0.534277 0.016602 0.025335
0 0.709473 0.535022 0.030273 0.023845
0 0.740234 0.535768 0.031250 0.025335
0 0.771484 0.537258 0.031250 0.022355
0 0.802246 0.537258 0.030273 0.022355
0 0.827637 0.538003 0.020508 0.020864
0 0.871582 0.495529 0.012695 0.058122
0 0.892578 0.495529 0.029297 0.058122
0 0.921875 0.497019 0.029297 0.061103
0 0.951660 0.497019 0.030273 0.061103
0 0.975098 0.497765 0.016602 0.062593
0 0.975586 0.540238 0.015625 0.022355
0 0.953125 0.540984 0.029297 0.020864
0 0.924805 0.539493 0.027344 0.017884
0 0.894043 0.538003 0.030273 0.020864
0 0.873047 0.538748 0.011719 0.022355
0 0.557129 0.634873 0.030273 0.062593
0 0.586914 0.634873 0.029297 0.062593
0 0.557129 0.678092 0.030273 0.020864
0 0.587402 0.678092 0.030273 0.020864
0 0.557617 0.771982 0.029297 0.065574
0 0.585938 0.774218 0.027344 0.061103
0 0.616699 0.776453 0.034180 0.065574
0 0.642578 0.777198 0.017578 0.064083
0 0.556641 0.818927 0.031250 0.025335
0 0.586426 0.818182 0.028320 0.026826
0 0.616211 0.819672 0.031250 0.029806
0 0.642090 0.821908 0.020508 0.025335
0 0.685547 0.776453 0.017578 0.062593
0 0.709473 0.777198 0.030273 0.061103
0 0.740234 0.777198 0.031250 0.061103
0 0.770996 0.776453 0.030273 0.062593
0 0.801758 0.777198 0.031250 0.064083
0 0.827148 0.777943 0.019531 0.062593
0 0.686523 0.819672 0.015625 0.026826
0 0.709473 0.820417 0.030273 0.025335
0 0.739746 0.818927 0.030273 0.022355
0 0.770996 0.818182 0.032227 0.023845
0 0.802246 0.819672 0.030273 0.026826
0 0.826660 0.819672 0.018555 0.026826
0 0.871582 0.775708 0.010742 0.064083
0 0.891602 0.777198 0.029297 0.061103
0 0.921387 0.777943 0.030273 0.062593
0 0.951172 0.777198 0.029297 0.064083
0 0.976562 0.775708 0.021484 0.061103
0 0.977051 0.818182 0.020508 0.023845
0 0.951660 0.819672 0.030273 0.020864
0 0.921875 0.818182 0.029297 0.017884
0 0.893066 0.818182 0.028320 0.017884
0 0.871582 0.819672 0.014648 0.020864
0 0.555176 0.915797 0.030273 0.061103
0 0.585938 0.915052 0.031250 0.062593
0 0.616699 0.913562 0.030273 0.059613
0 0.642578 0.914307 0.021484 0.058122
0 0.555176 0.958271 0.030273 0.023845
0 0.585449 0.958271 0.030273 0.023845
0 0.616699 0.959016 0.032227 0.025335
0 0.643555 0.958271 0.021484 0.026826
0 0.685059 0.915052 0.016602 0.059613
0 0.708496 0.915052 0.030273 0.059613
0 0.739258 0.915797 0.031250 0.061103
0 0.770020 0.916542 0.030273 0.059613
0 0.800293 0.916542 0.030273 0.059613
0 0.825684 0.916542 0.020508 0.059613
0 0.685547 0.958271 0.017578 0.023845
0 0.708984 0.957526 0.029297 0.025335
0 0.739258 0.957526 0.031250 0.025335
0 0.769531 0.958271 0.029297 0.023845
0 0.799805 0.959016 0.031250 0.025335
0 0.826172 0.959016 0.021484 0.025335
0 0.870605 0.915052 0.012695 0.065574
0 0.891602 0.915797 0.029297 0.064083
0 0.920898 0.916542 0.029297 0.065574
0 0.951172 0.916542 0.031250 0.065574
0 0.976562 0.915797 0.019531 0.064083
0 0.977051 0.958271 0.018555 0.020864
0 0.951660 0.959016 0.032227 0.019374
0 0.920898 0.959762 0.029297 0.020864
0 0.891113 0.958271 0.030273 0.023845
0 0.870117 0.958271 0.011719 0.023845
