0 0.703125 0.666016 0.128906 0.136719
0 0.832031 0.663086 0.128906 0.142578
0 0.946289 0.663086 0.099609 0.142578
0 0.703125 0.426758 0.128906 0.138672
0 0.832031 0.430664 0.128906 0.130859
0 0.947266 0.430664 0.101562 0.130859
0 0.706055 0.201172 0.130859 0.148438
0 0.834961 0.200195 0.126953 0.150391
0 0.948242 0.198242 0.099609 0.146484
0 0.705078 0.036133 0.136719 0.068359
0 0.834961 0.036133 0.123047 0.068359
0 0.947266 0.036133 0.101562 0.068359
0 0.702148 0.098633 0.134766 0.060547
0 0.834961 0.099609 0.130859 0.058594
0 0.948242 0.098633 0.095703 0.056641
0 0.702148 0.318359 0.130859 0.089844
0 0.833008 0.318359 0.130859 0.089844
0 0.948242 0.317383 0.099609 0.087891
0 0.701172 0.541992 0.132812 0.099609
0 0.830078 0.539062 0.125000 0.105469
0 0.943359 0.539062 0.101562 0.105469
0 0.707031 0.779297 0.136719 0.101562
0 0.833984 0.782227 0.117188 0.095703
0 0.942383 0.778320 0.099609 0.087891
