0 0.116699 0.139586 0.137695 0.104874
0 0.264160 0.146233 0.157227 0.091581
0 0.419434 0.149926 0.153320 0.098966
0 0.572754 0.146233 0.153320 0.106352
0 0.723145 0.144018 0.147461 0.101920
0 0.876953 0.146233 0.138672 0.100443
0 0.013184 0.138109 0.024414 0.096012
0 0.013184 0.247415 0.020508 0.096012
0 0.115723 0.243722 0.137695 0.100443
0 0.270020 0.245938 0.143555 0.087149
0 0.418945 0.245199 0.154297 0.088626
0 0.571777 0.245938 0.151367 0.090103
0 0.722168 0.245938 0.149414 0.090103
0 0.875977 0.248154 0.140625 0.094535
0 0.984863 0.136632 0.030273 0.078287
0 0.981934 0.242245 0.036133 0.100443
0 0.013184 0.447563 0.024414 0.295421
0 0.114746 0.447563 0.137695 0.304284
0 0.270996 0.447563 0.141602 0.298375
0 0.423828 0.449778 0.144531 0.296898
0 0.570312 0.449040 0.148438 0.298375
0 0.724609 0.449778 0.148438 0.290990
0 0.871582 0.447563 0.135742 0.298375
0 0.979492 0.447563 0.035156 0.292467
