0 0.316406 0.173828 0.101562 0.132812
0 0.396484 0.176758 0.058594 0.126953
0 0.493164 0.125977 0.134766 0.037109
0 0.606445 0.170898 0.091797 0.130859
0 0.709961 0.171875 0.115234 0.128906
0 0.313477 0.269531 0.103516 0.066406
0 0.507812 0.269531 0.285156 0.066406
0 0.708984 0.268555 0.117188 0.064453
0 0.711914 0.366211 0.111328 0.130859
0 0.512695 0.369141 0.287109 0.125000
0 0.316406 0.366211 0.105469 0.126953
0 0.315430 0.450195 0.107422 0.037109
0 0.513672 0.450195 0.289062 0.037109
0 0.712891 0.448242 0.109375 0.033203
0 0.711914 0.520508 0.111328 0.111328
0 0.511719 0.522461 0.289062 0.107422
0 0.316406 0.519531 0.105469 0.101562
0 0.314453 0.603516 0.101562 0.066406
0 0.510742 0.605469 0.291016 0.062500
0 0.711914 0.605469 0.111328 0.062500
0 0.711914 0.697266 0.111328 0.121094
0 0.511719 0.696289 0.289062 0.123047
0 0.315430 0.694336 0.103516 0.119141
0 0.313477 0.793945 0.107422 0.060547
0 0.510742 0.797852 0.291016 0.052734
0 0.711914 0.796875 0.111328 0.050781
0 0.710938 0.879883 0.113281 0.115234
0 0.509766 0.879883 0.289062 0.115234
0 0.312500 0.878906 0.105469 0.113281
