0 0.472656 0.272461 0.171875 0.337891
0 0.468750 0.129883 0.152344 0.255859
0 0.652344 0.096680 0.171875 0.189453
0 0.649414 0.233398 0.189453 0.326172
0 0.803711 0.143555 0.134766 0.283203
0 0.802734 0.338867 0.136719 0.267578
0 0.886719 0.158203 0.046875 0.292969
0 0.893555 0.385742 0.048828 0.201172
0 0.807617 0.512695 0.126953 0.220703
0 0.895508 0.545898 0.044922 0.169922
0 0.596680 0.503906 0.056641 0.371094
0 0.686523 0.522461 0.126953 0.345703
0 0.682617 0.822266 0.115234 0.261719
0 0.600586 0.822266 0.048828 0.273438
0 0.426758 0.746094 0.087891 0.300781
0 0.362305 0.744141 0.041016 0.250000
0 0.316406 0.746094 0.042969 0.234375
