0 0.190430 0.250000 0.087891 0.167969
0 0.274414 0.250000 0.080078 0.167969
0 0.369141 0.456055 0.109375 0.580078
0 0.467773 0.663086 0.087891 0.166016
0 0.549805 0.663086 0.076172 0.166016
0 0.610352 0.455078 0.044922 0.582031
0 0.675781 0.455078 0.085938 0.582031
0 0.761719 0.668945 0.085938 0.154297
0 0.851562 0.458984 0.097656 0.578125
0 0.188477 0.458984 0.083984 0.160156
0 0.271484 0.459961 0.082031 0.158203
0 0.187500 0.660156 0.082031 0.164062
0 0.268555 0.660156 0.080078 0.164062
0 0.465820 0.251953 0.083984 0.171875
0 0.546875 0.253906 0.078125 0.167969
0 0.465820 0.480469 0.080078 0.203125
0 0.546875 0.480469 0.082031 0.203125
0 0.759766 0.255859 0.089844 0.171875
0 0.760742 0.464844 0.080078 0.156250
0 0.187500 0.962891 0.093750 0.070312
0 0.276367 0.964844 0.083984 0.066406
0 0.370117 0.964844 0.103516 0.066406
0 0.465820 0.965820 0.087891 0.064453
0 0.548828 0.965820 0.078125 0.064453
0 0.610352 0.964844 0.044922 0.066406
0 0.674805 0.963867 0.083984 0.064453
0 0.759766 0.965820 0.085938 0.060547
0 0.849609 0.964844 0.093750 0.058594
