0 0.119141 0.085938 0.121094 0.167969
0 0.032227 0.048828 0.060547 0.085938
0 0.223633 0.121094 0.083984 0.238281
0 0.291992 0.143555 0.064453 0.283203
0 0.354492 0.174805 0.048828 0.291016
0 0.401367 0.223633 0.037109 0.244141
0 0.439453 0.269531 0.039062 0.199219
0 0.469727 0.297852 0.029297 0.166016
0 0.496094 0.333984 0.023438 0.132812
0 0.522461 0.363281 0.021484 0.109375
0 0.541016 0.377930 0.015625 0.091797
0 0.555664 0.387695 0.021484 0.099609
0 0.576172 0.406250 0.015625 0.093750
0 0.594727 0.411133 0.013672 0.083984
0 0.606445 0.418945 0.009766 0.083984
0 0.032227 0.373047 0.060547 0.382812
0 0.125977 0.398438 0.111328 0.359375
0 0.219727 0.436523 0.076172 0.302734
0 0.291016 0.454102 0.054688 0.263672
0 0.349609 0.475586 0.046875 0.236328
0 0.398438 0.493164 0.039062 0.212891
0 0.433594 0.470703 0.039062 0.132812
0 0.470703 0.485352 0.035156 0.123047
0 0.508789 0.501953 0.029297 0.105469
0 0.030273 0.690430 0.052734 0.267578
0 0.125977 0.682617 0.099609 0.251953
0 0.215820 0.684570 0.076172 0.232422
0 0.290039 0.680664 0.064453 0.201172
0 0.349609 0.682617 0.058594 0.181641
0 0.400391 0.676758 0.039062 0.169922
0 0.438477 0.670898 0.037109 0.146484
0 0.473633 0.673828 0.029297 0.132812
0 0.500977 0.674805 0.025391 0.123047
0 0.532227 0.674805 0.033203 0.115234
0 0.571289 0.668945 0.044922 0.099609
