0 0.435547 0.837891 0.199219 0.324219
0 0.599609 0.871094 0.113281 0.257812
0 0.707031 0.889648 0.082031 0.220703
0 0.785156 0.897461 0.062500 0.205078
0 0.434570 0.458984 0.216797 0.445312
0 0.602539 0.541016 0.123047 0.347656
0 0.710938 0.593750 0.089844 0.308594
0 0.793945 0.631836 0.076172 0.291016
0 0.877930 0.671875 0.083984 0.269531
0 0.940430 0.697266 0.044922 0.234375
0 0.428711 0.186523 0.216797 0.369141
0 0.603516 0.227539 0.128906 0.431641
0 0.708984 0.290039 0.093750 0.396484
0 0.792969 0.355469 0.074219 0.359375
0 0.872070 0.408203 0.091797 0.343750
0 0.941406 0.463867 0.046875 0.306641
0 0.981445 0.487305 0.037109 0.263672
