0 0.188477 0.150391 0.080078 0.050781
0 0.269531 0.150391 0.082031 0.050781
0 0.353516 0.151367 0.085938 0.052734
0 0.439453 0.153320 0.085938 0.048828
0 0.524414 0.153320 0.083984 0.048828
0 0.606445 0.152344 0.080078 0.050781
0 0.690430 0.153320 0.087891 0.052734
0 0.772461 0.155273 0.076172 0.048828
0 0.832031 0.153320 0.042969 0.044922
0 0.865234 0.152344 0.023438 0.046875
0 0.190430 0.198242 0.080078 0.048828
0 0.271484 0.198242 0.082031 0.048828
0 0.355469 0.198242 0.085938 0.048828
0 0.440430 0.199219 0.083984 0.046875
0 0.525391 0.197266 0.085938 0.042969
0 0.607422 0.196289 0.082031 0.044922
0 0.689453 0.197266 0.082031 0.046875
0 0.770508 0.199219 0.080078 0.042969
0 0.831055 0.198242 0.041016 0.041016
0 0.863281 0.227539 0.027344 0.103516
0 0.831055 0.250000 0.033203 0.058594
0 0.772461 0.249023 0.083984 0.060547
0 0.688477 0.247070 0.083984 0.056641
0 0.605469 0.247070 0.082031 0.056641
0 0.523438 0.248047 0.082031 0.058594
0 0.439453 0.249023 0.085938 0.056641
0 0.355469 0.250000 0.082031 0.058594
0 0.272461 0.249023 0.083984 0.060547
0 0.190430 0.249023 0.080078 0.060547
0 0.190430 0.362305 0.080078 0.166016
0 0.272461 0.362305 0.083984 0.166016
0 0.356445 0.363281 0.083984 0.167969
0 0.439453 0.364258 0.082031 0.166016
0 0.522461 0.362305 0.083984 0.162109
0 0.604492 0.360352 0.080078 0.166016
0 0.684570 0.361328 0.080078 0.167969
0 0.768555 0.362305 0.087891 0.166016
0 0.832031 0.361328 0.039062 0.164062
0 0.865234 0.361328 0.027344 0.164062
0 0.190430 0.470703 0.080078 0.054688
0 0.271484 0.472656 0.082031 0.050781
0 0.354492 0.472656 0.083984 0.050781
0 0.437500 0.473633 0.082031 0.048828
0 0.519531 0.474609 0.082031 0.050781
0 0.602539 0.473633 0.083984 0.052734
0 0.685547 0.473633 0.082031 0.052734
0 0.769531 0.473633 0.085938 0.052734
0 0.830078 0.472656 0.035156 0.050781
0 0.861328 0.487305 0.031250 0.087891
0 0.188477 0.518555 0.080078 0.037109
0 0.270508 0.516602 0.083984 0.041016
0 0.354492 0.515625 0.083984 0.039062
0 0.436523 0.515625 0.080078 0.039062
0 0.519531 0.513672 0.085938 0.035156
0 0.602539 0.515625 0.080078 0.031250
0 0.683594 0.515625 0.082031 0.031250
0 0.765625 0.513672 0.082031 0.035156
0 0.826172 0.512695 0.039062 0.033203
0 0.189453 0.558594 0.082031 0.050781
0 0.271484 0.558594 0.082031 0.050781
0 0.354492 0.557617 0.083984 0.048828
0 0.436523 0.556641 0.080078 0.050781
0 0.517578 0.557617 0.082031 0.052734
0 0.599609 0.557617 0.082031 0.052734
0 0.682617 0.559570 0.083984 0.056641
0 0.764648 0.559570 0.080078 0.056641
0 0.826172 0.558594 0.042969 0.054688
0 0.863281 0.558594 0.031250 0.054688
0 0.188477 0.626953 0.083984 0.085938
0 0.272461 0.626953 0.083984 0.082031
0 0.353516 0.629883 0.078125 0.087891
0 0.435547 0.627930 0.085938 0.091797
0 0.517578 0.626953 0.078125 0.089844
0 0.598633 0.627930 0.083984 0.087891
0 0.681641 0.627930 0.082031 0.087891
0 0.764648 0.628906 0.083984 0.085938
0 0.825195 0.626953 0.037109 0.082031
0 0.861328 0.626953 0.035156 0.082031
0 0.189453 0.748047 0.082031 0.152344
0 0.272461 0.746094 0.083984 0.156250
0 0.354492 0.745117 0.080078 0.154297
0 0.435547 0.747070 0.082031 0.150391
0 0.517578 0.747070 0.082031 0.150391
0 0.599609 0.746094 0.082031 0.152344
0 0.679688 0.747070 0.078125 0.154297
0 0.761719 0.747070 0.085938 0.154297
0 0.839844 0.746094 0.070312 0.152344
0 0.840820 0.848633 0.068359 0.052734
0 0.763672 0.847656 0.085938 0.054688
0 0.680664 0.846680 0.083984 0.052734
0 0.597656 0.849609 0.082031 0.050781
0 0.516602 0.849609 0.083984 0.050781
0 0.433594 0.847656 0.082031 0.054688
0 0.353516 0.847656 0.078125 0.054688
0 0.274414 0.849609 0.080078 0.050781
0 0.191406 0.847656 0.082031 0.046875
