0 0.245117 0.150391 0.158203 0.292969
0 0.404297 0.152344 0.160156 0.289062
0 0.584961 0.154297 0.138672 0.285156
0 0.753906 0.153320 0.128906 0.279297
0 0.886719 0.070312 0.125000 0.117188
0 0.241211 0.421875 0.154297 0.250000
0 0.399414 0.419922 0.162109 0.253906
0 0.582031 0.419922 0.132812 0.250000
0 0.586914 0.646484 0.123047 0.203125
0 0.590820 0.814453 0.130859 0.132812
0 0.402344 0.648438 0.164062 0.214844
0 0.402344 0.820312 0.164062 0.128906
0 0.243164 0.819336 0.154297 0.130859
0 0.235352 0.650391 0.138672 0.207031
0 0.859375 0.360352 0.058594 0.146484
0 0.849609 0.651367 0.062500 0.166016
