0 0.409180 0.460286 0.042969 0.024740
0 0.409180 0.497396 0.042969 0.049479
0 0.406738 0.645833 0.043945 0.028646
0 0.407227 0.707682 0.042969 0.095052
0 0.558105 0.455078 0.053711 0.113281
0 0.560059 0.383464 0.055664 0.032552
0 0.643555 0.384115 0.050781 0.031250
0 0.643555 0.457031 0.050781 0.114583
0 0.727539 0.381510 0.052734 0.033854
0 0.728027 0.453776 0.051758 0.110677
0 0.555176 0.616536 0.053711 0.037760
0 0.555664 0.695964 0.052734 0.121094
0 0.642090 0.619141 0.051758 0.032552
0 0.726562 0.617188 0.048828 0.033854
0 0.034180 0.639974 0.042969 0.032552
0 0.036133 0.706380 0.039062 0.100260
0 0.116211 0.640625 0.041016 0.031250
0 0.116211 0.707031 0.041016 0.101562
