0 0.342773 0.109375 0.126953 0.175781
0 0.471680 0.145508 0.126953 0.166016
0 0.472656 0.050781 0.128906 0.097656
0 0.348633 0.031250 0.123047 0.058594
0 0.346680 0.245117 0.119141 0.166016
0 0.470703 0.276367 0.128906 0.162109
0 0.343750 0.375000 0.128906 0.144531
0 0.470703 0.399414 0.132812 0.138672
0 0.471680 0.519531 0.134766 0.140625
0 0.342773 0.498047 0.126953 0.148438
0 0.344727 0.632812 0.123047 0.171875
0 0.467773 0.650391 0.130859 0.167969
0 0.343750 0.798828 0.121094 0.195312
0 0.469727 0.815430 0.123047 0.181641
