0 0.400879 0.426061 0.083008 0.061493
0 0.485352 0.426061 0.085938 0.061493
0 0.567383 0.426061 0.078125 0.061493
0 0.566895 0.489019 0.079102 0.064422
0 0.485352 0.489751 0.083984 0.062958
0 0.402344 0.488287 0.082031 0.060029
0 0.401855 0.551245 0.081055 0.062958
0 0.484375 0.551245 0.083984 0.062958
0 0.567383 0.552709 0.082031 0.065886
0 0.567871 0.617130 0.081055 0.062958
0 0.484863 0.617130 0.084961 0.062958
0 0.401367 0.618594 0.082031 0.065886
0 0.394531 0.753294 0.039062 0.177160
0 0.440918 0.754758 0.038086 0.177160
0 0.482910 0.687408 0.032227 0.057101
0 0.482422 0.745242 0.033203 0.058565
0 0.482910 0.805271 0.032227 0.058565
0 0.483887 0.841874 0.030273 0.014641
0 0.526367 0.716691 0.039062 0.103953
0 0.526367 0.806003 0.039062 0.074671
0 0.572266 0.716691 0.039062 0.103953
0 0.572266 0.806735 0.039062 0.076135
0 0.738281 0.490483 0.089844 0.064422
0 0.829102 0.490483 0.091797 0.064422
0 0.921387 0.490483 0.092773 0.064422
0 0.921875 0.554905 0.091797 0.064422
0 0.829590 0.554905 0.092773 0.064422
0 0.738770 0.554173 0.088867 0.062958
0 0.738770 0.617862 0.088867 0.064422
0 0.829102 0.619327 0.091797 0.061493
0 0.922363 0.621523 0.094727 0.065886
0 0.922852 0.687408 0.093750 0.065886
0 0.923828 0.753294 0.095703 0.065886
0 0.924316 0.816984 0.094727 0.061493
0 0.866211 0.815520 0.021484 0.064422
0 0.865234 0.751098 0.019531 0.064422
0 0.725098 0.746706 0.069336 0.058565
0 0.793457 0.748902 0.067383 0.054173
0 0.841309 0.752562 0.026367 0.067350
0 0.725098 0.806003 0.067383 0.060029
0 0.792969 0.806003 0.068359 0.060029
0 0.841309 0.814056 0.028320 0.070278
0 0.043945 0.487555 0.085938 0.067350
0 0.135742 0.487555 0.097656 0.067350
0 0.229980 0.488287 0.090820 0.068814
0 0.044434 0.551977 0.086914 0.067350
0 0.136230 0.553441 0.096680 0.064422
0 0.229492 0.551977 0.089844 0.061493
0 0.043945 0.618594 0.085938 0.065886
0 0.135254 0.617130 0.096680 0.068814
0 0.229492 0.617862 0.091797 0.070278
0 0.042969 0.683016 0.083984 0.065886
0 0.097656 0.683748 0.025391 0.064422
0 0.158691 0.681552 0.096680 0.060029
0 0.242188 0.683016 0.070312 0.057101
0 0.043945 0.746706 0.085938 0.064422
0 0.098633 0.745242 0.023438 0.067350
0 0.125977 0.745242 0.031250 0.067350
0 0.173340 0.747438 0.063477 0.062958
0 0.240723 0.745974 0.071289 0.060029
0 0.097656 0.811127 0.023438 0.067350
0 0.125977 0.811859 0.033203 0.065886
0 0.164062 0.804539 0.044922 0.057101
5 0.045410 0.861640 0.088867 0.130307
