0 0.117188 0.041016 0.054688 0.078125
0 0.170898 0.041016 0.052734 0.078125
0 0.224609 0.041992 0.054688 0.080078
0 0.278320 0.042969 0.052734 0.078125
0 0.333984 0.043945 0.058594 0.080078
0 0.392578 0.043945 0.058594 0.080078
0 0.450195 0.041992 0.056641 0.076172
0 0.505859 0.041992 0.054688 0.076172
0 0.560547 0.042969 0.054688 0.078125
0 0.616211 0.042969 0.056641 0.078125
0 0.675781 0.041992 0.062500 0.076172
0 0.734375 0.041016 0.054688 0.078125
0 0.117188 0.125977 0.054688 0.087891
0 0.170898 0.125977 0.052734 0.087891
0 0.224609 0.125977 0.054688 0.087891
0 0.278320 0.125977 0.052734 0.087891
0 0.332031 0.125000 0.054688 0.085938
0 0.388672 0.124023 0.058594 0.087891
0 0.447266 0.124023 0.058594 0.087891
0 0.504883 0.124023 0.056641 0.087891
0 0.560547 0.124023 0.054688 0.087891
0 0.616211 0.124023 0.056641 0.087891
0 0.673828 0.125977 0.058594 0.091797
0 0.732422 0.126953 0.058594 0.089844
0 0.116211 0.223633 0.052734 0.107422
0 0.168945 0.223633 0.052734 0.107422
0 0.222656 0.223633 0.054688 0.107422
0 0.277344 0.223633 0.054688 0.107422
0 0.331055 0.224609 0.052734 0.109375
0 0.387695 0.222656 0.060547 0.113281
0 0.447266 0.222656 0.058594 0.113281
0 0.503906 0.223633 0.054688 0.111328
0 0.557617 0.222656 0.052734 0.109375
0 0.615234 0.223633 0.058594 0.107422
0 0.673828 0.224609 0.058594 0.109375
0 0.729492 0.225586 0.052734 0.107422
0 0.117188 0.333008 0.050781 0.107422
0 0.168945 0.332031 0.052734 0.109375
0 0.220703 0.331055 0.050781 0.107422
0 0.276367 0.332031 0.060547 0.105469
0 0.333008 0.332031 0.052734 0.105469
0 0.387695 0.332031 0.056641 0.105469
0 0.442383 0.332031 0.052734 0.105469
0 0.500000 0.331055 0.062500 0.107422
0 0.559570 0.331055 0.056641 0.107422
0 0.616211 0.331055 0.056641 0.107422
0 0.672852 0.333008 0.056641 0.111328
0 0.728516 0.333008 0.054688 0.111328
0 0.117188 0.438477 0.050781 0.107422
0 0.169922 0.439453 0.054688 0.105469
0 0.221680 0.438477 0.048828 0.103516
0 0.276367 0.437500 0.060547 0.105469
0 0.333008 0.438477 0.052734 0.107422
0 0.387695 0.438477 0.056641 0.107422
0 0.443359 0.437500 0.054688 0.105469
0 0.500000 0.436523 0.058594 0.107422
0 0.557617 0.437500 0.056641 0.105469
0 0.615234 0.437500 0.058594 0.105469
0 0.671875 0.437500 0.054688 0.105469
0 0.727539 0.440430 0.056641 0.099609
0 0.114258 0.547852 0.052734 0.111328
0 0.167969 0.547852 0.054688 0.111328
0 0.223633 0.546875 0.056641 0.109375
0 0.278320 0.546875 0.052734 0.109375
0 0.332031 0.545898 0.054688 0.107422
0 0.386719 0.545898 0.054688 0.107422
0 0.443359 0.544922 0.058594 0.105469
0 0.500977 0.543945 0.056641 0.107422
0 0.557617 0.544922 0.056641 0.109375
0 0.615234 0.545898 0.058594 0.107422
0 0.670898 0.545898 0.052734 0.107422
0 0.726562 0.545898 0.058594 0.107422
0 0.115234 0.653320 0.050781 0.103516
0 0.167969 0.654297 0.054688 0.101562
0 0.222656 0.654297 0.054688 0.101562
0 0.276367 0.651367 0.052734 0.107422
0 0.332031 0.650391 0.058594 0.105469
0 0.388672 0.651367 0.050781 0.103516
0 0.443359 0.652344 0.058594 0.105469
0 0.500977 0.651367 0.056641 0.107422
0 0.556641 0.650391 0.054688 0.105469
0 0.612305 0.652344 0.056641 0.101562
0 0.668945 0.652344 0.056641 0.101562
0 0.725586 0.652344 0.056641 0.101562
0 0.115234 0.763672 0.054688 0.113281
0 0.168945 0.764648 0.052734 0.119141
0 0.219727 0.765625 0.052734 0.117188
0 0.274414 0.764648 0.056641 0.119141
0 0.332031 0.763672 0.058594 0.117188
0 0.387695 0.763672 0.052734 0.117188
0 0.445312 0.763672 0.062500 0.117188
0 0.503906 0.763672 0.054688 0.117188
0 0.558594 0.764648 0.054688 0.119141
0 0.613281 0.764648 0.054688 0.119141
0 0.669922 0.763672 0.058594 0.117188
0 0.725586 0.762695 0.052734 0.123047
0 0.780273 0.761719 0.056641 0.121094
0 0.836914 0.763672 0.056641 0.117188
0 0.837891 0.652344 0.054688 0.105469
0 0.781250 0.653320 0.058594 0.107422
0 0.779297 0.546875 0.058594 0.109375
0 0.838867 0.544922 0.060547 0.109375
0 0.783203 0.437500 0.058594 0.109375
0 0.841797 0.436523 0.058594 0.107422
0 0.784180 0.332031 0.056641 0.113281
0 0.840820 0.329102 0.056641 0.107422
0 0.785156 0.223633 0.058594 0.111328
0 0.839844 0.221680 0.050781 0.107422
0 0.785156 0.123047 0.054688 0.093750
0 0.840820 0.122070 0.056641 0.091797
0 0.785156 0.041992 0.058594 0.080078
0 0.841797 0.040039 0.054688 0.076172
